0.013801 773.200000 773.200000
1.013984 424.000000 468.800000
2.014049 412.800000 468.800000
3.014643 412.800000 666.800000
4.015972 412.800000 496.800000
5.016269 409.200000 496.800000
6.017031 409.200000 424.000000
7.017480 409.200000 437.200000
8.018048 409.200000 468.800000
9.019465 409.200000 532.400000
10.019529 409.200000 448.400000
11.020339 409.200000 532.400000
12.021040 409.200000 446.400000
13.021744 409.200000 491.200000
14.021997 409.200000 554.800000
15.022022 407.200000 437.200000
16.022481 407.200000 431.600000
17.022853 407.200000 513.600000
18.023377 407.200000 474.400000
19.023714 407.200000 513.600000
20.024075 407.200000 446.400000
21.024269 407.200000 767.600000
22.024863 407.200000 412.800000
23.031405 407.200000 773.200000
24.031582 407.200000 412.800000
25.031621 407.200000 409.200000
26.032416 407.200000 510.000000
27.032542 407.200000 485.600000
28.032778 407.200000 409.200000
29.032812 401.600000 543.600000
30.033419 401.600000 457.600000
31.033687 401.600000 498.800000
32.033724 401.600000 554.800000
33.034085 401.600000 452.000000
34.034584 401.600000 429.600000
35.034682 401.600000 407.200000
36.034809 401.600000 496.800000
37.035952 401.600000 485.600000
38.036015 401.600000 519.200000
39.036405 401.600000 429.600000
40.036546 401.600000 515.600000
41.037141 401.600000 515.600000
42.037432 401.600000 549.200000
43.037541 401.600000 459.600000
44.037650 401.600000 474.400000
45.038435 401.600000 526.800000
46.038585 401.600000 650.000000
47.039295 401.600000 549.200000
48.039519 401.600000 482.000000
49.039714 401.600000 414.800000
50.039791 401.600000 457.600000
51.041097 401.600000 526.800000
52.041475 401.600000 468.800000
53.042001 401.600000 424.000000
54.042064 401.600000 510.000000
55.042290 401.600000 457.600000
56.043613 401.600000 767.600000
57.043806 401.600000 504.400000
58.043904 401.600000 706.000000
59.048085 401.600000 773.200000
60.048187 401.600000 487.600000
61.048579 401.600000 554.800000
62.049105 401.600000 437.200000
63.049638 401.600000 571.600000
64.049784 401.600000 513.600000
65.050753 401.600000 554.800000
66.051499 401.600000 452.000000
67.053398 401.600000 622.000000
68.053751 401.600000 429.600000
69.054189 401.600000 487.600000
70.054368 401.600000 412.800000
71.055267 401.600000 558.400000
72.055770 401.600000 491.200000
73.056129 401.600000 588.400000
74.056410 401.600000 424.000000
75.056765 401.600000 515.600000
76.057007 401.600000 577.200000
77.057231 401.600000 496.800000
78.057537 401.600000 465.200000
79.058506 401.600000 493.200000
80.061393 401.600000 773.200000
81.061947 396.000000 396.000000
82.062347 396.000000 463.200000
83.063728 396.000000 496.800000
84.064150 396.000000 485.600000
85.064531 396.000000 463.200000
86.064936 396.000000 396.000000
87.065314 396.000000 476.400000
88.065550 396.000000 437.200000
89.065675 396.000000 493.200000
90.066090 396.000000 429.600000
91.066429 396.000000 566.000000
92.067599 396.000000 566.000000
93.067853 396.000000 452.000000
94.068275 396.000000 485.600000
95.068652 396.000000 571.600000
96.069325 396.000000 482.000000
97.069723 396.000000 519.200000
98.070174 390.400000 526.800000
99.070451 390.400000 468.800000
100.070864 390.400000 524.800000
101.071272 390.400000 560.400000
102.071782 390.400000 446.400000
103.071854 390.400000 426.000000
104.072157 390.400000 543.600000
105.073446 390.400000 452.000000
106.074891 390.400000 442.800000
107.075423 390.400000 480.000000
108.075892 390.400000 655.600000
109.076041 390.400000 496.800000
110.076976 390.400000 426.000000
111.077642 390.400000 412.800000
112.077678 390.400000 502.400000
113.077699 390.400000 493.200000
114.077727 390.400000 426.000000
115.078045 390.400000 452.000000
116.078952 390.400000 577.200000
117.079173 390.400000 435.200000
118.079545 390.400000 610.800000
119.080120 390.400000 476.400000
120.080690 390.400000 485.600000
121.080992 390.400000 521.200000
122.081291 390.400000 418.400000
123.082260 390.400000 502.400000
124.082564 390.400000 498.800000
125.083094 390.400000 463.200000
126.083298 390.400000 424.000000
127.083577 390.400000 424.000000
128.085619 390.400000 429.600000
129.085763 390.400000 412.800000
130.086191 390.400000 554.800000
131.086258 390.400000 465.200000
132.087158 390.400000 431.600000
133.087600 390.400000 485.600000
134.088728 390.400000 429.600000
135.089169 390.400000 554.800000
136.089803 390.400000 487.600000
137.090341 390.400000 407.200000
138.090788 390.400000 616.400000
139.091012 390.400000 491.200000
140.091541 390.400000 412.800000
141.092288 390.400000 566.000000
142.092810 390.400000 498.800000
143.093021 390.400000 468.800000
144.093084 390.400000 429.600000
145.093429 390.400000 496.800000
146.093768 390.400000 566.000000
147.096148 390.400000 778.800000
148.096330 390.400000 487.600000
149.096386 390.400000 502.400000
150.096405 390.400000 412.800000
151.096453 390.400000 510.000000
152.096606 390.400000 599.600000
153.096665 390.400000 577.200000
154.096815 390.400000 442.800000
155.096946 390.400000 452.000000
156.097002 390.400000 767.600000
157.097022 390.400000 532.400000
158.097482 390.400000 485.600000
159.097653 390.400000 493.200000
160.097940 390.400000 560.400000
161.097958 390.400000 418.400000
162.098042 390.400000 515.600000
163.098460 390.400000 502.400000
164.098935 390.400000 538.000000
165.099121 390.400000 599.600000
166.100350 390.400000 457.600000
167.100913 390.400000 549.200000
168.101497 390.400000 440.800000
169.101691 390.400000 566.000000
170.103240 390.400000 446.400000
171.104181 390.400000 424.000000
172.104182 390.400000 532.400000
173.104692 390.400000 448.400000
174.105049 390.400000 508.000000
175.105363 390.400000 412.800000
176.105700 390.400000 532.400000
177.105763 390.400000 468.800000
178.106481 390.400000 487.600000
179.106667 390.400000 452.000000
180.109349 390.400000 767.600000
181.109609 390.400000 463.200000
182.109709 390.400000 577.200000
183.109899 390.400000 474.400000
184.110103 390.400000 446.400000
185.110122 390.400000 767.600000
186.110164 390.400000 468.800000
187.110528 390.400000 496.800000
188.113080 390.400000 532.400000
189.116883 390.400000 767.600000
190.117243 390.400000 510.000000
191.117922 390.400000 502.400000
192.117933 390.400000 457.600000
193.118626 390.400000 549.200000
194.118758 390.400000 661.200000
195.119160 390.400000 429.600000
196.119232 390.400000 560.400000
197.119678 390.400000 616.400000
198.121692 390.400000 491.200000
199.121868 390.400000 538.000000
200.122188 390.400000 485.600000
201.123012 390.400000 412.800000
202.123305 390.400000 470.800000
203.123321 390.400000 504.400000
204.123411 390.400000 440.800000
205.125458 390.400000 666.800000
206.125624 390.400000 463.200000
207.125793 390.400000 485.600000
208.126363 390.400000 491.200000
209.126392 390.400000 412.800000
210.127032 390.400000 429.600000
211.127158 390.400000 538.000000
212.127344 390.400000 515.600000
213.127536 390.400000 414.800000
214.127923 390.400000 474.400000
215.128373 390.400000 435.200000
216.128705 390.400000 513.600000
217.129129 390.400000 767.600000
218.129560 390.400000 463.200000
219.130190 390.400000 767.600000
220.130516 390.400000 482.000000
221.130813 390.400000 468.800000
222.131033 390.400000 515.600000
223.131177 390.400000 454.000000
224.131687 390.400000 435.200000
225.132910 390.400000 633.200000
226.132915 390.400000 418.400000
227.133455 390.400000 435.200000
228.133617 390.400000 474.400000
229.133814 390.400000 515.600000
230.133836 390.400000 588.400000
231.133972 390.400000 452.000000
232.134747 390.400000 474.400000
233.134886 390.400000 510.000000
234.134936 390.400000 510.000000
235.134997 390.400000 532.400000
236.135053 390.400000 437.200000
237.135445 390.400000 414.800000
238.135851 390.400000 482.000000
239.136157 390.400000 538.000000
240.136899 390.400000 644.400000
241.136990 390.400000 465.200000
242.137601 390.400000 424.000000
243.137912 390.400000 429.600000
244.138280 390.400000 543.600000
245.138822 390.400000 476.400000
246.138989 390.400000 610.800000
247.139036 390.400000 504.400000
248.139141 390.400000 487.600000
249.139272 390.400000 498.800000
250.139566 390.400000 485.600000
251.140779 390.400000 515.600000
252.140964 390.400000 452.000000
253.141017 390.400000 650.000000
254.142730 390.400000 407.200000
255.142905 390.400000 435.200000
256.143324 390.400000 435.200000
257.143728 390.400000 566.000000
258.143777 390.400000 446.400000
259.143817 390.400000 644.400000
260.144204 390.400000 463.200000
261.144525 390.400000 521.200000
262.144976 390.400000 519.200000
263.145005 390.400000 513.600000
264.145245 390.400000 448.400000
265.145665 390.400000 440.800000
266.146092 390.400000 526.800000
267.147455 390.400000 554.800000
268.148365 390.400000 513.600000
269.148496 390.400000 504.400000
270.148735 390.400000 476.400000
271.148889 390.400000 491.200000
272.148969 390.400000 429.600000
273.151604 390.400000 762.000000
274.154824 390.400000 672.400000
275.155326 390.400000 549.200000
276.156080 390.400000 396.000000
277.156316 390.400000 491.200000
278.156608 390.400000 412.800000
279.157473 390.400000 474.400000
280.157552 390.400000 485.600000
281.157746 390.400000 480.000000
282.158002 390.400000 412.800000
283.158038 390.400000 560.400000
284.158269 390.400000 463.200000
285.158454 390.400000 429.600000
286.158739 390.400000 424.000000
287.159153 390.400000 571.600000
288.160287 390.400000 521.200000
289.160910 390.400000 412.800000
290.161335 390.400000 452.000000
291.161760 390.400000 429.600000
292.161914 390.400000 412.800000
293.162001 390.400000 418.400000
294.162194 390.400000 599.600000
295.162248 390.400000 418.400000
296.162313 390.400000 655.600000
297.162470 390.400000 463.200000
298.162620 390.400000 491.200000
299.162641 390.400000 429.600000
300.162848 390.400000 435.200000
301.163947 390.400000 521.200000
302.164130 390.400000 426.000000
303.165825 390.400000 536.000000
304.165999 390.400000 476.400000
305.166926 390.400000 440.800000
306.168513 390.400000 610.800000
307.169666 390.400000 418.400000
308.169798 390.400000 536.000000
309.169933 390.400000 532.400000
310.170222 390.400000 496.800000
311.170598 390.400000 661.200000
312.171841 390.400000 672.400000
313.171860 390.400000 429.600000
314.172170 390.400000 468.800000
315.172341 390.400000 463.200000
316.172540 390.400000 566.000000
317.172885 390.400000 571.600000
318.173135 390.400000 498.800000
319.173336 390.400000 485.600000
320.173847 390.400000 532.400000
321.174084 390.400000 532.400000
322.174645 390.400000 429.600000
323.175399 390.400000 496.800000
324.175967 390.400000 429.600000
325.176532 390.400000 538.000000
326.177249 390.400000 566.000000
327.177674 390.400000 521.200000
328.178080 390.400000 521.200000
329.178468 390.400000 465.200000
330.178499 390.400000 480.000000
331.179759 390.400000 424.000000
332.180463 390.400000 476.400000
333.180523 390.400000 418.400000
334.180604 390.400000 424.000000
335.180881 390.400000 435.200000
336.181243 390.400000 504.400000
337.181832 390.400000 407.200000
338.182303 390.400000 549.200000
339.182621 390.400000 666.800000
340.184268 390.400000 605.200000
341.184723 390.400000 577.200000
342.185968 390.400000 554.800000
343.187084 390.400000 504.400000
344.187340 390.400000 412.800000
345.187945 390.400000 470.800000
346.188478 390.400000 515.600000
347.189588 390.400000 661.200000
348.190200 390.400000 650.000000
349.190592 390.400000 521.200000
350.190646 390.400000 666.800000
351.191522 390.400000 485.600000
352.191966 390.400000 457.600000
353.192158 390.400000 448.400000
354.192309 390.400000 493.200000
355.192828 390.400000 454.000000
356.193697 390.400000 446.400000
357.194010 390.400000 498.800000
358.194120 390.400000 452.000000
359.194142 390.400000 661.200000
360.195034 390.400000 442.800000
361.195612 390.400000 457.600000
362.195760 390.400000 424.000000
363.196782 390.400000 463.200000
364.196826 390.400000 418.400000
365.197170 390.400000 468.800000
366.197256 390.400000 476.400000
367.197516 390.400000 468.800000
368.198128 390.400000 418.400000
369.198639 390.400000 521.200000
370.198900 390.400000 532.400000
371.199529 390.400000 437.200000
372.199748 390.400000 454.000000
373.200392 390.400000 446.400000
374.200738 390.400000 448.400000
375.200883 390.400000 474.400000
376.201307 390.400000 717.200000
377.202408 390.400000 594.000000
378.202843 390.400000 549.200000
379.202917 390.400000 510.000000
380.203137 390.400000 412.800000
381.203484 390.400000 515.600000
382.203921 390.400000 452.000000
383.204449 390.400000 493.200000
384.207212 390.400000 773.200000
385.207536 390.400000 491.200000
386.207643 390.400000 482.000000
387.207977 390.400000 571.600000
388.211786 390.400000 778.800000
389.212103 390.400000 616.400000
390.212992 390.400000 459.600000
391.214029 390.400000 515.600000
392.215026 390.400000 496.800000
393.215047 390.400000 465.200000
394.215302 390.400000 655.600000
395.215758 390.400000 459.600000
396.215979 390.400000 485.600000
397.216042 390.400000 526.800000
398.216446 390.400000 485.600000
399.216841 390.400000 502.400000
400.217222 390.400000 470.800000
401.217435 390.400000 498.800000
402.217890 390.400000 577.200000
403.218405 390.400000 510.000000
404.218896 390.400000 530.400000
405.219190 390.400000 554.800000
406.219468 390.400000 498.800000
407.219757 390.400000 485.600000
408.220222 390.400000 543.600000
409.220252 390.400000 418.400000
410.221070 390.400000 515.600000
411.221343 390.400000 493.200000
412.221829 390.400000 502.400000
413.222178 390.400000 412.800000
414.222875 390.400000 414.800000
415.225425 390.400000 524.800000
416.226335 390.400000 502.400000
417.226484 390.400000 515.600000
418.227084 390.400000 594.000000
419.227562 390.400000 745.200000
420.228073 390.400000 661.200000
421.228277 390.400000 407.200000
422.228857 390.400000 412.800000
423.229543 390.400000 538.000000
424.231294 390.400000 498.800000
425.231716 390.400000 480.000000
426.232802 390.400000 599.600000
427.236663 390.400000 435.200000
428.236976 390.400000 504.400000
429.237578 390.400000 435.200000
430.237785 390.400000 440.800000
431.238535 390.400000 515.600000
432.238964 390.400000 521.200000
433.239594 390.400000 407.200000
434.240853 390.400000 672.400000
435.243350 390.400000 773.200000
436.243415 390.400000 459.600000
437.243633 390.400000 496.800000
438.244090 390.400000 424.000000
439.244317 390.400000 498.800000
440.244796 390.400000 496.800000
441.246316 390.400000 487.600000
442.246492 390.400000 440.800000
443.246802 390.400000 463.200000
444.247120 390.400000 437.200000
445.247369 390.400000 513.600000
446.248003 390.400000 463.200000
447.248214 390.400000 519.200000
448.248258 390.400000 496.800000
449.248615 390.400000 554.800000
450.249860 390.400000 773.200000
451.250832 390.400000 549.200000
452.251100 390.400000 564.000000
453.251368 390.400000 661.200000
454.252270 390.400000 536.000000
455.252633 390.400000 594.000000
456.252987 390.400000 435.200000
457.253285 390.400000 616.400000
458.254283 390.400000 502.400000
459.254513 390.400000 530.400000
460.254707 390.400000 504.400000
461.254907 390.400000 457.600000
462.254996 390.400000 543.600000
463.257533 390.400000 773.200000
464.258475 390.400000 465.200000
465.258988 390.400000 468.800000
466.259264 390.400000 463.200000
467.261756 390.400000 521.200000
468.261889 390.400000 554.800000
469.263010 390.400000 521.200000
470.265189 390.400000 778.800000
471.265484 390.400000 498.800000
472.265700 390.400000 440.800000
473.265931 390.400000 463.200000
474.265987 390.400000 560.400000
475.266234 390.400000 599.600000
476.266676 390.400000 644.400000
477.266788 390.400000 571.600000
478.267012 390.400000 504.400000
479.267673 390.400000 470.800000
480.267900 390.400000 485.600000
481.268338 390.400000 418.400000
482.268518 390.400000 532.400000
483.269616 390.400000 510.000000
484.269672 390.400000 412.800000
485.269724 390.400000 468.800000
486.269757 390.400000 407.200000
487.269987 390.400000 470.800000
488.270089 390.400000 437.200000
489.270944 390.400000 564.000000
490.271240 390.400000 493.200000
491.271672 390.400000 571.600000
492.271790 390.400000 549.200000
493.272287 390.400000 491.200000
494.272453 390.400000 538.000000
495.272487 390.400000 435.200000
496.272695 390.400000 452.000000
497.273237 390.400000 412.800000
498.274356 390.400000 493.200000
499.275103 390.400000 491.200000
500.275726 390.400000 521.200000
501.275822 390.400000 440.800000
502.276044 390.400000 543.600000
503.276104 390.400000 498.800000
504.276163 390.400000 468.800000
505.276315 390.400000 429.600000
506.276466 390.400000 463.200000
507.277112 390.400000 521.200000
508.277281 390.400000 482.000000
509.277462 390.400000 429.600000
510.278469 390.400000 571.600000
511.278737 390.400000 566.000000
512.278811 390.400000 515.600000
513.279023 390.400000 482.000000
514.279637 390.400000 524.800000
515.280241 390.400000 508.000000
516.282040 390.400000 468.800000
517.283301 390.400000 526.800000
518.285493 390.400000 739.600000
519.285646 390.400000 773.200000
520.288351 390.400000 440.800000
521.288568 390.400000 538.000000
522.289068 390.400000 661.200000
523.289288 390.400000 655.600000
524.290646 390.400000 496.800000
525.290746 390.400000 429.600000
526.290883 390.400000 435.200000
527.291185 390.400000 414.800000
528.291188 390.400000 470.800000
529.302746 390.400000 767.600000
530.302776 390.400000 538.000000
531.304748 390.400000 666.800000
532.304750 390.400000 440.800000
533.306379 390.400000 519.200000
534.309522 390.400000 605.200000
535.310243 390.400000 571.600000
536.310792 390.400000 420.400000
537.311385 390.400000 510.000000
538.311938 390.400000 418.400000
539.312103 390.400000 474.400000
540.312427 390.400000 566.000000
541.312739 390.400000 412.800000
542.313809 390.400000 638.800000
543.314082 390.400000 452.000000
544.320478 390.400000 762.000000
545.321003 390.400000 627.600000
546.322781 390.400000 526.800000
547.323158 390.400000 418.400000
548.323521 390.400000 666.800000
549.323668 390.400000 513.600000
550.323894 390.400000 412.800000
551.327793 390.400000 767.600000
552.328382 390.400000 459.600000
553.328531 390.400000 666.800000
554.329475 390.400000 504.400000
555.329679 390.400000 661.200000
556.329899 390.400000 452.000000
557.330001 390.400000 560.400000
558.331300 390.400000 480.000000
559.331387 390.400000 526.800000
560.332199 390.400000 493.200000
561.332945 390.400000 526.800000
562.332980 390.400000 515.600000
563.333033 390.400000 526.800000
564.333412 390.400000 610.800000
565.334448 390.400000 532.400000
566.337275 390.400000 448.400000
567.337598 390.400000 446.400000
568.337731 390.400000 442.800000
569.338525 390.400000 412.800000
570.338665 390.400000 485.600000
571.338833 390.400000 491.200000
572.339150 390.400000 491.200000
573.339434 390.400000 412.800000
574.339721 390.400000 588.400000
575.339813 390.400000 468.800000
576.340361 390.400000 414.800000
577.340379 390.400000 412.800000
578.340837 390.400000 435.200000
579.341988 390.400000 435.200000
580.342044 390.400000 549.200000
581.342601 390.400000 485.600000
582.343086 390.400000 407.200000
583.343190 390.400000 510.000000
584.343555 390.400000 426.000000
585.345858 390.400000 454.000000
586.346162 390.400000 435.200000
587.346897 390.400000 532.400000
588.346905 390.400000 549.200000
589.347124 390.400000 452.000000
590.347690 390.400000 407.200000
591.347714 390.400000 429.600000
592.347752 390.400000 549.200000
593.349762 390.400000 773.200000
594.351690 390.400000 554.800000
595.351858 390.400000 543.600000
596.352000 390.400000 474.400000
597.352159 390.400000 510.000000
598.352430 390.400000 463.200000
599.352537 390.400000 510.000000
600.352924 390.400000 424.000000
601.353320 390.400000 442.800000
602.353371 390.400000 610.800000
603.354529 390.400000 435.200000
604.354989 390.400000 435.200000
605.355168 390.400000 440.800000
606.355448 390.400000 594.000000
607.355972 390.400000 435.200000
608.356036 390.400000 442.800000
609.356458 390.400000 426.000000
610.356530 390.400000 463.200000
611.357829 390.400000 418.400000
612.358041 390.400000 582.800000
613.358113 390.400000 655.600000
614.358152 390.400000 530.400000
615.358169 390.400000 549.200000
616.358238 390.400000 468.800000
617.358876 390.400000 448.400000
618.359548 390.400000 418.400000
619.359549 390.400000 412.800000
620.360032 390.400000 426.000000
621.360079 390.400000 496.800000
622.360170 390.400000 446.400000
623.360677 390.400000 435.200000
624.361525 390.400000 465.200000
625.362119 390.400000 482.000000
626.363965 390.400000 429.600000
627.364515 390.400000 515.600000
628.364788 390.400000 420.400000
629.364958 390.400000 412.800000
630.365358 390.400000 412.800000
631.365566 390.400000 440.800000
632.365891 390.400000 666.800000
633.366115 390.400000 424.000000
634.366156 390.400000 435.200000
635.366313 390.400000 498.800000
636.366401 390.400000 452.000000
637.366876 390.400000 412.800000
638.366969 390.400000 435.200000
639.367051 390.400000 498.800000
640.369594 390.400000 474.400000
641.370483 390.400000 661.200000
642.370747 390.400000 424.000000
643.370903 390.400000 554.800000
644.374212 390.400000 452.000000
645.374956 390.400000 459.600000
646.375168 390.400000 491.200000
647.376359 390.400000 739.600000
648.376571 390.400000 424.000000
649.376897 390.400000 429.600000
650.377016 390.400000 554.800000
651.377435 390.400000 435.200000
652.378096 390.400000 493.200000
653.379348 390.400000 485.600000
654.380250 390.400000 496.800000
655.380704 390.400000 508.000000
656.381098 390.400000 519.200000
657.381454 390.400000 446.400000
658.381901 390.400000 396.000000
659.382418 390.400000 532.400000
660.382611 390.400000 491.200000
661.383426 390.400000 582.800000
662.383649 390.400000 519.200000
663.384500 390.400000 526.800000
664.387599 390.400000 504.400000
665.388328 390.400000 412.800000
666.389777 390.400000 504.400000
667.389811 390.400000 519.200000
668.390747 390.400000 524.800000
669.390799 390.400000 560.400000
670.390821 390.400000 526.800000
671.391107 390.400000 502.400000
672.391582 390.400000 435.200000
673.391831 390.400000 526.800000
674.392134 390.400000 594.000000
675.392343 390.400000 435.200000
676.393379 390.400000 429.600000
677.394605 390.400000 582.800000
678.394856 390.400000 521.200000
679.395154 390.400000 440.800000
680.395214 390.400000 610.800000
681.395619 390.400000 418.400000
682.395648 390.400000 412.800000
683.395654 390.400000 454.000000
684.396042 390.400000 485.600000
685.396341 390.400000 767.600000
686.396558 390.400000 577.200000
687.396734 390.400000 463.200000
688.396961 390.400000 429.600000
689.397533 390.400000 526.800000
690.397598 390.400000 424.000000
691.400549 390.400000 778.800000
692.400578 390.400000 717.200000
693.400664 390.400000 554.800000
694.402388 390.400000 541.600000
695.402421 390.400000 510.000000
696.403020 390.400000 418.400000
697.404916 390.400000 661.200000
698.405136 390.400000 463.200000
699.405165 390.400000 440.800000
700.405398 390.400000 666.800000
701.405827 390.400000 655.600000
702.405927 390.400000 773.200000
703.405980 390.400000 476.400000
704.406460 390.400000 672.400000
705.412595 390.400000 767.600000
706.413638 390.400000 521.200000
707.414046 390.400000 424.000000
708.414421 390.400000 448.400000
709.414480 390.400000 571.600000
710.414595 390.400000 502.400000
711.414749 390.400000 435.200000
712.414864 390.400000 496.800000
713.415626 390.400000 496.800000
714.415738 390.400000 437.200000
715.416057 390.400000 452.000000
716.417426 390.400000 487.600000
717.418159 390.400000 418.400000
718.418428 390.400000 454.000000
719.418751 390.400000 524.800000
720.419238 390.400000 560.400000
721.419955 390.400000 571.600000
722.420173 390.400000 435.200000
723.421435 390.400000 496.800000
724.421623 390.400000 457.600000
725.421827 390.400000 418.400000
726.422008 390.400000 616.400000
727.422175 390.400000 532.400000
728.422458 390.400000 496.800000
729.422678 390.400000 474.400000
730.423135 390.400000 773.200000
731.423967 390.400000 558.400000
732.424374 390.400000 426.000000
733.424802 390.400000 429.600000
734.424803 390.400000 429.600000
735.425212 390.400000 412.800000
736.425440 390.400000 412.800000
737.428322 390.400000 767.600000
738.428372 390.400000 767.600000
739.428661 390.400000 560.400000
740.429431 390.400000 510.000000
741.429854 390.400000 610.800000
742.430221 390.400000 407.200000
743.430742 390.400000 396.000000
744.431926 390.400000 446.400000
745.433158 390.400000 429.600000
746.433401 390.400000 407.200000
747.433854 390.400000 504.400000
748.434337 390.400000 504.400000
749.435453 390.400000 424.000000
750.436666 390.400000 446.400000
751.436906 390.400000 459.600000
752.436961 390.400000 420.400000
753.441075 390.400000 778.800000
754.442598 390.400000 767.600000
755.442992 390.400000 549.200000
756.443023 390.400000 454.000000
757.444295 390.400000 526.800000
758.444408 390.400000 448.400000
759.445001 390.400000 418.400000
760.445126 390.400000 566.000000
761.445213 390.400000 521.200000
762.445842 390.400000 418.400000
763.447593 390.400000 711.600000
764.447876 390.400000 418.400000
765.447970 390.400000 773.200000
766.451000 390.400000 414.800000
767.451220 390.400000 547.200000
768.451277 390.400000 560.400000
769.451500 390.400000 457.600000
770.451545 390.400000 482.000000
771.453399 390.400000 412.800000
772.459327 390.400000 773.200000
773.459712 390.400000 515.600000
774.460144 390.400000 482.000000
775.460144 390.400000 465.200000
776.461037 390.400000 424.000000
777.463658 390.400000 510.000000
778.463977 390.400000 435.200000
779.464113 390.400000 521.200000
780.464126 390.400000 424.000000
781.464477 390.400000 532.400000
782.464571 390.400000 435.200000
783.465051 390.400000 767.600000
784.465264 390.400000 543.600000
785.465506 390.400000 577.200000
786.465940 390.400000 482.000000
787.470554 390.400000 773.200000
788.470686 390.400000 463.200000
789.470801 390.400000 532.400000
790.471504 390.400000 463.200000
791.471865 390.400000 424.000000
792.471960 390.400000 582.800000
793.472955 390.400000 459.600000
794.472989 390.400000 605.200000
795.473749 390.400000 566.000000
796.473789 390.400000 485.600000
797.473879 390.400000 678.000000
798.473944 390.400000 407.200000
799.474261 390.400000 510.000000
