0.000349 71.200000 71.200000
1.000352 71.200000 71.200000
2.000352 71.200000 71.200000
3.000352 71.200000 71.200000
4.000352 71.200000 71.200000
5.000360 71.200000 71.200000
6.000374 71.200000 71.200000
7.000375 71.200000 71.200000
8.000380 71.200000 71.200000
9.000380 71.200000 71.200000
10.000380 71.200000 71.200000
11.000384 71.200000 71.200000
12.000391 71.200000 71.200000
13.000433 71.200000 71.200000
14.000433 71.200000 71.200000
15.000437 71.200000 71.200000
16.000454 71.200000 71.200000
17.000454 71.200000 71.200000
18.000473 71.200000 71.200000
19.000473 71.200000 71.200000
20.000474 71.200000 71.200000
21.000474 71.200000 71.200000
22.000475 71.200000 71.200000
23.000490 71.200000 71.200000
24.000490 71.200000 71.200000
25.000495 71.200000 71.200000
26.000496 71.200000 71.200000
27.000496 71.200000 71.200000
28.000502 71.200000 71.200000
29.000502 71.200000 71.200000
30.000502 71.200000 71.200000
31.000502 71.200000 71.200000
32.000503 71.200000 71.200000
33.000503 71.200000 71.200000
34.000503 71.200000 71.200000
35.000506 71.200000 71.200000
36.000506 71.200000 71.200000
37.000508 71.200000 71.200000
38.000512 71.200000 71.200000
39.000522 71.200000 71.200000
40.000523 71.200000 71.200000
41.000524 71.200000 71.200000
42.000524 71.200000 71.200000
43.000526 71.200000 71.200000
44.000538 71.200000 71.200000
45.000538 71.200000 71.200000
46.000538 71.200000 71.200000
47.000540 71.200000 71.200000
48.000540 71.200000 71.200000
49.000540 71.200000 71.200000
50.000541 71.200000 71.200000
51.000608 71.200000 71.200000
52.000609 71.200000 71.200000
53.000612 71.200000 71.200000
54.000612 71.200000 71.200000
55.000612 71.200000 71.200000
56.000613 71.200000 71.200000
57.000615 71.200000 71.200000
58.000616 71.200000 71.200000
59.000622 71.200000 71.200000
60.000633 71.200000 71.200000
61.000639 71.200000 71.200000
62.000649 71.200000 71.200000
63.000650 71.200000 71.200000
64.000652 71.200000 71.200000
65.000656 71.200000 71.200000
66.000656 71.200000 71.200000
67.000657 71.200000 71.200000
68.000659 71.200000 71.200000
69.000659 71.200000 71.200000
70.000659 71.200000 71.200000
71.000660 71.200000 71.200000
72.000664 71.200000 71.200000
73.000669 71.200000 71.200000
74.000719 71.200000 71.200000
75.000720 71.200000 71.200000
76.000727 71.200000 71.200000
77.000741 71.200000 71.200000
78.000744 71.200000 71.200000
79.000755 71.200000 71.200000
80.000758 71.200000 71.200000
81.000759 71.200000 71.200000
82.000769 71.200000 71.200000
83.000769 71.200000 71.200000
84.000775 71.200000 71.200000
85.000776 71.200000 71.200000
86.000777 71.200000 71.200000
87.000777 71.200000 71.200000
88.000779 71.200000 71.200000
89.000781 71.200000 71.200000
90.000782 71.200000 71.200000
91.000782 71.200000 71.200000
92.000783 71.200000 71.200000
93.000783 71.200000 71.200000
94.000786 71.200000 71.200000
95.000787 71.200000 71.200000
96.000787 71.200000 71.200000
97.000789 71.200000 71.200000
98.000789 71.200000 71.200000
99.000795 71.200000 71.200000
100.000798 71.200000 71.200000
101.000826 71.200000 71.200000
102.000830 71.200000 71.200000
103.000831 71.200000 71.200000
104.000831 71.200000 71.200000
105.000831 71.200000 71.200000
106.000845 71.200000 71.200000
107.000845 71.200000 71.200000
108.000886 71.200000 71.200000
109.000886 71.200000 71.200000
110.000893 71.200000 71.200000
111.000900 71.200000 71.200000
112.000902 71.200000 71.200000
113.000906 71.200000 71.200000
114.000921 71.200000 71.200000
115.000932 71.200000 71.200000
116.000933 71.200000 71.200000
117.000933 71.200000 71.200000
118.000933 71.200000 71.200000
119.000936 71.200000 71.200000
120.000943 71.200000 71.200000
121.000943 71.200000 71.200000
122.000947 71.200000 71.200000
123.000978 71.200000 71.200000
124.000981 71.200000 71.200000
125.000981 71.200000 71.200000
126.000982 71.200000 71.200000
127.000983 71.200000 71.200000
128.000986 71.200000 71.200000
129.000986 71.200000 71.200000
130.000986 71.200000 71.200000
131.000990 71.200000 71.200000
132.000990 71.200000 71.200000
133.000990 71.200000 71.200000
134.001000 71.200000 71.200000
135.001014 71.200000 71.200000
136.001080 71.200000 71.200000
137.001094 71.200000 71.200000
138.001094 71.200000 71.200000
139.001096 71.200000 71.200000
140.001099 71.200000 71.200000
141.001101 71.200000 71.200000
142.001104 71.200000 71.200000
143.001165 71.200000 71.200000
144.001165 71.200000 71.200000
145.001165 71.200000 71.200000
146.001167 71.200000 71.200000
147.001167 71.200000 71.200000
148.001170 71.200000 71.200000
149.001210 71.200000 71.200000
150.001210 71.200000 71.200000
151.001211 71.200000 71.200000
152.001211 71.200000 71.200000
153.001238 71.200000 71.200000
154.001238 71.200000 71.200000
155.001238 71.200000 71.200000
156.001238 71.200000 71.200000
157.001246 71.200000 71.200000
158.001246 71.200000 71.200000
159.001246 71.200000 71.200000
160.001247 71.200000 71.200000
161.001250 71.200000 71.200000
162.001251 71.200000 71.200000
163.001251 71.200000 71.200000
164.001251 71.200000 71.200000
165.001251 71.200000 71.200000
166.001252 71.200000 71.200000
167.001253 71.200000 71.200000
168.001257 71.200000 71.200000
169.001258 71.200000 71.200000
170.001268 71.200000 71.200000
171.001268 71.200000 71.200000
172.001280 71.200000 71.200000
173.001280 71.200000 71.200000
174.001280 71.200000 71.200000
175.001289 71.200000 71.200000
176.001291 71.200000 71.200000
177.001291 71.200000 71.200000
178.001293 71.200000 71.200000
179.001293 71.200000 71.200000
180.001304 71.200000 71.200000
181.001311 71.200000 71.200000
182.001313 71.200000 71.200000
183.001317 71.200000 71.200000
184.001330 71.200000 71.200000
185.001338 71.200000 71.200000
186.001339 71.200000 71.200000
187.001341 71.200000 71.200000
188.001397 71.200000 71.200000
189.001401 71.200000 71.200000
190.001403 71.200000 71.200000
191.001407 71.200000 71.200000
192.001407 71.200000 71.200000
193.001408 71.200000 71.200000
194.001409 71.200000 71.200000
195.001414 71.200000 71.200000
196.001427 71.200000 71.200000
197.001427 71.200000 71.200000
198.001427 71.200000 71.200000
199.001427 71.200000 71.200000
200.001437 71.200000 71.200000
201.001444 71.200000 71.200000
202.001445 71.200000 71.200000
203.001450 71.200000 71.200000
204.001454 71.200000 71.200000
205.001455 71.200000 71.200000
206.001457 71.200000 71.200000
207.001457 71.200000 71.200000
208.001458 71.200000 71.200000
209.001459 71.200000 71.200000
210.001476 71.200000 71.200000
211.001476 71.200000 71.200000
212.001480 71.200000 71.200000
213.001480 71.200000 71.200000
214.001480 71.200000 71.200000
215.001557 71.200000 71.200000
216.001559 71.200000 71.200000
217.001560 71.200000 71.200000
218.001562 71.200000 71.200000
219.001562 71.200000 71.200000
220.001565 71.200000 71.200000
221.001565 71.200000 71.200000
222.001565 71.200000 71.200000
223.001569 71.200000 71.200000
224.001570 71.200000 71.200000
225.001578 71.200000 71.200000
226.001581 71.200000 71.200000
227.001588 71.200000 71.200000
228.001588 71.200000 71.200000
229.001590 71.200000 71.200000
230.001647 71.200000 71.200000
231.001648 71.200000 71.200000
232.001648 71.200000 71.200000
233.001648 71.200000 71.200000
234.001648 71.200000 71.200000
235.001648 71.200000 71.200000
236.001652 71.200000 71.200000
237.001654 71.200000 71.200000
238.001654 71.200000 71.200000
239.001654 71.200000 71.200000
240.001654 71.200000 71.200000
241.001654 71.200000 71.200000
242.001654 71.200000 71.200000
243.001654 71.200000 71.200000
244.001655 71.200000 71.200000
245.001655 71.200000 71.200000
246.001661 71.200000 71.200000
247.001672 71.200000 71.200000
248.001676 71.200000 71.200000
249.001680 71.200000 71.200000
250.001684 71.200000 71.200000
251.001687 71.200000 71.200000
252.001687 71.200000 71.200000
253.001689 71.200000 71.200000
254.001716 71.200000 71.200000
255.001725 71.200000 71.200000
256.001729 71.200000 71.200000
257.001729 71.200000 71.200000
258.001729 71.200000 71.200000
259.001729 71.200000 71.200000
260.001777 71.200000 71.200000
261.001777 71.200000 71.200000
262.001782 71.200000 71.200000
263.001782 71.200000 71.200000
264.001791 71.200000 71.200000
265.001797 71.200000 71.200000
266.001797 71.200000 71.200000
267.001797 71.200000 71.200000
268.001800 71.200000 71.200000
269.001800 71.200000 71.200000
270.001800 71.200000 71.200000
271.001800 71.200000 71.200000
272.001808 71.200000 71.200000
273.001808 71.200000 71.200000
274.001845 71.200000 71.200000
275.001846 71.200000 71.200000
276.001846 71.200000 71.200000
277.001850 71.200000 71.200000
278.001854 71.200000 71.200000
279.001854 71.200000 71.200000
280.001863 71.200000 71.200000
281.001864 71.200000 71.200000
282.001865 71.200000 71.200000
283.001865 71.200000 71.200000
284.001869 71.200000 71.200000
285.001869 71.200000 71.200000
286.001877 71.200000 71.200000
287.001877 71.200000 71.200000
288.001881 71.200000 71.200000
289.001881 71.200000 71.200000
290.001881 71.200000 71.200000
291.001881 71.200000 71.200000
292.001893 71.200000 71.200000
293.001901 71.200000 71.200000
294.001904 71.200000 71.200000
295.001905 71.200000 71.200000
296.001919 71.200000 71.200000
297.001920 71.200000 71.200000
298.001927 71.200000 71.200000
299.001938 71.200000 71.200000
300.001944 71.200000 71.200000
301.001947 71.200000 71.200000
302.001950 71.200000 71.200000
303.001950 71.200000 71.200000
304.001951 71.200000 71.200000
305.001960 71.200000 71.200000
306.001960 71.200000 71.200000
307.001960 71.200000 71.200000
308.001961 71.200000 71.200000
309.001962 71.200000 71.200000
310.001972 71.200000 71.200000
311.001976 71.200000 71.200000
312.001986 71.200000 71.200000
313.001986 71.200000 71.200000
314.001995 71.200000 71.200000
315.001996 71.200000 71.200000
316.001996 71.200000 71.200000
317.001996 71.200000 71.200000
318.002030 71.200000 71.200000
319.002030 71.200000 71.200000
320.002031 71.200000 71.200000
321.002031 71.200000 71.200000
322.002031 71.200000 71.200000
323.002031 71.200000 71.200000
324.002037 71.200000 71.200000
325.002039 71.200000 71.200000
326.002039 71.200000 71.200000
327.002039 71.200000 71.200000
328.002041 71.200000 71.200000
329.002050 71.200000 71.200000
330.002052 71.200000 71.200000
331.002053 71.200000 71.200000
332.002053 71.200000 71.200000
333.002053 71.200000 71.200000
334.002053 71.200000 71.200000
335.002054 71.200000 71.200000
336.002065 71.200000 71.200000
337.002075 71.200000 71.200000
338.002085 71.200000 71.200000
339.002087 71.200000 71.200000
340.002088 71.200000 71.200000
341.002088 71.200000 71.200000
342.002088 71.200000 71.200000
343.002089 71.200000 71.200000
344.002091 71.200000 71.200000
345.002091 71.200000 71.200000
346.002091 71.200000 71.200000
347.002092 71.200000 71.200000
348.002093 71.200000 71.200000
349.002135 71.200000 71.200000
350.002144 71.200000 71.200000
351.002147 71.200000 71.200000
352.002149 71.200000 71.200000
353.002150 71.200000 71.200000
354.002154 71.200000 71.200000
355.002154 71.200000 71.200000
356.002155 71.200000 71.200000
357.002159 71.200000 71.200000
358.002183 71.200000 71.200000
359.002183 71.200000 71.200000
360.002184 71.200000 71.200000
361.002197 71.200000 71.200000
362.002197 71.200000 71.200000
363.002198 71.200000 71.200000
364.002199 71.200000 71.200000
365.002199 71.200000 71.200000
366.002200 71.200000 71.200000
367.002200 71.200000 71.200000
368.002209 71.200000 71.200000
369.002210 71.200000 71.200000
370.002212 71.200000 71.200000
371.002218 71.200000 71.200000
372.002228 71.200000 71.200000
373.002228 71.200000 71.200000
374.002229 71.200000 71.200000
375.002229 71.200000 71.200000
376.002230 71.200000 71.200000
377.002233 71.200000 71.200000
378.002235 71.200000 71.200000
379.002235 71.200000 71.200000
380.002238 71.200000 71.200000
381.002241 71.200000 71.200000
382.002243 71.200000 71.200000
383.002243 71.200000 71.200000
384.002243 71.200000 71.200000
385.002244 71.200000 71.200000
386.002244 71.200000 71.200000
387.002247 71.200000 71.200000
388.002252 71.200000 71.200000
389.002300 71.200000 71.200000
390.002301 71.200000 71.200000
391.002301 71.200000 71.200000
392.002339 71.200000 71.200000
393.002339 71.200000 71.200000
394.002344 71.200000 71.200000
395.002348 71.200000 71.200000
396.002350 71.200000 71.200000
397.002350 71.200000 71.200000
398.002350 71.200000 71.200000
399.002395 71.200000 71.200000
400.002395 71.200000 71.200000
401.002397 71.200000 71.200000
402.002397 71.200000 71.200000
403.002406 71.200000 71.200000
404.002410 71.200000 71.200000
405.002414 71.200000 71.200000
406.002414 71.200000 71.200000
407.002418 71.200000 71.200000
408.002418 71.200000 71.200000
409.002418 71.200000 71.200000
410.002418 71.200000 71.200000
411.002421 71.200000 71.200000
412.002428 71.200000 71.200000
413.002430 71.200000 71.200000
414.002439 71.200000 71.200000
415.002441 71.200000 71.200000
416.002442 71.200000 71.200000
417.002450 71.200000 71.200000
418.002452 71.200000 71.200000
419.002455 71.200000 71.200000
420.002456 71.200000 71.200000
421.002461 71.200000 71.200000
422.002462 71.200000 71.200000
423.002472 71.200000 71.200000
424.002475 71.200000 71.200000
425.002477 71.200000 71.200000
426.002478 71.200000 71.200000
427.002489 71.200000 71.200000
428.002493 71.200000 71.200000
429.002497 71.200000 71.200000
430.002497 71.200000 71.200000
431.002497 71.200000 71.200000
432.002501 71.200000 71.200000
433.002504 71.200000 71.200000
434.002504 71.200000 71.200000
435.002513 71.200000 71.200000
436.002514 71.200000 71.200000
437.002517 71.200000 71.200000
438.002519 71.200000 71.200000
439.002520 71.200000 71.200000
440.002522 71.200000 71.200000
441.002524 71.200000 71.200000
442.002525 71.200000 71.200000
443.002528 71.200000 71.200000
444.002532 71.200000 71.200000
445.002533 71.200000 71.200000
446.002533 71.200000 71.200000
447.002537 71.200000 71.200000
448.002538 71.200000 71.200000
449.002539 71.200000 71.200000
450.002549 71.200000 71.200000
451.002549 71.200000 71.200000
452.002559 71.200000 71.200000
453.002568 71.200000 71.200000
454.002569 71.200000 71.200000
455.002572 71.200000 71.200000
456.002572 71.200000 71.200000
457.002576 71.200000 71.200000
458.002577 71.200000 71.200000
459.002578 71.200000 71.200000
460.002615 71.200000 71.200000
461.002616 71.200000 71.200000
462.002620 71.200000 71.200000
463.002633 71.200000 71.200000
464.002638 71.200000 71.200000
465.002638 71.200000 71.200000
466.002638 71.200000 71.200000
467.002639 71.200000 71.200000
468.002640 71.200000 71.200000
469.002641 71.200000 71.200000
470.002644 71.200000 71.200000
471.002655 71.200000 71.200000
472.002655 71.200000 71.200000
473.002658 71.200000 71.200000
474.002661 71.200000 71.200000
475.002663 71.200000 71.200000
476.002663 71.200000 71.200000
477.002663 71.200000 71.200000
478.002675 71.200000 71.200000
479.002680 71.200000 71.200000
480.002737 71.200000 71.200000
481.002752 71.200000 71.200000
482.002753 71.200000 71.200000
483.002757 71.200000 71.200000
484.002757 71.200000 71.200000
485.002765 71.200000 71.200000
486.002765 71.200000 71.200000
487.002776 71.200000 71.200000
488.002780 71.200000 71.200000
489.002780 71.200000 71.200000
490.002784 71.200000 71.200000
491.002785 71.200000 71.200000
492.002793 71.200000 71.200000
493.002800 71.200000 71.200000
494.002830 71.200000 71.200000
495.002830 71.200000 71.200000
496.002831 71.200000 71.200000
497.002831 71.200000 71.200000
498.002831 71.200000 71.200000
499.002837 71.200000 71.200000
500.002840 71.200000 71.200000
501.002842 71.200000 71.200000
502.002851 71.200000 71.200000
503.002852 71.200000 71.200000
504.002852 71.200000 71.200000
505.002852 71.200000 71.200000
506.002852 71.200000 71.200000
507.002852 71.200000 71.200000
508.002854 71.200000 71.200000
509.002856 71.200000 71.200000
510.002857 71.200000 71.200000
511.002867 71.200000 71.200000
512.002868 71.200000 71.200000
513.002868 71.200000 71.200000
514.002868 71.200000 71.200000
515.002869 71.200000 71.200000
516.002871 71.200000 71.200000
517.002880 71.200000 71.200000
518.002882 71.200000 71.200000
519.002920 71.200000 71.200000
520.002920 71.200000 71.200000
521.002920 71.200000 71.200000
522.002923 71.200000 71.200000
523.002926 71.200000 71.200000
524.002926 71.200000 71.200000
525.002927 71.200000 71.200000
526.002928 71.200000 71.200000
527.002928 71.200000 71.200000
528.002929 71.200000 71.200000
529.002948 71.200000 71.200000
530.002948 71.200000 71.200000
531.002951 71.200000 71.200000
532.002951 71.200000 71.200000
533.002951 71.200000 71.200000
534.002953 71.200000 71.200000
535.002996 71.200000 71.200000
536.002999 71.200000 71.200000
537.003014 71.200000 71.200000
538.003102 71.200000 71.200000
539.003102 71.200000 71.200000
540.003108 71.200000 71.200000
541.003119 71.200000 71.200000
542.003119 71.200000 71.200000
543.003123 71.200000 71.200000
544.003126 71.200000 71.200000
545.003126 71.200000 71.200000
546.003126 71.200000 71.200000
547.003127 71.200000 71.200000
548.003127 71.200000 71.200000
549.003162 71.200000 71.200000
550.003166 71.200000 71.200000
551.003173 71.200000 71.200000
552.003174 71.200000 71.200000
553.003174 71.200000 71.200000
554.003178 71.200000 71.200000
555.003178 71.200000 71.200000
556.003178 71.200000 71.200000
557.003178 71.200000 71.200000
558.003216 71.200000 71.200000
559.003235 71.200000 71.200000
560.003237 71.200000 71.200000
561.003281 71.200000 71.200000
562.003281 71.200000 71.200000
563.003281 71.200000 71.200000
564.003281 71.200000 71.200000
565.003281 71.200000 71.200000
566.003284 71.200000 71.200000
567.003285 71.200000 71.200000
568.003286 71.200000 71.200000
569.003287 71.200000 71.200000
570.003287 71.200000 71.200000
571.003291 71.200000 71.200000
572.003291 71.200000 71.200000
573.003291 71.200000 71.200000
574.003291 71.200000 71.200000
575.003293 71.200000 71.200000
576.003294 71.200000 71.200000
577.003295 71.200000 71.200000
578.003298 71.200000 71.200000
579.003300 71.200000 71.200000
580.003301 71.200000 71.200000
581.003308 71.200000 71.200000
582.003344 71.200000 71.200000
583.003366 71.200000 71.200000
584.003367 71.200000 71.200000
585.003367 71.200000 71.200000
586.003369 71.200000 71.200000
587.003379 71.200000 71.200000
588.003381 71.200000 71.200000
589.003382 71.200000 71.200000
590.003383 71.200000 71.200000
591.003383 71.200000 71.200000
592.003383 71.200000 71.200000
593.003384 71.200000 71.200000
594.003428 71.200000 71.200000
595.003428 71.200000 71.200000
596.003428 71.200000 71.200000
597.003430 71.200000 71.200000
598.003439 71.200000 71.200000
599.003446 71.200000 71.200000
600.003448 71.200000 71.200000
601.003455 71.200000 71.200000
602.003455 71.200000 71.200000
603.003459 71.200000 71.200000
604.003459 71.200000 71.200000
605.003459 71.200000 71.200000
606.003461 71.200000 71.200000
607.003461 71.200000 71.200000
608.003472 71.200000 71.200000
609.003477 71.200000 71.200000
610.003480 71.200000 71.200000
611.003480 71.200000 71.200000
612.003483 71.200000 71.200000
613.003488 71.200000 71.200000
614.003492 71.200000 71.200000
615.003495 71.200000 71.200000
616.003495 71.200000 71.200000
617.003496 71.200000 71.200000
618.003496 71.200000 71.200000
619.003499 71.200000 71.200000
620.003499 71.200000 71.200000
621.003507 71.200000 71.200000
622.003507 71.200000 71.200000
623.003510 71.200000 71.200000
624.003511 71.200000 71.200000
625.003511 71.200000 71.200000
626.003550 71.200000 71.200000
627.003551 71.200000 71.200000
628.003556 71.200000 71.200000
629.003557 71.200000 71.200000
630.003558 71.200000 71.200000
631.003558 71.200000 71.200000
632.003569 71.200000 71.200000
633.003569 71.200000 71.200000
634.003569 71.200000 71.200000
635.003572 71.200000 71.200000
636.003572 71.200000 71.200000
637.003573 71.200000 71.200000
638.003573 71.200000 71.200000
639.003573 71.200000 71.200000
640.003573 71.200000 71.200000
641.003576 71.200000 71.200000
642.003579 71.200000 71.200000
643.003579 71.200000 71.200000
644.003582 71.200000 71.200000
645.003582 71.200000 71.200000
646.003583 71.200000 71.200000
647.003583 71.200000 71.200000
648.003592 71.200000 71.200000
649.003596 71.200000 71.200000
650.003603 71.200000 71.200000
651.003603 71.200000 71.200000
652.003609 71.200000 71.200000
653.003650 71.200000 71.200000
654.003652 71.200000 71.200000
655.003652 71.200000 71.200000
656.003652 71.200000 71.200000
657.003652 71.200000 71.200000
658.003652 71.200000 71.200000
659.003655 71.200000 71.200000
660.003655 71.200000 71.200000
661.003658 71.200000 71.200000
662.003659 71.200000 71.200000
663.003661 71.200000 71.200000
664.003661 71.200000 71.200000
665.003665 71.200000 71.200000
666.003691 71.200000 71.200000
667.003692 71.200000 71.200000
668.003703 71.200000 71.200000
669.003710 71.200000 71.200000
670.003710 71.200000 71.200000
671.003710 71.200000 71.200000
672.003711 71.200000 71.200000
673.003719 71.200000 71.200000
674.003741 71.200000 71.200000
675.003743 71.200000 71.200000
676.003743 71.200000 71.200000
677.003745 71.200000 71.200000
678.003745 71.200000 71.200000
679.003751 71.200000 71.200000
680.003753 71.200000 71.200000
681.003753 71.200000 71.200000
682.003754 71.200000 71.200000
683.003757 71.200000 71.200000
684.003758 71.200000 71.200000
685.003758 71.200000 71.200000
686.003759 71.200000 71.200000
687.003803 71.200000 71.200000
688.003803 71.200000 71.200000
689.003804 71.200000 71.200000
690.003806 71.200000 71.200000
691.003806 71.200000 71.200000
692.003806 71.200000 71.200000
693.003807 71.200000 71.200000
694.003811 71.200000 71.200000
695.003813 71.200000 71.200000
696.003824 71.200000 71.200000
697.003824 71.200000 71.200000
698.003825 71.200000 71.200000
699.003825 71.200000 71.200000
700.003825 71.200000 71.200000
701.003829 71.200000 71.200000
702.003831 71.200000 71.200000
703.003832 71.200000 71.200000
704.003832 71.200000 71.200000
705.003832 71.200000 71.200000
706.003833 71.200000 71.200000
707.003834 71.200000 71.200000
708.003836 71.200000 71.200000
709.003839 71.200000 71.200000
710.003839 71.200000 71.200000
711.003843 71.200000 71.200000
712.003846 71.200000 71.200000
713.003850 71.200000 71.200000
714.003852 71.200000 71.200000
715.003889 71.200000 71.200000
716.003891 71.200000 71.200000
717.003891 71.200000 71.200000
718.003895 71.200000 71.200000
719.003908 71.200000 71.200000
720.003911 71.200000 71.200000
721.003911 71.200000 71.200000
722.003913 71.200000 71.200000
723.003913 71.200000 71.200000
724.003916 71.200000 71.200000
725.003923 71.200000 71.200000
726.003925 71.200000 71.200000
727.003964 71.200000 71.200000
728.003964 71.200000 71.200000
729.003964 71.200000 71.200000
730.003964 71.200000 71.200000
731.003964 71.200000 71.200000
732.003964 71.200000 71.200000
733.003970 71.200000 71.200000
734.003978 71.200000 71.200000
735.003980 71.200000 71.200000
736.003980 71.200000 71.200000
737.003985 71.200000 71.200000
738.003986 71.200000 71.200000
739.003986 71.200000 71.200000
740.003994 71.200000 71.200000
741.004025 71.200000 71.200000
742.004029 71.200000 71.200000
743.004029 71.200000 71.200000
744.004031 71.200000 71.200000
745.004034 71.200000 71.200000
746.004034 71.200000 71.200000
747.004034 71.200000 71.200000
748.004034 71.200000 71.200000
749.004034 71.200000 71.200000
750.004036 71.200000 71.200000
751.004037 71.200000 71.200000
752.004040 71.200000 71.200000
753.004079 71.200000 71.200000
754.004088 71.200000 71.200000
755.004091 71.200000 71.200000
756.004106 71.200000 71.200000
757.004107 71.200000 71.200000
758.004123 71.200000 71.200000
759.004131 71.200000 71.200000
760.004131 71.200000 71.200000
761.004135 71.200000 71.200000
762.004140 71.200000 71.200000
763.004141 71.200000 71.200000
764.004179 71.200000 71.200000
765.004179 71.200000 71.200000
766.004179 71.200000 71.200000
767.004180 71.200000 71.200000
768.004189 71.200000 71.200000
769.004189 71.200000 71.200000
770.004189 71.200000 71.200000
771.004189 71.200000 71.200000
772.004201 71.200000 71.200000
773.004205 71.200000 71.200000
774.004207 71.200000 71.200000
775.004207 71.200000 71.200000
776.004207 71.200000 71.200000
777.004209 71.200000 71.200000
778.004209 71.200000 71.200000
779.004211 71.200000 71.200000
780.004213 71.200000 71.200000
781.004223 71.200000 71.200000
782.004223 71.200000 71.200000
783.004223 71.200000 71.200000
784.004223 71.200000 71.200000
785.004225 71.200000 71.200000
786.004234 71.200000 71.200000
787.004238 71.200000 71.200000
788.004249 71.200000 71.200000
789.004249 71.200000 71.200000
790.004251 71.200000 71.200000
791.004252 71.200000 71.200000
792.004254 71.200000 71.200000
793.004254 71.200000 71.200000
794.004254 71.200000 71.200000
795.004261 71.200000 71.200000
796.004261 71.200000 71.200000
797.004262 71.200000 71.200000
798.004262 71.200000 71.200000
799.004269 71.200000 71.200000
