0.015162 762.000000 762.000000
1.016133 424.000000 588.400000
2.016510 412.800000 463.200000
3.016899 412.800000 474.400000
4.016946 412.800000 426.000000
5.017378 412.800000 560.400000
6.017612 412.800000 521.200000
7.019679 412.800000 515.600000
8.021208 412.800000 515.600000
9.021896 412.800000 454.000000
10.022204 412.800000 435.200000
11.023259 412.800000 463.200000
12.023262 412.800000 424.000000
13.023653 412.800000 412.800000
14.024209 412.800000 655.600000
15.024752 409.200000 435.200000
16.025284 409.200000 513.600000
17.025845 409.200000 521.200000
18.026107 409.200000 496.800000
19.026582 409.200000 480.000000
20.026617 409.200000 448.400000
21.026989 409.200000 594.000000
22.027497 409.200000 566.000000
23.027756 409.200000 513.600000
24.028136 409.200000 463.200000
25.028880 409.200000 633.200000
26.029148 409.200000 504.400000
27.029858 409.200000 519.200000
28.031213 409.200000 773.200000
29.031678 407.200000 446.400000
30.032484 407.200000 513.600000
31.032498 407.200000 452.000000
32.033120 407.200000 424.000000
33.033587 407.200000 508.000000
34.033959 407.200000 538.000000
35.034183 407.200000 496.800000
36.037347 407.200000 463.200000
37.037413 407.200000 498.800000
38.037526 407.200000 487.600000
39.038137 407.200000 414.800000
40.039438 407.200000 414.800000
41.040222 396.000000 577.200000
42.040433 396.000000 465.200000
43.040540 396.000000 519.200000
44.040603 396.000000 435.200000
45.041115 396.000000 457.600000
46.042375 396.000000 476.400000
47.042872 396.000000 418.400000
48.044627 396.000000 666.800000
49.045138 396.000000 549.200000
50.045372 396.000000 485.600000
51.045743 396.000000 762.000000
52.048901 396.000000 767.600000
53.051175 396.000000 513.600000
54.051222 396.000000 554.800000
55.051908 396.000000 482.000000
56.053017 396.000000 454.000000
57.053788 396.000000 773.200000
58.053788 396.000000 474.400000
59.054859 396.000000 571.600000
60.054873 396.000000 480.000000
61.055133 396.000000 773.200000
62.055569 396.000000 485.600000
63.057103 396.000000 655.600000
64.057124 396.000000 491.200000
65.057334 390.400000 390.400000
66.057656 390.400000 532.400000
67.058096 390.400000 745.200000
68.058221 390.400000 435.200000
69.058385 390.400000 424.000000
70.058813 390.400000 426.000000
71.058854 390.400000 420.400000
72.061880 390.400000 513.600000
73.062627 390.400000 549.200000
74.063859 390.400000 502.400000
75.064167 390.400000 577.200000
76.064407 390.400000 426.000000
77.064774 390.400000 414.800000
78.064847 390.400000 480.000000
79.064951 390.400000 502.400000
80.065200 390.400000 485.600000
81.065967 390.400000 521.200000
82.066804 390.400000 508.000000
83.066911 390.400000 515.600000
84.067098 390.400000 496.800000
85.067116 390.400000 560.400000
86.067789 390.400000 582.800000
87.068002 390.400000 496.800000
88.070473 390.400000 530.400000
89.070977 390.400000 502.400000
90.071570 390.400000 519.200000
91.071789 390.400000 650.000000
92.072611 390.400000 442.800000
93.072700 390.400000 532.400000
94.072859 390.400000 650.000000
95.073097 390.400000 524.800000
96.073292 390.400000 508.000000
97.074378 390.400000 513.600000
98.074447 390.400000 655.600000
99.074457 390.400000 566.000000
100.075245 390.400000 773.200000
101.076299 390.400000 424.000000
102.084742 390.400000 396.000000
103.084892 390.400000 508.000000
104.085252 390.400000 480.000000
105.085775 390.400000 487.600000
106.086764 390.400000 442.800000
107.086916 390.400000 426.000000
108.087592 390.400000 452.000000
109.087830 390.400000 515.600000
110.087895 390.400000 549.200000
111.088762 390.400000 480.000000
112.095040 390.400000 773.200000
113.096548 390.400000 552.800000
114.097005 390.400000 463.200000
115.097099 390.400000 521.200000
116.097351 390.400000 549.200000
117.098435 390.400000 549.200000
118.098939 390.400000 496.800000
119.099396 390.400000 424.000000
120.100095 390.400000 536.000000
121.107407 390.400000 773.200000
122.107944 390.400000 435.200000
123.108531 390.400000 524.800000
124.112773 390.400000 773.200000
125.112779 390.400000 431.600000
126.112888 390.400000 457.600000
127.112986 390.400000 538.000000
128.112999 390.400000 491.200000
129.113433 390.400000 569.600000
130.114198 390.400000 465.200000
131.116449 390.400000 773.200000
132.118493 390.400000 485.600000
133.119632 390.400000 577.200000
134.119785 390.400000 418.400000
135.120099 390.400000 502.400000
136.120116 390.400000 491.200000
137.120748 390.400000 435.200000
138.120907 390.400000 412.800000
139.121756 390.400000 571.600000
140.121932 390.400000 661.200000
141.121936 390.400000 454.000000
142.122123 390.400000 454.000000
143.122312 390.400000 407.200000
144.122812 390.400000 396.000000
145.122864 390.400000 502.400000
146.123099 384.800000 519.200000
147.124162 384.800000 485.600000
148.124386 384.800000 424.000000
149.124386 384.800000 470.800000
150.124711 384.800000 493.200000
151.125211 384.800000 448.400000
152.125614 384.800000 414.800000
153.125845 384.800000 407.200000
154.126186 384.800000 426.000000
155.126858 384.800000 412.800000
156.127116 384.800000 502.400000
157.127588 384.800000 504.400000
158.128495 384.800000 407.200000
159.128949 384.800000 571.600000
160.130941 384.800000 496.800000
161.131025 384.800000 412.800000
162.131056 384.800000 521.200000
163.131489 384.800000 554.800000
164.133321 384.800000 440.800000
165.134249 384.800000 588.400000
166.134464 384.800000 762.000000
167.136391 384.800000 745.200000
168.136500 384.800000 426.000000
169.136699 384.800000 412.800000
170.136797 384.800000 515.600000
171.136900 384.800000 485.600000
172.136975 384.800000 442.800000
173.137789 384.800000 538.000000
174.138014 384.800000 418.400000
175.139329 384.800000 594.000000
176.139716 384.800000 521.200000
177.142305 384.800000 582.800000
178.142943 384.800000 560.400000
179.143050 384.800000 452.000000
180.144130 384.800000 515.600000
181.144206 384.800000 440.800000
182.145651 384.800000 767.600000
183.145822 384.800000 418.400000
184.146261 384.800000 491.200000
185.149274 384.800000 599.600000
186.149800 384.800000 526.800000
187.150106 384.800000 538.000000
188.154602 384.800000 767.600000
189.154679 384.800000 431.600000
190.154983 384.800000 498.800000
191.155143 384.800000 485.600000
192.155369 384.800000 560.400000
193.156463 384.800000 510.000000
194.156905 384.800000 454.000000
195.157090 384.800000 468.800000
196.157351 384.800000 429.600000
197.157563 384.800000 496.800000
198.157578 384.800000 513.600000
199.157904 384.800000 502.400000
200.157913 384.800000 496.800000
201.157999 384.800000 459.600000
202.158138 384.800000 745.200000
203.158638 384.800000 610.800000
204.158764 384.800000 476.400000
205.159549 384.800000 773.200000
206.159674 384.800000 412.800000
207.159993 384.800000 476.400000
208.160320 384.800000 465.200000
209.160854 384.800000 526.800000
210.161270 384.800000 666.800000
211.161569 384.800000 465.200000
212.162333 384.800000 541.600000
213.163436 384.800000 429.600000
214.163692 384.800000 773.200000
215.166722 384.800000 577.200000
216.166921 384.800000 661.200000
217.167936 384.800000 650.000000
218.168767 384.800000 566.000000
219.169608 384.800000 515.600000
220.169620 384.800000 435.200000
221.169718 384.800000 510.000000
222.170111 384.800000 504.400000
223.170404 384.800000 435.200000
224.172574 384.800000 429.600000
225.172678 384.800000 564.000000
226.172739 384.800000 474.400000
227.174193 384.800000 459.600000
228.174634 384.800000 418.400000
229.176273 384.800000 655.600000
230.176473 384.800000 566.000000
231.176732 384.800000 491.200000
232.176872 384.800000 571.600000
233.177669 384.800000 440.800000
234.178259 384.800000 513.600000
235.178410 384.800000 491.200000
236.178511 384.800000 452.000000
237.180894 384.800000 571.600000
238.181183 384.800000 543.600000
239.181336 384.800000 519.200000
240.182092 384.800000 485.600000
241.183009 384.800000 429.600000
242.183194 384.800000 454.000000
243.185167 384.800000 435.200000
244.185379 384.800000 465.200000
245.186737 384.800000 521.200000
246.187043 384.800000 502.400000
247.187141 384.800000 767.600000
248.187376 384.800000 470.800000
249.187820 384.800000 446.400000
250.187957 384.800000 470.800000
251.188116 384.800000 474.400000
252.188751 384.800000 412.800000
253.188900 384.800000 767.600000
254.189370 384.800000 543.600000
255.190912 384.800000 767.600000
256.191898 384.800000 577.200000
257.192997 384.800000 496.800000
258.193150 384.800000 549.200000
259.194829 384.800000 745.200000
260.195015 384.800000 457.600000
261.195143 384.800000 560.400000
262.196994 384.800000 504.400000
263.197465 384.800000 412.800000
264.197962 384.800000 431.600000
265.198288 384.800000 666.800000
266.198440 384.800000 661.200000
267.198722 384.800000 446.400000
268.198927 384.800000 530.400000
269.200934 384.800000 655.600000
270.201278 384.800000 530.400000
271.202346 384.800000 424.000000
272.202614 384.800000 459.600000
273.202674 384.800000 412.800000
274.202871 384.800000 504.400000
275.203083 384.800000 526.800000
276.203129 384.800000 566.000000
277.203203 384.800000 526.800000
278.203525 384.800000 510.000000
279.203690 384.800000 610.800000
280.203892 384.800000 515.600000
281.204112 384.800000 440.800000
282.204285 384.800000 560.400000
283.204545 384.800000 543.600000
284.204761 384.800000 510.000000
285.205074 384.800000 435.200000
286.205649 384.800000 474.400000
287.206218 384.800000 532.400000
288.206362 384.800000 459.600000
289.206495 384.800000 429.600000
290.206571 384.800000 424.000000
291.206652 384.800000 429.600000
292.207882 384.800000 554.800000
293.209579 384.800000 666.800000
294.210532 384.800000 435.200000
295.210624 384.800000 429.600000
296.210794 384.800000 412.800000
297.218223 384.800000 767.600000
298.218239 384.800000 480.000000
299.218618 384.800000 571.600000
300.219895 384.800000 655.600000
301.220268 384.800000 582.800000
302.220562 384.800000 571.600000
303.220758 384.800000 418.400000
304.222962 384.800000 566.000000
305.223426 384.800000 470.800000
306.223463 384.800000 582.800000
307.223673 384.800000 463.200000
308.223827 384.800000 543.600000
309.224180 384.800000 465.200000
310.224690 384.800000 424.000000
311.224856 384.800000 429.600000
312.225708 384.800000 519.200000
313.226805 384.800000 435.200000
314.227419 384.800000 412.800000
315.227985 384.800000 510.000000
316.228251 384.800000 566.000000
317.228263 384.800000 446.400000
318.228358 384.800000 470.800000
319.229738 384.800000 476.400000
320.230158 384.800000 476.400000
321.230203 384.800000 560.400000
322.230663 384.800000 401.600000
323.231832 384.800000 734.000000
324.231836 384.800000 745.200000
325.232297 384.800000 446.400000
326.232830 384.800000 541.600000
327.232958 384.800000 521.200000
328.233687 384.800000 549.200000
329.233827 384.800000 502.400000
330.234290 384.800000 454.000000
331.234560 384.800000 424.000000
332.234911 384.800000 412.800000
333.235272 384.800000 418.400000
334.236420 384.800000 412.800000
335.237381 384.800000 638.800000
336.237646 384.800000 532.400000
337.238461 384.800000 672.400000
338.238568 384.800000 554.800000
339.238632 384.800000 491.200000
340.238918 384.800000 577.200000
341.239147 384.800000 493.200000
342.240042 384.800000 560.400000
343.240213 384.800000 508.000000
344.240396 384.800000 491.200000
345.240701 384.800000 480.000000
346.241250 384.800000 482.000000
347.241631 384.800000 431.600000
348.242050 384.800000 666.800000
349.242637 384.800000 532.400000
350.243443 384.800000 491.200000
351.243919 384.800000 468.800000
352.244239 384.800000 655.600000
353.244750 384.800000 508.000000
354.244816 384.800000 543.600000
355.245139 384.800000 485.600000
356.245396 384.800000 498.800000
357.245911 384.800000 429.600000
358.245992 384.800000 476.400000
359.246143 384.800000 515.600000
360.246321 384.800000 510.000000
361.246359 384.800000 454.000000
362.247606 384.800000 728.400000
363.248491 384.800000 543.600000
364.248558 384.800000 513.600000
365.255692 384.800000 767.600000
366.256277 384.800000 485.600000
367.256522 384.800000 521.200000
368.256750 384.800000 485.600000
369.256965 384.800000 508.000000
370.257996 384.800000 446.400000
371.258246 384.800000 465.200000
372.258527 384.800000 508.000000
373.258635 384.800000 549.200000
374.258722 384.800000 437.200000
375.258947 384.800000 610.800000
376.259110 384.800000 496.800000
377.259655 384.800000 435.200000
378.266162 384.800000 767.600000
379.267414 384.800000 498.800000
380.268247 384.800000 470.800000
381.268674 384.800000 510.000000
382.269468 384.800000 491.200000
383.269509 384.800000 435.200000
384.269783 384.800000 661.200000
385.269883 384.800000 538.000000
386.270102 384.800000 502.400000
387.271335 384.800000 420.400000
388.271358 384.800000 412.800000
389.271804 384.800000 426.000000
390.272220 384.800000 543.600000
391.273457 384.800000 577.200000
392.275048 384.800000 429.600000
393.275860 384.800000 496.800000
394.275906 384.800000 510.000000
395.276633 384.800000 487.600000
396.276765 384.800000 412.800000
397.276842 384.800000 485.600000
398.277788 384.800000 521.200000
399.278124 384.800000 543.600000
400.278734 384.800000 538.000000
401.278860 384.800000 485.600000
402.279119 384.800000 739.600000
403.279405 384.800000 412.800000
404.281735 384.800000 480.000000
405.281748 384.800000 418.400000
406.284179 384.800000 661.200000
407.284671 384.800000 480.000000
408.285298 384.800000 491.200000
409.285480 384.800000 588.400000
410.286480 384.800000 424.000000
411.286714 384.800000 538.000000
412.287852 384.800000 487.600000
413.288967 384.800000 582.800000
414.291598 384.800000 440.800000
415.291971 384.800000 526.800000
416.293244 384.800000 429.600000
417.294434 384.800000 409.200000
418.294717 384.800000 459.600000
419.294975 384.800000 508.000000
420.297369 384.800000 582.800000
421.299545 384.800000 440.800000
422.300769 384.800000 571.600000
423.300939 384.800000 418.400000
424.302761 384.800000 560.400000
425.303166 384.800000 515.600000
426.303204 384.800000 571.600000
427.303424 384.800000 493.200000
428.304828 384.800000 487.600000
429.304886 384.800000 424.000000
430.305013 384.800000 694.800000
431.305175 384.800000 412.800000
432.305550 384.800000 412.800000
433.305789 384.800000 429.600000
434.305835 384.800000 452.000000
435.306212 384.800000 463.200000
436.306627 384.800000 463.200000
437.307563 384.800000 538.000000
438.307712 384.800000 526.800000
439.308844 384.800000 463.200000
440.309155 384.800000 426.000000
441.309415 384.800000 412.800000
442.310071 384.800000 508.000000
443.310143 384.800000 491.200000
444.310885 384.800000 429.600000
445.310970 384.800000 491.200000
446.311552 384.800000 440.800000
447.311848 384.800000 496.800000
448.312026 384.800000 424.000000
449.312138 384.800000 672.400000
450.312441 384.800000 560.400000
451.312752 384.800000 552.800000
452.312848 384.800000 577.200000
453.313058 384.800000 426.000000
454.313142 384.800000 504.400000
455.313412 384.800000 457.600000
456.313554 384.800000 465.200000
457.313666 384.800000 429.600000
458.314087 384.800000 515.600000
459.314126 384.800000 560.400000
460.314174 384.800000 582.800000
461.314579 384.800000 515.600000
462.315275 384.800000 418.400000
463.319023 384.800000 778.800000
464.319112 384.800000 498.800000
465.319621 384.800000 666.800000
466.320209 384.800000 532.400000
467.320966 384.800000 493.200000
468.321066 384.800000 524.800000
469.323464 384.800000 532.400000
470.324160 384.800000 767.600000
471.324451 384.800000 418.400000
472.324462 384.800000 437.200000
473.324922 384.800000 431.600000
474.325478 384.800000 426.000000
475.326065 384.800000 655.600000
476.326336 384.800000 515.600000
477.328315 384.800000 448.400000
478.329301 384.800000 463.200000
479.329374 384.800000 496.800000
480.329665 384.800000 437.200000
481.330316 384.800000 666.800000
482.332257 384.800000 773.200000
483.332579 384.800000 452.000000
484.332876 384.800000 493.200000
485.333084 384.800000 390.400000
486.334461 384.800000 610.800000
487.334477 384.800000 424.000000
488.334633 384.800000 577.200000
489.334689 384.800000 474.400000
490.334736 384.800000 480.000000
491.334981 384.800000 519.200000
492.335612 384.800000 554.800000
493.340248 384.800000 773.200000
494.340939 384.800000 530.400000
495.341214 384.800000 650.000000
496.342049 384.800000 666.800000
497.342779 384.800000 418.400000
498.342823 384.800000 661.200000
499.343040 384.800000 407.200000
500.343265 384.800000 412.800000
501.343674 384.800000 552.800000
502.343910 384.800000 424.000000
503.344276 384.800000 502.400000
504.344339 384.800000 457.600000
505.344898 384.800000 530.400000
506.346283 384.800000 468.800000
507.347239 384.800000 468.800000
508.347773 384.800000 577.200000
509.348175 384.800000 594.000000
510.349561 384.800000 577.200000
511.350303 384.800000 655.600000
512.351093 384.800000 666.800000
513.351353 384.800000 429.600000
514.352133 384.800000 519.200000
515.352914 384.800000 412.800000
516.353135 384.800000 407.200000
517.353159 384.800000 491.200000
518.353278 384.800000 536.000000
519.358323 384.800000 767.600000
520.358997 384.800000 480.000000
521.359123 384.800000 476.400000
522.359208 384.800000 577.200000
523.359371 384.800000 526.800000
524.359836 384.800000 407.200000
525.360099 384.800000 655.600000
526.360341 384.800000 560.400000
527.365056 384.800000 767.600000
528.365690 384.800000 510.000000
529.365709 384.800000 463.200000
530.365829 384.800000 426.000000
531.366201 384.800000 661.200000
532.366600 384.800000 745.200000
533.366744 384.800000 446.400000
534.366934 384.800000 510.000000
535.367302 384.800000 459.600000
536.367313 384.800000 424.000000
537.367550 384.800000 480.000000
538.367819 384.800000 418.400000
539.367993 384.800000 454.000000
540.368143 384.800000 429.600000
541.368578 384.800000 502.400000
542.368958 384.800000 571.600000
543.369410 384.800000 480.000000
544.370093 384.800000 409.200000
545.372617 384.800000 543.600000
546.374841 384.800000 457.600000
547.375374 384.800000 496.800000
548.376371 384.800000 526.800000
549.376549 384.800000 485.600000
550.379568 384.800000 554.800000
551.380079 384.800000 498.800000
552.380800 384.800000 498.800000
553.381271 384.800000 459.600000
554.381637 384.800000 498.800000
555.381989 384.800000 420.400000
556.382479 384.800000 566.000000
557.382751 384.800000 424.000000
558.382983 384.800000 412.800000
559.383183 384.800000 549.200000
560.385418 384.800000 498.800000
561.385646 384.800000 487.600000
562.386153 384.800000 485.600000
563.386692 384.800000 418.400000
564.387310 384.800000 437.200000
565.387896 384.800000 407.200000
566.388397 384.800000 521.200000
567.388949 384.800000 457.600000
568.389458 384.800000 594.000000
569.389819 384.800000 666.800000
570.395185 384.800000 767.600000
571.396022 384.800000 476.400000
572.396501 384.800000 661.200000
573.397842 384.800000 577.200000
574.397944 384.800000 508.000000
575.398799 384.800000 554.800000
576.398851 384.800000 493.200000
577.398998 384.800000 420.400000
578.399007 384.800000 526.800000
579.399342 384.800000 412.800000
580.399839 384.800000 468.800000
581.401546 384.800000 778.800000
582.401571 384.800000 582.800000
583.402560 384.800000 536.000000
584.402899 384.800000 530.400000
585.402980 384.800000 762.000000
586.403318 384.800000 431.600000
587.403751 384.800000 431.600000
588.403753 384.800000 661.200000
589.403835 384.800000 429.600000
590.404122 384.800000 672.400000
591.404281 384.800000 485.600000
592.404521 384.800000 538.000000
593.404675 384.800000 532.400000
594.405907 384.800000 487.600000
595.405960 384.800000 498.800000
596.406361 384.800000 457.600000
597.406859 384.800000 482.000000
598.407316 384.800000 424.000000
599.407701 384.800000 493.200000
600.408099 384.800000 661.200000
601.408728 384.800000 508.000000
602.408885 384.800000 485.600000
603.409065 384.800000 440.800000
604.409514 384.800000 424.000000
605.409832 384.800000 672.400000
606.410332 384.800000 599.600000
607.410571 384.800000 502.400000
608.410789 384.800000 446.400000
609.410966 384.800000 424.000000
610.411165 384.800000 446.400000
611.412270 384.800000 521.200000
612.412276 384.800000 524.800000
613.416605 384.800000 778.800000
614.417021 384.800000 666.800000
615.417326 384.800000 446.400000
616.421484 384.800000 773.200000
617.421584 384.800000 407.200000
618.421979 384.800000 577.200000
619.422589 384.800000 513.600000
620.422589 384.800000 435.200000
621.426690 384.800000 767.600000
622.432359 384.800000 762.000000
623.432630 384.800000 412.800000
624.436468 384.800000 412.800000
625.436853 384.800000 424.000000
626.437055 384.800000 521.200000
627.439073 384.800000 510.000000
628.439154 384.800000 463.200000
629.439745 384.800000 750.800000
630.439969 384.800000 526.800000
631.440085 384.800000 521.200000
632.440664 384.800000 498.800000
633.440774 384.800000 435.200000
634.442053 384.800000 526.800000
635.442611 384.800000 429.600000
636.442616 384.800000 496.800000
637.442873 384.800000 424.000000
638.443123 384.800000 605.200000
639.445614 384.800000 577.200000
640.445900 384.800000 504.400000
641.446250 384.800000 426.000000
642.447182 384.800000 414.800000
643.447352 384.800000 683.600000
644.447644 384.800000 412.800000
645.450148 384.800000 446.400000
646.450240 384.800000 407.200000
647.450659 384.800000 661.200000
648.450869 384.800000 468.800000
649.450893 384.800000 515.600000
650.451341 384.800000 558.400000
651.451605 384.800000 457.600000
652.452907 384.800000 459.600000
653.453754 384.800000 418.400000
654.453982 384.800000 577.200000
655.454003 384.800000 424.000000
656.454538 384.800000 491.200000
657.454666 384.800000 524.800000
658.455043 384.800000 412.800000
659.455132 384.800000 426.000000
660.455480 384.800000 454.000000
661.455789 384.800000 414.800000
662.456047 384.800000 468.800000
663.456779 384.800000 454.000000
664.456893 384.800000 541.600000
665.457762 384.800000 480.000000
666.459040 384.800000 476.400000
667.459257 384.800000 485.600000
668.459686 384.800000 412.800000
669.460413 384.800000 487.600000
670.461083 384.800000 407.200000
671.461242 384.800000 412.800000
672.462146 384.800000 526.800000
673.462696 384.800000 474.400000
674.462823 384.800000 554.800000
675.466675 384.800000 778.800000
676.466874 384.800000 424.000000
677.467714 384.800000 424.000000
678.468436 384.800000 407.200000
679.468921 384.800000 538.000000
680.469167 384.800000 610.800000
681.469748 384.800000 412.800000
682.470082 384.800000 412.800000
683.470345 384.800000 412.800000
684.473055 384.800000 773.200000
685.473701 384.800000 440.800000
686.473896 384.800000 496.800000
687.474637 384.800000 452.000000
688.474869 384.800000 480.000000
689.475098 384.800000 491.200000
690.475104 384.800000 513.600000
691.475180 384.800000 526.800000
692.475392 384.800000 409.200000
693.477007 384.800000 496.800000
694.477007 384.800000 401.600000
695.477115 384.800000 414.800000
696.477444 384.800000 457.600000
697.478383 384.800000 435.200000
698.478460 384.800000 424.000000
699.478985 384.800000 552.800000
700.479459 384.800000 532.400000
701.479509 384.800000 773.200000
702.482239 384.800000 424.000000
703.482727 384.800000 480.000000
704.482895 384.800000 480.000000
705.483579 384.800000 493.200000
706.483692 384.800000 418.400000
707.484198 384.800000 454.000000
708.484379 384.800000 446.400000
709.484956 384.800000 491.200000
710.485763 384.800000 515.600000
711.493812 384.800000 745.200000
712.493889 384.800000 448.400000
713.494104 384.800000 745.200000
714.494505 384.800000 502.400000
715.495866 384.800000 424.000000
716.496183 384.800000 435.200000
717.496529 384.800000 437.200000
718.496928 384.800000 666.800000
719.497461 384.800000 491.200000
720.497990 384.800000 485.600000
721.498005 384.800000 480.000000
722.498132 384.800000 446.400000
723.498675 384.800000 513.600000
724.498924 384.800000 482.000000
725.498964 384.800000 491.200000
726.499087 384.800000 491.200000
727.499721 384.800000 554.800000
728.499890 384.800000 446.400000
729.500286 384.800000 463.200000
730.500560 384.800000 435.200000
731.500560 384.800000 440.800000
732.500856 384.800000 582.800000
733.501056 384.800000 412.800000
734.501237 384.800000 452.000000
735.501455 384.800000 452.000000
736.502898 384.800000 538.000000
737.503411 384.800000 538.000000
738.503716 384.800000 474.400000
739.504175 384.800000 418.400000
740.504231 384.800000 521.200000
741.504850 384.800000 465.200000
742.507484 384.800000 440.800000
743.507594 384.800000 468.800000
744.507630 384.800000 515.600000
745.507703 384.800000 485.600000
746.508057 384.800000 437.200000
747.508650 384.800000 577.200000
748.511626 384.800000 588.400000
749.512321 384.800000 409.200000
750.513104 384.800000 666.800000
751.513344 384.800000 412.800000
752.513385 384.800000 577.200000
753.523923 384.800000 767.600000
754.524082 384.800000 457.600000
755.524321 384.800000 468.800000
756.525453 384.800000 558.400000
757.526582 384.800000 666.800000
758.526595 384.800000 496.800000
759.526991 384.800000 666.800000
760.527402 384.800000 440.800000
761.527716 384.800000 412.800000
762.528660 384.800000 661.200000
763.529099 384.800000 429.600000
764.529315 384.800000 474.400000
765.529561 384.800000 538.000000
766.530878 384.800000 498.800000
767.531371 384.800000 482.000000
768.531519 384.800000 543.600000
769.532650 384.800000 515.600000
770.535843 384.800000 577.200000
771.536746 384.800000 442.800000
772.536814 384.800000 498.800000
773.538064 384.800000 588.400000
774.538605 384.800000 418.400000
775.538720 384.800000 487.600000
776.539051 384.800000 463.200000
777.539345 384.800000 412.800000
778.540742 384.800000 431.600000
779.541038 384.800000 524.800000
780.542061 384.800000 530.400000
781.542329 384.800000 463.200000
782.542567 384.800000 502.400000
783.549644 384.800000 767.600000
784.549957 384.800000 577.200000
785.550906 384.800000 566.000000
786.553080 384.800000 577.200000
787.553562 384.800000 474.400000
788.553609 384.800000 661.200000
789.553922 384.800000 429.600000
790.554219 384.800000 407.200000
791.554332 384.800000 504.400000
792.555069 384.800000 424.000000
793.558906 384.800000 773.200000
794.559120 384.800000 655.600000
795.559590 384.800000 532.400000
796.560270 384.800000 446.400000
797.560423 384.800000 605.200000
798.560523 384.800000 554.800000
799.560838 384.800000 571.600000
