0.016418 773.200000 773.200000
1.016437 401.600000 412.800000
2.016652 401.600000 655.600000
3.016766 401.600000 418.400000
4.017373 401.600000 543.600000
5.017420 401.600000 424.000000
6.017804 396.000000 412.800000
7.017934 396.000000 401.600000
8.018796 396.000000 605.200000
9.019286 396.000000 666.800000
10.019704 396.000000 588.400000
11.026236 396.000000 767.600000
12.032007 396.000000 778.800000
13.032163 396.000000 412.800000
14.032267 396.000000 666.800000
15.032319 396.000000 543.600000
16.032690 396.000000 457.600000
17.033630 396.000000 508.000000
18.034146 396.000000 420.400000
19.034184 396.000000 496.800000
20.034355 396.000000 538.000000
21.035526 396.000000 502.400000
22.036895 396.000000 605.200000
23.037100 396.000000 418.400000
24.037317 396.000000 773.200000
25.038001 396.000000 577.200000
26.038114 396.000000 412.800000
27.038544 396.000000 491.200000
28.038892 396.000000 452.000000
29.039103 396.000000 480.000000
30.039819 396.000000 655.600000
31.040056 396.000000 482.000000
32.044511 396.000000 767.600000
33.044581 396.000000 532.400000
34.045167 396.000000 409.200000
35.048521 396.000000 412.800000
36.048718 396.000000 463.200000
37.049314 396.000000 463.200000
38.049658 396.000000 412.800000
39.050029 396.000000 435.200000
40.050328 396.000000 435.200000
41.050393 396.000000 457.600000
42.050466 396.000000 407.200000
43.051088 396.000000 560.400000
44.053189 396.000000 767.600000
45.053194 396.000000 493.200000
46.053425 396.000000 452.000000
47.053859 396.000000 571.600000
48.053974 396.000000 549.200000
49.054586 396.000000 412.800000
50.055029 396.000000 418.400000
51.058905 396.000000 773.200000
52.059297 396.000000 418.400000
53.059321 396.000000 418.400000
54.059359 396.000000 480.000000
55.059414 396.000000 429.600000
56.059605 396.000000 482.000000
57.059852 396.000000 513.600000
58.060742 396.000000 485.600000
59.060888 396.000000 485.600000
60.061075 396.000000 431.600000
61.061489 396.000000 463.200000
62.061934 396.000000 566.000000
63.064245 396.000000 468.800000
64.064382 396.000000 496.800000
65.064618 396.000000 459.600000
66.065096 396.000000 426.000000
67.065249 396.000000 536.000000
68.065911 396.000000 476.400000
69.066257 396.000000 440.800000
70.068256 396.000000 627.600000
71.068323 396.000000 560.400000
72.068499 396.000000 418.400000
73.069557 396.000000 420.400000
74.070163 396.000000 440.800000
75.070295 396.000000 582.800000
76.070625 396.000000 446.400000
77.072389 396.000000 442.800000
78.075003 396.000000 519.200000
79.075222 396.000000 491.200000
80.075314 396.000000 407.200000
81.075726 396.000000 661.200000
82.077673 396.000000 661.200000
83.077730 396.000000 485.600000
84.078152 396.000000 571.600000
85.078311 396.000000 515.600000
86.078861 396.000000 429.600000
87.078931 396.000000 554.800000
88.079271 396.000000 571.600000
89.079654 396.000000 571.600000
90.079817 396.000000 457.600000
91.082419 396.000000 655.600000
92.082449 396.000000 515.600000
93.082803 396.000000 435.200000
94.083543 396.000000 580.800000
95.083777 396.000000 412.800000
96.084213 396.000000 526.800000
97.084213 396.000000 650.000000
98.084783 396.000000 560.400000
99.084841 396.000000 571.600000
100.086845 396.000000 510.000000
101.086945 396.000000 543.600000
102.087382 396.000000 418.400000
103.087849 396.000000 474.400000
104.088188 396.000000 767.600000
105.088353 396.000000 412.800000
106.088758 396.000000 424.000000
107.088981 396.000000 463.200000
108.089348 396.000000 504.400000
109.090103 396.000000 409.200000
110.090434 396.000000 429.600000
111.090823 396.000000 566.000000
112.090999 396.000000 493.200000
113.091499 396.000000 429.600000
114.092307 396.000000 412.800000
115.092649 396.000000 407.200000
116.094133 396.000000 666.800000
117.094857 396.000000 575.200000
118.094897 396.000000 412.800000
119.095441 396.000000 508.000000
120.095976 396.000000 672.400000
121.096040 396.000000 463.200000
122.096178 396.000000 412.800000
123.096270 396.000000 502.400000
124.096603 396.000000 605.200000
125.099032 396.000000 756.400000
126.099041 396.000000 412.800000
127.099082 396.000000 655.600000
128.099187 396.000000 554.800000
129.099364 396.000000 424.000000
130.099565 396.000000 448.400000
131.099947 396.000000 496.800000
132.100110 396.000000 541.600000
133.101906 396.000000 457.600000
134.102446 396.000000 426.000000
135.102536 396.000000 482.000000
136.102570 396.000000 566.000000
137.102696 396.000000 498.800000
138.102731 396.000000 672.400000
139.102901 396.000000 412.800000
140.103137 396.000000 429.600000
141.103608 396.000000 510.000000
142.103806 396.000000 566.000000
143.104282 396.000000 429.600000
144.104295 396.000000 515.600000
145.104529 396.000000 482.000000
146.105088 396.000000 463.200000
147.105155 396.000000 412.800000
148.105221 396.000000 498.800000
149.105600 396.000000 468.800000
150.106073 396.000000 554.800000
151.106557 396.000000 515.600000
152.107231 396.000000 502.400000
153.107410 396.000000 420.400000
154.107577 396.000000 429.600000
155.107713 396.000000 510.000000
156.108019 390.400000 476.400000
157.108330 390.400000 465.200000
158.108405 390.400000 543.600000
159.109037 390.400000 661.200000
160.109504 390.400000 465.200000
161.109637 390.400000 502.400000
162.110648 390.400000 412.800000
163.110744 390.400000 577.200000
164.110930 390.400000 504.400000
165.111615 390.400000 424.000000
166.114174 390.400000 773.200000
167.114496 390.400000 426.000000
168.115270 390.400000 577.200000
169.115880 390.400000 437.200000
170.116380 390.400000 459.600000
171.118009 390.400000 582.800000
172.119182 390.400000 418.400000
173.119661 390.400000 474.400000
174.119749 390.400000 420.400000
175.120109 390.400000 493.200000
176.120370 390.400000 465.200000
177.121037 390.400000 437.200000
178.122925 390.400000 610.800000
179.123309 390.400000 418.400000
180.123808 390.400000 538.000000
181.124426 390.400000 622.000000
182.124606 390.400000 566.000000
183.124652 390.400000 463.200000
184.124967 390.400000 571.600000
185.126494 390.400000 767.600000
186.126833 390.400000 504.400000
187.126834 390.400000 498.800000
188.126962 390.400000 588.400000
189.127156 390.400000 429.600000
190.127725 390.400000 543.600000
191.127948 390.400000 538.000000
192.128444 390.400000 672.400000
193.129168 390.400000 498.800000
194.130072 390.400000 463.200000
195.130711 390.400000 515.600000
196.130935 390.400000 465.200000
197.131461 390.400000 457.600000
198.131633 390.400000 418.400000
199.132614 390.400000 610.800000
200.132725 390.400000 496.800000
201.133000 390.400000 452.000000
202.133103 390.400000 414.800000
203.133180 390.400000 420.400000
204.133310 390.400000 661.200000
205.133428 390.400000 424.000000
206.133448 390.400000 429.600000
207.133459 390.400000 493.200000
208.133657 390.400000 418.400000
209.133691 390.400000 424.000000
210.134076 390.400000 474.400000
211.134483 390.400000 504.400000
212.134567 390.400000 521.200000
213.135037 390.400000 491.200000
214.135555 390.400000 515.600000
215.135836 390.400000 519.200000
216.136305 390.400000 426.000000
217.136982 390.400000 493.200000
218.137667 390.400000 435.200000
219.137858 390.400000 532.400000
220.137888 390.400000 566.000000
221.137898 390.400000 661.200000
222.138134 390.400000 420.400000
223.138192 390.400000 407.200000
224.138237 390.400000 412.800000
225.138973 390.400000 435.200000
226.139441 390.400000 418.400000
227.139580 390.400000 463.200000
228.139693 390.400000 463.200000
229.139700 390.400000 549.200000
230.139882 390.400000 482.000000
231.140002 390.400000 440.800000
232.140036 390.400000 493.200000
233.141157 390.400000 429.600000
234.141195 390.400000 599.600000
235.141342 390.400000 521.200000
236.142478 390.400000 560.400000
237.142569 390.400000 554.800000
238.143139 390.400000 418.400000
239.144965 390.400000 452.000000
240.145616 390.400000 496.800000
241.145722 390.400000 508.000000
242.146666 390.400000 485.600000
243.146788 390.400000 773.200000
244.147360 390.400000 426.000000
245.148278 390.400000 424.000000
246.148660 390.400000 582.800000
247.148994 390.400000 502.400000
248.149070 390.400000 571.600000
249.149620 390.400000 493.200000
250.149974 390.400000 476.400000
251.151338 390.400000 452.000000
252.151752 390.400000 437.200000
253.152249 390.400000 468.800000
254.152412 390.400000 502.400000
255.152934 390.400000 468.800000
256.153002 390.400000 420.400000
257.153442 390.400000 457.600000
258.153445 390.400000 554.800000
259.154686 390.400000 532.400000
260.155746 390.400000 577.200000
261.155856 390.400000 491.200000
262.157603 390.400000 594.000000
263.158037 390.400000 515.600000
264.158059 390.400000 474.400000
265.158622 390.400000 429.600000
266.159191 390.400000 435.200000
267.159245 390.400000 448.400000
268.159886 390.400000 452.000000
269.159994 390.400000 496.800000
270.161284 390.400000 412.800000
271.161545 390.400000 463.200000
272.161716 390.400000 412.800000
273.161838 390.400000 407.200000
274.162019 390.400000 560.400000
275.162717 390.400000 666.800000
276.163885 390.400000 424.000000
277.163918 390.400000 435.200000
278.164303 390.400000 412.800000
279.164583 390.400000 431.600000
280.165342 390.400000 474.400000
281.165981 390.400000 566.000000
282.166623 390.400000 674.400000
283.167772 390.400000 463.200000
284.167941 390.400000 549.200000
285.168028 390.400000 412.800000
286.169254 390.400000 577.200000
287.169622 390.400000 435.200000
288.170089 390.400000 543.600000
289.170507 390.400000 431.600000
290.170953 390.400000 480.000000
291.171124 390.400000 401.600000
292.171880 390.400000 431.600000
293.172081 390.400000 476.400000
294.172388 390.400000 560.400000
295.172402 390.400000 543.600000
296.173838 390.400000 452.000000
297.173879 390.400000 420.400000
298.174137 390.400000 496.800000
299.174229 390.400000 538.000000
300.174405 390.400000 588.400000
301.174949 390.400000 412.800000
302.174949 390.400000 666.800000
303.175298 390.400000 498.800000
304.175491 390.400000 414.800000
305.175653 390.400000 429.600000
306.181211 390.400000 767.600000
307.181269 390.400000 661.200000
308.181673 390.400000 485.600000
309.182638 390.400000 440.800000
310.185348 390.400000 459.600000
311.186904 390.400000 480.000000
312.187680 390.400000 485.600000
313.187975 390.400000 633.200000
314.197079 390.400000 767.600000
315.199581 390.400000 566.000000
316.199672 390.400000 429.600000
317.199683 390.400000 418.400000
318.200382 390.400000 435.200000
319.200812 390.400000 407.200000
320.201188 390.400000 650.000000
321.201804 390.400000 435.200000
322.201806 390.400000 485.600000
323.203413 390.400000 476.400000
324.203976 390.400000 588.400000
325.204261 390.400000 470.800000
326.204346 390.400000 536.000000
327.204370 390.400000 485.600000
328.207238 390.400000 767.600000
329.208661 390.400000 440.800000
330.208791 390.400000 543.600000
331.209099 390.400000 502.400000
332.214002 390.400000 767.600000
333.214210 390.400000 491.200000
334.214455 390.400000 468.800000
335.214476 390.400000 440.800000
336.214841 390.400000 577.200000
337.216234 390.400000 543.600000
338.217542 390.400000 429.600000
339.217783 390.400000 407.200000
340.218322 390.400000 401.600000
341.218791 390.400000 504.400000
342.219284 390.400000 543.600000
343.219539 390.400000 491.200000
344.219710 390.400000 476.400000
345.219767 390.400000 571.600000
346.220014 390.400000 482.000000
347.220760 390.400000 446.400000
348.222181 390.400000 543.600000
349.223206 390.400000 476.400000
350.223438 390.400000 407.200000
351.223997 390.400000 482.000000
352.224524 390.400000 496.800000
353.225104 390.400000 476.400000
354.225536 390.400000 519.200000
355.225922 390.400000 491.200000
356.226687 390.400000 575.200000
357.226713 390.400000 440.800000
358.226792 390.400000 448.400000
359.227075 390.400000 504.400000
360.227280 390.400000 418.400000
361.229318 390.400000 429.600000
362.229333 390.400000 470.800000
363.229434 390.400000 407.200000
364.229727 390.400000 491.200000
365.229757 390.400000 412.800000
366.229890 390.400000 424.000000
367.229957 390.400000 454.000000
368.234545 390.400000 778.800000
369.234601 390.400000 487.600000
370.235089 390.400000 773.200000
371.236333 390.400000 429.600000
372.237402 390.400000 468.800000
373.237640 390.400000 487.600000
374.238164 390.400000 429.600000
375.238471 390.400000 577.200000
376.238728 390.400000 418.400000
377.238976 390.400000 491.200000
378.239210 390.400000 476.400000
379.239297 390.400000 440.800000
380.239298 390.400000 412.800000
381.240090 390.400000 493.200000
382.240523 390.400000 508.000000
383.241006 390.400000 446.400000
384.242111 390.400000 452.000000
385.250852 390.400000 767.600000
386.251044 390.400000 515.600000
387.251115 390.400000 767.600000
388.251577 390.400000 442.800000
389.252817 390.400000 491.200000
390.253071 390.400000 650.000000
391.254511 390.400000 532.400000
392.254570 390.400000 566.000000
393.256111 390.400000 407.200000
394.256352 390.400000 502.400000
395.256407 390.400000 429.600000
396.257042 390.400000 510.000000
397.257742 390.400000 468.800000
398.258033 390.400000 513.600000
399.258360 390.400000 543.600000
400.258590 390.400000 468.800000
401.259020 390.400000 440.800000
402.259024 390.400000 474.400000
403.266270 390.400000 773.200000
404.266551 390.400000 599.600000
405.267741 390.400000 577.200000
406.267755 390.400000 426.000000
407.269030 390.400000 521.200000
408.270343 390.400000 773.200000
409.270376 390.400000 440.800000
410.270951 390.400000 569.600000
411.280978 390.400000 773.200000
412.281346 390.400000 508.000000
413.282018 390.400000 538.000000
414.282367 390.400000 440.800000
415.282690 390.400000 412.800000
416.282854 390.400000 521.200000
417.283086 390.400000 521.200000
418.283418 390.400000 508.000000
419.283684 390.400000 454.000000
420.284156 390.400000 487.600000
421.284673 390.400000 554.800000
422.286183 390.400000 414.800000
423.286282 390.400000 502.400000
424.286327 390.400000 435.200000
425.286657 390.400000 412.800000
426.286905 390.400000 435.200000
427.287812 390.400000 594.000000
428.288189 390.400000 468.800000
429.288682 390.400000 513.600000
430.290120 390.400000 778.800000
431.290520 390.400000 468.800000
432.290583 390.400000 508.000000
433.290685 390.400000 424.000000
434.291019 390.400000 532.400000
435.291474 390.400000 566.000000
436.292190 390.400000 543.600000
437.292692 390.400000 454.000000
438.292941 390.400000 407.200000
439.293562 390.400000 426.000000
440.293654 390.400000 418.400000
441.295404 390.400000 508.000000
442.295898 390.400000 480.000000
443.295963 390.400000 474.400000
444.296518 390.400000 487.600000
445.296873 390.400000 498.800000
446.297151 390.400000 627.600000
447.297334 390.400000 412.800000
448.297925 390.400000 526.800000
449.298090 390.400000 465.200000
450.298356 390.400000 487.600000
451.298528 390.400000 476.400000
452.299317 390.400000 474.400000
453.299328 390.400000 524.800000
454.299871 390.400000 502.400000
455.300157 390.400000 463.200000
456.300346 390.400000 426.000000
457.301240 390.400000 745.200000
458.301446 390.400000 519.200000
459.301787 390.400000 571.600000
460.302069 390.400000 431.600000
461.302181 390.400000 463.200000
462.302295 390.400000 508.000000
463.302465 390.400000 459.600000
464.305405 390.400000 482.000000
465.305485 390.400000 418.400000
466.306080 390.400000 407.200000
467.306444 390.400000 429.600000
468.306649 390.400000 424.000000
469.307091 390.400000 485.600000
470.307360 390.400000 470.800000
471.307699 390.400000 526.800000
472.307767 390.400000 510.000000
473.309019 390.400000 440.800000
474.309392 390.400000 407.200000
475.309411 390.400000 418.400000
476.309911 390.400000 424.000000
477.309922 390.400000 487.600000
478.309938 390.400000 424.000000
479.310030 390.400000 661.200000
480.310316 390.400000 480.000000
481.311186 390.400000 538.000000
482.311197 390.400000 437.200000
483.311494 390.400000 407.200000
484.312034 390.400000 508.000000
485.312284 390.400000 498.800000
486.312453 390.400000 496.800000
487.312497 390.400000 566.000000
488.312544 390.400000 442.800000
489.313447 390.400000 482.000000
490.315824 390.400000 767.600000
491.316131 390.400000 482.000000
492.316249 390.400000 482.000000
493.316538 390.400000 549.200000
494.316795 390.400000 504.400000
495.317271 390.400000 465.200000
496.317442 390.400000 485.600000
497.317501 390.400000 661.200000
498.317637 390.400000 530.400000
499.317716 390.400000 424.000000
500.318677 390.400000 459.600000
501.319016 390.400000 485.600000
502.319167 390.400000 510.000000
503.319170 390.400000 457.600000
504.319206 390.400000 496.800000
505.319374 390.400000 465.200000
506.319833 390.400000 560.400000
507.320341 390.400000 468.800000
508.321821 390.400000 446.400000
509.322276 390.400000 426.000000
510.322833 390.400000 409.200000
511.323051 390.400000 420.400000
512.323469 390.400000 418.400000
513.323495 390.400000 510.000000
514.323603 390.400000 543.600000
515.323690 390.400000 476.400000
516.324199 390.400000 412.800000
517.324490 390.400000 424.000000
518.324980 390.400000 418.400000
519.325646 390.400000 661.200000
520.326349 390.400000 515.600000
521.326482 390.400000 547.200000
522.326690 390.400000 448.400000
523.327416 390.400000 767.600000
524.327440 390.400000 446.400000
525.327597 390.400000 504.400000
526.328046 390.400000 470.800000
527.328263 390.400000 424.000000
528.328693 390.400000 485.600000
529.330772 390.400000 599.600000
530.330888 390.400000 549.200000
531.332806 390.400000 599.600000
532.333542 390.400000 476.400000
533.333572 390.400000 745.200000
534.335141 390.400000 532.400000
535.335471 390.400000 661.200000
536.336190 390.400000 513.600000
537.337427 390.400000 597.600000
538.337608 390.400000 457.600000
539.337784 390.400000 470.800000
540.338279 390.400000 487.600000
541.338536 390.400000 510.000000
542.338612 390.400000 468.800000
543.338644 390.400000 412.800000
544.338690 390.400000 470.800000
545.340191 390.400000 633.200000
546.341141 390.400000 762.000000
547.341351 390.400000 407.200000
548.341965 390.400000 407.200000
549.342139 390.400000 429.600000
550.342204 390.400000 515.600000
551.342896 390.400000 532.400000
552.343323 390.400000 496.800000
553.343352 390.400000 468.800000
554.343572 390.400000 424.000000
555.343867 390.400000 485.600000
556.348149 390.400000 762.000000
557.348471 390.400000 532.400000
558.348609 390.400000 465.200000
559.348961 390.400000 496.800000
560.349273 390.400000 487.600000
561.349510 390.400000 468.800000
562.349811 390.400000 502.400000
563.350088 390.400000 401.600000
564.350496 390.400000 599.600000
565.351022 390.400000 463.200000
566.351094 390.400000 431.600000
567.351253 390.400000 554.800000
568.351551 390.400000 504.400000
569.352516 390.400000 412.800000
570.352753 390.400000 622.000000
571.352875 390.400000 672.400000
572.353344 390.400000 487.600000
573.354712 390.400000 429.600000
574.354790 390.400000 414.800000
575.355631 390.400000 407.200000
576.355872 390.400000 459.600000
577.356296 390.400000 452.000000
578.356746 390.400000 502.400000
579.358024 390.400000 440.800000
580.358650 390.400000 480.000000
581.362145 390.400000 510.000000
582.362751 390.400000 666.800000
583.362887 390.400000 605.200000
584.363064 390.400000 513.600000
585.363307 390.400000 487.600000
586.364373 390.400000 491.200000
587.364831 390.400000 440.800000
588.364971 390.400000 496.800000
589.365149 390.400000 446.400000
590.365385 390.400000 470.800000
591.365619 390.400000 515.600000
592.366323 390.400000 526.800000
593.366568 390.400000 470.800000
594.366618 390.400000 474.400000
595.366773 390.400000 521.200000
596.367652 390.400000 465.200000
597.367853 390.400000 487.600000
598.368161 390.400000 459.600000
599.368188 390.400000 476.400000
600.368357 390.400000 407.200000
601.368559 390.400000 571.600000
602.368585 390.400000 480.000000
603.368823 390.400000 508.000000
604.369112 390.400000 440.800000
605.369955 390.400000 463.200000
606.370232 390.400000 521.200000
607.370818 390.400000 480.000000
608.371282 390.400000 498.800000
609.371317 390.400000 491.200000
610.371587 390.400000 424.000000
611.371732 390.400000 519.200000
612.372229 390.400000 543.600000
613.372887 390.400000 661.200000
614.373190 390.400000 420.400000
615.373536 390.400000 644.400000
616.373776 390.400000 459.600000
617.374134 390.400000 496.800000
618.374190 390.400000 431.600000
619.374299 390.400000 510.000000
620.378118 390.400000 773.200000
621.378289 390.400000 554.800000
622.378373 390.400000 468.800000
623.379061 390.400000 526.800000
624.379857 390.400000 515.600000
625.380711 390.400000 440.800000
626.381548 390.400000 468.800000
627.381695 390.400000 519.200000
628.381710 390.400000 465.200000
629.383980 390.400000 655.600000
630.384552 390.400000 532.400000
631.385000 390.400000 424.000000
632.385505 390.400000 463.200000
633.385588 390.400000 454.000000
634.385799 390.400000 549.200000
635.386349 390.400000 571.600000
636.387079 390.400000 594.000000
637.387334 390.400000 468.800000
638.389209 390.400000 442.800000
639.390190 390.400000 420.400000
640.391650 390.400000 577.200000
641.391851 390.400000 496.800000
642.392078 390.400000 526.800000
643.392678 390.400000 549.200000
644.392864 390.400000 491.200000
645.393067 390.400000 571.600000
646.393757 390.400000 661.200000
647.396229 390.400000 554.800000
648.396376 390.400000 549.200000
649.396503 390.400000 435.200000
650.397186 390.400000 739.600000
651.397737 390.400000 468.800000
652.399159 390.400000 560.400000
653.399266 390.400000 513.600000
654.399717 390.400000 442.800000
655.401218 390.400000 454.000000
656.401347 390.400000 407.200000
657.401394 390.400000 463.200000
658.401896 390.400000 418.400000
659.402394 390.400000 566.000000
660.402407 390.400000 468.800000
661.402848 390.400000 526.800000
662.403045 390.400000 440.800000
663.403055 390.400000 502.400000
664.403066 390.400000 487.600000
665.403287 390.400000 429.600000
666.404148 390.400000 530.400000
667.404833 390.400000 526.800000
668.405364 390.400000 452.000000
669.405635 390.400000 452.000000
670.406079 390.400000 661.200000
671.406698 390.400000 446.400000
672.406934 390.400000 554.800000
673.409009 390.400000 577.200000
674.409822 390.400000 582.800000
675.410132 390.400000 496.800000
676.410680 390.400000 437.200000
677.410971 390.400000 463.200000
678.411228 390.400000 418.400000
679.411752 390.400000 420.400000
680.412069 390.400000 412.800000
681.413336 390.400000 468.800000
682.414208 390.400000 465.200000
683.414551 390.400000 437.200000
684.416771 390.400000 588.400000
685.416954 390.400000 510.000000
686.417003 390.400000 452.000000
687.417021 390.400000 549.200000
688.417090 390.400000 577.200000
689.417140 390.400000 487.600000
690.417468 390.400000 459.600000
691.417925 390.400000 538.000000
692.418242 390.400000 429.600000
693.418398 390.400000 407.200000
694.418454 390.400000 504.400000
695.420504 390.400000 452.000000
696.420533 390.400000 487.600000
697.420604 390.400000 543.600000
698.420909 390.400000 418.400000
699.421482 390.400000 418.400000
700.421610 390.400000 412.800000
701.422022 390.400000 515.600000
702.422377 390.400000 480.000000
703.423412 390.400000 465.200000
704.423527 390.400000 412.800000
705.423947 390.400000 407.200000
706.424038 390.400000 429.600000
707.424086 390.400000 420.400000
708.424646 390.400000 661.200000
709.425600 390.400000 435.200000
710.425709 390.400000 582.800000
711.425726 390.400000 538.000000
712.425735 390.400000 474.400000
713.426059 390.400000 532.400000
714.426519 390.400000 532.400000
715.427159 390.400000 666.800000
716.428065 390.400000 538.000000
717.429043 390.400000 482.000000
718.429258 390.400000 426.000000
719.429883 390.400000 661.200000
720.430028 390.400000 485.600000
721.430540 390.400000 510.000000
722.430995 390.400000 429.600000
723.433977 390.400000 773.200000
724.434333 390.400000 515.600000
725.434849 390.400000 491.200000
726.435040 390.400000 526.800000
727.435067 390.400000 470.800000
728.435978 390.400000 463.200000
729.436295 390.400000 407.200000
730.436505 390.400000 496.800000
731.436569 390.400000 554.800000
732.436942 390.400000 519.200000
733.437201 390.400000 474.400000
734.437331 390.400000 431.600000
735.437855 390.400000 442.800000
736.438006 390.400000 476.400000
737.438284 390.400000 420.400000
738.438438 390.400000 571.600000
739.440369 390.400000 767.600000
740.440389 390.400000 571.600000
741.440689 390.400000 418.400000
742.440690 390.400000 435.200000
743.441539 390.400000 496.800000
744.443375 390.400000 446.400000
745.450036 390.400000 756.400000
746.457490 390.400000 767.600000
747.457536 390.400000 491.200000
748.457609 390.400000 493.200000
749.458978 390.400000 560.400000
750.459608 390.400000 401.600000
751.462593 390.400000 773.200000
752.464691 390.400000 502.400000
753.464706 390.400000 560.400000
754.466902 390.400000 452.000000
755.467496 390.400000 412.800000
756.473023 390.400000 773.200000
757.473587 390.400000 560.400000
758.474121 390.400000 446.400000
759.476413 390.400000 532.400000
760.477081 390.400000 452.000000
761.477170 390.400000 508.000000
762.477404 390.400000 549.200000
763.477525 390.400000 571.600000
764.477585 390.400000 666.800000
765.478007 390.400000 457.600000
766.478067 390.400000 476.400000
767.478332 390.400000 532.400000
768.478536 390.400000 554.800000
769.478545 390.400000 549.200000
770.480285 390.400000 435.200000
771.480574 390.400000 502.400000
772.480801 390.400000 424.000000
773.480872 390.400000 424.000000
774.481005 390.400000 409.200000
775.482135 390.400000 519.200000
776.482888 390.400000 463.200000
777.483035 390.400000 465.200000
778.485500 390.400000 767.600000
779.485567 390.400000 476.400000
780.485915 390.400000 571.600000
781.485928 390.400000 508.000000
782.485962 390.400000 532.400000
783.486172 390.400000 412.800000
784.486582 390.400000 541.600000
785.486739 390.400000 526.800000
786.486760 390.400000 412.800000
787.487019 390.400000 424.000000
788.487486 390.400000 524.800000
789.487631 390.400000 650.000000
790.492856 390.400000 745.200000
791.493183 390.400000 465.200000
792.493256 390.400000 407.200000
793.493471 390.400000 526.800000
794.493802 390.400000 588.400000
795.493994 390.400000 502.400000
796.494042 390.400000 521.200000
797.494133 390.400000 538.000000
798.494433 390.400000 515.600000
799.494633 390.400000 412.800000
