0 762 0.0208 300 0
0 666.8 0.03119 0
0 655.6 0.04665 4
0 582.8 0.062178 4
0 571.6 0.073149 4
0 521.2 0.110173 11
0 504.4 0.122735 11
0 496.8 0.136217 11
0 463.2 0.163915 11
0 452 0.173055 11
0 452 0.319662 300 77
0 440.8 0.426049 77
0 435.2 0.441618 77
0 426 0.501629 77
0 426 0.575547 300 77
0 424 0.699283 77
0 424 0.758088 300 77
0 424 0.97269 300 82
0 424 1.14949 300 82
0 424 1.28858 300 82
0 418.4 1.39205 82
0 412.8 1.40012 82
0 412.8 1.48066 300 82
0 412.8 1.64718 300 86
0 412.8 1.80819 300 86
0 412.8 1.94268 300 86
0 412.8 2.0792 300 86
0 412.8 2.24953 300 86
0 412.8 2.38522 300 87
0 412.8 2.52589 300 87
0 412.8 2.69637 300 87
0 412.8 2.801 300 87
0 412.8 2.93952 300 87
0 412.8 3.05695 300 87
0 412.8 3.32623 300 87
0 412.8 3.48846 300 87
0 412.8 3.67992 300 87
0 412.8 3.80462 300 87
0 412.8 3.97778 300 87
0 412.8 4.16334 300 87
0 412.8 4.30265 300 87
0 412.8 4.44068 300 87
0 412.8 4.61047 300 87
0 412.8 4.82122 300 87
0 412.8 5.02699 300 87
0 412.8 5.17276 300 87
0 412.8 5.43609 300 87
0 412.8 5.62434 300 87
0 412.8 5.99574 300 88
0 412.8 6.22686 300 88
0 412.8 6.48598 300 88
0 412.8 6.65419 300 88
0 412.8 6.9714 300 88
0 412.8 7.12658 300 88
0 412.8 7.31414 300 88
0 412.8 7.5903 300 88
0 412.8 7.76103 300 88
0 412.8 8.15774 300 88
0 412.8 8.39679 300 88
0 412.8 8.607 300 88
0 412.8 8.83219 300 88
0 412.8 9.05252 300 88
0 412.8 9.36972 300 88
0 412.8 9.63839 300 88
0 412.8 9.8379 300 88
0 412.8 10.145 300 88
0 412.8 10.3635 300 88
0 412.8 10.6846 300 88
0 412.8 10.8873 300 88
0 412.8 11.1385 300 88
0 412.8 11.2935 300 88
0 412.8 11.4965 300 88
0 412.8 11.7252 300 88
0 412.8 11.8681 300 88
0 412.8 12.2886 300 88
0 412.8 12.4968 300 88
0 412.8 12.8204 300 88
0 412.8 13.0233 300 88
0 412.8 13.3134 300 88
0 412.8 13.5221 300 88
0 412.8 13.7388 300 88
0 409.2 13.8658 88
0 409.2 13.9833 300 88
0 409.2 14.1326 300 88
0 409.2 14.4116 300 88
0 409.2 14.639 300 88
0 409.2 14.9312 300 88
0 409.2 15.2272 300 88
0 409.2 15.3972 300 88
0 409.2 15.55 300 88
0 409.2 15.9688 300 88
0 409.2 16.1671 300 88
0 409.2 16.3459 300 88
0 409.2 16.5176 300 88
0 409.2 16.7706 300 88
0 409.2 16.9379 300 88
0 409.2 17.1467 300 88
0 409.2 17.3565 300 88
0 409.2 17.5667 300 88
0 409.2 17.7893 300 88
0 409.2 17.9946 300 88
0 409.2 18.1968 300 88
0 409.2 18.3796 300 88
0 409.2 18.7258 300 88
0 409.2 18.9148 300 88
0 409.2 19.1104 300 88
0 409.2 19.2617 300 88
0 409.2 19.4129 300 88
0 409.2 19.6244 300 88
0 409.2 19.8391 300 88
0 409.2 19.9915 300 88
0 409.2 20.185 300 88
0 409.2 20.3321 300 88
0 409.2 20.5888 300 88
0 409.2 20.7973 300 88
0 409.2 21.0065 300 88
0 409.2 21.3022 300 88
0 409.2 21.4694 300 88
0 409.2 21.8437 300 88
0 409.2 22.0751 300 88
0 409.2 22.2351 300 88
0 409.2 22.4824 300 88
0 409.2 22.7215 300 88
0 409.2 23.0102 300 88
0 409.2 23.2185 300 88
0 409.2 23.4049 300 88
0 409.2 23.6471 300 89
0 409.2 23.8432 300 89
0 409.2 24.0367 300 89
0 409.2 24.2324 300 89
0 409.2 24.4802 300 89
0 409.2 24.6813 300 89
0 409.2 25.0423 300 89
0 409.2 25.3357 300 89
0 409.2 25.5272 300 89
0 409.2 25.8337 300 89
0 409.2 26.0481 300 89
0 409.2 26.2486 300 89
0 409.2 26.4075 300 89
0 409.2 26.6939 300 89
0 409.2 26.8318 300 89
0 409.2 27.0796 300 89
0 409.2 27.3074 300 89
0 409.2 27.6631 300 89
0 409.2 27.9433 300 89
0 409.2 28.1581 300 89
0 409.2 28.4002 300 89
0 407.2 28.5736 89
0 407.2 28.6745 300 89
0 407.2 28.8555 300 89
0 407.2 28.9897 300 89
0 407.2 29.258 300 89
0 407.2 29.4759 300 89
0 407.2 29.6502 300 89
0 407.2 29.8398 300 89
0 407.2 30.0249 300 89
0 407.2 30.2658 300 89
0 407.2 30.5466 300 89
0 407.2 30.7242 300 89
0 407.2 30.9349 300 89
0 407.2 31.1283 300 89
0 407.2 31.2632 300 89
0 407.2 31.3916 300 89
0 407.2 31.6034 300 89
0 407.2 31.8084 300 89
0 407.2 31.9983 300 89
0 407.2 32.2299 300 89
0 407.2 32.4571 300 89
0 407.2 32.6926 300 89
0 407.2 32.8998 300 89
0 407.2 33.1263 300 89
0 407.2 33.2841 300 89
0 407.2 33.4269 300 89
0 407.2 33.5659 300 89
0 407.2 33.7422 300 89
0 407.2 33.9993 300 89
0 407.2 34.1926 300 89
0 407.2 34.4073 300 89
0 407.2 34.6657 300 89
0 407.2 34.8417 300 89
0 407.2 35.0207 300 89
0 407.2 35.1977 300 89
0 407.2 35.2805 300 89
0 407.2 35.5479 300 89
0 407.2 35.7183 300 89
0 407.2 36.0506 300 89
0 407.2 36.212 300 89
0 407.2 36.3932 300 89
0 407.2 36.5605 300 89
0 407.2 36.7351 300 89
0 407.2 36.9916 300 89
0 407.2 37.3274 300 89
0 407.2 37.5034 300 89
0 407.2 37.662 300 89
0 407.2 37.8595 300 89
0 407.2 38.0256 300 89
0 407.2 38.2169 300 89
0 407.2 38.4042 300 89
0 407.2 38.5409 300 89
0 407.2 38.6973 300 89
0 407.2 38.8895 300 89
0 407.2 39.073 300 89
0 407.2 39.2224 300 89
0 407.2 39.3407 300 89
0 407.2 39.549 300 89
0 407.2 39.8315 300 89
0 407.2 39.9679 300 89
0 407.2 40.1312 300 89
0 407.2 40.3297 300 89
0 407.2 40.5323 300 89
0 401.6 40.7072 89
0 396 40.7154 89
0 396 40.8274 300 89
0 396 41.0379 300 89
0 396 41.1727 300 89
0 396 41.375 300 89
0 396 41.5417 300 89
0 396 41.6602 300 89
0 396 41.8429 300 89
0 396 41.9686 300 89
0 396 42.1854 300 89
0 396 42.3481 300 89
0 396 42.5086 300 89
0 396 42.6915 300 89
0 396 42.8669 300 89
0 396 43.0194 300 89
0 396 43.2052 300 89
0 396 43.3776 300 89
0 396 43.5022 300 89
0 396 43.7095 300 89
0 396 43.8998 300 89
0 396 44.1077 300 89
0 396 44.3475 300 89
0 396 44.5883 300 89
0 396 44.7004 300 89
0 396 44.8722 300 89
0 396 45.1083 300 89
0 396 45.3215 300 89
0 396 45.4861 300 89
0 396 45.789 300 89
0 396 45.9372 300 89
0 396 46.1047 300 89
0 396 46.2824 300 89
0 396 46.5658 300 89
0 396 46.79 300 89
0 396 46.9123 300 89
0 396 47.0794 300 89
0 396 47.3679 300 89
0 396 47.5583 300 89
0 396 47.8381 300 89
0 396 47.9632 300 89
0 396 48.1697 300 89
0 396 48.3364 300 89
0 396 48.4823 300 89
0 396 48.6422 300 89
0 396 48.8355 300 89
0 396 49.0187 300 89
0 396 49.1399 300 89
0 396 49.3771 300 89
0 396 49.5456 300 89
0 396 49.7633 300 89
0 396 49.9602 300 89
0 396 50.0899 300 89
0 396 50.2602 300 89
0 396 50.4141 300 89
0 396 50.6987 300 89
0 396 50.9347 300 89
0 396 51.2583 300 89
0 396 51.442 300 89
0 396 51.6001 300 89
0 396 51.7727 300 89
0 396 51.9291 300 89
0 396 52.1255 300 89
0 396 52.3169 300 89
0 396 52.4669 300 89
0 396 52.5887 300 89
0 396 52.7845 300 89
0 396 53.004 300 89
0 396 53.1552 300 89
0 396 53.3101 300 89
0 396 53.5149 300 89
0 396 53.7616 300 89
0 396 53.8835 300 89
0 396 54.0925 300 89
0 396 54.2668 300 89
0 396 54.4323 300 89
0 396 54.6001 300 89
0 396 54.762 300 89
0 396 54.9795 300 89
0 396 55.2508 300 89
0 396 55.4295 300 89
0 396 55.5932 300 89
0 396 55.8784 300 89
0 396 56.0753 300 89
0 396 56.3127 300 89
0 396 56.4924 300 89
0 396 56.6384 300 89
0 396 56.79 300 89
0 396 56.9722 300 89
0 396 57.1723 300 89
0 396 57.4501 300 89
0 396 57.617 300 89
0 396 57.7506 300 89
0 396 57.9945 300 89
0 396 58.1041 300 89
0 396 58.3473 300 89
0 396 58.4664 300 89
0 396 58.7928 300 89
0 396 58.926 300 89
0 396 59.0521 300 89
0 396 59.2585 300 89
0 396 59.392 300 89
0 396 59.5113 300 89
0 396 59.6786 300 89
0 396 59.8076 300 89
0 396 60.0718 300 89
0 396 60.2337 300 89
0 396 60.4201 300 89
0 396 60.7336 300 89
0 396 61.1165 300 89
0 396 61.3017 300 89
0 396 61.4127 300 89
0 396 61.6038 300 89
0 396 61.7633 300 89
0 396 61.9406 300 89
0 396 62.2364 300 89
0 396 62.5847 300 89
0 396 62.8148 300 89
0 396 62.9738 300 89
0 396 63.1281 300 89
0 396 63.2305 300 89
0 396 63.3113 300 89
0 396 63.4655 300 89
0 396 63.6116 300 89
0 396 63.7006 300 89
0 396 63.9018 300 89
0 396 64.0769 300 89
0 396 64.4182 300 89
0 396 64.6422 300 89
0 396 64.8116 300 89
0 390.4 65.0091 89
0 390.4 65.115 300 89
0 390.4 65.3171 300 89
0 390.4 65.4441 300 89
0 390.4 65.6695 300 89
0 390.4 65.8383 300 89
0 390.4 65.9364 300 89
0 390.4 66.1471 300 89
0 390.4 66.3548 300 89
0 390.4 66.6098 300 89
0 390.4 66.9091 300 89
0 390.4 67.22 300 89
0 390.4 67.4897 300 89
0 390.4 67.7475 300 89
0 390.4 67.986 300 89
0 390.4 68.3251 300 89
0 390.4 68.6032 300 89
0 390.4 68.7866 300 89
0 390.4 68.9363 300 89
0 390.4 69.1165 300 89
0 390.4 69.3199 300 89
0 390.4 69.6832 300 89
0 390.4 69.8701 300 89
0 390.4 70.0635 300 89
0 390.4 70.4225 300 89
0 390.4 70.7555 300 89
0 390.4 70.9771 300 89
0 390.4 71.2959 300 89
0 390.4 71.5627 300 89
0 390.4 71.7379 300 89
0 390.4 71.943 300 89
0 390.4 72.2055 300 89
0 390.4 72.3996 300 89
0 390.4 72.6147 300 89
0 390.4 72.9596 300 89
0 390.4 73.1276 300 89
0 390.4 73.4465 300 89
0 390.4 73.681 300 89
0 390.4 73.9023 300 89
0 390.4 74.0948 300 89
0 390.4 74.3525 300 89
0 390.4 74.5858 300 89
0 390.4 74.9113 300 89
0 390.4 75.0984 300 89
0 390.4 75.2939 300 89
0 390.4 75.5445 300 89
0 390.4 75.7192 300 89
0 390.4 75.8796 300 89
0 390.4 76.1512 300 89
0 390.4 76.6644 300 89
0 390.4 76.8903 300 89
0 390.4 77.0376 300 89
0 390.4 77.3922 300 89
0 390.4 77.5792 300 89
0 390.4 77.7532 300 89
0 390.4 77.9627 300 89
0 390.4 78.1765 300 89
0 390.4 78.4094 300 89
0 390.4 78.6786 300 89
0 390.4 78.958 300 89
0 390.4 79.1729 300 89
0 390.4 79.6189 300 89
0 390.4 79.8084 300 89
0 390.4 79.9495 300 89
0 390.4 80.1355 300 89
0 390.4 80.3324 300 89
0 390.4 80.5358 300 89
0 390.4 80.7705 300 89
0 390.4 80.8643 300 89
0 390.4 81.0214 300 89
0 390.4 81.2584 300 89
0 390.4 81.3445 300 89
0 390.4 81.5111 300 89
0 390.4 81.6849 300 89
0 390.4 81.8593 300 89
0 390.4 82.1815 300 89
0 390.4 82.3148 300 89
0 390.4 82.4808 300 89
0 390.4 82.7085 300 89
0 390.4 82.882 300 89
0 390.4 83.0074 300 89
0 390.4 83.1402 300 89
0 390.4 83.3389 300 89
0 390.4 83.5242 300 89
0 390.4 83.7191 300 89
0 390.4 84.0204 300 89
0 390.4 84.2803 300 89
0 390.4 84.4259 300 89
0 390.4 84.6391 300 89
0 390.4 84.9909 300 89
0 390.4 85.1745 300 89
0 390.4 85.3628 300 89
0 390.4 85.6221 300 89
0 390.4 85.857 300 89
0 390.4 86.0375 300 89
0 390.4 86.2644 300 89
0 390.4 86.4484 300 89
0 390.4 86.7004 300 89
0 390.4 86.8513 300 89
0 390.4 87.0728 300 89
0 390.4 87.3682 300 89
0 390.4 87.5786 300 89
0 390.4 87.8387 300 89
0 390.4 88.0295 300 89
0 390.4 88.2751 300 89
0 390.4 88.554 300 89
0 390.4 88.7809 300 89
0 390.4 89.0042 300 89
0 390.4 89.2522 300 89
0 390.4 89.483 300 89
0 390.4 89.6855 300 89
0 390.4 89.9383 300 89
0 390.4 90.2385 300 89
0 390.4 90.5624 300 89
0 390.4 90.6643 300 89
0 390.4 90.8047 300 89
0 390.4 91.0249 300 89
0 390.4 91.3186 300 89
0 390.4 91.6431 300 89
0 390.4 91.8551 300 89
0 390.4 92.1209 300 89
0 390.4 92.427 300 89
0 390.4 92.5705 300 89
0 390.4 92.7065 300 89
0 390.4 92.8981 300 89
0 390.4 93.1007 300 89
0 390.4 93.2208 300 89
0 390.4 93.3981 300 89
0 390.4 93.7369 300 89
0 390.4 93.9905 300 89
0 390.4 94.3127 300 89
0 390.4 94.5315 300 89
0 390.4 94.8173 300 89
0 390.4 94.9683 300 89
0 390.4 95.0951 300 89
0 390.4 95.3023 300 89
0 390.4 95.4376 300 89
0 390.4 95.6448 300 89
0 390.4 95.795 300 89
0 390.4 95.9639 300 89
0 390.4 96.1693 300 89
0 390.4 96.4432 300 89
0 390.4 96.7886 300 89
0 390.4 97.0893 300 89
0 390.4 97.2846 300 89
0 390.4 97.5665 300 89
0 390.4 97.7138 300 89
0 390.4 97.8613 300 89
0 390.4 98.0068 300 89
0 390.4 98.1192 300 89
0 390.4 98.3075 300 89
0 390.4 98.4863 300 89
0 390.4 98.6412 300 89
0 390.4 98.7981 300 89
0 390.4 98.9499 300 89
0 390.4 99.1486 300 89
0 390.4 99.3288 300 89
0 390.4 99.5079 300 89
0 390.4 99.7661 300 89
0 390.4 99.9461 300 89
0 390.4 100.231 300 89
0 390.4 100.552 300 89
0 390.4 100.777 300 89
0 390.4 100.955 300 89
0 390.4 101.134 300 89
0 390.4 101.383 300 89
0 390.4 101.604 300 89
0 390.4 101.863 300 89
0 390.4 102.023 300 89
0 390.4 102.172 300 89
0 390.4 102.299 300 89
0 390.4 102.49 300 89
0 390.4 102.622 300 89
0 390.4 102.889 300 89
0 390.4 103.206 300 89
0 390.4 103.385 300 89
0 390.4 103.56 300 89
0 390.4 103.792 300 89
0 390.4 104.032 300 89
0 390.4 104.206 300 89
0 390.4 104.385 300 89
0 390.4 104.52 300 89
0 390.4 104.811 300 89
0 390.4 105.03 300 89
0 390.4 105.229 300 89
0 390.4 105.366 300 89
0 390.4 105.563 300 89
0 390.4 105.698 300 89
0 390.4 105.867 300 89
0 390.4 106.073 300 89
0 390.4 106.209 300 89
0 390.4 106.395 300 89
0 390.4 106.551 300 89
0 390.4 106.864 300 89
0 390.4 107.056 300 89
0 390.4 107.233 300 89
0 390.4 107.486 300 89
0 390.4 107.664 300 89
0 390.4 107.857 300 89
0 390.4 108.059 300 89
0 390.4 108.304 300 89
0 390.4 108.482 300 89
0 390.4 108.754 300 89
0 390.4 108.923 300 89
0 390.4 109.115 300 89
0 390.4 109.321 300 89
0 390.4 109.544 300 89
0 390.4 109.638 300 89
0 390.4 109.719 300 89
0 390.4 109.805 300 89
0 390.4 109.98 300 89
0 390.4 110.149 300 89
0 390.4 110.403 300 89
0 390.4 110.678 300 89
0 390.4 110.963 300 89
0 390.4 111.135 300 89
0 390.4 111.277 300 89
0 390.4 111.446 300 89
0 390.4 111.667 300 89
0 390.4 111.866 300 89
0 390.4 111.999 300 89
0 390.4 112.126 300 89
0 390.4 112.346 300 89
0 390.4 112.502 300 89
0 390.4 112.716 300 89
0 390.4 112.896 300 89
0 390.4 113.023 300 89
0 390.4 113.208 300 89
0 390.4 113.486 300 89
0 390.4 113.697 300 89
0 390.4 113.901 300 89
0 390.4 114.123 300 89
0 390.4 114.326 300 89
0 390.4 114.543 300 89
0 390.4 114.687 300 89
0 390.4 114.829 300 89
0 390.4 115.109 300 89
0 390.4 115.318 300 89
0 390.4 115.502 300 89
0 390.4 115.672 300 89
0 390.4 115.821 300 89
0 390.4 116.072 300 89
0 390.4 116.204 300 89
0 390.4 116.471 300 89
0 390.4 116.659 300 89
0 390.4 116.895 300 89
0 390.4 117.166 300 89
0 390.4 117.366 300 89
0 390.4 117.603 300 89
0 390.4 117.795 300 89
0 390.4 117.917 300 89
0 390.4 118.093 300 89
0 390.4 118.307 300 89
0 390.4 118.477 300 89
0 390.4 118.717 300 89
0 390.4 119.01 300 89
0 390.4 119.369 300 89
0 390.4 119.494 300 89
0 390.4 119.734 300 89
0 390.4 120.012 300 89
0 390.4 120.141 300 89
0 390.4 120.255 300 89
0 390.4 120.608 300 89
0 390.4 120.779 300 89
0 390.4 121.022 300 89
0 390.4 121.137 300 89
0 390.4 121.365 300 89
0 390.4 121.552 300 89
0 390.4 121.845 300 89
0 390.4 122.054 300 89
0 390.4 122.266 300 89
0 390.4 122.347 300 89
0 390.4 122.459 300 89
0 390.4 122.575 300 89
0 390.4 122.971 300 89
0 390.4 123.175 300 89
0 390.4 123.437 300 89
0 390.4 123.659 300 89
0 390.4 123.844 300 89
0 390.4 123.98 300 89
0 390.4 124.218 300 89
0 390.4 124.469 300 89
0 390.4 124.693 300 89
0 390.4 124.926 300 89
0 390.4 125.078 300 89
0 390.4 125.219 300 89
0 390.4 125.459 300 89
0 390.4 125.598 300 89
0 390.4 125.808 300 89
0 390.4 126.068 300 89
0 390.4 126.258 300 89
0 390.4 126.491 300 89
0 390.4 126.689 300 89
0 390.4 126.899 300 89
0 390.4 127.108 300 89
0 390.4 127.382 300 89
0 390.4 127.756 300 89
0 390.4 127.892 300 89
0 390.4 128.096 300 89
0 390.4 128.261 300 89
0 390.4 128.466 300 89
0 390.4 128.685 300 89
0 390.4 128.861 300 89
0 390.4 129.007 300 89
0 390.4 129.187 300 89
0 390.4 129.32 300 89
0 390.4 129.658 300 89
0 390.4 129.932 300 89
0 390.4 130.129 300 89
0 390.4 130.262 300 89
0 390.4 130.527 300 89
0 390.4 130.699 300 89
0 390.4 130.878 300 89
0 390.4 131.057 300 89
0 390.4 131.343 300 89
0 390.4 131.648 300 89
0 390.4 131.87 300 89
0 390.4 132.018 300 89
0 390.4 132.2 300 89
0 390.4 132.452 300 89
0 390.4 132.589 300 89
0 390.4 132.745 300 89
0 390.4 132.902 300 89
0 390.4 133.021 300 89
0 390.4 133.191 300 89
0 390.4 133.352 300 89
0 390.4 133.486 300 89
0 390.4 133.619 300 89
0 390.4 133.739 300 89
0 390.4 133.862 300 89
0 390.4 134.043 300 89
0 390.4 134.173 300 89
0 390.4 134.359 300 89
0 390.4 134.459 300 89
0 390.4 134.626 300 89
0 390.4 134.757 300 89
0 390.4 134.84 300 89
0 390.4 134.967 300 89
0 390.4 135.082 300 89
0 390.4 135.182 300 89
0 390.4 135.289 300 89
0 390.4 135.41 300 89
0 390.4 135.498 300 89
0 390.4 135.61 300 89
0 390.4 135.73 300 89
0 390.4 135.866 300 89
0 390.4 136.034 300 89
0 390.4 136.15 300 89
0 390.4 136.269 300 89
0 390.4 136.356 300 89
0 390.4 136.519 300 89
0 390.4 136.669 300 89
0 390.4 136.775 300 89
0 390.4 136.912 300 89
0 390.4 137.067 300 89
0 390.4 137.193 300 89
0 390.4 137.547 300 89
0 390.4 137.724 300 89
0 390.4 137.921 300 89
0 390.4 138.063 300 89
0 390.4 138.282 300 89
0 390.4 138.506 300 89
0 390.4 138.688 300 89
0 390.4 138.942 300 89
0 390.4 139.159 300 89
0 390.4 139.479 300 89
0 390.4 139.744 300 89
0 390.4 139.983 300 89
0 390.4 140.217 300 89
0 390.4 140.357 300 89
0 390.4 140.49 300 89
0 390.4 140.739 300 89
0 390.4 140.895 300 89
0 390.4 141.097 300 89
0 390.4 141.255 300 89
0 390.4 141.51 300 89
0 390.4 141.791 300 89
0 390.4 141.952 300 89
0 390.4 142.234 300 89
0 390.4 142.453 300 89
0 390.4 142.665 300 89
0 390.4 142.83 300 89
0 390.4 143.109 300 89
0 390.4 143.291 300 89
0 390.4 143.511 300 89
0 390.4 143.761 300 89
0 390.4 143.945 300 89
0 390.4 144.247 300 89
0 390.4 144.498 300 89
0 390.4 144.714 300 89
0 390.4 144.967 300 89
0 390.4 145.125 300 89
0 390.4 145.293 300 89
0 390.4 145.428 300 89
0 390.4 145.602 300 89
0 390.4 145.807 300 89
0 390.4 145.94 300 89
0 390.4 146.104 300 89
0 390.4 146.267 300 89
0 390.4 146.53 300 89
0 390.4 146.736 300 89
0 390.4 146.902 300 89
0 390.4 147.017 300 89
0 390.4 147.188 300 89
0 390.4 147.428 300 89
0 390.4 147.568 300 89
0 390.4 147.732 300 89
0 390.4 147.908 300 89
0 390.4 148.034 300 89
0 390.4 148.207 300 89
0 390.4 148.423 300 89
0 390.4 148.612 300 89
0 390.4 148.919 300 89
0 390.4 149.203 300 89
0 390.4 149.395 300 89
0 390.4 149.666 300 89
0 390.4 149.915 300 89
0 390.4 150.293 300 89
0 390.4 150.504 300 89
0 390.4 150.65 300 89
0 390.4 150.813 300 89
0 390.4 150.988 300 89
0 390.4 151.244 300 89
0 390.4 151.465 300 89
0 390.4 151.817 300 89
0 390.4 151.979 300 89
0 390.4 152.147 300 89
0 390.4 152.312 300 89
0 390.4 152.559 300 89
0 390.4 152.721 300 89
0 390.4 152.946 300 89
0 390.4 153.125 300 89
0 390.4 153.263 300 89
0 384.8 153.471 89
0 384.8 153.577 300 89
0 384.8 153.826 300 89
0 384.8 154.055 300 89
0 384.8 154.228 300 89
0 384.8 154.476 300 89
0 384.8 154.618 300 89
0 384.8 154.857 300 89
0 384.8 155.06 300 89
0 384.8 155.22 300 89
0 384.8 155.435 300 89
0 384.8 155.599 300 89
0 384.8 155.845 300 89
0 384.8 156.017 300 89
0 384.8 156.236 300 89
0 384.8 156.38 300 89
0 384.8 156.594 300 89
0 384.8 156.76 300 89
0 384.8 156.887 300 89
0 384.8 157.083 300 89
0 384.8 157.252 300 89
0 384.8 157.467 300 89
0 384.8 157.728 300 89
0 384.8 158.021 300 89
0 384.8 158.228 300 89
0 384.8 158.405 300 89
0 384.8 158.599 300 89
0 384.8 158.815 300 89
0 384.8 159.057 300 89
0 384.8 159.367 300 89
0 384.8 159.626 300 89
0 384.8 159.779 300 89
0 384.8 159.938 300 89
0 384.8 160.203 300 89
0 384.8 160.384 300 89
0 384.8 160.677 300 89
0 384.8 160.856 300 89
0 384.8 161.215 300 89
0 384.8 161.356 300 89
0 384.8 161.567 300 89
0 384.8 161.738 300 89
0 384.8 161.896 300 89
0 384.8 162.105 300 89
0 384.8 162.262 300 89
0 384.8 162.419 300 89
0 384.8 162.541 300 89
0 384.8 162.78 300 89
0 384.8 162.986 300 89
0 384.8 163.15 300 89
0 384.8 163.49 300 89
0 384.8 163.684 300 89
0 384.8 163.972 300 89
0 384.8 164.156 300 89
0 384.8 164.409 300 89
0 384.8 164.528 300 89
0 384.8 164.662 300 89
0 384.8 164.797 300 89
0 384.8 164.978 300 89
0 384.8 165.162 300 89
0 384.8 165.4 300 89
0 384.8 165.523 300 89
0 384.8 165.72 300 89
0 384.8 165.824 300 89
0 384.8 165.91 300 89
0 384.8 165.999 300 89
0 384.8 166.121 300 89
0 384.8 166.388 300 89
0 384.8 166.503 300 89
0 384.8 166.588 300 89
0 384.8 166.736 300 89
0 384.8 166.878 300 89
0 384.8 166.996 300 89
0 384.8 167.143 300 89
0 384.8 167.268 300 89
0 384.8 167.358 300 89
0 384.8 167.533 300 89
0 384.8 167.651 300 89
0 384.8 167.753 300 89
0 384.8 167.93 300 89
0 384.8 168.207 300 89
0 384.8 168.477 300 89
0 384.8 168.591 300 89
0 384.8 168.717 300 89
0 384.8 168.832 300 89
0 384.8 168.919 300 89
0 384.8 169.095 300 89
0 384.8 169.299 300 89
0 384.8 169.526 300 89
0 384.8 169.727 300 89
0 384.8 169.884 300 89
0 384.8 170.095 300 89
0 384.8 170.327 300 89
0 384.8 170.502 300 89
0 384.8 170.741 300 89
0 384.8 170.914 300 89
0 384.8 171.172 300 89
0 384.8 171.309 300 89
0 384.8 171.473 300 89
0 384.8 171.741 300 89
0 384.8 171.922 300 89
0 384.8 172.105 300 89
0 384.8 172.398 300 89
0 384.8 172.575 300 89
0 384.8 172.838 300 89
0 384.8 173.014 300 89
0 384.8 173.245 300 89
0 384.8 173.42 300 89
0 384.8 173.587 300 89
0 384.8 173.757 300 89
0 384.8 174.026 300 89
0 384.8 174.18 300 89
0 384.8 174.408 300 89
0 384.8 174.595 300 89
0 384.8 174.79 300 89
0 384.8 175.008 300 89
0 384.8 175.138 300 89
0 384.8 175.279 300 89
0 384.8 175.478 300 89
0 384.8 175.783 300 89
0 384.8 176.005 300 89
0 384.8 176.242 300 89
0 384.8 176.493 300 89
0 384.8 176.716 300 89
0 384.8 176.891 300 89
0 384.8 177.14 300 89
0 384.8 177.325 300 89
0 384.8 177.46 300 89
0 384.8 177.691 300 89
0 384.8 177.82 300 89
0 384.8 178.055 300 89
0 384.8 178.304 300 89
0 384.8 178.44 300 89
0 384.8 178.678 300 89
0 384.8 178.855 300 89
0 384.8 179.041 300 89
0 384.8 179.176 300 89
0 384.8 179.44 300 89
0 384.8 179.561 300 89
0 384.8 179.783 300 89
0 384.8 180.086 300 89
0 384.8 180.213 300 89
0 384.8 180.421 300 89
0 384.8 180.63 300 89
0 384.8 180.885 300 89
0 384.8 181.068 300 89
0 384.8 181.203 300 89
0 384.8 181.357 300 89
0 384.8 181.537 300 89
0 384.8 181.725 300 89
0 384.8 181.937 300 89
0 384.8 182.245 300 89
0 384.8 182.417 300 89
0 384.8 182.665 300 89
0 384.8 182.913 300 89
0 384.8 183.035 300 89
0 384.8 183.197 300 89
0 384.8 183.427 300 89
0 384.8 183.654 300 89
0 384.8 183.864 300 89
0 384.8 184.043 300 89
0 384.8 184.178 300 89
0 384.8 184.402 300 89
0 384.8 184.631 300 89
0 384.8 184.963 300 89
0 384.8 185.137 300 89
0 384.8 185.255 300 89
0 384.8 185.432 300 89
0 384.8 185.589 300 89
0 384.8 185.857 300 89
0 384.8 186.025 300 89
0 384.8 186.233 300 89
0 384.8 186.439 300 89
0 384.8 186.618 300 89
0 384.8 186.795 300 89
0 384.8 187.053 300 89
0 384.8 187.238 300 89
0 384.8 187.417 300 89
0 384.8 187.625 300 89
0 384.8 187.987 300 89
0 384.8 188.168 300 89
0 384.8 188.396 300 89
0 384.8 188.564 300 89
0 384.8 188.741 300 89
0 384.8 188.992 300 89
0 384.8 189.314 300 89
0 384.8 189.528 300 89
0 384.8 189.71 300 89
0 384.8 189.848 300 89
0 384.8 189.999 300 89
0 384.8 190.138 300 89
0 384.8 190.285 300 89
0 384.8 190.453 300 89
0 384.8 190.756 300 89
0 384.8 190.894 300 89
0 384.8 191.067 300 89
0 384.8 191.332 300 89
0 384.8 191.595 300 89
0 384.8 191.848 300 89
0 384.8 192.027 300 89
0 384.8 192.33 300 89
0 384.8 192.548 300 89
0 384.8 192.718 300 89
0 384.8 192.896 300 89
0 384.8 193.052 300 89
0 384.8 193.176 300 89
0 384.8 193.352 300 89
0 384.8 193.654 300 89
0 384.8 194.102 300 89
0 384.8 194.3 300 89
0 384.8 194.541 300 89
0 384.8 194.731 300 89
0 384.8 195.006 300 89
0 384.8 195.332 300 89
0 384.8 195.501 300 89
0 384.8 195.714 300 89
0 384.8 195.853 300 89
0 384.8 196.024 300 89
0 384.8 196.208 300 89
0 384.8 196.335 300 89
0 384.8 196.541 300 89
0 384.8 196.716 300 89
0 384.8 197.017 300 89
0 384.8 197.179 300 89
0 384.8 197.352 300 89
0 384.8 197.55 300 89
0 384.8 197.672 300 89
0 384.8 197.917 300 89
0 384.8 198.119 300 89
0 384.8 198.313 300 89
0 384.8 198.567 300 89
0 384.8 198.786 300 89
0 384.8 199.092 300 89
0 384.8 199.342 300 89
0 384.8 199.478 300 89
0 384.8 199.559 300 89
0 384.8 199.812 300 89
0 384.8 200.117 300 89
0 384.8 200.288 300 89
0 384.8 200.473 300 89
0 384.8 200.648 300 89
0 384.8 200.829 300 89
0 384.8 201.023 300 89
0 384.8 201.237 300 89
0 384.8 201.458 300 89
0 384.8 201.668 300 89
0 384.8 201.799 300 89
0 384.8 201.975 300 89
0 384.8 202.157 300 89
0 384.8 202.41 300 89
0 384.8 202.538 300 89
0 384.8 202.682 300 89
0 384.8 202.942 300 89
0 384.8 203.287 300 89
0 384.8 203.533 300 89
0 384.8 203.811 300 89
0 384.8 203.94 300 89
0 384.8 204.058 300 89
0 384.8 204.24 300 89
0 384.8 204.413 300 89
0 384.8 204.545 300 89
0 384.8 204.677 300 89
0 384.8 204.916 300 89
0 384.8 205.031 300 89
0 384.8 205.287 300 89
0 384.8 205.474 300 89
0 384.8 205.708 300 89
0 384.8 205.927 300 89
0 384.8 206.109 300 89
0 384.8 206.375 300 89
0 384.8 206.552 300 89
0 384.8 206.684 300 89
0 384.8 206.972 300 89
0 384.8 207.307 300 89
0 384.8 207.533 300 89
0 384.8 207.744 300 89
0 384.8 207.918 300 89
0 384.8 208.082 300 89
0 384.8 208.301 300 89
0 384.8 208.537 300 89
0 384.8 208.711 300 89
0 384.8 208.945 300 89
0 384.8 209.239 300 89
0 384.8 209.418 300 89
0 384.8 209.655 300 89
0 384.8 209.952 300 89
0 384.8 210.122 300 89
0 384.8 210.367 300 89
0 384.8 210.63 300 89
0 384.8 210.939 300 89
0 384.8 211.143 300 89
0 384.8 211.401 300 89
0 384.8 211.667 300 89
0 384.8 211.968 300 89
0 384.8 212.304 300 89
0 384.8 212.6 300 89
0 384.8 212.749 300 89
0 384.8 213.011 300 89
0 384.8 213.273 300 89
0 384.8 213.414 300 89
0 384.8 213.683 300 89
0 384.8 213.898 300 89
0 384.8 214.202 300 89
0 384.8 214.361 300 89
0 384.8 214.533 300 89
0 384.8 214.688 300 89
0 384.8 214.87 300 89
0 384.8 215.008 300 89
0 384.8 215.129 300 89
0 384.8 215.303 300 89
0 384.8 215.458 300 89
0 384.8 215.582 300 89
0 384.8 215.714 300 89
0 384.8 215.842 300 89
0 384.8 216.02 300 89
0 384.8 216.148 300 89
0 384.8 216.244 300 89
0 384.8 216.362 300 89
0 384.8 216.476 300 89
0 384.8 216.697 300 89
0 384.8 216.845 300 89
0 384.8 216.984 300 89
0 384.8 217.17 300 89
0 384.8 217.321 300 89
0 384.8 217.459 300 89
0 384.8 217.573 300 89
0 384.8 217.793 300 89
0 384.8 217.967 300 89
0 384.8 218.087 300 89
0 384.8 218.22 300 89
0 384.8 218.308 300 89
0 384.8 218.443 300 89
0 384.8 218.574 300 89
0 384.8 218.811 300 89
0 384.8 219.036 300 89
0 384.8 219.363 300 89
0 384.8 219.602 300 89
0 384.8 219.928 300 89
0 384.8 220.151 300 89
0 384.8 220.457 300 89
0 384.8 220.675 300 89
0 384.8 220.998 300 89
0 384.8 221.187 300 89
0 384.8 221.472 300 89
0 384.8 221.733 300 89
0 384.8 221.981 300 89
0 384.8 222.175 300 89
0 384.8 222.345 300 89
0 384.8 222.586 300 89
0 384.8 222.793 300 89
0 384.8 222.989 300 89
0 384.8 223.14 300 89
0 384.8 223.336 300 89
0 384.8 223.573 300 89
0 384.8 223.85 300 89
0 384.8 224.126 300 89
0 384.8 224.356 300 89
0 384.8 224.567 300 89
0 384.8 224.706 300 89
0 384.8 224.932 300 89
0 384.8 225.104 300 89
0 384.8 225.341 300 89
0 384.8 225.531 300 89
0 384.8 225.963 300 89
0 384.8 226.307 300 89
0 384.8 226.457 300 89
0 384.8 226.631 300 89
0 384.8 226.812 300 89
0 384.8 227.021 300 89
0 384.8 227.215 300 89
0 384.8 227.603 300 89
0 384.8 227.881 300 89
0 384.8 228.067 300 89
0 384.8 228.294 300 89
0 384.8 228.539 300 89
0 384.8 228.761 300 89
0 384.8 228.955 300 89
0 384.8 229.149 300 89
0 384.8 229.325 300 89
0 384.8 229.452 300 89
0 384.8 229.724 300 89
0 384.8 229.971 300 89
0 384.8 230.14 300 89
0 384.8 230.274 300 89
0 384.8 230.555 300 89
0 384.8 230.823 300 89
0 384.8 231.008 300 89
0 384.8 231.158 300 89
0 384.8 231.412 300 89
0 384.8 231.65 300 89
0 384.8 231.847 300 89
0 384.8 232.114 300 89
0 384.8 232.369 300 89
0 384.8 232.593 300 89
0 384.8 232.79 300 89
0 384.8 232.976 300 89
0 384.8 233.137 300 89
0 384.8 233.34 300 89
0 384.8 233.553 300 89
0 384.8 233.7 300 89
0 384.8 234.005 300 89
0 384.8 234.317 300 89
0 384.8 234.608 300 89
0 384.8 234.942 300 89
0 384.8 235.122 300 89
0 384.8 235.266 300 89
0 384.8 235.414 300 89
0 384.8 235.694 300 89
0 384.8 235.963 300 89
0 384.8 236.151 300 89
0 384.8 236.422 300 89
0 384.8 236.686 300 89
0 384.8 236.951 300 89
0 384.8 237.106 300 89
0 384.8 237.341 300 89
0 384.8 237.612 300 89
0 384.8 237.737 300 89
0 384.8 237.895 300 89
0 384.8 238.034 300 89
0 384.8 238.177 300 89
0 384.8 238.416 300 89
0 384.8 238.736 300 89
0 384.8 238.923 300 89
0 384.8 239.067 300 89
0 384.8 239.284 300 89
0 384.8 239.487 300 89
0 384.8 239.678 300 89
0 384.8 239.823 300 89
0 384.8 239.989 300 89
0 384.8 240.178 300 89
0 384.8 240.413 300 89
0 384.8 240.532 300 89
0 384.8 240.722 300 89
0 384.8 240.881 300 89
0 384.8 241.077 300 89
0 384.8 241.301 300 89
0 384.8 241.398 300 89
0 384.8 241.556 300 89
0 384.8 241.759 300 89
0 384.8 241.91 300 89
0 384.8 242.116 300 89
0 384.8 242.381 300 89
0 384.8 242.549 300 89
0 384.8 242.751 300 89
0 384.8 242.855 300 89
0 384.8 243.022 300 89
0 384.8 243.152 300 89
0 384.8 243.244 300 89
0 384.8 243.411 300 89
0 384.8 243.544 300 89
0 384.8 243.744 300 89
0 384.8 243.862 300 89
0 384.8 244.079 300 89
0 384.8 244.219 300 89
0 384.8 244.426 300 89
0 384.8 244.62 300 89
0 384.8 244.758 300 89
0 384.8 244.918 300 89
0 384.8 245.095 300 89
0 384.8 245.306 300 89
0 384.8 245.487 300 89
0 384.8 245.591 300 89
0 384.8 245.741 300 89
0 384.8 245.938 300 89
0 384.8 246.118 300 89
0 384.8 246.263 300 89
0 384.8 246.482 300 89
0 384.8 246.622 300 89
0 384.8 246.788 300 89
0 384.8 247.085 300 89
0 384.8 247.274 300 89
0 384.8 247.445 300 89
0 384.8 247.616 300 89
0 384.8 247.888 300 89
0 384.8 248.179 300 89
0 384.8 248.414 300 89
0 384.8 248.668 300 89
0 384.8 248.982 300 89
0 384.8 249.191 300 89
0 384.8 249.406 300 89
0 384.8 249.621 300 89
0 384.8 249.872 300 89
0 384.8 250.162 300 89
0 384.8 250.39 300 89
0 384.8 250.54 300 89
0 384.8 250.834 300 89
0 384.8 251.062 300 89
0 384.8 251.277 300 89
0 384.8 251.422 300 90
0 384.8 251.611 300 90
0 384.8 251.916 300 90
0 384.8 252.162 300 90
0 384.8 252.351 300 90
0 384.8 252.618 300 90
0 384.8 252.926 300 90
0 384.8 253.254 300 90
0 384.8 253.563 300 90
0 384.8 253.754 300 90
0 384.8 253.987 300 90
0 384.8 254.137 300 90
0 384.8 254.36 300 90
0 384.8 254.538 300 90
0 384.8 254.677 300 90
0 384.8 254.865 300 90
0 384.8 255.049 300 90
0 384.8 255.418 300 90
0 384.8 255.56 300 90
0 384.8 255.757 300 90
0 384.8 255.954 300 90
0 384.8 256.144 300 90
0 384.8 256.472 300 90
0 384.8 256.705 300 90
0 384.8 256.994 300 90
0 384.8 257.298 300 90
0 384.8 257.504 300 90
0 384.8 257.857 300 90
0 384.8 258.061 300 90
0 384.8 258.348 300 90
0 384.8 258.548 300 90
0 384.8 258.781 300 90
0 384.8 259.033 300 90
0 384.8 259.271 300 90
0 384.8 259.519 300 90
0 384.8 259.719 300 90
0 384.8 259.924 300 90
0 384.8 260.07 300 90
0 384.8 260.357 300 90
0 384.8 260.596 300 90
0 384.8 260.806 300 90
0 384.8 261.08 300 90
0 384.8 261.367 300 90
0 384.8 261.557 300 90
0 384.8 261.771 300 90
0 384.8 262.001 300 90
0 384.8 262.178 300 90
0 384.8 262.41 300 90
0 384.8 262.548 300 90
0 384.8 262.693 300 90
0 384.8 262.907 300 90
0 384.8 263.163 300 90
0 384.8 263.341 300 90
0 384.8 263.557 300 90
0 384.8 264.137 300 90
0 384.8 264.332 300 90
0 384.8 264.577 300 90
0 384.8 264.814 300 90
0 384.8 265.106 300 90
0 384.8 265.302 300 90
0 384.8 265.673 300 90
0 384.8 265.805 300 90
0 384.8 266.194 300 90
0 384.8 266.6 300 90
0 384.8 266.919 300 90
0 384.8 267.186 300 90
0 384.8 267.535 300 90
0 384.8 267.788 300 90
0 384.8 268.008 300 90
0 384.8 268.226 300 90
0 384.8 268.402 300 90
0 384.8 268.6 300 90
0 384.8 268.965 300 90
0 384.8 269.223 300 90
0 384.8 269.503 300 90
0 384.8 269.731 300 90
0 384.8 270.024 300 90
0 384.8 270.184 300 90
0 384.8 270.349 300 90
0 384.8 270.694 300 90
0 384.8 270.956 300 90
0 384.8 271.215 300 90
0 384.8 271.43 300 90
0 384.8 271.626 300 90
0 384.8 271.895 300 90
0 384.8 272.091 300 90
0 384.8 272.224 300 90
0 384.8 272.411 300 90
0 384.8 272.579 300 90
0 384.8 272.79 300 90
0 384.8 273.076 300 90
0 384.8 273.262 300 90
0 384.8 273.484 300 90
0 384.8 273.693 300 90
0 384.8 274.032 300 90
0 384.8 274.338 300 90
0 384.8 274.542 300 90
0 384.8 274.689 300 90
0 384.8 274.94 300 90
0 384.8 275.227 300 90
0 384.8 275.412 300 90
0 384.8 275.704 300 90
0 384.8 275.852 300 90
0 384.8 276.022 300 90
0 384.8 276.216 300 90
0 384.8 276.44 300 90
0 384.8 276.628 300 90
0 384.8 276.809 300 90
0 384.8 277.034 300 90
0 384.8 277.221 300 90
0 384.8 277.397 300 90
0 384.8 277.539 300 90
0 384.8 277.776 300 90
0 384.8 277.931 300 90
0 384.8 278.173 300 90
0 384.8 278.307 300 90
0 384.8 278.482 300 90
0 384.8 278.698 300 90
0 384.8 278.864 300 90
0 384.8 279.059 300 90
0 384.8 279.232 300 90
0 384.8 279.385 300 90
0 384.8 279.626 300 90
0 384.8 279.795 300 90
0 384.8 280.007 300 90
0 384.8 280.157 300 90
0 384.8 280.324 300 90
0 384.8 280.587 300 90
0 384.8 280.731 300 90
0 384.8 280.963 300 90
0 384.8 281.145 300 90
0 384.8 281.363 300 90
0 384.8 281.735 300 90
0 384.8 281.923 300 90
0 384.8 282.141 300 90
0 384.8 282.426 300 90
0 384.8 282.663 300 90
0 384.8 282.85 300 90
0 384.8 283.042 300 90
0 384.8 283.402 300 90
0 384.8 283.602 300 90
0 384.8 283.848 300 90
0 384.8 284.043 300 90
0 384.8 284.268 300 90
0 384.8 284.56 300 90
0 384.8 284.833 300 90
0 384.8 285.015 300 90
0 384.8 285.251 300 90
0 384.8 285.425 300 90
0 384.8 285.609 300 90
0 384.8 285.86 300 90
0 384.8 286.153 300 90
0 384.8 286.398 300 90
0 384.8 286.686 300 90
0 384.8 286.876 300 90
0 384.8 287.104 300 90
0 384.8 287.244 300 90
0 384.8 287.547 300 90
0 384.8 287.894 300 90
0 384.8 288.126 300 90
0 384.8 288.369 300 90
0 384.8 288.508 300 90
0 384.8 288.644 300 90
0 384.8 288.967 300 90
0 384.8 289.278 300 90
0 384.8 289.524 300 90
0 384.8 289.766 300 90
0 384.8 290.009 300 90
0 384.8 290.191 300 90
0 384.8 290.381 300 90
0 384.8 290.657 300 90
0 384.8 290.778 300 90
0 384.8 291.031 300 90
0 384.8 291.32 300 90
0 384.8 291.612 300 90
0 384.8 291.75 300 90
0 384.8 291.907 300 90
0 384.8 292.144 300 90
0 384.8 292.24 300 90
0 384.8 292.395 300 90
0 384.8 292.527 300 90
0 384.8 292.72 300 90
0 384.8 292.869 300 90
0 384.8 292.973 300 90
0 384.8 293.17 300 90
0 384.8 293.35 300 90
0 384.8 293.451 300 90
0 384.8 293.617 300 90
0 384.8 293.783 300 90
0 384.8 293.94 300 90
0 384.8 294.114 300 90
0 384.8 294.286 300 90
0 384.8 294.432 300 90
0 384.8 294.555 300 90
0 384.8 294.654 300 90
0 384.8 294.781 300 90
0 384.8 294.895 300 90
0 384.8 295.31 300 90
0 384.8 295.503 300 90
0 384.8 295.772 300 90
0 384.8 296.105 300 90
0 384.8 296.384 300 90
0 384.8 296.665 300 90
0 384.8 296.848 300 90
0 384.8 297.261 300 90
0 384.8 297.427 300 90
0 384.8 297.649 300 90
0 384.8 297.867 300 90
0 384.8 298.074 300 90
0 384.8 298.259 300 90
0 384.8 298.505 300 90
0 384.8 298.76 300 90
0 384.8 298.969 300 90
0 384.8 299.423 300 90
0 384.8 299.709 300 90
0 384.8 299.877 300 90
0 384.8 300.112 300 90
0 384.8 300.275 300 90
0 384.8 300.485 300 90
0 384.8 300.712 300 90
0 384.8 300.954 300 90
0 384.8 301.089 300 90
0 384.8 301.228 300 90
0 384.8 301.413 300 90
0 384.8 301.677 300 90
0 384.8 301.815 300 90
0 384.8 302.065 300 90
0 384.8 302.261 300 90
0 384.8 302.503 300 90
0 384.8 302.794 300 90
0 384.8 303.032 300 90
0 384.8 303.171 300 90
0 384.8 303.328 300 90
0 384.8 303.611 300 90
0 384.8 303.853 300 90
0 384.8 304.088 300 90
0 384.8 304.336 300 90
0 384.8 304.547 300 90
0 384.8 304.811 300 90
0 384.8 304.97 300 90
0 384.8 305.328 300 90
0 384.8 305.618 300 90
0 384.8 305.821 300 90
0 384.8 306.054 300 90
0 384.8 306.442 300 90
0 384.8 306.699 300 90
0 384.8 307.009 300 90
0 384.8 307.243 300 90
0 384.8 307.52 300 90
0 384.8 307.712 300 90
0 384.8 307.848 300 90
0 384.8 308.05 300 90
0 384.8 308.304 300 90
0 384.8 308.617 300 90
0 384.8 308.934 300 90
0 384.8 309.166 300 90
0 384.8 309.359 300 90
0 384.8 309.588 300 90
0 384.8 309.975 300 90
0 384.8 310.139 300 90
0 384.8 310.452 300 90
0 384.8 310.694 300 90
0 384.8 310.986 300 90
0 384.8 311.189 300 90
0 384.8 311.37 300 90
0 384.8 311.694 300 90
0 384.8 311.927 300 90
0 384.8 312.122 300 90
0 384.8 312.291 300 90
0 384.8 312.423 300 90
0 384.8 312.707 300 90
0 384.8 312.889 300 90
0 384.8 313.233 300 90
0 384.8 313.416 300 90
0 384.8 313.61 300 90
0 384.8 313.797 300 90
0 384.8 314 300 90
0 384.8 314.267 300 90
0 384.8 314.692 300 90
0 384.8 314.897 300 90
0 384.8 315.297 300 90
0 384.8 315.595 300 90
0 384.8 315.784 300 90
0 384.8 316.23 300 90
0 384.8 316.391 300 90
0 384.8 316.659 300 90
0 384.8 316.797 300 90
0 384.8 317.017 300 90
0 384.8 317.168 300 90
0 384.8 317.319 300 90
0 384.8 317.551 300 90
0 384.8 317.794 300 90
0 384.8 318.015 300 90
0 384.8 318.338 300 90
0 384.8 318.691 300 90
0 384.8 318.987 300 90
0 384.8 319.301 300 90
0 384.8 319.575 300 90
0 384.8 319.9 300 90
0 384.8 320.109 300 90
0 384.8 320.423 300 90
0 384.8 320.667 300 90
0 384.8 320.804 300 90
0 384.8 321.003 300 90
0 384.8 321.255 300 90
0 384.8 321.449 300 90
0 384.8 321.687 300 90
0 384.8 321.932 300 90
0 384.8 322.065 300 90
0 384.8 322.227 300 90
0 384.8 322.644 300 90
0 384.8 322.9 300 90
0 384.8 323.056 300 90
0 384.8 323.341 300 90
0 384.8 323.569 300 90
0 384.8 323.786 300 90
0 384.8 324.027 300 90
0 384.8 324.225 300 90
0 384.8 324.442 300 90
0 384.8 324.674 300 90
0 384.8 324.992 300 90
0 384.8 325.165 300 90
0 384.8 325.337 300 90
0 384.8 325.656 300 90
0 384.8 325.846 300 90
0 384.8 326.096 300 90
0 384.8 326.355 300 90
0 384.8 326.578 300 90
0 384.8 326.849 300 90
0 384.8 327.216 300 90
0 384.8 327.41 300 90
0 384.8 327.569 300 90
0 384.8 327.835 300 90
0 384.8 328.039 300 90
0 384.8 328.373 300 90
0 384.8 328.825 300 90
0 384.8 329.054 300 90
0 384.8 329.287 300 90
0 384.8 329.484 300 90
0 384.8 329.704 300 90
0 384.8 330.019 300 90
0 384.8 330.245 300 90
0 384.8 330.465 300 90
0 384.8 330.724 300 90
0 384.8 331.143 300 90
0 384.8 331.397 300 90
0 384.8 331.611 300 90
0 384.8 331.861 300 90
0 384.8 332.109 300 90
0 384.8 332.467 300 90
0 384.8 332.636 300 90
0 384.8 332.859 300 90
0 384.8 332.989 300 93
0 384.8 333.166 300 93
0 384.8 333.358 300 93
0 384.8 333.608 300 93
0 384.8 334.031 300 93
0 384.8 334.209 300 93
0 384.8 334.404 300 93
0 384.8 334.572 300 93
0 384.8 334.8 300 93
0 384.8 334.997 300 93
0 384.8 335.261 300 93
0 384.8 335.468 300 93
0 384.8 335.712 300 93
0 384.8 335.988 300 93
0 384.8 336.27 300 93
0 384.8 336.535 300 93
0 384.8 336.767 300 93
0 384.8 336.908 300 93
0 384.8 337.047 300 93
0 384.8 337.27 300 93
0 384.8 337.494 300 93
0 384.8 337.739 300 93
0 384.8 337.876 300 93
0 384.8 338.078 300 93
0 384.8 338.235 300 93
0 384.8 338.489 300 93
0 384.8 338.767 300 93
0 384.8 339.073 300 93
0 384.8 339.282 300 93
0 384.8 339.628 300 93
0 384.8 339.905 300 93
0 384.8 340.064 300 93
0 384.8 340.239 300 93
0 384.8 340.517 300 93
0 384.8 340.742 300 93
0 384.8 341.032 300 93
0 384.8 341.272 300 93
0 384.8 341.404 300 93
0 384.8 341.582 300 93
0 384.8 341.829 300 93
0 384.8 342.033 300 93
0 384.8 342.245 300 93
0 384.8 342.368 300 93
0 384.8 342.573 300 93
0 384.8 342.776 300 93
0 384.8 342.999 300 93
0 384.8 343.16 300 93
0 384.8 343.353 300 93
0 384.8 343.548 300 93
0 384.8 343.819 300 93
0 384.8 344.013 300 93
0 384.8 344.232 300 93
0 384.8 344.583 300 93
0 384.8 344.803 300 93
0 384.8 344.939 300 93
0 384.8 345.184 300 93
0 384.8 345.449 300 93
0 384.8 345.623 300 93
0 384.8 345.801 300 93
0 384.8 346.034 300 93
0 384.8 346.461 300 93
0 384.8 346.788 300 93
0 384.8 347.03 300 93
0 384.8 347.341 300 93
0 384.8 347.642 300 93
0 384.8 347.922 300 93
0 384.8 348.155 300 93
0 384.8 348.372 300 93
0 384.8 348.571 300 93
0 384.8 348.838 300 93
0 384.8 349.08 300 93
0 384.8 349.307 300 93
0 384.8 349.706 300 93
0 384.8 349.94 300 93
0 384.8 350.217 300 93
0 384.8 350.473 300 93
0 384.8 350.702 300 93
0 384.8 350.946 300 93
0 384.8 351.162 300 93
0 384.8 351.442 300 93
0 384.8 351.739 300 93
0 384.8 351.929 300 93
0 384.8 352.129 300 93
0 384.8 352.323 300 93
0 384.8 352.489 300 93
0 384.8 352.629 300 93
0 384.8 352.813 300 93
0 384.8 352.949 300 93
0 384.8 353.093 300 93
0 384.8 353.313 300 93
0 384.8 353.566 300 93
0 384.8 353.798 300 93
0 384.8 353.934 300 93
0 384.8 354.164 300 93
0 384.8 354.332 300 93
0 384.8 354.627 300 93
0 384.8 354.79 300 93
0 384.8 355.029 300 93
0 384.8 355.161 300 93
0 384.8 355.401 300 93
0 384.8 355.617 300 93
0 384.8 355.949 300 93
0 384.8 356.09 300 93
0 384.8 356.269 300 93
0 384.8 356.587 300 93
0 384.8 356.928 300 93
0 384.8 357.149 300 93
0 384.8 357.365 300 93
0 384.8 357.646 300 93
0 384.8 357.872 300 93
0 384.8 358.056 300 93
0 384.8 358.28 300 93
0 384.8 358.461 300 93
0 384.8 358.636 300 93
0 384.8 358.893 300 93
0 384.8 359.071 300 93
0 384.8 359.223 300 93
0 384.8 359.6 300 93
0 384.8 359.767 300 93
0 384.8 359.909 300 93
0 384.8 360.134 300 93
0 384.8 360.28 300 93
0 384.8 360.466 300 93
0 384.8 360.75 300 93
0 384.8 360.919 300 93
0 384.8 361.209 300 93
0 384.8 361.481 300 93
0 384.8 361.714 300 93
0 384.8 362 300 93
0 384.8 362.233 300 93
0 384.8 362.452 300 93
0 384.8 362.743 300 93
0 384.8 362.897 300 93
0 384.8 363.13 300 93
0 384.8 363.446 300 93
0 384.8 363.638 300 93
0 384.8 363.916 300 93
0 384.8 364.242 300 93
0 384.8 364.391 300 93
0 384.8 364.629 300 93
0 384.8 364.77 300 93
0 384.8 365.089 300 93
0 384.8 365.336 300 93
0 384.8 365.53 300 93
0 384.8 365.79 300 93
0 384.8 366.127 300 93
0 384.8 366.309 300 93
0 384.8 366.491 300 93
0 384.8 366.745 300 93
0 384.8 366.898 300 93
0 384.8 367.144 300 93
0 384.8 367.474 300 93
0 384.8 367.845 300 93
0 384.8 368.037 300 93
0 384.8 368.213 300 93
0 384.8 368.721 300 93
0 384.8 369.065 300 93
0 384.8 369.403 300 93
0 384.8 369.741 300 93
0 384.8 370.08 300 93
0 384.8 370.422 300 93
0 384.8 370.682 300 93
0 384.8 370.952 300 93
0 384.8 371.204 300 93
0 384.8 371.543 300 93
0 384.8 371.77 300 93
0 384.8 372.125 300 93
0 384.8 372.342 300 93
0 384.8 372.604 300 93
0 384.8 372.985 300 93
0 384.8 373.335 300 93
0 384.8 373.563 300 93
0 384.8 373.987 300 93
0 384.8 374.126 300 93
0 384.8 374.38 300 93
0 384.8 374.633 300 93
0 384.8 374.83 300 93
0 384.8 375.132 300 93
0 384.8 375.333 300 93
0 384.8 375.57 300 93
0 384.8 375.892 300 93
0 384.8 376.344 300 93
0 384.8 376.686 300 93
0 384.8 376.854 300 93
0 384.8 377.045 300 93
0 384.8 377.3 300 93
0 384.8 377.662 300 93
0 384.8 377.926 300 93
0 384.8 378.247 300 93
0 384.8 378.554 300 93
0 384.8 378.839 300 93
0 384.8 379.082 300 93
0 384.8 379.473 300 93
0 384.8 379.882 300 93
0 384.8 380.059 300 93
0 384.8 380.446 300 93
0 384.8 380.684 300 93
0 384.8 380.931 300 93
0 384.8 381.188 300 93
0 384.8 381.426 300 93
0 384.8 381.633 300 93
0 384.8 381.78 300 93
0 384.8 381.919 300 93
0 384.8 382.044 300 93
0 384.8 382.219 300 93
0 384.8 382.347 300 93
0 384.8 382.545 300 93
0 384.8 382.632 300 93
0 384.8 382.784 300 93
0 384.8 382.924 300 93
0 384.8 383.08 300 93
0 384.8 383.304 300 93
0 384.8 383.495 300 93
0 384.8 383.652 300 93
0 384.8 383.851 300 93
0 384.8 384.121 300 93
0 384.8 384.446 300 93
0 384.8 384.686 300 93
0 384.8 384.918 300 93
0 384.8 385.243 300 93
0 384.8 385.46 300 93
0 384.8 385.61 300 93
0 384.8 385.784 300 93
0 384.8 385.93 300 93
0 384.8 386.077 300 93
0 384.8 386.271 300 93
0 384.8 386.454 300 93
0 384.8 386.597 300 93
0 384.8 386.827 300 93
0 384.8 387.088 300 93
0 384.8 387.225 300 93
0 384.8 387.478 300 93
0 384.8 387.717 300 93
0 384.8 387.934 300 93
0 384.8 388.149 300 93
0 384.8 388.437 300 93
0 384.8 388.764 300 93
0 384.8 389.095 300 93
0 384.8 389.299 300 93
0 384.8 389.546 300 93
0 384.8 389.778 300 93
0 384.8 389.986 300 93
0 384.8 390.266 300 93
0 384.8 390.548 300 93
0 384.8 390.773 300 93
0 384.8 391.005 300 93
0 384.8 391.238 300 93
0 384.8 391.417 300 93
0 384.8 391.598 300 93
0 384.8 391.909 300 93
0 384.8 392.093 300 93
0 384.8 392.331 300 93
0 384.8 392.572 300 93
0 384.8 392.75 300 93
0 384.8 393.035 300 93
0 384.8 393.169 300 93
0 384.8 393.419 300 93
0 384.8 393.669 300 93
0 384.8 393.802 300 93
0 384.8 393.97 300 93
0 384.8 394.088 300 93
0 384.8 394.247 300 93
0 384.8 394.483 300 93
0 384.8 394.773 300 93
0 384.8 395.088 300 93
0 384.8 395.357 300 93
0 384.8 395.569 300 93
0 384.8 395.758 300 93
0 384.8 395.895 300 93
0 384.8 396.17 300 93
0 384.8 396.408 300 93
0 384.8 396.55 300 93
0 384.8 396.67 300 93
0 384.8 396.934 300 93
0 384.8 397.105 300 93
0 384.8 397.343 300 93
0 384.8 397.563 300 93
0 384.8 397.844 300 93
0 384.8 398.258 300 93
0 384.8 398.458 300 93
0 384.8 398.64 300 93
0 384.8 398.785 300 93
0 384.8 399.116 300 93
0 384.8 399.489 300 93
0 384.8 399.763 300 93
0 384.8 400.021 300 93
0 384.8 400.208 300 93
0 384.8 400.537 300 93
0 384.8 400.716 300 93
0 384.8 400.89 300 93
0 384.8 401.159 300 93
0 384.8 401.375 300 93
0 384.8 401.588 300 93
0 384.8 401.722 300 93
0 384.8 402.03 300 93
0 384.8 402.183 300 93
0 384.8 402.364 300 93
0 384.8 402.578 300 93
0 384.8 402.778 300 93
0 384.8 403.054 300 93
0 384.8 403.217 300 93
0 384.8 403.47 300 93
0 384.8 403.727 300 93
0 384.8 404.068 300 93
0 384.8 404.222 300 93
0 384.8 404.467 300 93
0 384.8 404.672 300 93
0 384.8 404.911 300 93
0 384.8 405.06 300 93
0 384.8 405.355 300 93
0 384.8 405.603 300 93
0 384.8 405.889 300 93
0 384.8 406.127 300 93
0 384.8 406.349 300 93
0 384.8 406.816 300 93
0 384.8 407.077 300 93
0 384.8 407.376 300 93
0 384.8 407.542 300 93
0 384.8 407.846 300 93
0 384.8 408.143 300 93
0 384.8 408.416 300 93
0 384.8 408.606 300 93
0 384.8 408.898 300 93
0 384.8 409.19 300 93
0 384.8 409.651 300 93
0 384.8 409.842 300 93
0 384.8 410.188 300 93
0 384.8 410.489 300 93
0 384.8 410.806 300 93
0 384.8 411.009 300 93
0 384.8 411.352 300 93
0 384.8 411.518 300 93
0 384.8 411.812 300 93
0 384.8 412.056 300 93
0 384.8 412.304 300 93
0 384.8 412.488 300 93
0 384.8 412.734 300 93
0 384.8 413.025 300 93
0 384.8 413.288 300 93
0 384.8 413.548 300 93
0 384.8 413.724 300 93
0 384.8 413.99 300 93
0 384.8 414.245 300 93
0 384.8 414.673 300 93
0 384.8 414.875 300 93
0 384.8 415.127 300 93
0 384.8 415.388 300 93
0 384.8 415.574 300 93
0 384.8 416.036 300 93
0 384.8 416.259 300 93
0 384.8 416.475 300 93
0 384.8 416.804 300 93
0 384.8 417.161 300 93
0 384.8 417.443 300 93
0 384.8 417.63 300 93
0 384.8 417.931 300 93
0 384.8 418.179 300 93
0 384.8 418.533 300 93
0 384.8 418.874 300 93
0 384.8 419.264 300 93
0 384.8 419.545 300 93
0 384.8 419.936 300 93
0 384.8 420.37 300 93
0 384.8 420.608 300 93
0 384.8 420.985 300 93
0 384.8 421.252 300 93
0 384.8 421.427 300 93
0 384.8 421.781 300 93
0 384.8 422.296 300 93
0 384.8 422.582 300 93
0 384.8 422.876 300 93
0 384.8 423.139 300 93
0 384.8 423.41 300 93
0 384.8 423.859 300 93
0 384.8 424.138 300 93
0 384.8 424.414 300 93
0 384.8 424.68 300 93
0 384.8 424.897 300 93
0 384.8 425.1 300 93
0 384.8 425.407 300 93
0 384.8 425.664 300 93
0 384.8 425.959 300 93
0 384.8 426.279 300 93
0 384.8 426.538 300 93
0 384.8 426.916 300 93
0 384.8 427.165 300 93
0 384.8 427.412 300 93
0 384.8 427.642 300 93
0 384.8 427.821 300 93
0 384.8 428.063 300 93
0 384.8 428.298 300 93
0 384.8 428.486 300 93
0 384.8 428.767 300 93
0 384.8 428.943 300 93
0 384.8 429.251 300 93
0 384.8 429.418 300 93
0 384.8 429.577 300 93
0 384.8 429.763 300 93
0 384.8 429.899 300 93
0 384.8 430.086 300 93
0 384.8 430.262 300 93
0 384.8 430.553 300 93
0 384.8 430.79 300 93
0 384.8 430.924 300 93
0 384.8 431.207 300 93
0 384.8 431.502 300 93
0 384.8 431.628 300 93
0 384.8 431.904 300 93
0 384.8 432.088 300 93
0 384.8 432.332 300 93
0 384.8 432.553 300 93
0 384.8 432.759 300 93
0 384.8 433.018 300 93
0 384.8 433.213 300 93
0 384.8 433.465 300 93
0 384.8 433.594 300 93
0 384.8 433.755 300 93
0 384.8 433.934 300 93
0 384.8 434.216 300 93
0 384.8 434.512 300 93
0 384.8 434.671 300 93
0 384.8 434.858 300 93
0 384.8 435 300 93
0 384.8 435.143 300 93
0 384.8 435.349 300 93
0 384.8 435.455 300 93
0 384.8 435.575 300 93
0 384.8 435.727 300 93
0 384.8 435.965 300 93
0 384.8 436.096 300 93
0 384.8 436.218 300 93
0 384.8 436.395 300 93
0 384.8 436.506 300 93
0 384.8 436.673 300 93
0 384.8 436.773 300 93
0 384.8 436.923 300 93
0 384.8 437.082 300 93
0 384.8 437.179 300 93
0 384.8 437.336 300 93
0 384.8 437.574 300 93
0 384.8 437.718 300 93
0 384.8 437.969 300 93
0 384.8 438.159 300 93
0 384.8 438.31 300 93
0 384.8 438.521 300 93
0 384.8 438.693 300 93
0 384.8 439.007 300 93
0 384.8 439.133 300 93
0 384.8 439.249 300 93
0 384.8 439.473 300 93
0 384.8 439.692 300 93
0 384.8 439.983 300 93
0 384.8 440.217 300 93
0 384.8 440.4 300 93
0 384.8 440.609 300 93
0 384.8 440.961 300 93
0 384.8 441.275 300 93
0 384.8 441.503 300 93
0 384.8 441.659 300 93
0 384.8 441.841 300 93
0 384.8 441.987 300 93
0 384.8 442.086 300 93
0 384.8 442.283 300 93
0 384.8 442.477 300 93
0 384.8 442.603 300 93
0 384.8 442.825 300 93
0 384.8 442.913 300 93
0 384.8 443.006 300 93
0 384.8 443.12 300 93
0 384.8 443.268 300 93
0 384.8 443.45 300 93
0 384.8 443.595 300 93
0 384.8 443.806 300 93
0 384.8 444.095 300 93
0 384.8 444.219 300 93
0 384.8 444.42 300 93
0 384.8 444.707 300 93
0 384.8 444.915 300 93
0 384.8 445.134 300 93
0 384.8 445.406 300 93
0 384.8 445.669 300 93
0 384.8 446.039 300 93
0 384.8 446.273 300 93
0 384.8 446.398 300 93
0 384.8 446.578 300 93
0 384.8 446.848 300 93
0 384.8 446.962 300 93
0 384.8 447.083 300 93
0 384.8 447.253 300 93
0 384.8 447.396 300 93
0 384.8 447.583 300 93
0 384.8 447.728 300 93
0 384.8 447.932 300 93
0 384.8 448.087 300 93
0 384.8 448.252 300 93
0 384.8 448.489 300 93
0 384.8 448.714 300 93
0 384.8 448.922 300 93
0 384.8 449.182 300 93
0 384.8 449.323 300 93
0 384.8 449.57 300 93
0 384.8 449.877 300 93
0 384.8 450.016 300 93
0 384.8 450.205 300 93
0 384.8 450.469 300 93
0 384.8 450.691 300 93
0 384.8 450.891 300 93
0 384.8 451.101 300 93
0 384.8 451.278 300 93
0 384.8 451.57 300 93
0 384.8 451.729 300 93
0 384.8 451.854 300 93
0 384.8 452.063 300 93
0 384.8 452.197 300 93
0 384.8 452.322 300 93
0 384.8 452.501 300 93
0 384.8 452.632 300 93
0 384.8 452.941 300 93
0 384.8 453.122 300 93
0 384.8 453.267 300 93
0 384.8 453.404 300 93
0 384.8 453.587 300 93
0 384.8 453.718 300 93
0 384.8 453.967 300 93
0 384.8 454.108 300 93
0 384.8 454.378 300 93
0 384.8 454.627 300 93
0 384.8 454.862 300 93
0 384.8 455.103 300 93
0 384.8 455.333 300 93
0 384.8 455.504 300 93
0 384.8 455.69 300 93
0 384.8 455.929 300 93
0 384.8 456.08 300 93
0 384.8 456.29 300 93
0 384.8 456.541 300 93
0 384.8 456.813 300 93
0 384.8 456.933 300 93
0 384.8 457.11 300 93
0 384.8 457.405 300 93
0 384.8 457.555 300 93
0 384.8 457.758 300 93
0 384.8 457.932 300 93
0 384.8 458.251 300 93
0 384.8 458.391 300 93
0 384.8 458.566 300 93
0 384.8 458.756 300 93
0 384.8 458.906 300 93
0 384.8 459.082 300 93
0 384.8 459.289 300 93
0 384.8 459.446 300 93
0 384.8 459.627 300 93
0 384.8 459.816 300 93
0 384.8 459.948 300 93
0 384.8 460.169 300 93
0 384.8 460.415 300 93
0 384.8 460.603 300 93
0 384.8 460.788 300 93
0 384.8 460.969 300 93
0 384.8 461.184 300 93
0 384.8 461.392 300 93
0 384.8 461.664 300 93
0 384.8 461.931 300 93
0 384.8 462.186 300 93
0 384.8 462.526 300 93
0 384.8 462.674 300 93
0 384.8 462.839 300 93
0 384.8 463.106 300 93
0 384.8 463.444 300 93
0 384.8 463.625 300 93
0 384.8 463.798 300 93
0 384.8 464.036 300 93
0 384.8 464.218 300 93
0 384.8 464.492 300 93
0 384.8 464.706 300 93
0 384.8 465.063 300 93
0 384.8 465.22 300 93
0 384.8 465.426 300 93
0 384.8 465.571 300 93
0 384.8 465.7 300 93
0 384.8 465.988 300 93
0 384.8 466.125 300 93
0 384.8 466.262 300 93
0 384.8 466.573 300 93
0 384.8 466.819 300 93
0 384.8 467.205 300 93
0 384.8 467.726 300 93
0 384.8 468.039 300 93
0 384.8 468.268 300 93
0 384.8 468.393 300 93
0 384.8 468.603 300 93
0 384.8 468.819 300 93
0 384.8 469.002 300 93
0 384.8 469.19 300 93
0 384.8 469.312 300 93
0 384.8 469.578 300 93
0 384.8 469.828 300 93
0 384.8 470.037 300 93
0 384.8 470.277 300 93
0 384.8 470.471 300 93
0 384.8 470.674 300 93
0 384.8 470.846 300 93
0 384.8 470.979 300 93
0 384.8 471.282 300 93
0 384.8 471.635 300 93
0 384.8 471.844 300 93
0 384.8 472.021 300 93
0 384.8 472.213 300 93
0 384.8 472.366 300 93
0 384.8 472.549 300 93
0 384.8 472.908 300 93
0 384.8 473.119 300 93
0 384.8 473.339 300 93
0 384.8 473.527 300 93
0 384.8 473.724 300 93
0 384.8 473.934 300 93
0 384.8 474.124 300 93
0 384.8 474.269 300 93
0 384.8 474.397 300 93
0 384.8 474.612 300 93
0 384.8 474.845 300 93
0 384.8 475.094 300 93
0 384.8 475.262 300 93
0 384.8 475.512 300 93
0 384.8 475.757 300 93
0 384.8 476.105 300 93
0 384.8 476.352 300 93
0 384.8 476.67 300 93
0 384.8 476.81 300 93
0 384.8 476.973 300 93
0 384.8 477.153 300 93
0 384.8 477.276 300 93
0 384.8 477.455 300 93
0 384.8 477.738 300 93
0 384.8 477.936 300 93
0 384.8 478.228 300 93
0 384.8 478.536 300 93
0 384.8 478.832 300 93
0 384.8 479.116 300 93
0 384.8 479.429 300 93
0 384.8 479.761 300 93
0 384.8 479.898 300 93
0 384.8 480.089 300 93
0 384.8 480.319 300 93
0 384.8 480.636 300 93
0 384.8 480.882 300 93
0 384.8 481.072 300 93
0 384.8 481.246 300 93
0 384.8 481.47 300 93
0 384.8 481.623 300 93
0 384.8 481.998 300 93
0 384.8 482.271 300 93
0 384.8 482.407 300 93
0 384.8 482.541 300 93
0 384.8 482.746 300 93
0 384.8 482.898 300 93
0 384.8 483.057 300 93
0 384.8 483.175 300 93
0 384.8 483.261 300 93
0 384.8 483.468 300 93
0 384.8 483.845 300 93
0 384.8 484.043 300 93
0 384.8 484.293 300 93
0 384.8 484.606 300 93
0 384.8 484.898 300 93
0 384.8 485.203 300 93
0 384.8 485.571 300 93
0 384.8 485.831 300 93
0 384.8 485.963 300 93
0 384.8 486.15 300 93
0 384.8 486.304 300 93
0 384.8 486.451 300 93
0 384.8 486.567 300 93
0 384.8 486.776 300 93
0 384.8 486.886 300 93
0 384.8 487.023 300 93
0 384.8 487.159 300 93
0 384.8 487.285 300 93
0 384.8 487.404 300 93
0 384.8 487.572 300 93
0 384.8 487.709 300 93
0 384.8 487.937 300 93
0 384.8 488.08 300 93
0 384.8 488.314 300 93
0 384.8 488.516 300 93
0 384.8 488.651 300 93
0 384.8 488.81 300 93
0 384.8 488.91 300 93
0 384.8 489.106 300 93
0 384.8 489.341 300 93
0 384.8 489.693 300 93
0 384.8 489.866 300 93
0 384.8 490.089 300 93
0 384.8 490.279 300 93
0 384.8 490.608 300 93
0 384.8 490.737 300 93
0 384.8 491.036 300 93
0 384.8 491.215 300 93
0 384.8 491.471 300 93
0 384.8 491.732 300 93
0 384.8 491.988 300 93
0 384.8 492.311 300 93
0 384.8 492.64 300 93
0 384.8 492.865 300 93
0 384.8 493.23 300 93
0 384.8 493.499 300 93
0 384.8 493.713 300 93
0 384.8 494.104 300 93
0 384.8 494.261 300 93
0 384.8 494.405 300 93
0 384.8 494.651 300 93
0 384.8 494.912 300 93
0 384.8 495.139 300 93
0 384.8 495.284 300 93
0 384.8 495.639 300 93
0 384.8 495.849 300 93
0 384.8 496.053 300 93
0 384.8 496.239 300 93
0 384.8 496.507 300 93
0 384.8 496.72 300 93
0 384.8 496.888 300 93
0 384.8 497.237 300 93
0 384.8 497.358 300 93
0 384.8 497.537 300 93
0 384.8 497.657 300 93
0 384.8 497.752 300 93
0 384.8 497.901 300 93
0 384.8 498.138 300 93
0 384.8 498.365 300 93
0 384.8 498.617 300 93
0 384.8 498.776 300 93
0 384.8 498.913 300 93
0 384.8 499.034 300 93
0 384.8 499.246 300 93
0 384.8 499.465 300 93
0 384.8 499.62 300 93
0 384.8 499.764 300 93
0 384.8 500.029 300 93
0 384.8 500.176 300 93
0 384.8 500.377 300 93
0 384.8 500.619 300 93
0 384.8 500.873 300 93
0 384.8 501.039 300 93
0 384.8 501.212 300 93
0 384.8 501.501 300 93
0 384.8 501.712 300 93
0 384.8 501.84 300 93
0 384.8 502.062 300 93
0 384.8 502.239 300 93
0 384.8 502.366 300 93
0 384.8 502.548 300 93
0 384.8 502.788 300 93
0 384.8 502.979 300 93
0 384.8 503.207 300 93
0 384.8 503.492 300 93
0 384.8 503.651 300 93
0 384.8 503.898 300 93
0 384.8 504.085 300 93
0 384.8 504.319 300 93
0 384.8 504.602 300 93
0 384.8 504.759 300 93
0 384.8 504.894 300 93
0 384.8 505.129 300 93
0 384.8 505.364 300 93
0 384.8 505.687 300 93
0 384.8 505.914 300 93
0 384.8 506.104 300 93
0 384.8 506.323 300 93
0 384.8 506.686 300 93
0 384.8 506.913 300 93
0 384.8 507.1 300 93
0 384.8 507.338 300 93
0 384.8 507.687 300 93
0 384.8 507.865 300 93
0 384.8 508.097 300 93
0 384.8 508.326 300 93
0 384.8 508.542 300 93
0 384.8 508.759 300 93
0 384.8 509.047 300 93
0 384.8 509.221 300 93
0 384.8 509.492 300 93
0 384.8 509.805 300 93
0 384.8 510.01 300 93
0 384.8 510.203 300 93
0 384.8 510.49 300 93
0 384.8 510.715 300 93
0 384.8 510.972 300 93
0 384.8 511.11 300 93
0 384.8 511.311 300 93
0 384.8 511.643 300 93
0 384.8 511.905 300 93
0 384.8 512.155 300 93
0 384.8 512.461 300 93
0 384.8 512.728 300 93
0 384.8 512.924 300 93
0 384.8 513.152 300 93
0 384.8 513.288 300 93
0 384.8 513.498 300 93
0 384.8 513.77 300 93
0 384.8 513.928 300 93
0 384.8 514.21 300 93
0 384.8 514.486 300 93
0 384.8 514.628 300 93
0 384.8 514.931 300 93
0 384.8 515.04 300 93
0 384.8 515.229 300 93
0 384.8 515.407 300 93
0 384.8 515.633 300 93
0 384.8 515.86 300 93
0 384.8 516.037 300 93
0 384.8 516.43 300 93
0 384.8 516.751 300 93
0 384.8 517.102 300 93
0 384.8 517.252 300 93
0 384.8 517.485 300 93
0 384.8 517.849 300 93
0 384.8 518.091 300 93
0 384.8 518.258 300 93
0 384.8 518.431 300 93
0 384.8 518.658 300 93
0 384.8 518.902 300 93
0 384.8 519.15 300 93
0 384.8 519.307 300 93
0 384.8 519.518 300 93
0 384.8 519.776 300 93
0 384.8 520.022 300 93
0 384.8 520.333 300 93
0 384.8 520.481 300 93
0 384.8 520.674 300 93
0 384.8 520.89 300 93
0 384.8 521.118 300 93
0 384.8 521.408 300 93
0 384.8 521.609 300 93
0 384.8 521.793 300 93
0 384.8 522.034 300 93
0 384.8 522.457 300 93
0 384.8 522.68 300 93
0 384.8 522.824 300 93
0 384.8 523.078 300 93
0 384.8 523.393 300 93
0 384.8 523.7 300 93
0 384.8 523.868 300 93
0 384.8 524.061 300 93
0 384.8 524.288 300 93
0 384.8 524.471 300 93
0 384.8 524.707 300 93
0 384.8 524.841 300 93
0 384.8 525.102 300 93
0 384.8 525.351 300 93
0 384.8 525.474 300 93
0 384.8 525.664 300 93
0 384.8 525.843 300 93
0 384.8 525.977 300 93
0 384.8 526.227 300 93
0 384.8 526.413 300 93
0 384.8 526.649 300 93
0 384.8 526.877 300 93
0 384.8 527.07 300 93
0 384.8 527.336 300 93
0 384.8 527.554 300 93
0 384.8 527.826 300 93
0 384.8 527.977 300 93
0 384.8 528.193 300 93
0 384.8 528.371 300 93
0 384.8 528.538 300 93
0 384.8 528.835 300 93
0 384.8 529.15 300 93
0 384.8 529.294 300 93
0 384.8 529.504 300 93
0 384.8 529.645 300 93
0 384.8 529.817 300 93
0 384.8 529.953 300 93
0 384.8 530.16 300 93
0 384.8 530.323 300 93
0 384.8 530.538 300 93
0 384.8 530.935 300 93
0 384.8 531.116 300 93
0 384.8 531.356 300 93
0 384.8 531.647 300 93
0 384.8 531.792 300 93
0 384.8 531.97 300 93
0 384.8 532.147 300 93
0 384.8 532.246 300 93
0 384.8 532.471 300 93
0 384.8 532.659 300 93
0 384.8 532.896 300 93
0 384.8 533.059 300 93
0 384.8 533.155 300 93
0 384.8 533.293 300 93
0 384.8 533.442 300 93
0 384.8 533.672 300 93
0 384.8 533.907 300 93
0 384.8 534.137 300 93
0 384.8 534.357 300 93
0 384.8 534.556 300 93
0 384.8 534.72 300 93
0 384.8 535.01 300 93
0 384.8 535.197 300 93
0 384.8 535.439 300 93
0 384.8 535.726 300 93
0 384.8 535.953 300 93
0 384.8 536.263 300 93
0 384.8 536.361 300 93
0 384.8 536.625 300 93
0 384.8 536.847 300 93
0 384.8 537.042 300 93
0 384.8 537.302 300 93
0 384.8 537.486 300 93
0 384.8 537.599 300 93
0 384.8 537.688 300 93
0 384.8 537.786 300 93
0 384.8 537.91 300 93
0 384.8 538.073 300 93
0 384.8 538.258 300 93
0 384.8 538.368 300 93
0 384.8 538.455 300 93
0 384.8 538.683 300 93
0 384.8 538.861 300 93
0 384.8 538.983 300 93
0 384.8 539.114 300 93
0 384.8 539.284 300 93
0 384.8 539.462 300 93
0 384.8 539.779 300 93
0 384.8 539.989 300 93
0 384.8 540.13 300 93
0 384.8 540.257 300 93
0 384.8 540.376 300 93
0 384.8 540.569 300 93
0 384.8 540.739 300 93
0 384.8 540.998 300 93
0 384.8 541.222 300 93
0 384.8 541.428 300 93
0 384.8 541.56 300 93
0 384.8 541.819 300 93
0 384.8 542.161 300 93
0 384.8 542.321 300 93
0 384.8 542.5 300 93
0 384.8 542.729 300 93
0 384.8 542.907 300 93
0 384.8 543.164 300 93
0 384.8 543.363 300 93
0 384.8 543.634 300 93
0 384.8 543.854 300 93
0 384.8 544.129 300 93
0 384.8 544.305 300 93
0 384.8 544.434 300 93
0 384.8 544.554 300 93
0 384.8 544.748 300 93
0 384.8 544.876 300 93
0 384.8 545.09 300 93
0 384.8 545.352 300 93
0 384.8 545.527 300 93
0 384.8 545.692 300 93
0 384.8 545.825 300 93
0 384.8 546.005 300 93
0 384.8 546.186 300 93
0 384.8 546.406 300 93
0 384.8 546.754 300 93
0 384.8 546.973 300 93
0 384.8 547.109 300 93
0 384.8 547.267 300 93
0 384.8 547.581 300 93
0 384.8 547.837 300 93
0 384.8 547.999 300 93
0 384.8 548.181 300 93
0 384.8 548.507 300 93
0 384.8 548.718 300 93
0 384.8 548.954 300 93
0 384.8 549.178 300 93
0 384.8 549.352 300 93
0 384.8 549.522 300 93
0 384.8 549.815 300 93
0 384.8 549.979 300 93
0 384.8 550.174 300 93
0 384.8 550.493 300 93
0 384.8 550.693 300 93
0 384.8 550.905 300 93
0 384.8 551.045 300 93
0 384.8 551.171 300 93
0 384.8 551.296 300 93
0 384.8 551.48 300 93
0 384.8 551.746 300 93
0 384.8 551.945 300 93
0 384.8 552.201 300 93
0 384.8 552.363 300 93
0 384.8 552.562 300 93
0 384.8 552.733 300 93
0 384.8 552.879 300 93
0 384.8 553.113 300 93
0 384.8 553.252 300 93
0 384.8 553.574 300 93
0 384.8 553.771 300 93
0 384.8 553.984 300 93
0 384.8 554.103 300 93
0 384.8 554.29 300 93
0 384.8 554.447 300 93
0 384.8 554.7 300 93
0 384.8 554.866 300 93
0 384.8 555.028 300 93
0 384.8 555.253 300 93
0 384.8 555.513 300 93
0 384.8 555.755 300 93
0 384.8 555.895 300 93
0 384.8 556.191 300 93
0 384.8 556.397 300 93
0 384.8 556.562 300 93
0 384.8 556.731 300 93
0 384.8 556.899 300 93
0 384.8 557.119 300 93
0 384.8 557.342 300 93
0 384.8 557.51 300 93
0 384.8 557.683 300 93
0 384.8 557.88 300 93
0 384.8 558.12 300 93
0 384.8 558.297 300 93
0 384.8 558.468 300 93
0 384.8 558.748 300 93
0 384.8 559.057 300 93
0 384.8 559.277 300 93
0 384.8 559.496 300 93
0 384.8 559.669 300 93
0 384.8 559.842 300 93
0 384.8 560.04 300 93
0 384.8 560.321 300 93
0 384.8 560.535 300 93
0 384.8 560.806 300 93
0 384.8 560.983 300 93
0 384.8 561.268 300 93
0 384.8 561.547 300 93
0 384.8 561.767 300 93
0 384.8 561.988 300 93
0 384.8 562.177 300 93
0 384.8 562.303 300 93
0 384.8 562.563 300 93
0 384.8 562.837 300 93
0 384.8 563.092 300 93
0 384.8 563.267 300 93
0 384.8 563.444 300 93
0 384.8 563.572 300 93
0 384.8 563.757 300 93
0 384.8 563.898 300 93
0 384.8 564.034 300 93
0 384.8 564.248 300 93
0 384.8 564.425 300 93
0 384.8 564.612 300 93
0 384.8 564.781 300 93
0 384.8 564.907 300 93
0 384.8 565.087 300 93
0 384.8 565.263 300 93
0 384.8 565.436 300 93
0 384.8 565.628 300 93
0 384.8 565.874 300 93
0 384.8 566.052 300 93
0 384.8 566.281 300 93
0 384.8 566.465 300 93
0 384.8 566.605 300 93
0 384.8 566.795 300 93
0 384.8 566.982 300 93
0 384.8 567.217 300 93
0 384.8 567.428 300 93
0 384.8 567.596 300 93
0 384.8 567.782 300 93
0 384.8 567.929 300 93
0 384.8 568.161 300 93
0 384.8 568.365 300 93
0 384.8 568.688 300 93
0 384.8 568.873 300 93
0 384.8 569.02 300 93
0 384.8 569.186 300 93
0 384.8 569.399 300 93
0 384.8 569.585 300 93
0 384.8 569.939 300 93
0 384.8 570.071 300 93
0 384.8 570.269 300 93
0 384.8 570.474 300 93
0 384.8 570.7 300 93
0 384.8 570.925 300 93
0 384.8 571.055 300 93
0 384.8 571.246 300 93
0 384.8 571.505 300 93
0 384.8 571.654 300 93
0 384.8 571.843 300 93
0 384.8 572.067 300 93
0 384.8 572.372 300 93
0 384.8 572.557 300 93
0 384.8 572.771 300 93
0 384.8 572.967 300 93
0 384.8 573.195 300 93
0 384.8 573.5 300 93
0 384.8 573.665 300 93
0 384.8 573.853 300 93
0 384.8 574.03 300 93
0 384.8 574.276 300 93
0 384.8 574.412 300 93
0 384.8 574.6 300 93
0 384.8 574.826 300 93
0 384.8 574.985 300 93
0 384.8 575.167 300 93
0 384.8 575.299 300 93
0 384.8 575.394 300 93
0 384.8 575.581 300 93
0 384.8 575.785 300 93
0 384.8 575.907 300 93
0 384.8 576.12 300 93
0 384.8 576.311 300 93
0 384.8 576.522 300 93
0 384.8 576.714 300 93
0 384.8 576.949 300 93
0 384.8 577.133 300 93
0 384.8 577.348 300 93
0 384.8 577.617 300 93
0 384.8 577.854 300 93
0 384.8 577.979 300 93
0 384.8 578.216 300 93
0 384.8 578.337 300 93
0 384.8 578.521 300 93
0 384.8 578.77 300 93
0 384.8 578.979 300 93
0 384.8 579.096 300 93
0 384.8 579.227 300 93
0 384.8 579.38 300 93
0 384.8 579.608 300 93
0 384.8 579.747 300 93
0 384.8 579.923 300 93
0 384.8 580.116 300 93
0 384.8 580.436 300 93
0 384.8 580.712 300 93
0 384.8 580.938 300 93
0 384.8 581.087 300 93
0 384.8 581.361 300 93
0 384.8 581.591 300 93
0 384.8 581.752 300 93
0 384.8 581.894 300 93
0 384.8 582.111 300 93
0 384.8 582.32 300 93
0 384.8 582.457 300 93
0 384.8 582.59 300 93
0 384.8 582.778 300 93
0 384.8 582.958 300 93
0 384.8 583.168 300 93
0 384.8 583.367 300 93
0 384.8 583.604 300 93
0 384.8 583.752 300 93
0 384.8 583.969 300 93
0 384.8 584.248 300 93
0 384.8 584.416 300 93
0 384.8 584.651 300 93
0 384.8 584.82 300 93
0 384.8 584.999 300 93
0 384.8 585.287 300 93
0 384.8 585.52 300 93
0 384.8 585.775 300 93
0 384.8 586.036 300 93
0 384.8 586.229 300 93
0 384.8 586.477 300 93
0 384.8 586.653 300 93
0 384.8 586.947 300 93
0 384.8 587.144 300 93
0 384.8 587.286 300 93
0 384.8 587.512 300 93
0 384.8 587.68 300 93
0 384.8 587.895 300 93
0 384.8 588.071 300 93
0 384.8 588.252 300 93
0 384.8 588.48 300 93
0 384.8 588.818 300 93
0 384.8 588.96 300 93
0 384.8 589.139 300 93
0 384.8 589.307 300 93
0 384.8 589.494 300 93
0 384.8 589.671 300 93
0 384.8 589.889 300 93
0 384.8 590.098 300 93
0 384.8 590.354 300 93
0 384.8 590.527 300 93
0 384.8 590.745 300 93
0 384.8 590.919 300 93
0 384.8 591.058 300 93
0 384.8 591.278 300 93
0 384.8 591.439 300 93
0 384.8 591.603 300 93
0 384.8 591.735 300 93
0 384.8 592.004 300 93
0 384.8 592.299 300 93
0 384.8 592.532 300 93
0 384.8 592.758 300 93
0 384.8 592.899 300 93
0 384.8 593.164 300 93
0 384.8 593.432 300 93
0 384.8 593.653 300 93
0 384.8 593.84 300 93
0 384.8 594.057 300 93
0 384.8 594.271 300 93
0 384.8 594.543 300 93
0 384.8 594.815 300 93
0 384.8 595.05 300 93
0 384.8 595.223 300 93
0 384.8 595.398 300 93
0 384.8 595.486 300 93
0 384.8 595.667 300 93
0 384.8 595.825 300 93
0 384.8 596.004 300 93
0 384.8 596.234 300 93
0 384.8 596.422 300 93
0 384.8 596.617 300 93
0 384.8 596.768 300 93
0 384.8 597.17 300 93
0 384.8 597.367 300 93
0 384.8 597.644 300 93
0 384.8 597.921 300 93
0 384.8 598.189 300 93
0 384.8 598.406 300 93
0 384.8 598.632 300 93
0 384.8 598.775 300 93
0 384.8 598.903 300 93
0 384.8 599.126 300 93
0 384.8 599.416 300 93
0 384.8 599.574 300 93
0 384.8 599.805 300 93
0 384.8 599.959 300 93
0 384.8 600.213 300 93
0 384.8 600.355 300 93
0 384.8 600.611 300 93
0 384.8 600.808 300 93
0 384.8 600.993 300 93
0 384.8 601.177 300 93
0 384.8 601.348 300 93
0 384.8 601.493 300 93
0 384.8 601.616 300 93
0 384.8 601.706 300 93
0 384.8 601.798 300 93
0 384.8 601.921 300 93
0 384.8 602.101 300 93
0 384.8 602.29 300 93
0 384.8 602.544 300 93
0 384.8 602.794 300 93
0 384.8 603.015 300 93
0 384.8 603.215 300 93
0 384.8 603.358 300 93
0 384.8 603.51 300 93
0 384.8 603.706 300 93
0 384.8 603.958 300 93
0 384.8 604.152 300 93
0 384.8 604.388 300 93
0 384.8 604.726 300 93
0 384.8 604.885 300 93
0 384.8 605.091 300 93
0 384.8 605.361 300 93
0 384.8 605.548 300 93
0 384.8 605.739 300 93
0 384.8 605.943 300 93
0 384.8 606.132 300 93
0 384.8 606.313 300 93
0 384.8 606.442 300 93
0 384.8 606.737 300 93
0 384.8 607.086 300 93
0 384.8 607.29 300 93
0 384.8 607.519 300 93
0 384.8 607.649 300 93
0 384.8 607.938 300 93
0 384.8 608.24 300 93
0 384.8 608.402 300 93
0 384.8 608.651 300 93
0 384.8 608.85 300 93
0 384.8 609.043 300 93
0 384.8 609.328 300 93
0 384.8 609.481 300 93
0 384.8 609.84 300 93
0 384.8 610.001 300 93
0 384.8 610.253 300 93
0 384.8 610.547 300 93
0 384.8 610.897 300 93
0 384.8 611.232 300 93
0 384.8 611.413 300 93
0 384.8 611.658 300 93
0 384.8 611.904 300 93
0 384.8 612.262 300 93
0 384.8 612.409 300 93
0 384.8 612.596 300 93
0 384.8 612.906 300 93
0 384.8 613.158 300 93
0 384.8 613.394 300 93
0 384.8 613.591 300 93
0 384.8 613.719 300 93
0 384.8 613.948 300 93
0 384.8 614.194 300 93
0 384.8 614.435 300 93
0 384.8 614.624 300 93
0 384.8 614.759 300 93
0 384.8 614.959 300 93
0 384.8 615.283 300 93
0 384.8 615.431 300 93
0 384.8 615.628 300 93
0 384.8 616.047 300 93
0 384.8 616.248 300 93
0 384.8 616.515 300 93
0 384.8 616.822 300 93
0 384.8 617.052 300 93
0 384.8 617.234 300 93
0 384.8 617.511 300 93
0 384.8 617.715 300 93
0 384.8 617.949 300 93
0 384.8 618.269 300 93
0 384.8 618.492 300 93
0 384.8 618.631 300 93
0 384.8 618.882 300 93
0 384.8 619.084 300 93
0 384.8 619.488 300 93
0 384.8 619.673 300 93
0 384.8 619.896 300 93
0 384.8 620.075 300 93
0 384.8 620.282 300 93
0 384.8 620.536 300 93
0 384.8 620.786 300 93
0 384.8 621.022 300 93
0 384.8 621.206 300 93
0 384.8 621.349 300 93
0 384.8 621.603 300 93
0 384.8 621.787 300 93
0 384.8 622.087 300 93
0 384.8 622.371 300 93
0 384.8 622.72 300 93
0 384.8 622.872 300 93
0 384.8 623.061 300 93
0 384.8 623.374 300 93
0 384.8 623.73 300 93
0 384.8 623.966 300 93
0 384.8 624.163 300 93
0 384.8 624.397 300 93
0 384.8 624.559 300 93
0 384.8 624.788 300 93
0 384.8 625.088 300 93
0 384.8 625.315 300 93
0 384.8 625.501 300 93
0 384.8 625.695 300 93
0 384.8 625.864 300 93
0 384.8 626.197 300 93
0 384.8 626.546 300 93
0 384.8 626.747 300 93
0 384.8 626.904 300 93
0 384.8 627.116 300 93
0 384.8 627.273 300 93
0 384.8 627.471 300 93
0 384.8 627.759 300 93
0 384.8 628.04 300 93
0 384.8 628.268 300 93
0 384.8 628.446 300 93
0 384.8 628.68 300 93
0 384.8 628.909 300 93
0 384.8 629.069 300 93
0 384.8 629.188 300 93
0 384.8 629.409 300 93
0 384.8 629.536 300 93
0 384.8 629.673 300 93
0 384.8 629.857 300 93
0 384.8 630.012 300 93
0 384.8 630.194 300 93
0 384.8 630.283 300 93
0 384.8 630.45 300 93
0 384.8 630.601 300 93
0 384.8 630.818 300 93
0 384.8 630.939 300 93
0 384.8 631.154 300 93
0 384.8 631.316 300 93
0 384.8 631.48 300 93
0 384.8 631.633 300 93
0 384.8 631.768 300 93
0 384.8 631.906 300 93
0 384.8 632.085 300 93
0 384.8 632.181 300 93
0 384.8 632.353 300 93
0 384.8 632.54 300 93
0 384.8 632.721 300 93
0 384.8 632.939 300 93
0 384.8 633.226 300 93
0 384.8 633.467 300 93
0 384.8 633.608 300 93
0 384.8 633.699 300 93
0 384.8 633.858 300 93
0 384.8 633.951 300 93
0 384.8 634.108 300 93
0 384.8 634.29 300 93
0 384.8 634.52 300 93
0 384.8 634.646 300 93
0 384.8 634.806 300 93
0 384.8 634.969 300 93
0 384.8 635.158 300 93
0 384.8 635.374 300 93
0 384.8 635.594 300 93
0 384.8 635.828 300 93
0 384.8 636.007 300 93
0 384.8 636.183 300 93
0 384.8 636.48 300 93
0 384.8 636.652 300 93
0 384.8 636.799 300 93
0 384.8 636.994 300 93
0 384.8 637.246 300 93
0 384.8 637.444 300 93
0 384.8 637.624 300 93
0 384.8 637.893 300 93
0 384.8 638.083 300 93
0 384.8 638.329 300 93
0 384.8 638.621 300 93
0 384.8 638.844 300 93
0 384.8 639.079 300 93
0 384.8 639.26 300 93
0 384.8 639.405 300 93
0 384.8 639.627 300 93
0 384.8 639.839 300 93
0 384.8 640.111 300 93
0 384.8 640.286 300 93
0 384.8 640.498 300 93
0 384.8 640.801 300 93
0 384.8 641.142 300 93
0 384.8 641.316 300 93
0 384.8 641.576 300 93
0 384.8 641.771 300 93
0 384.8 642.017 300 93
0 384.8 642.354 300 93
0 384.8 642.649 300 93
0 384.8 642.772 300 93
0 384.8 642.914 300 93
0 384.8 643.102 300 93
0 384.8 643.353 300 93
0 384.8 643.619 300 93
0 384.8 643.928 300 93
0 384.8 644.067 300 93
0 384.8 644.387 300 93
0 384.8 644.654 300 93
0 384.8 644.85 300 93
0 384.8 645.172 300 93
0 384.8 645.312 300 93
0 384.8 645.615 300 93
0 384.8 645.798 300 93
0 384.8 646.053 300 93
0 384.8 646.347 300 93
0 384.8 646.676 300 93
0 384.8 646.888 300 93
0 384.8 647.237 300 93
0 384.8 647.488 300 93
0 384.8 647.684 300 93
0 384.8 647.879 300 93
0 384.8 648.173 300 93
0 384.8 648.468 300 93
0 384.8 648.745 300 93
0 384.8 648.879 300 93
0 384.8 649.089 300 93
0 384.8 649.351 300 93
0 384.8 649.537 300 93
0 384.8 649.778 300 93
0 384.8 649.982 300 93
0 384.8 650.18 300 93
0 384.8 650.531 300 93
0 384.8 650.809 300 93
0 384.8 651.048 300 93
0 384.8 651.326 300 93
0 384.8 651.525 300 93
0 384.8 651.805 300 93
0 384.8 651.998 300 93
0 384.8 652.16 300 93
0 384.8 652.363 300 93
0 384.8 652.631 300 93
0 384.8 652.941 300 93
0 384.8 653.204 300 93
0 384.8 653.404 300 93
0 384.8 653.656 300 93
0 384.8 653.854 300 93
0 384.8 654.097 300 93
0 384.8 654.498 300 93
0 384.8 654.775 300 93
0 384.8 655.107 300 93
0 384.8 655.323 300 93
0 384.8 655.493 300 93
0 384.8 655.643 300 93
0 384.8 655.85 300 93
0 384.8 656.056 300 93
0 384.8 656.328 300 93
0 384.8 656.593 300 93
0 384.8 656.8 300 93
0 384.8 657.147 300 93
0 384.8 657.418 300 93
0 384.8 657.656 300 93
0 384.8 658.045 300 93
0 384.8 658.448 300 93
0 384.8 658.928 300 93
0 384.8 659.136 300 93
0 384.8 659.429 300 93
0 384.8 659.726 300 93
0 384.8 659.988 300 93
0 384.8 660.167 300 93
0 384.8 660.371 300 93
0 384.8 660.52 300 93
0 384.8 660.747 300 93
0 384.8 660.91 300 93
0 384.8 661.113 300 93
0 384.8 661.362 300 93
0 384.8 661.497 300 93
0 384.8 661.726 300 93
0 384.8 661.935 300 93
0 384.8 662.105 300 93
0 384.8 662.346 300 93
0 384.8 662.573 300 93
0 384.8 662.813 300 93
0 384.8 663.076 300 93
0 384.8 663.317 300 93
0 384.8 663.579 300 93
0 384.8 663.816 300 93
0 384.8 663.985 300 93
0 384.8 664.156 300 93
0 384.8 664.407 300 93
0 384.8 664.617 300 93
0 384.8 664.759 300 93
0 384.8 664.939 300 93
0 384.8 665.088 300 93
0 384.8 665.271 300 93
0 384.8 665.455 300 93
0 384.8 665.625 300 93
0 384.8 665.861 300 93
0 384.8 666.394 300 93
0 384.8 666.623 300 93
0 384.8 666.846 300 93
0 384.8 666.985 300 93
0 384.8 667.202 300 93
0 384.8 667.405 300 93
0 384.8 667.798 300 93
0 384.8 668.026 300 93
0 384.8 668.195 300 93
0 384.8 668.335 300 93
0 384.8 668.514 300 93
0 384.8 668.829 300 93
0 384.8 668.972 300 93
0 384.8 669.247 300 93
0 384.8 669.541 300 93
0 384.8 669.82 300 93
0 384.8 670.017 300 93
0 384.8 670.258 300 93
0 384.8 670.363 300 93
0 384.8 670.509 300 93
0 384.8 670.636 300 93
0 384.8 670.726 300 93
0 384.8 670.814 300 93
0 384.8 670.932 300 93
0 384.8 671.071 300 93
0 384.8 671.373 300 93
0 384.8 671.593 300 93
0 384.8 671.86 300 93
0 384.8 672.048 300 93
0 384.8 672.402 300 93
0 384.8 672.607 300 93
0 384.8 672.906 300 93
0 384.8 673.141 300 93
0 384.8 673.325 300 93
0 384.8 673.564 300 93
0 384.8 673.829 300 93
0 384.8 674.001 300 93
0 384.8 674.18 300 93
0 384.8 674.419 300 93
0 384.8 674.61 300 93
0 384.8 674.817 300 93
0 384.8 675 300 93
0 384.8 675.202 300 93
0 384.8 675.397 300 93
0 384.8 675.712 300 93
0 384.8 675.968 300 93
0 384.8 676.18 300 93
0 384.8 676.457 300 93
0 384.8 676.753 300 93
0 384.8 676.983 300 93
0 384.8 677.298 300 93
0 384.8 677.542 300 93
0 384.8 677.858 300 93
0 384.8 678.03 300 93
0 384.8 678.304 300 93
0 384.8 678.468 300 93
0 384.8 678.662 300 93
0 384.8 678.9 300 93
0 384.8 679.116 300 93
0 384.8 679.351 300 93
0 384.8 679.574 300 93
0 384.8 679.662 300 93
0 384.8 679.888 300 93
0 384.8 680.12 300 93
0 384.8 680.496 300 93
0 384.8 680.706 300 93
0 384.8 680.878 300 93
0 384.8 681.18 300 93
0 384.8 681.358 300 93
0 384.8 681.683 300 93
0 384.8 681.835 300 93
0 384.8 681.955 300 93
0 384.8 682.215 300 93
0 384.8 682.44 300 93
0 384.8 682.579 300 93
0 384.8 682.832 300 93
0 384.8 682.997 300 93
0 384.8 683.154 300 93
0 384.8 683.319 300 93
0 384.8 683.45 300 93
0 384.8 683.641 300 93
0 384.8 683.825 300 93
0 384.8 683.961 300 93
0 384.8 684.068 300 93
0 384.8 684.212 300 93
0 384.8 684.372 300 93
0 384.8 684.574 300 93
0 384.8 684.711 300 93
0 384.8 684.927 300 93
0 384.8 685.163 300 93
0 384.8 685.389 300 93
0 384.8 685.728 300 93
0 384.8 685.979 300 93
0 384.8 686.315 300 93
0 384.8 686.568 300 93
0 384.8 686.794 300 93
0 384.8 686.972 300 93
0 384.8 687.214 300 93
0 384.8 687.448 300 93
0 384.8 687.72 300 93
0 384.8 688.064 300 93
0 384.8 688.292 300 93
0 384.8 688.488 300 93
0 384.8 688.671 300 93
0 384.8 688.803 300 93
0 384.8 689.037 300 93
0 384.8 689.272 300 93
0 384.8 689.612 300 93
0 384.8 689.791 300 93
0 384.8 690.014 300 93
0 384.8 690.238 300 93
0 384.8 690.467 300 93
0 384.8 690.65 300 93
0 384.8 691.005 300 93
0 384.8 691.328 300 93
0 384.8 691.581 300 93
0 384.8 691.887 300 93
0 384.8 692.137 300 93
0 384.8 692.364 300 93
0 384.8 692.544 300 93
0 384.8 692.687 300 93
0 384.8 692.899 300 93
0 384.8 693.094 300 93
0 384.8 693.308 300 93
0 384.8 693.497 300 93
0 384.8 693.694 300 93
0 384.8 693.808 300 93
0 384.8 693.967 300 93
0 384.8 694.129 300 93
0 384.8 694.307 300 93
0 384.8 694.556 300 93
0 384.8 694.726 300 93
0 384.8 694.928 300 93
0 384.8 695.047 300 93
0 384.8 695.189 300 93
0 384.8 695.305 300 93
0 384.8 695.424 300 93
0 384.8 695.605 300 93
0 384.8 695.872 300 93
0 384.8 696.002 300 93
0 384.8 696.259 300 93
0 384.8 696.483 300 93
0 384.8 696.613 300 93
0 384.8 696.772 300 93
0 384.8 697.024 300 93
0 384.8 697.159 300 93
0 384.8 697.409 300 93
0 384.8 697.621 300 93
0 384.8 697.865 300 93
0 384.8 698.037 300 93
0 384.8 698.251 300 93
0 384.8 698.511 300 93
0 384.8 698.687 300 93
0 384.8 698.996 300 93
0 384.8 699.238 300 93
0 384.8 699.537 300 93
0 384.8 699.732 300 93
0 384.8 699.887 300 93
0 384.8 700.039 300 93
0 384.8 700.343 300 93
0 384.8 700.575 300 93
0 384.8 700.84 300 93
0 384.8 701.06 300 93
0 384.8 701.221 300 93
0 384.8 701.435 300 93
0 384.8 701.664 300 93
0 384.8 701.852 300 93
0 384.8 702.192 300 93
0 384.8 702.428 300 93
0 384.8 702.666 300 93
0 384.8 702.95 300 93
0 384.8 703.186 300 93
0 384.8 703.49 300 93
0 384.8 703.694 300 93
0 384.8 703.953 300 93
0 384.8 704.228 300 93
0 384.8 704.466 300 93
0 384.8 704.741 300 93
0 384.8 704.88 300 93
0 384.8 705.085 300 93
0 384.8 705.257 300 93
0 384.8 705.369 300 93
0 384.8 705.527 300 93
0 384.8 705.592 300 93
0 384.8 705.72 300 93
0 384.8 705.822 300 93
0 384.8 705.946 300 93
0 384.8 706.066 300 93
0 384.8 706.28 300 93
0 384.8 706.513 300 93
0 384.8 706.704 300 93
0 384.8 706.938 300 93
0 384.8 707.235 300 93
0 384.8 707.389 300 93
0 384.8 707.632 300 93
0 384.8 707.837 300 93
0 384.8 707.996 300 93
0 384.8 708.149 300 93
0 384.8 708.284 300 93
0 384.8 708.596 300 93
0 384.8 708.772 300 93
0 384.8 708.932 300 93
0 384.8 709.011 300 93
0 384.8 709.099 300 93
0 384.8 709.225 300 93
0 384.8 709.357 300 93
0 384.8 709.558 300 93
0 384.8 709.79 300 93
0 384.8 709.948 300 93
0 384.8 710.174 300 93
0 384.8 710.358 300 93
0 384.8 710.588 300 93
0 384.8 710.803 300 93
0 384.8 711.008 300 93
0 384.8 711.163 300 93
0 384.8 711.312 300 93
0 384.8 711.41 300 93
0 384.8 711.593 300 93
0 384.8 711.734 300 93
0 384.8 711.941 300 93
0 384.8 712.104 300 93
0 384.8 712.259 300 93
0 384.8 712.488 300 93
0 384.8 712.739 300 93
0 384.8 712.992 300 93
0 384.8 713.253 300 93
0 384.8 713.552 300 93
0 384.8 713.761 300 93
0 384.8 713.901 300 93
0 384.8 714.088 300 93
0 384.8 714.278 300 93
0 384.8 714.545 300 93
0 384.8 714.739 300 93
0 384.8 715.059 300 93
0 384.8 715.293 300 93
0 384.8 715.598 300 93
0 384.8 715.964 300 93
0 384.8 716.143 300 93
0 384.8 716.368 300 93
0 384.8 716.573 300 93
0 384.8 716.804 300 93
0 384.8 717.17 300 93
0 384.8 717.306 300 93
0 384.8 717.501 300 93
0 384.8 717.759 300 93
0 384.8 717.908 300 93
0 384.8 718.138 300 93
0 384.8 718.28 300 93
0 384.8 718.485 300 93
0 384.8 718.662 300 93
0 384.8 718.89 300 93
0 384.8 719.047 300 93
0 384.8 719.268 300 93
0 384.8 719.378 300 93
0 384.8 719.571 300 93
0 384.8 719.72 300 93
0 384.8 719.862 300 93
0 384.8 720.155 300 93
0 384.8 720.389 300 93
0 384.8 720.758 300 93
0 384.8 720.958 300 93
0 384.8 721.09 300 93
0 384.8 721.286 300 93
0 384.8 721.505 300 93
0 384.8 721.7 300 93
0 384.8 721.841 300 93
0 384.8 722.082 300 93
0 384.8 722.305 300 93
0 384.8 722.438 300 93
0 384.8 722.594 300 93
0 384.8 722.772 300 93
0 384.8 722.976 300 93
0 384.8 723.116 300 93
0 384.8 723.36 300 93
0 384.8 723.543 300 93
0 384.8 723.698 300 93
0 384.8 723.954 300 93
0 384.8 724.273 300 93
0 384.8 724.663 300 93
0 384.8 724.844 300 93
0 384.8 725.157 300 93
0 384.8 725.337 300 93
0 384.8 725.633 300 93
0 384.8 725.805 300 93
0 384.8 726.078 300 93
0 384.8 726.29 300 93
0 384.8 726.481 300 93
0 384.8 726.621 300 93
0 384.8 726.835 300 93
0 384.8 727.029 300 93
0 384.8 727.174 300 93
0 384.8 727.322 300 93
0 384.8 727.435 300 93
0 384.8 727.61 300 93
0 384.8 727.941 300 93
0 384.8 728.249 300 93
0 384.8 728.467 300 93
0 384.8 728.605 300 93
0 384.8 728.814 300 93
0 384.8 729.071 300 93
0 384.8 729.3 300 93
0 384.8 729.539 300 93
0 384.8 729.78 300 93
0 384.8 729.982 300 93
0 384.8 730.243 300 93
0 384.8 730.448 300 93
0 384.8 730.59 300 93
0 384.8 730.813 300 93
0 384.8 731.105 300 93
0 384.8 731.331 300 93
0 384.8 731.588 300 93
0 384.8 731.773 300 93
0 384.8 732.009 300 93
0 384.8 732.28 300 93
0 384.8 732.55 300 93
0 384.8 732.694 300 93
0 384.8 732.907 300 93
0 384.8 733.064 300 93
0 384.8 733.287 300 93
0 384.8 733.588 300 93
0 384.8 733.726 300 93
0 384.8 733.905 300 93
0 384.8 734.046 300 93
0 384.8 734.254 300 93
0 384.8 734.473 300 93
0 384.8 734.654 300 93
0 384.8 734.837 300 93
0 384.8 735.108 300 93
0 384.8 735.295 300 93
0 384.8 735.48 300 93
0 384.8 735.67 300 93
0 384.8 735.847 300 93
0 384.8 736.053 300 93
0 384.8 736.274 300 93
0 384.8 736.472 300 93
0 384.8 736.664 300 93
0 384.8 736.795 300 93
0 384.8 736.929 300 93
0 384.8 737.189 300 93
0 384.8 737.387 300 93
0 384.8 737.543 300 93
0 384.8 737.84 300 93
0 384.8 738.059 300 93
0 384.8 738.385 300 93
0 384.8 738.574 300 93
0 384.8 738.898 300 93
0 384.8 739.103 300 93
0 384.8 739.25 300 93
0 384.8 739.483 300 93
0 384.8 739.723 300 93
0 384.8 740.033 300 93
0 384.8 740.204 300 93
0 384.8 740.477 300 93
0 384.8 740.69 300 93
0 384.8 740.922 300 93
0 384.8 741.144 300 93
0 384.8 741.43 300 93
0 384.8 741.653 300 93
0 384.8 741.878 300 93
0 384.8 742.221 300 93
0 384.8 742.552 300 93
0 384.8 742.808 300 93
0 384.8 742.959 300 93
0 384.8 743.288 300 93
0 384.8 743.538 300 93
0 384.8 743.856 300 93
0 384.8 744.076 300 93
0 384.8 744.472 300 93
0 384.8 744.641 300 93
0 384.8 744.89 300 93
0 384.8 745.126 300 93
0 384.8 745.288 300 93
0 384.8 745.426 300 93
0 384.8 745.6 300 93
0 384.8 745.764 300 93
0 384.8 746.046 300 93
0 384.8 746.2 300 93
0 384.8 746.459 300 93
0 384.8 746.734 300 93
0 384.8 746.982 300 93
0 384.8 747.16 300 93
0 384.8 747.37 300 93
0 384.8 747.525 300 93
0 384.8 747.776 300 93
0 384.8 747.962 300 93
0 384.8 748.148 300 93
0 384.8 748.356 300 93
0 384.8 748.674 300 93
0 384.8 748.89 300 93
0 384.8 749.149 300 93
0 384.8 749.387 300 93
0 384.8 749.569 300 93
0 384.8 749.755 300 93
0 384.8 750.042 300 93
0 384.8 750.17 300 93
0 384.8 750.564 300 93
0 384.8 750.77 300 93
0 384.8 750.982 300 93
0 384.8 751.123 300 93
0 384.8 751.332 300 93
0 384.8 751.464 300 93
0 384.8 751.665 300 93
0 384.8 751.863 300 93
0 384.8 752.047 300 93
0 384.8 752.234 300 93
0 384.8 752.407 300 93
0 384.8 752.722 300 93
0 384.8 752.934 300 93
0 384.8 753.137 300 93
0 384.8 753.336 300 93
0 384.8 753.503 300 93
0 384.8 753.814 300 93
0 384.8 754.027 300 93
0 384.8 754.258 300 93
0 384.8 754.448 300 93
0 384.8 754.653 300 93
0 384.8 754.845 300 93
0 384.8 755.134 300 93
0 384.8 755.314 300 93
0 384.8 755.509 300 93
0 384.8 755.724 300 93
0 384.8 755.872 300 93
0 384.8 756.123 300 93
0 384.8 756.334 300 93
0 384.8 756.54 300 93
0 384.8 756.73 300 93
0 384.8 757.025 300 93
0 384.8 757.289 300 93
0 384.8 757.588 300 93
0 384.8 757.768 300 93
0 384.8 758.101 300 93
0 384.8 758.33 300 93
0 384.8 758.603 300 93
0 384.8 758.789 300 93
0 384.8 759.016 300 93
0 384.8 759.43 300 93
0 384.8 759.623 300 93
0 384.8 759.79 300 93
0 384.8 759.938 300 93
0 384.8 760.107 300 93
0 384.8 760.399 300 93
0 384.8 760.665 300 93
0 384.8 760.91 300 93
0 384.8 761.062 300 93
0 384.8 761.387 300 93
0 384.8 761.658 300 93
0 384.8 761.964 300 93
0 384.8 762.125 300 93
0 384.8 762.297 300 93
0 384.8 762.456 300 93
0 384.8 762.657 300 93
0 384.8 762.895 300 93
0 384.8 763.025 300 93
0 384.8 763.24 300 93
0 384.8 763.599 300 93
0 384.8 763.803 300 93
0 384.8 763.982 300 93
0 384.8 764.192 300 93
0 384.8 764.438 300 93
0 384.8 764.742 300 93
0 384.8 764.989 300 93
0 384.8 765.332 300 93
0 384.8 765.468 300 93
0 384.8 765.634 300 93
0 384.8 765.762 300 93
0 384.8 765.964 300 93
0 384.8 766.286 300 93
0 384.8 766.526 300 93
0 384.8 766.67 300 93
0 384.8 766.866 300 93
0 384.8 767.25 300 93
0 384.8 767.614 300 93
0 384.8 767.873 300 93
0 384.8 768.006 300 93
0 384.8 768.279 300 93
0 384.8 768.51 300 93
0 384.8 768.742 300 93
0 384.8 768.949 300 93
0 384.8 769.136 300 93
0 384.8 769.436 300 93
0 384.8 769.634 300 93
0 384.8 769.879 300 93
0 384.8 770.194 300 93
0 384.8 770.406 300 93
0 384.8 770.541 300 93
0 384.8 770.791 300 93
0 384.8 770.966 300 93
0 384.8 771.213 300 93
0 384.8 771.42 300 93
0 384.8 771.679 300 93
0 384.8 771.899 300 93
0 384.8 772.162 300 93
0 384.8 772.386 300 93
0 384.8 772.641 300 93
0 384.8 772.954 300 93
0 384.8 773.141 300 93
0 384.8 773.422 300 93
0 384.8 773.692 300 93
0 384.8 773.935 300 93
0 384.8 774.082 300 93
0 384.8 774.231 300 93
0 384.8 774.583 300 93
0 384.8 774.779 300 93
0 384.8 774.987 300 93
0 384.8 775.236 300 93
0 384.8 775.393 300 93
0 384.8 775.712 300 93
0 384.8 775.862 300 93
0 384.8 775.995 300 93
0 384.8 776.278 300 93
0 384.8 776.526 300 93
0 384.8 776.769 300 93
0 384.8 777.022 300 93
0 384.8 777.247 300 93
0 384.8 777.385 300 93
0 384.8 777.539 300 93
0 384.8 777.731 300 93
0 384.8 777.999 300 93
0 384.8 778.219 300 93
0 384.8 778.355 300 93
0 384.8 778.607 300 93
0 384.8 778.808 300 93
0 384.8 778.955 300 93
0 384.8 779.275 300 93
0 384.8 779.49 300 93
0 384.8 779.716 300 93
0 384.8 779.864 300 93
0 384.8 780.167 300 93
0 384.8 780.398 300 93
0 384.8 780.618 300 93
0 384.8 780.8 300 93
0 384.8 781.065 300 93
0 384.8 781.253 300 93
0 384.8 781.398 300 93
0 384.8 781.713 300 93
0 384.8 782.048 300 93
0 384.8 782.29 300 93
0 384.8 782.5 300 93
0 384.8 782.714 300 93
0 384.8 782.925 300 93
0 384.8 783.156 300 93
0 384.8 783.425 300 93
0 384.8 783.669 300 93
0 384.8 783.867 300 93
0 384.8 784.047 300 93
0 384.8 784.323 300 93
0 384.8 784.531 300 93
0 384.8 784.833 300 93
0 384.8 785.057 300 93
0 384.8 785.255 300 93
0 384.8 785.372 300 93
0 384.8 785.649 300 93
0 384.8 786.264 300 93
0 384.8 786.608 300 93
0 384.8 787.097 300 93
0 384.8 787.338 300 93
0 384.8 787.522 300 93
0 384.8 787.736 300 93
0 384.8 788.058 300 93
0 384.8 788.217 300 93
0 384.8 788.453 300 93
0 384.8 788.679 300 93
0 384.8 788.922 300 93
0 384.8 789.084 300 93
0 384.8 789.302 300 93
0 384.8 789.465 300 93
0 384.8 789.727 300 93
0 384.8 789.923 300 93
0 384.8 790.127 300 93
0 384.8 790.384 300 93
0 384.8 790.647 300 93
0 384.8 790.913 300 93
0 384.8 791.155 300 93
0 384.8 791.465 300 93
0 384.8 791.664 300 93
0 384.8 791.816 300 93
0 384.8 792.204 300 93
0 384.8 792.384 300 93
0 384.8 792.521 300 93
0 384.8 792.668 300 93
0 384.8 792.827 300 93
0 384.8 793.029 300 93
0 384.8 793.213 300 93
0 384.8 793.384 300 93
0 384.8 793.671 300 93
0 384.8 793.901 300 93
0 384.8 794.04 300 93
0 384.8 794.138 300 93
0 384.8 794.311 300 93
0 384.8 794.458 300 93
0 384.8 794.58 300 93
0 384.8 794.745 300 93
0 384.8 794.906 300 93
0 384.8 795.015 300 93
0 384.8 795.187 300 93
0 384.8 795.283 300 93
0 384.8 795.402 300 93
0 384.8 795.582 300 93
0 384.8 795.742 300 93
0 384.8 795.881 300 93
0 384.8 796.073 300 93
0 384.8 796.194 300 93
0 384.8 796.309 300 93
0 384.8 796.468 300 93
0 384.8 796.628 300 93
0 384.8 796.715 300 93
0 384.8 796.851 300 93
0 384.8 796.996 300 93
0 384.8 797.069 300 93
0 384.8 797.256 300 93
0 384.8 797.46 300 93
0 384.8 797.55 300 93
0 384.8 797.677 300 93
0 384.8 797.87 300 93
0 384.8 798.01 300 93
0 384.8 798.124 300 93
0 384.8 798.251 300 93
0 384.8 798.332 300 93
0 384.8 798.446 300 93
0 384.8 798.585 300 93
0 384.8 798.663 300 93
0 384.8 798.769 300 93
0 384.8 798.874 300 93
0 384.8 798.99 300 93
0 384.8 799.076 300 93
0 384.8 799.182 300 93
0 384.8 799.319 300 93
0 384.8 799.412 300 93
0 384.8 799.631 300 93
0 384.8 799.738 300 93
0 384.8 799.848 300 93
0 384.8 799.927 300 93
0 384.8 800.005 300 93
