0.360010 601.600000 601.600000
1.378080 360.800000 360.800000
2.385128 280.400000 280.400000
3.387258 269.200000 269.200000
4.387865 269.200000 269.200000
5.390292 269.200000 269.200000
6.394003 269.200000 566.000000
7.466969 269.200000 302.800000
8.480515 269.200000 269.200000
9.560332 269.200000 269.200000
10.631676 269.200000 269.200000
11.709565 269.200000 269.200000
12.731623 269.200000 562.400000
13.735335 269.200000 319.600000
14.764530 269.200000 286.000000
15.807010 269.200000 286.000000
16.852132 269.200000 286.000000
17.852267 269.200000 286.000000
18.865239 269.200000 280.400000
19.902344 269.200000 280.400000
20.963722 269.200000 280.400000
21.969439 269.200000 564.400000
22.979014 269.200000 314.000000
23.985756 269.200000 274.800000
24.987604 269.200000 269.200000
26.028283 269.200000 269.200000
27.032818 269.200000 269.200000
28.047103 269.200000 388.800000
29.061834 269.200000 308.400000
30.062193 263.600000 263.600000
31.109402 263.600000 263.600000
32.123018 263.600000 263.600000
33.130880 263.600000 263.600000
34.164089 263.600000 562.400000
35.183687 263.600000 280.400000
36.244115 263.600000 274.800000
37.247341 263.600000 274.800000
38.253432 263.600000 575.600000
39.263223 263.600000 422.400000
40.268887 263.600000 291.600000
41.333922 263.600000 291.600000
42.367678 263.600000 286.000000
43.377398 263.600000 280.400000
44.402265 263.600000 280.400000
45.409934 263.600000 280.400000
46.413794 263.600000 280.400000
47.427315 263.600000 280.400000
48.433486 263.600000 280.400000
49.449903 263.600000 568.000000
50.453689 263.600000 383.200000
51.457373 263.600000 375.600000
52.475558 263.600000 291.600000
53.477428 263.600000 291.600000
54.482736 263.600000 274.800000
55.486933 263.600000 274.800000
56.490667 263.600000 274.800000
57.561928 263.600000 274.800000
58.571258 263.600000 274.800000
59.592320 263.600000 274.800000
60.653645 263.600000 274.800000
61.718841 263.600000 458.000000
62.758867 263.600000 308.400000
63.798911 263.600000 286.000000
64.871194 263.600000 280.400000
65.904069 263.600000 280.400000
66.939523 263.600000 280.400000
67.941767 263.600000 280.400000
68.948558 263.600000 280.400000
69.966297 263.600000 280.400000
71.030023 263.600000 502.800000
72.032876 263.600000 330.800000
73.035065 263.600000 286.000000
74.064400 263.600000 274.800000
75.064610 263.600000 269.200000
76.089082 263.600000 269.200000
77.137071 263.600000 269.200000
78.185546 263.600000 269.200000
79.194349 263.600000 269.200000
80.219758 263.600000 568.000000
81.238513 263.600000 405.600000
82.304970 263.600000 314.000000
83.340384 263.600000 308.400000
84.340478 263.600000 308.400000
85.348918 263.600000 297.200000
86.395921 263.600000 297.200000
87.418910 263.600000 297.200000
88.440690 263.600000 297.200000
89.472594 263.600000 297.200000
90.546055 263.600000 353.200000
91.590976 263.600000 342.000000
92.626497 263.600000 342.000000
93.655434 263.600000 286.000000
94.656626 263.600000 280.400000
95.662088 263.600000 280.400000
96.683071 263.600000 280.400000
97.688475 263.600000 280.400000
98.692996 263.600000 280.400000
99.832964 263.600000 579.200000
100.840005 263.600000 456.000000
101.854973 263.600000 372.000000
102.897797 263.600000 302.800000
103.905512 263.600000 297.200000
104.913970 263.600000 297.200000
105.927066 263.600000 297.200000
106.947494 263.600000 297.200000
107.965621 263.600000 297.200000
108.973985 263.600000 568.000000
109.984201 263.600000 562.400000
110.991621 263.600000 403.600000
112.016181 263.600000 302.800000
113.058171 263.600000 272.800000
114.064671 263.600000 272.800000
115.073476 263.600000 272.800000
116.074346 263.600000 272.800000
117.098156 263.600000 489.600000
118.100786 263.600000 302.800000
119.112871 263.600000 280.400000
120.130056 263.600000 274.800000
121.192538 263.600000 274.800000
122.234522 263.600000 274.800000
123.410389 263.600000 584.800000
124.417938 263.600000 364.400000
125.424783 263.600000 327.200000
126.426510 263.600000 274.800000
127.429856 263.600000 274.800000
128.432878 263.600000 267.200000
129.503177 263.600000 267.200000
130.511074 263.600000 267.200000
131.542363 263.600000 267.200000
132.580155 263.600000 568.000000
133.582305 263.600000 314.000000
134.611701 263.600000 310.400000
135.611910 263.600000 286.000000
136.616876 263.600000 286.000000
137.623253 263.600000 286.000000
138.639563 263.600000 286.000000
139.651811 263.600000 573.600000
140.655452 263.600000 358.800000
141.706200 263.600000 274.800000
142.709101 263.600000 269.200000
143.716931 263.600000 263.600000
144.728458 263.600000 263.600000
145.742005 263.600000 263.600000
146.749688 263.600000 263.600000
147.777436 263.600000 573.600000
148.788026 263.600000 308.400000
149.840273 263.600000 291.600000
150.883309 263.600000 269.200000
151.904080 263.600000 263.600000
152.955484 263.600000 263.600000
153.969277 263.600000 263.600000
154.980463 263.600000 568.000000
155.983394 263.600000 342.000000
156.995482 263.600000 272.800000
157.999473 263.600000 272.800000
159.004537 263.600000 272.800000
160.022649 263.600000 272.800000
161.049684 263.600000 601.600000
162.069878 263.600000 302.800000
163.073883 263.600000 291.600000
164.075074 263.600000 274.800000
165.143336 263.600000 269.200000
166.156240 263.600000 269.200000
167.175815 263.600000 269.200000
168.211393 263.600000 269.200000
169.224484 263.600000 269.200000
170.240780 263.600000 553.200000
171.250993 263.600000 319.600000
172.321085 263.600000 284.000000
173.330066 263.600000 280.400000
174.330764 263.600000 269.200000
175.334746 263.600000 269.200000
176.339528 263.600000 269.200000
177.401788 263.600000 269.200000
178.413137 263.600000 269.200000
179.424618 263.600000 573.600000
180.433614 263.600000 431.600000
181.447468 263.600000 327.200000
182.476014 263.600000 286.000000
183.485196 263.600000 286.000000
184.492029 263.600000 286.000000
185.512188 263.600000 286.000000
186.533120 263.600000 581.200000
187.533318 263.600000 381.200000
188.542956 263.600000 286.000000
189.631073 263.600000 263.600000
190.663214 263.600000 263.600000
191.673213 263.600000 263.600000
192.675493 263.600000 263.600000
193.715399 263.600000 263.600000
194.728051 263.600000 534.400000
195.728078 263.600000 286.000000
196.730491 263.600000 286.000000
197.763771 263.600000 280.400000
198.768479 263.600000 280.400000
199.829558 263.600000 280.400000
200.872485 263.600000 581.200000
201.879970 263.600000 319.600000
202.933190 263.600000 280.400000
203.986402 263.600000 272.800000
205.041224 263.600000 269.200000
206.044075 263.600000 269.200000
207.046168 263.600000 584.800000
208.076913 263.600000 319.600000
209.091402 263.600000 297.200000
210.146063 263.600000 291.600000
211.152135 263.600000 291.600000
212.186049 263.600000 568.000000
213.194349 263.600000 297.200000
214.262300 263.600000 291.600000
215.269254 252.400000 252.400000
216.321534 252.400000 252.400000
217.324951 252.400000 252.400000
218.349883 252.400000 568.000000
219.352260 252.400000 314.000000
220.352705 252.400000 286.000000
221.412787 252.400000 280.400000
222.419291 252.400000 278.400000
223.425031 252.400000 278.400000
224.449661 252.400000 278.400000
225.461821 252.400000 278.400000
226.526400 252.400000 590.400000
227.547702 252.400000 353.200000
228.562154 252.400000 291.600000
229.630501 252.400000 291.600000
230.636989 252.400000 291.600000
231.638422 252.400000 291.600000
232.667214 252.400000 568.000000
233.678544 252.400000 338.400000
234.736556 252.400000 286.000000
235.739757 252.400000 263.600000
236.742408 252.400000 252.400000
237.755359 252.400000 252.400000
238.764716 252.400000 252.400000
239.772846 252.400000 252.400000
240.781222 252.400000 252.400000
241.826054 252.400000 570.000000
242.838383 252.400000 308.400000
243.842976 252.400000 297.200000
244.872136 252.400000 286.000000
245.936011 252.400000 286.000000
246.937893 252.400000 286.000000
247.946605 252.400000 280.400000
248.958384 252.400000 280.400000
249.959623 252.400000 280.400000
251.201955 252.400000 575.600000
252.254184 252.400000 360.800000
253.269744 252.400000 302.800000
254.319039 252.400000 286.000000
255.352076 252.400000 258.000000
256.367698 252.400000 258.000000
257.377467 252.400000 258.000000
258.406347 252.400000 579.200000
259.411949 252.400000 336.400000
260.437383 252.400000 297.200000
261.454544 252.400000 269.200000
262.477463 252.400000 258.000000
263.502987 252.400000 258.000000
264.547349 252.400000 258.000000
265.559607 252.400000 258.000000
266.610738 252.400000 325.200000
267.616513 252.400000 269.200000
268.625762 252.400000 269.200000
269.659496 252.400000 269.200000
270.662089 252.400000 269.200000
271.879771 252.400000 584.800000
272.941635 252.400000 472.800000
273.979052 252.400000 330.800000
274.989021 252.400000 280.400000
276.016988 252.400000 280.400000
277.068156 252.400000 280.400000
278.071378 252.400000 278.400000
279.081416 252.400000 278.400000
280.107151 252.400000 278.400000
281.110776 252.400000 278.400000
282.130569 252.400000 547.600000
283.195542 252.400000 366.400000
284.219121 252.400000 319.600000
285.255164 252.400000 269.200000
286.261324 252.400000 263.600000
287.279809 252.400000 263.600000
288.289664 252.400000 263.600000
289.292210 252.400000 263.600000
290.296102 252.400000 444.800000
291.303161 252.400000 297.200000
292.362468 252.400000 297.200000
293.433944 252.400000 286.000000
294.469204 252.400000 269.200000
295.471795 252.400000 263.600000
296.496791 252.400000 263.600000
297.571811 252.400000 263.600000
298.592810 252.400000 263.600000
299.610581 252.400000 263.600000
300.619072 252.400000 500.800000
301.639891 252.400000 358.800000
302.714078 252.400000 291.600000
303.765705 252.400000 286.000000
304.772538 252.400000 286.000000
305.846693 252.400000 286.000000
306.871266 252.400000 286.000000
307.899693 252.400000 286.000000
308.960918 252.400000 286.000000
309.963894 252.400000 530.800000
311.038657 252.400000 411.200000
312.041123 252.400000 297.200000
313.071163 252.400000 291.600000
314.075100 252.400000 286.000000
315.094150 252.400000 280.400000
316.161121 252.400000 280.400000
317.164516 252.400000 280.400000
318.167676 252.400000 280.400000
319.191192 252.400000 280.400000
320.197799 252.400000 280.400000
321.243898 252.400000 573.600000
322.246159 252.400000 416.800000
323.263599 252.400000 370.000000
324.271276 252.400000 302.800000
325.276435 252.400000 252.400000
326.285109 252.400000 252.400000
327.316248 252.400000 252.400000
328.317826 252.400000 252.400000
329.326955 252.400000 252.400000
330.420229 252.400000 581.200000
331.469665 252.400000 568.000000
332.486279 252.400000 353.200000
333.491038 252.400000 297.200000
334.505107 252.400000 297.200000
335.548262 252.400000 274.800000
336.579038 252.400000 274.800000
337.590576 252.400000 269.200000
338.611914 252.400000 269.200000
339.681650 252.400000 269.200000
340.712701 252.400000 269.200000
341.769457 252.400000 575.600000
342.791993 252.400000 556.800000
343.793911 252.400000 330.800000
344.837217 252.400000 291.600000
345.894663 252.400000 267.200000
346.907435 252.400000 263.600000
347.928965 252.400000 263.600000
348.949704 252.400000 263.600000
349.962741 252.400000 263.600000
350.974920 252.400000 579.200000
351.996197 252.400000 330.800000
353.003745 252.400000 297.200000
354.006364 252.400000 274.800000
355.010659 252.400000 274.800000
356.017625 252.400000 274.800000
357.030918 252.400000 274.800000
358.054118 252.400000 274.800000
359.057206 252.400000 573.600000
360.062816 252.400000 388.800000
361.070128 252.400000 295.200000
362.073609 252.400000 286.000000
363.077302 252.400000 286.000000
364.094612 252.400000 280.400000
365.108638 252.400000 280.400000
366.126488 252.400000 280.400000
367.162872 252.400000 280.400000
368.163144 252.400000 280.400000
369.177339 252.400000 530.800000
370.204356 252.400000 349.600000
371.214990 252.400000 280.400000
372.236573 252.400000 280.400000
373.260477 252.400000 280.400000
374.274757 252.400000 258.000000
375.287272 252.400000 258.000000
376.298256 252.400000 258.000000
377.361525 252.400000 258.000000
378.375208 252.400000 258.000000
379.423372 252.400000 302.800000
380.441528 252.400000 284.000000
381.445783 252.400000 284.000000
382.454944 252.400000 284.000000
383.471437 252.400000 284.000000
384.505154 252.400000 579.200000
385.548250 252.400000 347.600000
386.558548 252.400000 342.000000
387.607301 252.400000 280.400000
388.647670 252.400000 269.200000
389.647819 252.400000 258.000000
390.648110 252.400000 258.000000
391.714280 252.400000 258.000000
392.743051 252.400000 568.000000
393.766160 252.400000 347.600000
394.795850 252.400000 336.400000
395.798899 252.400000 280.400000
396.824832 252.400000 280.400000
397.866140 252.400000 280.400000
398.872596 252.400000 278.400000
399.896818 252.400000 278.400000
400.941725 252.400000 278.400000
401.976613 252.400000 400.000000
402.981723 252.400000 291.600000
404.039720 252.400000 274.800000
405.052034 252.400000 269.200000
406.067528 252.400000 258.000000
407.069975 252.400000 256.000000
408.078567 252.400000 256.000000
409.082524 252.400000 256.000000
410.094415 252.400000 256.000000
411.111917 252.400000 256.000000
412.179129 252.400000 562.400000
413.182321 252.400000 431.600000
414.189972 252.400000 308.400000
415.208478 252.400000 286.000000
416.245697 252.400000 274.800000
417.280285 252.400000 269.200000
418.289526 252.400000 269.200000
419.304331 252.400000 269.200000
420.322072 252.400000 269.200000
421.334366 252.400000 269.200000
422.398716 252.400000 581.200000
423.450928 252.400000 411.200000
424.500479 252.400000 274.800000
425.519028 252.400000 267.200000
426.552306 252.400000 267.200000
427.556098 252.400000 263.600000
428.561096 252.400000 263.600000
429.613621 252.400000 263.600000
430.622073 252.400000 263.600000
431.622648 252.400000 263.600000
432.658688 252.400000 484.000000
433.676407 252.400000 308.400000
434.685325 252.400000 302.800000
435.693592 252.400000 280.400000
436.709977 252.400000 272.800000
437.715499 252.400000 272.800000
438.727855 252.400000 272.800000
439.733032 252.400000 463.600000
440.752249 252.400000 308.400000
441.756910 252.400000 308.400000
442.814965 252.400000 286.000000
443.816068 252.400000 286.000000
444.825743 252.400000 286.000000
445.827434 252.400000 278.400000
446.834808 252.400000 278.400000
447.844597 252.400000 278.400000
448.856918 252.400000 278.400000
449.902576 252.400000 353.200000
450.907818 252.400000 330.800000
451.912324 252.400000 274.800000
452.920058 252.400000 274.800000
453.968425 252.400000 272.800000
454.984317 252.400000 272.800000
456.025469 252.400000 272.800000
457.052078 252.400000 472.800000
458.063748 252.400000 302.800000
459.069610 252.400000 291.600000
460.069892 252.400000 263.600000
461.130808 252.400000 263.600000
462.141138 252.400000 263.600000
463.156167 252.400000 258.000000
464.165378 252.400000 258.000000
465.165772 252.400000 258.000000
466.167519 252.400000 258.000000
467.180910 252.400000 258.000000
468.196064 252.400000 478.400000
469.206788 252.400000 342.000000
470.211991 252.400000 314.000000
471.217477 252.400000 308.400000
472.251636 252.400000 308.400000
473.257004 252.400000 302.800000
474.257325 252.400000 302.800000
475.282434 252.400000 302.800000
476.302002 252.400000 302.800000
477.317922 252.400000 566.000000
478.368123 252.400000 478.400000
479.421269 252.400000 297.200000
480.432268 252.400000 297.200000
481.436430 252.400000 291.600000
482.473308 252.400000 263.600000
483.474406 252.400000 263.600000
484.528023 252.400000 263.600000
485.529208 252.400000 263.600000
486.595620 252.400000 263.600000
487.599769 252.400000 263.600000
488.614484 252.400000 562.400000
489.615056 252.400000 314.000000
490.661170 252.400000 314.000000
491.715319 252.400000 258.000000
492.756220 252.400000 258.000000
493.767264 252.400000 252.400000
494.817538 252.400000 252.400000
495.838757 252.400000 252.400000
496.845615 252.400000 252.400000
497.868122 246.800000 246.800000
498.874767 246.800000 246.800000
499.916805 246.800000 246.800000
500.939312 246.800000 246.800000
501.957596 246.800000 573.600000
503.017856 246.800000 431.600000
504.021003 246.800000 269.200000
505.028043 246.800000 267.200000
506.047616 246.800000 267.200000
507.072219 246.800000 267.200000
508.077389 246.800000 566.000000
509.077522 246.800000 308.400000
510.093277 246.800000 286.000000
511.106670 246.800000 280.400000
512.117985 246.800000 280.400000
513.141746 246.800000 280.400000
514.189266 246.800000 280.400000
515.219846 246.800000 573.600000
516.223368 246.800000 461.600000
517.269400 246.800000 302.800000
518.272387 246.800000 286.000000
519.285144 246.800000 280.400000
520.290824 246.800000 280.400000
521.353687 246.800000 280.400000
522.361267 246.800000 575.600000
523.367149 246.800000 319.600000
524.389536 246.800000 297.200000
525.400094 246.800000 269.200000
526.405166 246.800000 269.200000
527.427955 246.800000 269.200000
528.439332 246.800000 267.200000
529.470679 246.800000 267.200000
530.477187 246.800000 267.200000
531.477304 246.800000 267.200000
532.485873 246.800000 568.000000
533.548152 246.800000 386.800000
534.570526 246.800000 269.200000
535.575313 246.800000 267.200000
536.579711 246.800000 258.000000
537.591724 246.800000 258.000000
538.599216 246.800000 258.000000
539.612072 246.800000 258.000000
540.619224 246.800000 258.000000
541.811361 246.800000 579.200000
542.823506 246.800000 562.400000
543.828135 246.800000 325.200000
544.852710 246.800000 319.600000
545.869409 246.800000 274.800000
546.921871 246.800000 272.800000
547.987115 246.800000 272.800000
549.029534 246.800000 272.800000
550.114357 246.800000 575.600000
551.114769 246.800000 472.800000
552.125530 246.800000 297.200000
553.175351 246.800000 291.600000
554.181720 246.800000 280.400000
555.192237 246.800000 280.400000
556.201134 246.800000 280.400000
557.216645 246.800000 280.400000
558.217430 246.800000 280.400000
559.528456 246.800000 579.200000
560.537323 246.800000 562.400000
561.546986 246.800000 450.400000
562.550830 246.800000 291.600000
563.554666 246.800000 274.800000
564.560949 246.800000 274.800000
565.578322 246.800000 272.800000
566.578514 246.800000 272.800000
567.606153 246.800000 269.200000
568.610333 246.800000 269.200000
569.621477 246.800000 269.200000
570.652001 246.800000 336.400000
571.654364 246.800000 286.000000
572.673021 246.800000 278.400000
573.700024 246.800000 269.200000
574.722711 246.800000 269.200000
575.754436 246.800000 263.600000
576.779063 246.800000 263.600000
577.786440 246.800000 261.600000
578.790874 246.800000 256.000000
579.796404 246.800000 256.000000
580.805831 246.800000 256.000000
581.819565 246.800000 256.000000
582.837838 246.800000 579.200000
583.853354 246.800000 330.800000
584.887962 246.800000 291.600000
585.893568 246.800000 269.200000
586.906929 246.800000 246.800000
587.909457 246.800000 246.800000
588.966803 235.600000 235.600000
589.982685 235.600000 235.600000
590.993994 235.600000 235.600000
592.043023 235.600000 235.600000
593.113123 235.600000 573.600000
594.127780 235.600000 314.000000
595.128472 235.600000 291.600000
596.146818 235.600000 286.000000
597.165268 235.600000 286.000000
598.207203 235.600000 286.000000
599.224513 235.600000 286.000000
600.226529 235.600000 558.800000
601.258810 235.600000 377.600000
602.260119 235.600000 291.600000
603.281011 235.600000 274.800000
604.281678 235.600000 263.600000
605.313386 235.600000 263.600000
606.338354 235.600000 263.600000
607.557682 235.600000 579.200000
608.562069 235.600000 437.200000
609.578599 235.600000 338.400000
610.618610 235.600000 261.600000
611.652897 235.600000 261.600000
612.669269 235.600000 261.600000
613.680964 235.600000 261.600000
614.709819 235.600000 261.600000
615.755072 235.600000 562.400000
616.777053 235.600000 394.400000
617.851151 235.600000 302.800000
618.924021 235.600000 295.200000
619.944833 235.600000 286.000000
620.958989 235.600000 274.800000
621.966392 235.600000 274.800000
622.973014 235.600000 274.800000
624.031240 235.600000 274.800000
625.039264 235.600000 274.800000
626.052821 235.600000 584.800000
627.087460 235.600000 525.200000
628.112816 235.600000 400.000000
629.125231 235.600000 358.800000
630.131619 235.600000 284.000000
631.170052 235.600000 280.400000
632.192988 235.600000 280.400000
633.207149 235.600000 280.400000
634.227849 235.600000 280.400000
635.235763 235.600000 280.400000
636.253490 235.600000 403.600000
637.301230 235.600000 325.200000
638.319705 235.600000 325.200000
639.319894 235.600000 308.400000
640.349031 235.600000 302.800000
641.368615 235.600000 297.200000
642.373555 235.600000 297.200000
643.380136 235.600000 297.200000
644.380277 235.600000 297.200000
645.385632 235.600000 297.200000
646.441930 235.600000 568.000000
647.465024 235.600000 325.200000
648.471531 235.600000 269.200000
649.472051 235.600000 263.600000
650.484243 235.600000 263.600000
651.511621 235.600000 263.600000
652.519359 235.600000 263.600000
653.530836 235.600000 263.600000
654.541777 235.600000 579.200000
655.578935 235.600000 484.000000
656.602717 235.600000 297.200000
657.616409 235.600000 291.600000
658.648562 235.600000 286.000000
659.659782 235.600000 280.400000
660.674849 235.600000 274.800000
661.730876 235.600000 274.800000
662.735680 235.600000 274.800000
663.764213 235.600000 274.800000
664.787985 235.600000 274.800000
665.787991 235.600000 579.200000
666.803146 235.600000 314.000000
667.828202 235.600000 314.000000
668.890093 235.600000 272.800000
669.891873 235.600000 272.800000
670.917412 235.600000 269.200000
671.948399 235.600000 269.200000
672.973938 235.600000 267.200000
673.993608 235.600000 267.200000
675.004701 235.600000 267.200000
676.053015 235.600000 267.200000
677.061590 235.600000 416.800000
678.072178 235.600000 319.600000
679.082628 235.600000 286.000000
680.129226 235.600000 280.400000
681.137174 235.600000 274.800000
682.159178 235.600000 272.800000
683.194920 235.600000 272.800000
684.196046 235.600000 272.800000
685.200963 235.600000 272.800000
686.207889 235.600000 272.800000
687.276358 235.600000 512.000000
688.310788 235.600000 336.400000
689.315678 235.600000 336.400000
690.330412 235.600000 330.800000
691.336632 235.600000 308.400000
692.346921 235.600000 302.800000
693.356593 235.600000 302.800000
694.367062 235.600000 302.800000
695.382258 235.600000 302.800000
696.466883 235.600000 302.800000
697.749301 235.600000 581.200000
698.763662 235.600000 377.600000
699.776408 235.600000 308.400000
700.792726 235.600000 280.400000
701.817205 235.600000 280.400000
702.848947 235.600000 280.400000
703.879886 235.600000 280.400000
704.944968 235.600000 280.400000
705.972350 235.600000 280.400000
707.033274 235.600000 568.000000
708.043106 235.600000 353.200000
709.054426 235.600000 314.000000
710.067868 235.600000 274.800000
711.070934 235.600000 269.200000
712.078580 235.600000 269.200000
713.085865 235.600000 269.200000
714.246658 235.600000 601.600000
715.253607 235.600000 358.800000
716.256891 235.600000 358.800000
717.263547 235.600000 286.000000
718.277933 235.600000 280.400000
719.309263 235.600000 280.400000
720.381529 235.600000 278.400000
721.398011 235.600000 278.400000
722.407138 235.600000 278.400000
723.437617 235.600000 573.600000
724.470686 235.600000 360.800000
725.494665 235.600000 291.600000
726.509670 235.600000 269.200000
727.572275 235.600000 269.200000
728.650594 235.600000 267.200000
729.671735 235.600000 267.200000
730.675268 235.600000 267.200000
731.848245 235.600000 573.600000
732.862718 235.600000 347.600000
733.887960 235.600000 297.200000
734.902775 235.600000 288.000000
735.954113 235.600000 278.400000
736.962622 235.600000 278.400000
737.969460 235.600000 278.400000
738.975735 235.600000 278.400000
739.979339 235.600000 489.600000
741.042213 235.600000 314.000000
742.071466 235.600000 274.800000
743.077375 235.600000 272.800000
744.104410 235.600000 272.800000
745.124644 235.600000 269.200000
746.132130 235.600000 269.200000
747.157882 235.600000 269.200000
748.167126 235.600000 269.200000
749.172241 235.600000 269.200000
750.186291 235.600000 573.600000
751.190194 235.600000 562.400000
752.194841 235.600000 456.000000
753.214672 235.600000 347.600000
754.215241 235.600000 280.400000
755.246423 235.600000 278.400000
756.263768 235.600000 274.800000
757.297672 235.600000 274.800000
758.321487 235.600000 272.800000
759.343691 235.600000 272.800000
760.346010 235.600000 272.800000
761.353785 235.600000 575.600000
762.364402 235.600000 336.400000
763.419598 235.600000 274.800000
764.427937 235.600000 269.200000
765.436034 235.600000 269.200000
766.450042 235.600000 269.200000
767.469856 235.600000 269.200000
768.499934 235.600000 269.200000
769.509941 235.600000 579.200000
770.513364 235.600000 336.400000
771.517599 235.600000 319.600000
772.524213 235.600000 297.200000
773.579190 235.600000 286.000000
774.615169 235.600000 274.800000
775.640464 235.600000 274.800000
776.648112 235.600000 274.800000
777.666090 235.600000 274.800000
778.675165 235.600000 540.000000
779.716772 235.600000 319.600000
780.757310 235.600000 297.200000
781.781545 235.600000 286.000000
782.801080 235.600000 286.000000
783.819650 235.600000 286.000000
784.865078 235.600000 286.000000
785.869337 235.600000 568.000000
786.873173 235.600000 319.600000
787.875962 235.600000 291.600000
788.878717 235.600000 286.000000
789.885833 235.600000 286.000000
790.906352 235.600000 286.000000
791.945608 235.600000 286.000000
792.984267 235.600000 472.800000
793.995899 235.600000 319.600000
794.995965 235.600000 319.600000
796.001878 235.600000 319.600000
797.008171 235.600000 370.000000
798.020089 235.600000 302.800000
799.031770 235.600000 286.000000
