0.392656 581.200000 581.200000
1.405923 375.600000 375.600000
2.418477 308.400000 308.400000
3.444187 291.600000 291.600000
4.503520 286.000000 286.000000
5.531084 274.800000 274.800000
6.547077 274.800000 274.800000
7.549787 274.800000 274.800000
8.607124 274.800000 274.800000
9.627268 274.800000 274.800000
10.642355 274.800000 568.000000
11.651070 274.800000 314.000000
12.653817 258.000000 258.000000
13.665515 258.000000 258.000000
14.683131 258.000000 258.000000
15.688794 258.000000 258.000000
16.694054 258.000000 573.600000
17.767610 258.000000 297.200000
18.811463 258.000000 293.600000
19.863148 258.000000 284.000000
20.873882 258.000000 284.000000
21.916489 258.000000 280.400000
22.927036 258.000000 280.400000
23.946616 258.000000 280.400000
24.956367 258.000000 584.800000
25.962654 258.000000 556.800000
26.965893 258.000000 325.200000
27.984181 258.000000 280.400000
28.987860 258.000000 267.200000
29.999372 258.000000 263.600000
31.067815 258.000000 263.600000
32.095782 258.000000 263.600000
33.109608 258.000000 263.600000
34.124567 258.000000 532.800000
35.151691 258.000000 314.000000
36.157569 258.000000 280.400000
37.163630 258.000000 274.800000
38.181245 258.000000 269.200000
39.185613 258.000000 269.200000
40.198010 258.000000 269.200000
41.226379 258.000000 269.200000
42.228952 258.000000 269.200000
43.247015 258.000000 269.200000
44.262077 258.000000 566.000000
45.327278 258.000000 416.800000
46.366251 258.000000 308.400000
47.400993 258.000000 291.600000
48.431521 258.000000 291.600000
49.438344 258.000000 280.400000
50.454816 258.000000 269.200000
51.469319 258.000000 269.200000
52.529896 258.000000 269.200000
53.550897 258.000000 269.200000
54.623969 258.000000 269.200000
55.647243 258.000000 573.600000
56.716064 258.000000 388.800000
57.753193 258.000000 325.200000
58.754068 258.000000 274.800000
59.777520 258.000000 269.200000
60.779278 258.000000 263.600000
61.784664 258.000000 263.600000
62.813852 258.000000 263.600000
63.823205 258.000000 263.600000
64.864646 258.000000 263.600000
65.872850 258.000000 263.600000
67.038827 258.000000 584.800000
68.056029 258.000000 400.000000
69.061825 258.000000 316.000000
70.115351 258.000000 286.000000
71.136910 258.000000 280.400000
72.192262 258.000000 280.400000
73.207624 258.000000 280.400000
74.214280 258.000000 280.400000
75.214885 258.000000 280.400000
76.253431 258.000000 575.600000
77.276194 258.000000 422.400000
78.304353 258.000000 280.400000
79.334183 258.000000 280.400000
80.350998 258.000000 280.400000
81.363248 258.000000 274.800000
82.375577 258.000000 274.800000
83.382575 258.000000 274.800000
84.425146 258.000000 274.800000
85.437913 258.000000 274.800000
86.592961 258.000000 573.600000
87.615877 258.000000 388.800000
88.683395 258.000000 302.800000
89.706666 258.000000 291.600000
90.737945 258.000000 291.600000
91.745684 258.000000 291.600000
92.758051 258.000000 291.600000
93.766053 258.000000 564.400000
94.784153 258.000000 414.800000
95.791928 258.000000 325.200000
96.822886 258.000000 308.400000
97.833921 258.000000 286.000000
98.846093 258.000000 280.400000
99.854043 258.000000 280.400000
101.076059 258.000000 573.600000
102.080453 258.000000 388.800000
103.090605 258.000000 308.400000
104.118122 258.000000 308.400000
105.118662 258.000000 297.200000
106.129782 258.000000 297.200000
107.132250 258.000000 297.200000
108.146326 258.000000 295.200000
109.187810 258.000000 295.200000
110.222365 258.000000 295.200000
111.239086 258.000000 295.200000
112.293048 258.000000 573.600000
113.316582 258.000000 564.400000
114.316744 258.000000 297.200000
115.325088 258.000000 269.200000
116.405709 258.000000 258.000000
117.416209 258.000000 258.000000
118.421806 252.400000 252.400000
119.447829 252.400000 252.400000
120.471430 252.400000 252.400000
121.508650 252.400000 252.400000
122.530684 252.400000 252.400000
123.530717 252.400000 252.400000
124.541316 252.400000 566.000000
125.550869 252.400000 336.400000
126.559442 252.400000 316.000000
127.561678 252.400000 297.200000
128.568062 252.400000 291.600000
129.578626 252.400000 286.000000
130.604754 252.400000 286.000000
131.605913 252.400000 286.000000
132.607348 252.400000 286.000000
133.626867 252.400000 286.000000
134.636853 252.400000 286.000000
135.661318 252.400000 570.000000
136.670975 252.400000 459.600000
137.677306 252.400000 286.000000
138.687530 252.400000 286.000000
139.707596 252.400000 263.600000
140.757847 252.400000 263.600000
141.776898 252.400000 263.600000
142.796333 252.400000 263.600000
143.841432 252.400000 579.200000
144.876845 252.400000 370.000000
145.898417 252.400000 316.000000
146.946858 252.400000 291.600000
148.018123 252.400000 286.000000
149.055625 252.400000 280.400000
150.091310 252.400000 280.400000
151.098249 252.400000 280.400000
152.114107 252.400000 579.200000
153.122626 252.400000 450.400000
154.125294 252.400000 302.800000
155.125790 252.400000 291.600000
156.153708 252.400000 274.800000
157.222435 252.400000 263.600000
158.237432 252.400000 263.600000
159.275412 252.400000 263.600000
160.290796 252.400000 263.600000
161.533121 252.400000 596.000000
162.535612 252.400000 358.800000
163.548188 252.400000 280.400000
164.571472 252.400000 274.800000
165.584843 252.400000 274.800000
166.616956 252.400000 274.800000
167.627288 252.400000 274.800000
168.878755 252.400000 579.200000
169.883951 252.400000 353.200000
170.888810 252.400000 291.600000
171.940596 252.400000 291.600000
172.983080 252.400000 291.600000
173.989087 252.400000 532.400000
175.001526 252.400000 325.200000
176.007181 252.400000 325.200000
177.029772 252.400000 286.000000
178.040036 252.400000 274.800000
179.054408 252.400000 274.800000
180.074688 252.400000 274.800000
181.109446 252.400000 274.800000
182.133592 252.400000 274.800000
183.149449 252.400000 568.000000
184.150896 252.400000 314.000000
185.202838 252.400000 314.000000
186.207908 252.400000 280.400000
187.211248 252.400000 269.200000
188.221606 252.400000 269.200000
189.252309 252.400000 269.200000
190.261376 252.400000 269.200000
191.293172 252.400000 579.200000
192.308959 252.400000 347.600000
193.329932 252.400000 291.600000
194.399004 252.400000 280.400000
195.456578 252.400000 280.400000
196.458238 252.400000 280.400000
197.473303 252.400000 280.400000
198.490365 252.400000 280.400000
199.550645 252.400000 568.000000
200.555740 252.400000 344.000000
201.562114 252.400000 274.800000
202.567646 252.400000 269.200000
203.580529 252.400000 269.200000
204.644188 252.400000 269.200000
205.644945 252.400000 269.200000
206.718659 252.400000 601.600000
207.736740 252.400000 349.600000
208.748846 252.400000 330.800000
209.773712 252.400000 291.600000
210.789808 252.400000 280.400000
211.803497 252.400000 278.400000
212.807826 252.400000 278.400000
213.873117 252.400000 278.400000
214.879058 252.400000 573.600000
215.926528 252.400000 325.200000
216.927532 252.400000 302.800000
217.928691 252.400000 289.600000
218.937698 252.400000 280.400000
219.943507 252.400000 263.600000
220.963400 252.400000 263.600000
222.001469 252.400000 263.600000
223.013382 252.400000 263.600000
224.023603 252.400000 579.200000
225.073619 252.400000 302.800000
226.082924 252.400000 289.600000
227.097753 252.400000 269.200000
228.105131 252.400000 269.200000
229.144768 252.400000 269.200000
230.147430 252.400000 269.200000
231.149659 252.400000 568.000000
232.166446 252.400000 452.400000
233.172843 252.400000 325.200000
234.207993 252.400000 291.600000
235.260062 252.400000 291.600000
236.267482 252.400000 291.600000
237.311463 252.400000 291.600000
238.314880 252.400000 573.600000
239.320803 252.400000 319.600000
240.336144 252.400000 280.400000
241.355986 252.400000 280.400000
242.368796 252.400000 269.200000
243.380236 252.400000 269.200000
244.391082 252.400000 269.200000
245.399796 252.400000 269.200000
246.435328 252.400000 433.600000
247.481286 252.400000 308.400000
248.482871 252.400000 280.400000
249.550901 252.400000 280.400000
250.564431 252.400000 280.400000
251.572925 252.400000 280.400000
252.585923 252.400000 280.400000
253.592934 252.400000 280.400000
254.631590 252.400000 506.400000
255.648415 252.400000 330.800000
256.662050 252.400000 291.600000
257.674806 252.400000 291.600000
258.683579 252.400000 288.000000
259.717381 252.400000 286.000000
260.723400 252.400000 286.000000
261.730933 252.400000 286.000000
262.745471 252.400000 286.000000
263.810465 252.400000 286.000000
264.855109 252.400000 433.600000
265.868277 252.400000 302.800000
266.881600 252.400000 291.600000
267.891684 252.400000 280.400000
268.902435 252.400000 274.800000
269.929174 252.400000 274.800000
270.944523 252.400000 274.800000
271.947438 252.400000 274.800000
272.948244 252.400000 573.600000
273.965679 252.400000 325.200000
274.972372 252.400000 286.000000
275.999605 252.400000 263.600000
277.027370 252.400000 258.000000
278.039635 252.400000 258.000000
279.048186 252.400000 258.000000
280.112383 252.400000 258.000000
281.342742 252.400000 618.400000
282.347673 252.400000 461.600000
283.350295 252.400000 375.600000
284.360403 252.400000 269.200000
285.374853 252.400000 267.200000
286.379316 252.400000 267.200000
287.380775 252.400000 267.200000
288.390696 252.400000 267.200000
289.394075 252.400000 411.200000
290.404421 252.400000 291.600000
291.409542 252.400000 278.400000
292.414590 252.400000 278.400000
293.484816 252.400000 278.400000
294.496891 252.400000 278.400000
295.528326 252.400000 584.800000
296.536611 252.400000 497.200000
297.557478 252.400000 319.600000
298.595830 252.400000 314.000000
299.614925 252.400000 302.800000
300.621623 252.400000 291.600000
301.652520 252.400000 280.400000
302.658716 252.400000 280.400000
303.681103 252.400000 280.400000
304.686234 252.400000 280.400000
305.708610 252.400000 280.400000
306.739444 252.400000 573.600000
307.741996 252.400000 523.200000
308.812703 252.400000 456.000000
309.838175 252.400000 342.000000
310.855209 252.400000 280.400000
311.869710 252.400000 278.400000
312.872394 252.400000 278.400000
313.883990 252.400000 274.800000
314.922655 252.400000 274.800000
315.932870 252.400000 274.800000
316.941763 252.400000 274.800000
317.959401 252.400000 596.000000
318.983731 252.400000 502.800000
320.014184 252.400000 302.800000
321.021876 252.400000 280.400000
322.034710 252.400000 280.400000
323.068466 252.400000 274.800000
324.087705 252.400000 274.800000
325.124816 252.400000 274.800000
326.133963 252.400000 274.800000
327.147105 252.400000 274.800000
328.152395 252.400000 584.800000
329.171560 252.400000 355.200000
330.179944 252.400000 316.000000
331.208121 252.400000 286.000000
332.243084 252.400000 280.400000
333.285792 252.400000 280.400000
334.304516 252.400000 278.400000
335.321073 252.400000 278.400000
336.324365 252.400000 278.400000
337.328119 252.400000 278.400000
338.331846 252.400000 336.400000
339.354315 252.400000 299.200000
340.360313 252.400000 280.400000
341.370190 252.400000 272.800000
342.370847 252.400000 272.800000
343.384131 252.400000 272.800000
344.457027 252.400000 272.800000
345.475868 252.400000 272.800000
346.478627 252.400000 579.200000
347.479508 252.400000 570.000000
348.526834 252.400000 330.800000
349.540228 252.400000 267.200000
350.552689 252.400000 261.600000
351.579297 252.400000 261.600000
352.603901 252.400000 261.600000
353.608467 252.400000 261.600000
354.615906 252.400000 261.600000
355.678267 252.400000 579.200000
356.680216 252.400000 512.000000
357.725899 252.400000 297.200000
358.740729 252.400000 280.400000
359.755010 252.400000 269.200000
360.825356 252.400000 269.200000
361.837242 252.400000 263.600000
362.859361 252.400000 263.600000
363.908439 252.400000 263.600000
364.932543 252.400000 263.600000
365.949008 252.400000 263.600000
367.065831 252.400000 601.600000
368.080988 252.400000 573.600000
369.092946 252.400000 342.000000
370.139884 252.400000 286.000000
371.154078 252.400000 280.400000
372.169225 252.400000 274.800000
373.198606 252.400000 274.800000
374.205471 252.400000 274.800000
375.221449 252.400000 274.800000
376.258362 252.400000 274.800000
377.274853 252.400000 274.800000
378.326844 252.400000 573.600000
379.344495 252.400000 358.800000
380.345919 252.400000 297.200000
381.387082 252.400000 286.000000
382.404986 252.400000 280.400000
383.423965 252.400000 280.400000
384.431250 252.400000 280.400000
385.432918 252.400000 280.400000
386.443772 252.400000 280.400000
387.465306 252.400000 280.400000
388.533737 252.400000 523.200000
389.590558 252.400000 289.600000
390.652341 252.400000 274.800000
391.724496 252.400000 272.800000
392.753593 252.400000 269.200000
393.755661 252.400000 269.200000
394.800970 252.400000 269.200000
395.823720 252.400000 269.200000
396.848666 252.400000 269.200000
397.853195 252.400000 566.000000
398.856190 252.400000 330.800000
399.864919 252.400000 330.800000
400.885337 252.400000 297.200000
401.897405 252.400000 291.600000
402.909466 252.400000 286.000000
403.920771 252.400000 286.000000
404.952227 252.400000 286.000000
405.962792 252.400000 286.000000
406.990599 252.400000 286.000000
408.071903 252.400000 584.800000
409.077627 252.400000 508.400000
410.078321 252.400000 314.000000
411.082018 252.400000 291.600000
412.082789 252.400000 291.600000
413.087534 252.400000 269.200000
414.093271 252.400000 269.200000
415.109822 252.400000 269.200000
416.124864 252.400000 269.200000
417.125465 252.400000 269.200000
418.147119 252.400000 568.000000
419.152180 252.400000 330.800000
420.157824 252.400000 325.200000
421.182281 252.400000 284.000000
422.234738 252.400000 284.000000
423.286494 252.400000 263.600000
424.307487 252.400000 263.600000
425.320755 252.400000 263.600000
426.349904 252.400000 263.600000
427.407074 252.400000 573.600000
428.423069 252.400000 383.200000
429.434380 252.400000 286.000000
430.480210 252.400000 274.800000
431.484687 252.400000 269.200000
432.492667 252.400000 263.600000
433.520142 252.400000 263.600000
434.534141 252.400000 263.600000
435.560251 252.400000 573.600000
436.586061 252.400000 319.600000
437.587400 252.400000 297.200000
438.598461 252.400000 295.200000
439.602620 252.400000 286.000000
440.611865 252.400000 280.400000
441.614177 252.400000 280.400000
442.641950 252.400000 280.400000
443.647454 252.400000 280.400000
444.657199 252.400000 280.400000
445.678814 252.400000 558.800000
446.689336 252.400000 330.800000
447.700878 252.400000 319.600000
448.711586 252.400000 308.400000
449.712487 252.400000 302.800000
450.726537 252.400000 286.000000
451.748365 252.400000 280.400000
452.775022 252.400000 280.400000
453.801390 252.400000 280.400000
454.801547 252.400000 280.400000
455.908626 252.400000 601.600000
456.961222 252.400000 558.800000
457.963361 252.400000 308.400000
458.987759 252.400000 302.800000
459.988009 252.400000 297.200000
460.995569 252.400000 291.600000
462.029592 252.400000 291.600000
463.053553 252.400000 291.600000
464.115999 252.400000 291.600000
465.140216 252.400000 291.600000
466.154165 252.400000 581.200000
467.154178 252.400000 364.400000
468.156674 252.400000 291.600000
469.157279 252.400000 269.200000
470.218416 252.400000 269.200000
471.244524 252.400000 267.200000
472.249712 252.400000 267.200000
473.259107 252.400000 267.200000
474.270936 252.400000 267.200000
475.339542 252.400000 573.600000
476.346530 252.400000 342.000000
477.407233 252.400000 336.400000
478.445749 252.400000 291.600000
479.475604 252.400000 286.000000
480.484100 252.400000 280.400000
481.497455 252.400000 280.400000
482.536539 252.400000 280.400000
483.548250 252.400000 280.400000
484.556831 252.400000 280.400000
485.577790 252.400000 562.400000
486.626354 252.400000 386.800000
487.637334 252.400000 286.000000
488.659043 252.400000 274.800000
489.686017 252.400000 274.800000
490.689918 252.400000 272.800000
491.701673 252.400000 272.800000
492.707175 252.400000 269.200000
493.742698 252.400000 269.200000
494.744795 252.400000 269.200000
495.816006 252.400000 269.200000
496.864521 252.400000 560.800000
497.885698 252.400000 297.200000
498.894705 252.400000 286.000000
499.899625 252.400000 286.000000
500.904374 252.400000 284.000000
501.907407 252.400000 284.000000
502.938843 252.400000 284.000000
504.012309 252.400000 280.400000
505.032868 252.400000 280.400000
506.053446 252.400000 280.400000
507.059304 252.400000 280.400000
508.104630 252.400000 280.400000
509.133533 252.400000 280.400000
510.134032 252.400000 484.000000
511.145140 252.400000 377.600000
512.147288 252.400000 377.600000
513.155301 252.400000 308.400000
514.159188 252.400000 308.400000
515.176539 252.400000 308.400000
516.195892 252.400000 308.400000
517.357701 252.400000 573.600000
518.396164 252.400000 428.000000
519.411723 252.400000 336.400000
520.444974 252.400000 286.000000
521.449493 252.400000 280.400000
522.462118 252.400000 274.800000
523.467459 252.400000 274.800000
524.480806 252.400000 274.800000
525.516259 252.400000 579.200000
526.545847 252.400000 314.000000
527.620147 252.400000 314.000000
528.638708 252.400000 286.000000
529.673619 252.400000 272.800000
530.694685 252.400000 272.800000
531.765015 252.400000 269.200000
532.773416 252.400000 269.200000
533.774029 252.400000 269.200000
534.780630 252.400000 269.200000
535.781847 252.400000 573.600000
536.783844 252.400000 375.600000
537.844070 252.400000 280.400000
538.870969 252.400000 274.800000
539.908318 252.400000 272.800000
540.911218 252.400000 272.800000
541.912890 252.400000 272.800000
542.920736 252.400000 272.800000
543.929740 252.400000 573.600000
544.952760 252.400000 372.000000
545.978408 252.400000 355.200000
547.024950 252.400000 286.000000
548.034972 252.400000 286.000000
549.050382 252.400000 286.000000
550.051198 252.400000 286.000000
551.060563 252.400000 286.000000
552.125121 252.400000 584.800000
553.141279 252.400000 375.600000
554.143376 252.400000 325.200000
555.151362 252.400000 325.200000
556.166631 252.400000 291.600000
557.170292 252.400000 286.000000
558.206460 252.400000 286.000000
559.227697 252.400000 286.000000
560.230606 252.400000 286.000000
561.414697 252.400000 573.600000
562.424708 252.400000 433.600000
563.435478 252.400000 319.600000
564.439202 252.400000 297.200000
565.479248 252.400000 274.800000
566.535197 252.400000 272.800000
567.542063 252.400000 272.800000
568.555640 252.400000 272.800000
569.599105 252.400000 579.200000
570.622863 252.400000 342.000000
571.623886 252.400000 291.600000
572.627860 252.400000 274.800000
573.649341 252.400000 269.200000
574.661974 252.400000 269.200000
575.681683 252.400000 269.200000
576.725031 252.400000 269.200000
577.733399 252.400000 269.200000
578.769692 252.400000 568.000000
579.803440 252.400000 314.000000
580.809681 252.400000 308.400000
581.862209 252.400000 308.400000
582.907375 252.400000 274.800000
583.912117 252.400000 274.800000
584.917519 252.400000 274.800000
585.918982 252.400000 274.800000
586.926527 252.400000 274.800000
588.004015 252.400000 584.800000
589.031042 252.400000 330.800000
590.033527 252.400000 308.400000
591.054468 252.400000 308.400000
592.069601 252.400000 280.400000
593.073442 252.400000 280.400000
594.091596 252.400000 280.400000
595.093899 252.400000 274.800000
596.094313 252.400000 274.800000
597.129525 252.400000 274.800000
598.131820 252.400000 274.800000
599.348217 252.400000 584.800000
600.375290 252.400000 528.800000
601.420676 252.400000 347.600000
602.426710 252.400000 280.400000
603.437217 252.400000 280.400000
604.461206 252.400000 263.600000
605.536541 252.400000 258.000000
606.562869 252.400000 258.000000
607.580149 252.400000 258.000000
608.582979 252.400000 258.000000
609.663642 252.400000 573.600000
610.686560 252.400000 342.000000
611.740686 252.400000 297.200000
612.752588 252.400000 286.000000
613.830006 252.400000 256.000000
614.870837 252.400000 256.000000
615.877971 252.400000 256.000000
616.906115 252.400000 256.000000
617.917929 252.400000 568.000000
618.926449 252.400000 312.000000
619.932020 252.400000 302.800000
620.951188 252.400000 286.000000
622.016106 252.400000 269.200000
623.039536 252.400000 269.200000
624.044709 252.400000 269.200000
625.060274 252.400000 269.200000
626.082172 252.400000 269.200000
627.224261 252.400000 579.200000
628.232211 252.400000 353.200000
629.261395 252.400000 314.000000
630.275055 252.400000 291.600000
631.324889 252.400000 280.400000
632.358547 252.400000 269.200000
633.368818 252.400000 269.200000
634.390300 252.400000 269.200000
635.455457 252.400000 269.200000
636.469152 252.400000 566.000000
637.535088 252.400000 347.600000
638.539916 252.400000 347.600000
639.569140 252.400000 286.000000
640.657657 252.400000 274.800000
641.663994 252.400000 274.800000
642.726315 252.400000 267.200000
643.740118 252.400000 267.200000
644.744335 252.400000 267.200000
645.745455 252.400000 267.200000
646.832825 252.400000 601.600000
647.880989 252.400000 386.800000
648.917529 252.400000 314.000000
649.944600 252.400000 302.800000
650.957386 252.400000 286.000000
651.965652 252.400000 274.800000
652.995124 252.400000 269.200000
654.021717 252.400000 269.200000
655.032554 252.400000 269.200000
656.036647 252.400000 269.200000
657.056930 252.400000 269.200000
658.059105 252.400000 568.000000
659.059234 252.400000 405.600000
660.080878 252.400000 330.800000
661.081281 252.400000 269.200000
662.124593 252.400000 269.200000
663.138082 252.400000 269.200000
664.149279 252.400000 269.200000
665.156935 252.400000 269.200000
666.183965 252.400000 579.200000
667.215070 252.400000 474.800000
668.215569 252.400000 304.800000
669.261491 252.400000 297.200000
670.286478 252.400000 297.200000
671.296722 252.400000 291.600000
672.304019 252.400000 291.600000
673.309858 252.400000 291.600000
674.326155 252.400000 573.600000
675.355772 252.400000 353.200000
676.361708 252.400000 286.000000
677.392448 252.400000 280.400000
678.406826 252.400000 274.800000
679.416419 252.400000 274.800000
680.420936 252.400000 274.800000
681.431916 252.400000 274.800000
682.699376 252.400000 570.000000
683.711651 252.400000 478.400000
684.735534 252.400000 302.800000
685.741212 252.400000 297.200000
686.778004 252.400000 297.200000
687.798269 252.400000 263.600000
688.803357 252.400000 258.000000
689.809387 252.400000 258.000000
690.821478 252.400000 258.000000
691.845002 252.400000 258.000000
692.847527 252.400000 258.000000
693.850091 252.400000 573.600000
694.864977 252.400000 347.600000
695.923128 252.400000 347.600000
696.936852 252.400000 280.400000
697.967689 252.400000 278.400000
698.972864 252.400000 278.400000
699.974468 252.400000 278.400000
700.977708 252.400000 278.400000
701.980640 252.400000 278.400000
703.016563 252.400000 573.600000
704.039424 252.400000 330.800000
705.074175 252.400000 319.600000
706.075504 252.400000 286.000000
707.085116 252.400000 280.400000
708.108505 252.400000 280.400000
709.112126 252.400000 280.400000
710.126146 252.400000 280.400000
711.177919 252.400000 573.600000
712.180068 252.400000 491.600000
713.244959 252.400000 358.800000
714.245384 252.400000 280.400000
715.261923 252.400000 274.800000
716.266791 252.400000 269.200000
717.277489 252.400000 269.200000
718.339764 252.400000 269.200000
719.345336 252.400000 269.200000
720.401030 252.400000 269.200000
721.405052 252.400000 575.600000
722.405352 252.400000 330.800000
723.443084 252.400000 314.000000
724.461678 252.400000 263.600000
725.534805 252.400000 258.000000
726.542035 252.400000 258.000000
727.553680 252.400000 258.000000
728.578670 252.400000 258.000000
729.593989 252.400000 258.000000
730.598394 252.400000 258.000000
731.611198 252.400000 568.000000
732.628737 252.400000 325.200000
733.670276 252.400000 291.600000
734.721381 252.400000 280.400000
735.750884 252.400000 274.800000
736.753062 252.400000 274.800000
737.792118 252.400000 274.800000
738.797742 252.400000 274.800000
739.798467 252.400000 274.800000
740.953234 252.400000 579.200000
741.976973 252.400000 428.000000
743.024262 252.400000 372.000000
744.036825 252.400000 267.200000
745.042344 252.400000 263.600000
746.055713 252.400000 263.600000
747.077136 252.400000 263.600000
748.139762 252.400000 263.600000
749.161984 252.400000 263.600000
750.167817 252.400000 568.000000
751.188250 252.400000 495.200000
752.197672 252.400000 286.000000
753.217428 252.400000 274.800000
754.221237 252.400000 274.800000
755.232510 252.400000 274.800000
756.248180 252.400000 274.800000
757.322057 252.400000 274.800000
758.328538 252.400000 568.000000
759.346919 252.400000 353.200000
760.361258 252.400000 308.400000
761.364885 252.400000 286.000000
762.369269 252.400000 280.400000
763.376194 252.400000 280.400000
764.383168 252.400000 280.400000
765.400445 252.400000 573.600000
766.401457 252.400000 342.000000
767.430961 252.400000 291.600000
768.435315 252.400000 280.400000
769.449974 252.400000 280.400000
770.521387 252.400000 280.400000
771.530109 252.400000 280.400000
772.550947 252.400000 280.400000
773.567581 252.400000 573.600000
774.584934 252.400000 330.800000
775.585196 252.400000 291.600000
776.642109 252.400000 274.800000
777.645135 252.400000 269.200000
778.655204 252.400000 267.200000
779.675221 252.400000 267.200000
780.683117 252.400000 263.600000
781.709510 252.400000 263.600000
782.710652 252.400000 263.600000
783.755213 252.400000 263.600000
784.784383 252.400000 263.600000
785.787044 252.400000 263.600000
786.824605 252.400000 506.400000
787.847727 252.400000 302.800000
788.863723 252.400000 274.800000
789.908971 252.400000 274.800000
790.925239 252.400000 274.800000
791.941440 252.400000 573.600000
792.986268 252.400000 564.400000
794.006741 252.400000 562.400000
795.023631 252.400000 456.000000
796.023677 252.400000 274.800000
797.025743 252.400000 269.200000
798.029296 252.400000 269.200000
799.032537 252.400000 269.200000
800.056540 252.400000 319.600000
