0.411364 573.600000 573.600000
1.442726 330.800000 330.800000
2.443601 330.800000 330.800000
3.464261 269.200000 269.200000
4.464686 269.200000 269.200000
5.474136 269.200000 269.200000
6.529550 269.200000 269.200000
7.535618 269.200000 269.200000
8.540583 263.600000 263.600000
9.594457 263.600000 263.600000
10.601701 263.600000 263.600000
11.846177 263.600000 579.200000
12.881877 263.600000 478.400000
13.951133 263.600000 284.000000
14.951230 263.600000 284.000000
15.997783 263.600000 263.600000
17.026659 258.000000 258.000000
18.039371 258.000000 258.000000
19.043900 258.000000 258.000000
20.125785 258.000000 258.000000
21.138470 258.000000 579.200000
22.148433 258.000000 308.400000
23.155789 258.000000 291.600000
24.171990 258.000000 286.000000
25.175486 258.000000 286.000000
26.176121 258.000000 274.800000
27.176470 258.000000 274.800000
28.203541 258.000000 274.800000
29.222779 258.000000 274.800000
30.240360 258.000000 575.600000
31.274062 258.000000 484.000000
32.360232 258.000000 314.000000
33.368384 258.000000 302.800000
34.379881 258.000000 269.200000
35.397553 258.000000 269.200000
36.415588 258.000000 269.200000
37.428012 258.000000 269.200000
38.443365 258.000000 269.200000
39.474277 258.000000 269.200000
40.501128 258.000000 584.800000
41.502305 258.000000 353.200000
42.597131 258.000000 308.400000
43.609345 258.000000 297.200000
44.634331 258.000000 297.200000
45.673112 258.000000 297.200000
46.749598 258.000000 274.800000
47.760209 258.000000 258.000000
48.892108 246.800000 246.800000
49.893498 246.800000 246.800000
50.895724 246.800000 246.800000
51.916229 246.800000 246.800000
52.924942 246.800000 246.800000
53.961762 246.800000 246.800000
55.235119 246.800000 584.800000
56.258157 246.800000 564.400000
57.328653 246.800000 450.400000
58.349175 246.800000 274.800000
59.381843 246.800000 274.800000
60.391993 246.800000 274.800000
61.404927 246.800000 269.200000
62.429311 246.800000 269.200000
63.431756 246.800000 269.200000
64.440029 246.800000 269.200000
65.473088 246.800000 269.200000
66.511433 246.800000 269.200000
67.539989 246.800000 568.000000
68.543270 246.800000 377.600000
69.561095 246.800000 338.400000
70.589439 246.800000 338.400000
71.611195 246.800000 308.400000
72.622055 246.800000 263.600000
73.633531 246.800000 263.600000
74.639263 246.800000 252.400000
75.657351 246.800000 252.400000
76.678775 246.800000 252.400000
77.730557 246.800000 252.400000
78.738963 246.800000 252.400000
79.740696 246.800000 252.400000
80.783600 246.800000 252.400000
81.798326 246.800000 579.200000
82.815971 246.800000 573.600000
83.826611 246.800000 325.200000
84.845279 246.800000 325.200000
85.851470 246.800000 289.600000
86.885315 246.800000 286.000000
87.910471 246.800000 286.000000
88.980254 246.800000 284.000000
89.992457 246.800000 284.000000
91.026522 246.800000 284.000000
92.061357 246.800000 280.400000
93.083950 246.800000 280.400000
94.141006 246.800000 280.400000
95.153427 246.800000 280.400000
96.172337 246.800000 280.400000
97.191005 246.800000 280.400000
98.206884 246.800000 280.400000
99.213637 246.800000 573.600000
100.329370 246.800000 562.400000
101.376884 246.800000 314.000000
102.401107 246.800000 314.000000
103.450251 246.800000 314.000000
104.456841 246.800000 297.200000
105.581714 246.800000 280.400000
106.588819 246.800000 274.800000
107.597240 246.800000 274.800000
108.623397 246.800000 274.800000
109.653934 246.800000 274.800000
110.716541 246.800000 274.800000
111.735941 246.800000 274.800000
112.799812 246.800000 274.800000
113.827951 246.800000 573.600000
114.867716 246.800000 564.400000
115.878988 246.800000 302.800000
116.897941 246.800000 280.400000
117.906329 246.800000 269.200000
118.973729 246.800000 269.200000
119.995231 246.800000 269.200000
121.021307 246.800000 269.200000
122.044808 246.800000 269.200000
123.045434 246.800000 269.200000
124.115601 246.800000 573.600000
125.124458 246.800000 414.800000
126.140859 246.800000 308.400000
127.201173 246.800000 278.400000
128.240449 246.800000 274.800000
129.296945 246.800000 274.800000
130.305412 246.800000 272.800000
131.309325 246.800000 272.800000
132.354871 246.800000 272.800000
133.406049 246.800000 272.800000
134.429207 246.800000 272.800000
135.438454 246.800000 579.200000
136.499806 246.800000 422.400000
137.513661 246.800000 364.400000
138.526053 246.800000 325.200000
139.614498 246.800000 308.400000
140.634483 246.800000 269.200000
141.691207 246.800000 269.200000
142.700670 246.800000 269.200000
143.727486 246.800000 269.200000
144.803764 246.800000 269.200000
145.864641 246.800000 484.000000
146.875523 246.800000 314.000000
147.893168 246.800000 302.800000
148.897020 246.800000 291.600000
149.904110 246.800000 280.400000
150.953695 246.800000 263.600000
151.969272 246.800000 261.600000
152.997264 246.800000 261.600000
153.999439 246.800000 261.600000
155.029880 246.800000 545.600000
156.036802 246.800000 336.400000
157.064206 246.800000 286.000000
158.096095 246.800000 286.000000
159.104428 246.800000 286.000000
160.133238 246.800000 284.000000
161.162567 246.800000 284.000000
162.192842 246.800000 284.000000
163.206321 246.800000 284.000000
164.237145 246.800000 579.200000
165.306774 246.800000 314.000000
166.322292 246.800000 297.200000
167.330932 246.800000 278.400000
168.391793 246.800000 278.400000
169.397270 246.800000 274.800000
170.407223 246.800000 269.200000
171.412260 246.800000 269.200000
172.437977 246.800000 269.200000
173.439373 246.800000 269.200000
174.505725 246.800000 579.200000
175.549698 246.800000 370.000000
176.586790 246.800000 272.800000
177.597987 246.800000 258.000000
178.612455 246.800000 256.000000
179.613738 246.800000 256.000000
180.623647 246.800000 256.000000
181.642999 246.800000 256.000000
182.669834 246.800000 584.800000
183.732338 246.800000 474.800000
184.750557 246.800000 372.000000
185.757138 246.800000 291.600000
186.757844 246.800000 291.600000
187.767450 246.800000 274.800000
188.774965 246.800000 274.800000
189.793720 246.800000 269.200000
190.865981 246.800000 269.200000
191.932807 246.800000 269.200000
192.949879 246.800000 269.200000
193.958311 246.800000 575.600000
194.968787 246.800000 562.400000
195.978351 246.800000 286.000000
196.991980 246.800000 274.800000
198.004716 246.800000 274.800000
199.044030 246.800000 274.800000
200.063838 246.800000 274.800000
201.065044 246.800000 274.800000
202.073237 246.800000 347.600000
203.092595 246.800000 302.800000
204.106283 246.800000 291.600000
205.109579 246.800000 280.400000
206.110657 246.800000 269.200000
207.138862 246.800000 269.200000
208.160341 246.800000 269.200000
209.172597 246.800000 269.200000
210.184659 246.800000 269.200000
211.186849 246.800000 456.000000
212.193828 246.800000 314.000000
213.204346 246.800000 297.200000
214.234142 246.800000 295.200000
215.301343 246.800000 250.400000
216.322928 246.800000 250.400000
217.323647 246.800000 250.400000
218.331550 246.800000 250.400000
219.361657 246.800000 573.600000
220.384998 246.800000 330.800000
221.424899 246.800000 306.400000
222.429557 246.800000 302.800000
223.439249 246.800000 291.600000
224.512050 246.800000 291.600000
225.550685 246.800000 291.600000
226.620950 246.800000 291.600000
227.644151 246.800000 568.000000
228.652656 246.800000 314.000000
229.667651 246.800000 280.400000
230.701225 246.800000 258.000000
231.703701 246.800000 252.400000
232.707928 246.800000 252.400000
233.709051 246.800000 252.400000
234.725791 246.800000 252.400000
235.785308 246.800000 252.400000
236.824614 246.800000 336.400000
237.825289 246.800000 291.600000
238.828983 246.800000 280.400000
239.832683 246.800000 280.400000
240.860405 246.800000 280.400000
241.872114 246.800000 280.400000
242.875487 246.800000 280.400000
243.890804 246.800000 568.000000
244.909800 246.800000 439.200000
245.948606 246.800000 289.600000
246.976249 246.800000 286.000000
248.011091 246.800000 280.400000
249.019674 246.800000 280.400000
250.075576 246.800000 280.400000
251.082044 246.800000 280.400000
252.110880 246.800000 540.000000
253.129826 246.800000 280.400000
254.136308 246.800000 280.400000
255.144280 246.800000 280.400000
256.165284 246.800000 280.400000
257.204820 246.800000 280.400000
258.277150 246.800000 478.400000
259.281625 246.800000 302.800000
260.294769 246.800000 278.400000
261.320055 246.800000 269.200000
262.351316 246.800000 269.200000
263.361383 246.800000 269.200000
264.370067 246.800000 267.200000
265.424217 246.800000 267.200000
266.470056 246.800000 267.200000
267.477227 246.800000 267.200000
268.482173 246.800000 267.200000
269.501191 246.800000 573.600000
270.524277 246.800000 405.600000
271.530437 246.800000 358.800000
272.567288 246.800000 297.200000
273.571687 246.800000 263.600000
274.578780 246.800000 258.000000
275.611243 246.800000 258.000000
276.641764 246.800000 258.000000
277.683132 246.800000 258.000000
278.732700 246.800000 500.800000
279.758859 246.800000 291.600000
280.761328 246.800000 274.800000
281.792678 246.800000 274.800000
282.798452 246.800000 272.800000
283.814672 246.800000 269.200000
284.825131 246.800000 269.200000
285.848007 246.800000 269.200000
286.909539 246.800000 568.000000
287.926154 246.800000 381.200000
288.934027 246.800000 344.000000
289.936679 246.800000 274.800000
290.972405 246.800000 274.800000
291.994339 246.800000 269.200000
293.006278 246.800000 269.200000
294.017423 246.800000 269.200000
295.098581 246.800000 269.200000
296.313356 246.800000 584.800000
297.321284 246.800000 325.200000
298.345681 246.800000 291.600000
299.376593 246.800000 280.400000
300.377208 246.800000 280.400000
301.385526 246.800000 280.400000
302.425815 246.800000 280.400000
303.431480 246.800000 274.800000
304.445740 246.800000 274.800000
305.463150 246.800000 274.800000
306.481822 246.800000 274.800000
307.523943 246.800000 274.800000
308.544327 246.800000 274.800000
309.643084 246.800000 568.000000
310.650007 246.800000 349.600000
311.673000 246.800000 269.200000
312.677161 246.800000 269.200000
313.681580 246.800000 261.600000
314.711178 246.800000 261.600000
315.716792 246.800000 261.600000
316.743421 246.800000 261.600000
317.752111 246.800000 261.600000
318.830445 246.800000 568.000000
319.878294 246.800000 467.200000
320.892375 246.800000 416.800000
321.901349 246.800000 314.000000
322.919851 246.800000 274.800000
323.924404 246.800000 269.200000
324.931884 246.800000 267.200000
325.937401 246.800000 267.200000
326.937955 246.800000 267.200000
328.164414 246.800000 573.600000
329.189148 246.800000 347.600000
330.261166 246.800000 330.800000
331.267573 246.800000 272.800000
332.278018 246.800000 267.200000
333.292886 246.800000 267.200000
334.327719 246.800000 267.200000
335.351076 246.800000 267.200000
336.364760 246.800000 267.200000
337.367873 246.800000 573.600000
338.377210 246.800000 360.800000
339.448983 246.800000 325.200000
340.469337 246.800000 286.000000
341.469724 246.800000 286.000000
342.478216 246.800000 286.000000
343.507088 246.800000 286.000000
344.535827 246.800000 286.000000
345.553311 246.800000 286.000000
346.626703 246.800000 573.600000
347.632645 246.800000 330.800000
348.639970 246.800000 330.800000
349.648731 246.800000 274.800000
350.649176 246.800000 269.200000
351.670266 246.800000 269.200000
352.705279 246.800000 269.200000
353.728369 246.800000 269.200000
354.763283 246.800000 269.200000
355.764073 246.800000 573.600000
356.780228 246.800000 342.000000
357.840075 246.800000 314.000000
358.876331 246.800000 280.400000
359.880268 246.800000 274.800000
360.891807 246.800000 274.800000
361.893077 246.800000 274.800000
362.902726 246.800000 274.800000
363.911047 246.800000 573.600000
364.934989 246.800000 358.800000
365.938374 246.800000 297.200000
367.003464 246.800000 286.000000
368.032344 246.800000 263.600000
369.053329 246.800000 258.000000
370.061097 246.800000 258.000000
371.072840 246.800000 258.000000
372.100729 246.800000 258.000000
373.114435 246.800000 258.000000
374.373863 246.800000 579.200000
375.390118 246.800000 342.000000
376.409970 246.800000 263.600000
377.412572 246.800000 252.400000
378.415972 246.800000 246.800000
379.429649 246.800000 246.800000
380.453808 246.800000 246.800000
381.476413 246.800000 246.800000
382.506347 246.800000 579.200000
383.534289 246.800000 428.000000
384.546528 246.800000 286.000000
385.564107 246.800000 280.400000
386.631866 246.800000 280.400000
387.664975 246.800000 280.400000
388.681207 246.800000 274.800000
389.688678 246.800000 274.800000
390.711421 246.800000 274.800000
391.759310 246.800000 274.800000
392.760718 246.800000 274.800000
394.010251 246.800000 579.200000
395.042425 246.800000 500.800000
396.058387 246.800000 308.400000
397.091516 246.800000 291.600000
398.096050 246.800000 284.000000
399.097343 246.800000 280.400000
400.115501 246.800000 280.400000
401.131153 246.800000 280.400000
402.132373 246.800000 562.400000
403.158022 246.800000 355.200000
404.166354 246.800000 355.200000
405.181433 246.800000 319.600000
406.243148 246.800000 314.000000
407.265436 246.800000 308.400000
408.289797 246.800000 291.600000
409.342247 246.800000 289.600000
410.359120 246.800000 289.600000
411.369914 246.800000 289.600000
412.383937 246.800000 289.600000
413.407980 246.800000 575.600000
414.464533 246.800000 556.800000
415.467971 246.800000 353.200000
416.481861 246.800000 297.200000
417.483398 246.800000 280.400000
418.498873 246.800000 278.400000
419.517954 246.800000 278.400000
420.518170 246.800000 278.400000
421.520512 246.800000 278.400000
422.566558 246.800000 584.800000
423.574314 246.800000 467.200000
424.580325 246.800000 325.200000
425.619188 246.800000 286.000000
426.680455 246.800000 280.400000
427.687646 246.800000 280.400000
428.704533 246.800000 280.400000
429.729897 246.800000 280.400000
430.739944 246.800000 280.400000
431.743375 246.800000 568.000000
432.754965 246.800000 325.200000
433.781007 246.800000 310.400000
434.803743 246.800000 310.400000
435.816441 246.800000 280.400000
436.825024 246.800000 258.000000
437.827699 246.800000 258.000000
438.840323 246.800000 258.000000
439.881608 246.800000 258.000000
440.939786 246.800000 258.000000
441.959529 246.800000 568.000000
442.962794 246.800000 358.800000
444.040873 246.800000 272.800000
445.056063 246.800000 269.200000
446.074325 246.800000 269.200000
447.077105 246.800000 269.200000
448.080792 246.800000 269.200000
449.088973 246.800000 269.200000
450.298123 246.800000 579.200000
451.301541 246.800000 566.000000
452.317548 246.800000 319.600000
453.382077 246.800000 314.000000
454.391928 246.800000 291.600000
455.397820 246.800000 274.800000
456.406368 246.800000 274.800000
457.420576 246.800000 274.800000
458.420784 246.800000 274.800000
459.428440 246.800000 274.800000
460.446632 246.800000 573.600000
461.447519 246.800000 325.200000
462.468520 246.800000 302.800000
463.480457 246.800000 291.600000
464.506905 246.800000 278.400000
465.509113 246.800000 274.800000
466.524823 246.800000 274.800000
467.560411 246.800000 274.800000
468.561857 246.800000 274.800000
469.564493 246.800000 570.000000
470.571248 246.800000 414.800000
471.612783 246.800000 366.400000
472.619062 246.800000 308.400000
473.619758 246.800000 308.400000
474.623219 246.800000 280.400000
475.626558 246.800000 280.400000
476.637412 246.800000 280.400000
477.685523 246.800000 280.400000
478.696374 246.800000 280.400000
479.759547 246.800000 478.400000
480.762693 246.800000 325.200000
481.763423 246.800000 280.400000
482.770603 246.800000 269.200000
483.773386 246.800000 258.000000
484.775126 246.800000 258.000000
485.799667 246.800000 258.000000
486.818322 246.800000 258.000000
487.859176 246.800000 568.000000
488.874672 246.800000 314.000000
489.893348 246.800000 302.800000
490.906506 246.800000 274.800000
491.915892 246.800000 274.800000
492.922593 246.800000 269.200000
493.930827 246.800000 269.200000
494.933740 246.800000 269.200000
495.937730 246.800000 579.200000
496.939417 246.800000 355.200000
497.947761 246.800000 297.200000
498.950094 246.800000 289.600000
499.963582 246.800000 289.600000
501.025675 246.800000 289.600000
502.042673 246.800000 289.600000
503.050974 246.800000 289.600000
504.073141 246.800000 573.600000
505.092885 246.800000 358.800000
506.102438 246.800000 267.200000
507.107274 246.800000 263.600000
508.133288 246.800000 263.600000
509.166719 246.800000 258.000000
510.189576 246.800000 258.000000
511.216918 246.800000 258.000000
512.251084 246.800000 258.000000
513.353632 246.800000 573.600000
514.406203 246.800000 525.200000
515.457447 246.800000 342.000000
516.506611 246.800000 297.200000
517.526926 246.800000 280.400000
518.531237 246.800000 280.400000
519.551995 246.800000 278.400000
520.608430 246.800000 278.400000
521.626623 246.800000 278.400000
522.641492 246.800000 278.400000
523.649884 246.800000 274.800000
524.658969 246.800000 274.800000
525.660720 246.800000 274.800000
526.672066 246.800000 274.800000
527.672835 246.800000 274.800000
528.684751 246.800000 579.200000
529.715084 246.800000 314.000000
530.718382 246.800000 274.800000
531.786378 246.800000 274.800000
532.810798 246.800000 252.400000
533.830293 246.800000 252.400000
534.894484 246.800000 252.400000
535.953515 246.800000 252.400000
536.983890 246.800000 252.400000
537.997719 246.800000 573.600000
539.038638 246.800000 426.000000
540.060261 246.800000 308.400000
541.115405 246.800000 302.800000
542.127657 246.800000 300.800000
543.167601 246.800000 297.200000
544.193178 246.800000 280.400000
545.249391 246.800000 280.400000
546.297917 246.800000 280.400000
547.306582 246.800000 573.600000
548.365077 246.800000 327.200000
549.385669 246.800000 297.200000
550.392557 246.800000 274.800000
551.403166 246.800000 274.800000
552.451572 246.800000 274.800000
553.567433 246.800000 579.200000
554.572854 246.800000 428.000000
555.594348 246.800000 366.400000
556.600882 246.800000 286.000000
557.623308 246.800000 286.000000
558.630610 246.800000 286.000000
559.668436 246.800000 286.000000
560.689839 246.800000 575.600000
561.714805 246.800000 330.800000
562.763097 246.800000 314.000000
563.800153 246.800000 274.800000
564.849400 246.800000 263.600000
565.849727 246.800000 263.600000
566.851037 246.800000 263.600000
567.876406 246.800000 573.600000
568.884288 246.800000 342.000000
569.899715 246.800000 342.000000
570.903838 246.800000 263.600000
571.910518 246.800000 258.000000
572.922989 246.800000 258.000000
573.965620 246.800000 258.000000
574.968892 246.800000 258.000000
575.994396 246.800000 358.800000
576.994729 246.800000 314.000000
578.011415 246.800000 280.400000
579.016186 246.800000 274.800000
580.018360 246.800000 274.800000
581.048707 246.800000 274.800000
582.049606 246.800000 579.200000
583.067897 246.800000 416.800000
584.099795 246.800000 302.800000
585.109732 246.800000 302.800000
586.144889 246.800000 278.400000
587.154028 246.800000 278.400000
588.170736 246.800000 278.400000
589.212894 246.800000 525.200000
590.232377 246.800000 400.000000
591.270924 246.800000 280.400000
592.278974 246.800000 274.800000
593.279802 246.800000 269.200000
594.285976 246.800000 269.200000
595.292095 246.800000 269.200000
596.304640 246.800000 269.200000
597.321237 246.800000 562.400000
598.349744 246.800000 319.600000
599.360262 246.800000 302.800000
600.368071 246.800000 297.200000
601.384313 246.800000 291.600000
602.434102 246.800000 291.600000
603.442373 246.800000 289.600000
604.466910 246.800000 289.600000
605.536783 246.800000 289.600000
606.559726 246.800000 289.600000
607.641148 246.800000 570.000000
608.643117 246.800000 364.400000
609.649692 246.800000 289.600000
610.709668 246.800000 269.200000
611.764461 246.800000 263.600000
612.828443 246.800000 263.600000
613.834086 246.800000 263.600000
614.883204 246.800000 573.600000
615.887214 246.800000 349.600000
616.900457 246.800000 291.600000
617.912512 246.800000 272.800000
618.938602 246.800000 272.800000
619.947714 246.800000 263.600000
621.022137 246.800000 258.000000
622.038096 246.800000 258.000000
623.052970 246.800000 258.000000
624.076388 246.800000 584.800000
625.081478 246.800000 364.400000
626.133837 246.800000 319.600000
627.192880 246.800000 319.600000
628.195726 246.800000 286.000000
629.248717 246.800000 286.000000
630.266179 246.800000 286.000000
631.314609 246.800000 286.000000
632.355663 246.800000 568.000000
633.361399 246.800000 302.800000
634.401402 246.800000 286.000000
635.402964 246.800000 286.000000
636.408268 246.800000 286.000000
637.438468 246.800000 472.800000
638.439048 246.800000 297.200000
639.455887 246.800000 274.800000
640.458186 246.800000 274.800000
641.522017 246.800000 274.800000
642.572490 246.800000 274.800000
643.618962 246.800000 433.600000
644.656775 246.800000 308.400000
645.664691 246.800000 308.400000
646.666040 246.800000 308.400000
647.687397 246.800000 297.200000
648.704411 246.800000 297.200000
649.706490 246.800000 297.200000
650.710868 246.800000 568.000000
651.732028 246.800000 342.000000
652.792634 246.800000 314.000000
653.824231 246.800000 263.600000
654.830161 246.800000 263.600000
655.893069 246.800000 263.600000
656.898730 246.800000 263.600000
657.905956 246.800000 579.200000
658.948578 246.800000 327.200000
659.961682 246.800000 297.200000
660.975649 246.800000 286.000000
662.032605 246.800000 280.400000
663.042463 246.800000 280.400000
664.072544 246.800000 280.400000
665.090542 246.800000 280.400000
666.317352 246.800000 579.200000
667.324713 246.800000 319.600000
668.332888 246.800000 291.600000
669.350398 246.800000 280.400000
670.359416 246.800000 274.800000
671.360296 246.800000 274.800000
672.363556 246.800000 274.800000
673.370461 246.800000 274.800000
674.374162 246.800000 575.600000
675.398829 246.800000 502.800000
676.399561 246.800000 358.800000
677.411095 246.800000 278.400000
678.428927 246.800000 269.200000
679.451152 246.800000 269.200000
680.461046 246.800000 269.200000
681.471816 246.800000 269.200000
682.478882 246.800000 461.600000
683.485887 246.800000 325.200000
684.494824 246.800000 269.200000
685.507576 246.800000 263.600000
686.509537 246.800000 263.600000
687.522020 246.800000 263.600000
688.538045 246.800000 263.600000
689.544120 246.800000 573.600000
690.565160 246.800000 295.200000
691.569332 246.800000 269.200000
692.574958 246.800000 258.000000
693.588484 246.800000 258.000000
694.597835 246.800000 258.000000
695.609116 246.800000 258.000000
696.627981 246.800000 568.000000
697.677053 246.800000 433.600000
698.731424 246.800000 302.800000
699.734656 246.800000 291.600000
700.741790 246.800000 291.600000
701.757316 246.800000 291.600000
702.778918 246.800000 291.600000
703.788641 246.800000 573.600000
704.836247 246.800000 308.400000
705.841822 246.800000 302.800000
706.852705 246.800000 302.800000
707.861180 246.800000 280.400000
708.876610 246.800000 274.800000
709.895446 246.800000 274.800000
710.934620 246.800000 272.800000
711.962619 246.800000 272.800000
712.984252 246.800000 272.800000
714.011960 246.800000 272.800000
715.042381 246.800000 573.600000
716.043451 246.800000 319.600000
717.074346 246.800000 286.000000
718.087253 246.800000 286.000000
719.106625 246.800000 263.600000
720.164056 246.800000 263.600000
721.223868 246.800000 263.600000
722.291272 246.800000 573.600000
723.299090 246.800000 439.200000
724.313970 246.800000 295.200000
725.315558 246.800000 280.400000
726.339154 246.800000 280.400000
727.378867 246.800000 280.400000
728.384468 246.800000 280.400000
729.389992 246.800000 560.400000
730.399070 246.800000 291.600000
731.407209 246.800000 256.000000
732.435837 246.800000 256.000000
733.507150 246.800000 256.000000
734.533257 246.800000 579.200000
735.540328 246.800000 328.800000
736.577411 246.800000 328.800000
737.579443 246.800000 269.200000
738.588249 246.800000 269.200000
739.600757 246.800000 269.200000
740.616572 246.800000 269.200000
741.639841 246.800000 269.200000
742.650604 246.800000 568.000000
743.712383 246.800000 336.400000
744.759290 246.800000 280.400000
745.764249 246.800000 274.800000
746.783244 246.800000 269.200000
747.794473 246.800000 269.200000
748.860329 246.800000 269.200000
749.877394 246.800000 269.200000
750.928546 246.800000 456.000000
751.947985 246.800000 325.200000
752.972186 246.800000 286.000000
753.973966 246.800000 263.600000
754.981870 246.800000 258.000000
755.987427 246.800000 258.000000
756.996085 246.800000 258.000000
758.008838 246.800000 568.000000
759.032629 246.800000 353.200000
760.086133 246.800000 353.200000
761.130923 246.800000 291.600000
762.204386 246.800000 280.400000
763.237776 246.800000 274.800000
764.239791 246.800000 274.800000
765.246411 246.800000 274.800000
766.300619 246.800000 274.800000
767.315570 246.800000 579.200000
768.323163 246.800000 478.400000
769.324121 246.800000 319.600000
770.348773 246.800000 286.000000
771.362996 246.800000 280.400000
772.402120 246.800000 274.800000
773.405671 246.800000 272.800000
774.408452 246.800000 272.800000
775.425360 246.800000 272.800000
776.455126 246.800000 272.800000
777.461358 246.800000 573.600000
778.461832 246.800000 377.600000
779.462050 246.800000 327.200000
780.464365 246.800000 267.200000
781.484910 246.800000 252.400000
782.506753 246.800000 252.400000
783.550305 246.800000 250.400000
784.560992 246.800000 250.400000
785.601695 246.800000 250.400000
786.604553 246.800000 250.400000
787.632415 246.800000 250.400000
788.634952 246.800000 250.400000
789.649727 246.800000 250.400000
790.670471 246.800000 568.000000
791.683360 246.800000 377.600000
792.727106 246.800000 319.600000
793.738820 246.800000 274.800000
794.744956 246.800000 269.200000
795.753606 246.800000 269.200000
796.783275 246.800000 269.200000
797.804149 246.800000 269.200000
798.804638 246.800000 302.800000
799.812613 246.800000 284.000000
