0 573.6 0.389378 300 0
0 568 0.623613 2
0 562.4 0.898978 2
0 544 1.19932 3
0 534.4 1.31738 3
0 512 1.58967 3
0 450.4 1.85389 3
0 314 2.05883 3
0 297.2 2.2546 3
0 291.6 2.57148 4
0 286 3.66541 20
0 280.4 3.85377 20
0 280.4 8.25224 300 72
0 274.8 12.1943 72
0 269.2 13.2108 72
0 269.2 16.4638 300 72
0 269.2 22.8827 300 72
0 269.2 29.7643 300 80
0 258 34.7651 80
0 252.4 35.0444 80
0 250.4 35.3792 80
0 246.8 39.2543 80
0 246.8 44.0029 300 80
0 246.8 54.8042 300 87
0 246.8 63.6991 300 87
0 246.8 76.0535 300 87
0 246.8 85.2442 300 87
0 246.8 93.5574 300 87
0 246.8 103.581 300 87
0 246.8 112.365 300 87
0 246.8 122.347 300 87
0 246.8 131.323 300 87
0 246.8 142.478 300 87
0 246.8 150.932 300 87
0 246.8 159.378 300 87
0 246.8 166.844 300 87
0 246.8 174.099 300 87
0 246.8 185.025 300 87
0 246.8 195.519 300 87
0 246.8 202.531 300 87
0 246.8 209.75 300 87
0 246.8 219.714 300 87
0 246.8 228.909 300 87
0 246.8 237.532 300 87
0 246.8 247.764 300 87
0 246.8 254.551 300 87
0 246.8 263.087 300 87
0 246.8 272.707 300 87
0 246.8 280.971 300 87
0 246.8 289.258 300 87
0 246.8 297.687 300 87
0 246.8 309.308 300 87
0 246.8 317.977 300 87
0 246.8 326.031 300 87
0 246.8 332.682 300 87
0 246.8 343.048 300 87
0 246.8 348.344 300 87
0 246.8 358.036 300 87
0 246.8 365.423 300 87
0 246.8 373.104 300 87
0 246.8 379.369 300 87
0 246.8 386.682 300 87
0 246.8 394.66 300 87
0 246.8 403.822 300 87
0 246.8 411.961 300 87
0 246.8 421.608 300 87
0 246.8 431.028 300 87
0 246.8 440.812 300 87
0 246.8 446.568 300 87
0 246.8 457.126 300 87
0 246.8 464.721 300 87
0 246.8 472.501 300 87
0 246.8 481.831 300 87
0 246.8 493.069 300 88
0 246.8 502.765 300 88
0 246.8 512.994 300 88
0 246.8 522.746 300 88
0 246.8 531.624 300 88
0 246.8 542.784 300 88
0 246.8 553.48 300 88
0 246.8 564.569 300 88
0 246.8 574.927 300 88
0 246.8 586.601 300 88
0 246.8 595.128 300 88
0 246.8 603.853 300 88
0 246.8 614.355 300 88
0 246.8 624.91 300 88
0 246.8 633.333 300 88
0 246.8 640.68 300 88
0 246.8 646.834 300 88
0 246.8 655.604 300 88
0 246.8 666.914 300 88
0 246.8 675.546 300 88
0 246.8 684.498 300 88
0 246.8 691.571 300 88
0 246.8 703.462 300 88
0 246.8 715.135 300 88
0 246.8 727.96 300 88
0 246.8 738.355 300 88
0 246.8 745.096 300 88
0 246.8 751.882 300 88
0 246.8 759.082 300 88
0 246.8 766.456 300 88
0 246.8 773.988 300 88
0 246.8 785.278 300 88
0 246.8 795.834 300 88
