0 762 0.016228 300 0
0 666.8 0.024382 0
0 605.2 0.030476 0
0 588.4 0.060104 20
0 569.6 0.089394 20
0 543.6 0.09774 20
0 465.2 0.108097 20
0 452 0.136752 20
0 426 0.147528 20
0 426 0.292 300 83
0 412.8 0.41889 83
0 407.2 0.440849 83
0 407.2 0.54858 300 83
0 407.2 0.995032 300 83
0 407.2 1.34581 300 83
0 407.2 1.55598 300 83
0 407.2 1.87929 300 83
0 401.6 2.04866 83
0 401.6 2.16381 300 83
0 401.6 2.4842 300 83
0 401.6 2.73908 300 87
0 401.6 2.98086 300 87
0 401.6 3.34858 300 87
0 401.6 3.65462 300 87
0 401.6 3.93467 300 87
0 401.6 4.23315 300 87
0 401.6 4.44316 300 87
0 401.6 4.69744 300 87
0 401.6 4.99195 300 87
0 401.6 5.26148 300 87
0 401.6 5.41728 300 87
0 401.6 5.63159 300 87
0 401.6 5.78067 300 87
0 401.6 6.05064 300 87
0 401.6 6.2601 300 87
0 401.6 6.42817 300 87
0 401.6 6.59142 300 87
0 401.6 6.78734 300 87
0 401.6 7.07682 300 87
0 401.6 7.40256 300 87
0 401.6 7.68503 300 87
0 401.6 7.99331 300 87
0 401.6 8.20528 300 87
0 401.6 8.36953 300 87
0 401.6 8.8596 300 87
0 401.6 9.0145 300 87
0 401.6 9.21476 300 87
0 401.6 9.55884 300 87
0 401.6 9.86912 300 87
0 401.6 10.1163 300 87
0 401.6 10.2945 300 87
0 401.6 10.5194 300 87
0 401.6 10.77 300 89
0 401.6 11.058 300 89
0 401.6 11.2063 300 89
0 401.6 11.3093 300 89
0 401.6 11.4783 300 90
0 401.6 11.6373 300 90
0 401.6 11.785 300 90
0 401.6 11.9332 300 90
0 401.6 12.1112 300 90
0 401.6 12.2532 300 90
0 401.6 12.4663 300 90
0 401.6 12.5799 300 90
0 401.6 12.7625 300 90
0 401.6 12.8748 300 90
0 401.6 13.0228 300 90
0 401.6 13.1851 300 90
0 401.6 13.2937 300 90
0 401.6 13.4341 300 90
0 401.6 13.5931 300 90
0 401.6 13.7569 300 90
0 401.6 13.8547 300 90
0 401.6 13.9847 300 90
0 401.6 14.1339 300 90
0 401.6 14.2751 300 90
0 401.6 14.4272 300 90
0 401.6 14.5845 300 90
0 401.6 14.8887 300 90
0 401.6 15.0382 300 90
0 401.6 15.2119 300 90
0 401.6 15.354 300 90
0 401.6 15.5245 300 90
0 401.6 15.6658 300 90
0 401.6 15.8223 300 90
0 401.6 15.944 300 90
0 401.6 16.0421 300 90
0 401.6 16.1652 300 90
0 401.6 16.328 300 90
0 401.6 16.5189 300 90
0 401.6 16.7286 300 90
0 401.6 16.989 300 90
0 401.6 17.1648 300 90
0 401.6 17.3659 300 90
0 401.6 17.8465 300 90
0 401.6 18.1266 300 90
0 401.6 18.3299 300 90
0 401.6 18.6743 300 90
0 401.6 18.8712 300 90
0 401.6 19.0772 300 90
0 401.6 19.3578 300 90
0 401.6 19.5697 300 90
0 401.6 19.7891 300 90
0 401.6 19.9648 300 90
0 401.6 20.2405 300 90
0 401.6 20.395 300 90
0 401.6 20.7034 300 90
0 401.6 21.0647 300 90
0 401.6 21.3158 300 90
0 401.6 21.4892 300 90
0 401.6 21.787 300 90
0 401.6 22.154 300 90
0 401.6 22.5482 300 90
0 401.6 22.8258 300 90
0 401.6 23.1031 300 90
0 401.6 23.4086 300 90
0 401.6 23.7225 300 90
0 401.6 23.9423 300 90
0 401.6 24.2735 300 90
0 401.6 24.4326 300 90
0 401.6 24.7027 300 90
0 401.6 25.1146 300 90
0 401.6 25.2644 300 90
0 401.6 25.4237 300 90
0 401.6 25.6861 300 90
0 401.6 25.854 300 90
0 401.6 26.1332 300 90
0 401.6 26.4513 300 90
0 401.6 26.7824 300 90
0 401.6 26.9969 300 90
0 401.6 27.303 300 90
0 401.6 27.5354 300 90
0 401.6 27.7659 300 90
0 401.6 28.0274 300 90
0 401.6 28.2488 300 90
0 401.6 28.4153 300 90
0 401.6 28.6104 300 90
0 401.6 28.826 300 90
0 401.6 29.1637 300 90
0 401.6 29.4217 300 90
0 401.6 29.6813 300 90
0 401.6 29.8955 300 90
0 401.6 30.1778 300 90
0 401.6 30.3486 300 90
0 401.6 30.5858 300 90
0 401.6 30.7977 300 90
0 401.6 31.1178 300 90
0 401.6 31.6344 300 90
0 401.6 31.9698 300 90
0 401.6 32.1705 300 90
0 401.6 32.3989 300 90
0 401.6 32.6705 300 90
0 401.6 32.7792 300 90
0 401.6 33.0072 300 90
0 401.6 33.4019 300 90
0 401.6 33.576 300 90
0 401.6 33.7077 300 90
0 401.6 33.8637 300 90
0 401.6 34.2631 300 90
0 401.6 34.4306 300 90
0 401.6 34.6525 300 90
0 401.6 34.9204 300 90
0 401.6 35.1925 300 90
0 401.6 35.3597 300 90
0 401.6 35.5477 300 90
0 401.6 35.7613 300 90
0 401.6 35.9012 300 90
0 401.6 36.1054 300 90
0 401.6 36.3552 300 90
0 401.6 36.5307 300 90
0 401.6 36.8615 300 90
0 401.6 37.0655 300 90
0 401.6 37.2478 300 90
0 401.6 37.4348 300 90
0 401.6 37.6466 300 90
0 401.6 37.7948 300 90
0 401.6 37.9864 300 90
0 401.6 38.2522 300 90
0 401.6 38.4738 300 90
0 401.6 38.7543 300 90
0 401.6 38.9449 300 90
0 401.6 39.1069 300 90
0 401.6 39.4274 300 90
0 401.6 39.6068 300 90
0 401.6 39.7961 300 90
0 401.6 40.0201 300 90
0 401.6 40.2919 300 90
0 401.6 40.4357 300 90
0 401.6 40.6841 300 90
0 401.6 40.9229 300 90
0 401.6 41.0671 300 90
0 401.6 41.3871 300 90
0 401.6 41.6221 300 90
0 401.6 41.7452 300 90
0 401.6 41.9048 300 90
0 401.6 42.0385 300 90
0 401.6 42.1834 300 90
0 401.6 42.3209 300 90
0 401.6 42.4801 300 90
0 401.6 42.6605 300 90
0 401.6 42.8143 300 90
0 401.6 42.9583 300 90
0 401.6 43.1546 300 90
0 401.6 43.3263 300 90
0 401.6 43.4563 300 90
0 401.6 43.6883 300 90
0 401.6 43.8974 300 90
0 401.6 44.0939 300 90
0 401.6 44.2795 300 90
0 401.6 44.4718 300 90
0 401.6 44.7021 300 90
0 401.6 44.9265 300 90
0 401.6 45.1195 300 90
0 401.6 45.4241 300 90
0 401.6 45.544 300 90
0 401.6 45.7178 300 90
0 401.6 46.0242 300 90
0 401.6 46.1635 300 90
0 401.6 46.3671 300 90
0 401.6 46.5774 300 90
0 401.6 46.7731 300 90
0 401.6 46.9452 300 90
0 401.6 47.1789 300 90
0 401.6 47.3737 300 90
0 401.6 47.5601 300 90
0 401.6 47.698 300 90
0 401.6 47.8453 300 90
0 401.6 48.0847 300 90
0 401.6 48.3396 300 90
0 401.6 48.5548 300 90
0 401.6 48.7321 300 90
0 401.6 49.0344 300 90
0 401.6 49.2669 300 90
0 401.6 49.5309 300 90
0 401.6 49.7168 300 90
0 401.6 49.8486 300 90
0 401.6 50.1055 300 90
0 401.6 50.3932 300 90
0 401.6 50.5905 300 90
0 401.6 50.8198 300 90
0 401.6 51.0465 300 90
0 401.6 51.2655 300 90
0 401.6 51.436 300 90
0 401.6 51.7332 300 90
0 401.6 51.8784 300 90
0 401.6 52.1065 300 90
0 401.6 52.3587 300 90
0 401.6 52.5454 300 90
0 401.6 52.7561 300 90
0 401.6 53.0044 300 90
0 401.6 53.2428 300 90
0 401.6 53.4684 300 90
0 401.6 53.5969 300 90
0 401.6 53.7586 300 90
0 401.6 54.0436 300 90
0 401.6 54.3696 300 90
0 401.6 54.5996 300 90
0 401.6 54.8613 300 90
0 401.6 54.9988 300 90
0 401.6 55.223 300 90
0 401.6 55.4451 300 90
0 401.6 55.7106 300 90
0 401.6 55.8312 300 90
0 401.6 55.9956 300 90
0 401.6 56.222 300 90
0 401.6 56.3793 300 90
0 401.6 56.5774 300 90
0 401.6 56.7625 300 90
0 401.6 56.9702 300 90
0 401.6 57.2159 300 90
0 401.6 57.4013 300 90
0 401.6 57.6841 300 90
0 401.6 57.885 300 90
0 401.6 58.089 300 90
0 401.6 58.2477 300 90
0 401.6 58.4665 300 90
0 401.6 58.6669 300 90
0 401.6 58.9166 300 90
0 401.6 59.235 300 90
0 401.6 59.412 300 90
0 401.6 59.5501 300 90
0 401.6 59.8385 300 90
0 401.6 60.0721 300 90
0 401.6 60.4214 300 90
0 401.6 60.556 300 90
0 401.6 60.7723 300 90
0 401.6 61.0988 300 90
0 401.6 61.335 300 90
0 401.6 61.6861 300 90
0 401.6 61.9239 300 90
0 401.6 62.1283 300 90
0 401.6 62.318 300 90
0 401.6 62.4507 300 90
0 401.6 62.663 300 90
0 401.6 63.0869 300 90
0 401.6 63.2706 300 90
0 401.6 63.4829 300 90
0 401.6 63.6343 300 90
0 401.6 63.9527 300 90
0 401.6 64.1737 300 90
0 401.6 64.3128 300 90
0 401.6 64.4549 300 90
0 401.6 64.7203 300 90
0 401.6 64.869 300 90
0 401.6 65.0511 300 90
0 401.6 65.2876 300 90
0 401.6 65.5014 300 90
0 401.6 65.6987 300 90
0 401.6 65.8745 300 90
0 401.6 66.0915 300 90
0 401.6 66.287 300 90
0 401.6 66.6537 300 90
0 401.6 66.8469 300 90
0 401.6 67.0699 300 90
0 401.6 67.2634 300 90
0 401.6 67.4693 300 90
0 401.6 67.6476 300 90
0 401.6 67.8414 300 90
0 401.6 68.2002 300 90
0 401.6 68.5123 300 90
0 401.6 68.7913 300 90
0 401.6 69.0395 300 90
0 396 69.1656 90
0 390.4 69.1803 90
0 390.4 69.2695 300 90
0 390.4 69.4885 300 90
0 390.4 69.6502 300 90
0 390.4 69.9164 300 90
0 390.4 70.1112 300 90
0 390.4 70.2631 300 90
0 390.4 70.4568 300 90
0 390.4 70.7006 300 90
0 390.4 70.8653 300 90
0 390.4 71.0511 300 90
0 390.4 71.2045 300 90
0 390.4 71.484 300 90
0 390.4 71.6628 300 90
0 390.4 71.8717 300 90
0 390.4 72.0396 300 90
0 390.4 72.2271 300 90
0 390.4 72.4458 300 90
0 390.4 72.6939 300 90
0 390.4 72.9537 300 90
0 390.4 73.1525 300 90
0 390.4 73.3456 300 90
0 390.4 73.5763 300 90
0 390.4 73.7064 300 90
0 390.4 73.869 300 90
0 390.4 74.1408 300 90
0 390.4 74.2978 300 90
0 390.4 74.5203 300 90
0 390.4 74.7742 300 90
0 390.4 74.9669 300 90
0 390.4 75.155 300 90
0 390.4 75.3719 300 90
0 390.4 75.532 300 90
0 390.4 75.704 300 90
0 390.4 75.889 300 90
0 390.4 76.1272 300 90
0 390.4 76.2978 300 90
0 390.4 76.4283 300 90
0 390.4 76.7483 300 90
0 390.4 77.0251 300 90
0 390.4 77.3422 300 90
0 390.4 77.5215 300 90
0 390.4 77.7681 300 90
0 390.4 77.9026 300 90
0 390.4 78.2804 300 90
0 390.4 78.4662 300 90
0 390.4 78.6483 300 90
0 390.4 78.8228 300 90
0 390.4 79.0633 300 90
0 390.4 79.4011 300 90
0 390.4 79.7368 300 90
0 390.4 79.8613 300 90
0 390.4 80.0074 300 90
0 390.4 80.2743 300 90
0 390.4 80.4753 300 90
0 390.4 80.6544 300 90
0 390.4 80.8408 300 90
0 390.4 81.1386 300 90
0 390.4 81.3598 300 90
0 390.4 81.5284 300 90
0 390.4 81.8039 300 90
0 390.4 81.9573 300 90
0 390.4 82.1883 300 90
0 390.4 82.4897 300 90
0 390.4 82.7663 300 90
0 390.4 82.9025 300 90
0 390.4 83.1315 300 90
0 390.4 83.4041 300 90
0 390.4 83.6002 300 90
0 390.4 83.9397 300 90
0 390.4 84.1311 300 90
0 390.4 84.3109 300 90
0 390.4 84.5409 300 90
0 390.4 84.7328 300 90
0 390.4 84.9976 300 90
0 390.4 85.3089 300 90
0 390.4 85.5366 300 90
0 390.4 85.7419 300 90
0 390.4 85.963 300 90
0 390.4 86.175 300 90
0 390.4 86.4214 300 90
0 390.4 86.5949 300 90
0 390.4 86.7798 300 90
0 390.4 86.9555 300 90
0 390.4 87.1682 300 90
0 390.4 87.4124 300 90
0 390.4 87.7001 300 90
0 390.4 87.8629 300 90
0 390.4 88.0653 300 90
0 390.4 88.362 300 90
0 390.4 88.5673 300 90
0 390.4 88.9077 300 90
0 390.4 89.0419 300 90
0 390.4 89.2427 300 90
0 390.4 89.3612 300 90
0 390.4 89.5438 300 90
0 390.4 89.7324 300 90
0 390.4 89.9683 300 90
0 390.4 90.1813 300 90
0 390.4 90.4559 300 90
0 390.4 90.6757 300 90
0 390.4 90.8817 300 90
0 390.4 91.0474 300 90
0 390.4 91.2404 300 90
0 390.4 91.6954 300 90
0 390.4 91.9061 300 90
0 390.4 92.1064 300 90
0 390.4 92.3114 300 90
0 390.4 92.484 300 90
0 390.4 92.8341 300 90
0 390.4 93.2479 300 90
0 390.4 93.4569 300 90
0 390.4 93.7232 300 90
0 390.4 94.0595 300 90
0 390.4 94.3545 300 90
0 390.4 94.6132 300 90
0 390.4 94.9773 300 90
0 390.4 95.1535 300 90
0 390.4 95.4987 300 90
0 390.4 95.7553 300 90
0 390.4 95.9909 300 90
0 390.4 96.1474 300 90
0 390.4 96.3926 300 90
0 390.4 96.5702 300 90
0 390.4 96.7733 300 90
0 390.4 96.9262 300 90
0 390.4 97.0952 300 90
0 390.4 97.2315 300 90
0 390.4 97.4738 300 90
0 390.4 97.7292 300 90
0 390.4 97.9211 300 90
0 390.4 98.1618 300 90
0 390.4 98.3106 300 90
0 390.4 98.4704 300 90
0 390.4 98.7355 300 90
0 390.4 98.9485 300 90
0 390.4 99.2005 300 90
0 390.4 99.3999 300 90
0 390.4 99.6828 300 90
0 390.4 99.8726 300 90
0 390.4 100.068 300 90
0 390.4 100.39 300 90
0 390.4 100.785 300 90
0 390.4 100.98 300 90
0 390.4 101.39 300 90
0 390.4 101.644 300 90
0 390.4 101.818 300 90
0 390.4 102.025 300 90
0 390.4 102.199 300 90
0 390.4 102.468 300 90
0 390.4 102.714 300 90
0 390.4 102.993 300 90
0 390.4 103.276 300 90
0 390.4 103.492 300 90
0 390.4 103.727 300 90
0 390.4 104.076 300 90
0 390.4 104.266 300 90
0 390.4 104.49 300 90
0 390.4 104.783 300 90
0 390.4 104.979 300 90
0 390.4 105.173 300 90
0 390.4 105.357 300 90
0 390.4 105.613 300 90
0 390.4 105.849 300 90
0 390.4 106.005 300 90
0 390.4 106.394 300 90
0 390.4 106.538 300 90
0 390.4 106.919 300 90
0 390.4 107.268 300 90
0 390.4 107.439 300 90
0 390.4 107.735 300 90
0 390.4 108.04 300 90
0 390.4 108.28 300 90
0 390.4 108.493 300 90
0 390.4 108.691 300 90
0 390.4 108.986 300 90
0 390.4 109.217 300 90
0 390.4 109.38 300 90
0 390.4 109.711 300 90
0 390.4 109.886 300 90
0 390.4 110.179 300 90
0 390.4 110.513 300 90
0 390.4 110.725 300 90
0 390.4 110.962 300 90
0 390.4 111.255 300 90
0 390.4 111.509 300 90
0 390.4 111.665 300 90
0 390.4 111.961 300 90
0 390.4 112.184 300 90
0 390.4 112.419 300 90
0 390.4 112.669 300 90
0 390.4 113.033 300 90
0 390.4 113.338 300 90
0 390.4 113.599 300 90
0 390.4 113.9 300 90
0 390.4 114.129 300 90
0 390.4 114.457 300 90
0 390.4 114.691 300 90
0 390.4 114.911 300 90
0 390.4 115.164 300 90
0 390.4 115.465 300 90
0 390.4 115.75 300 90
0 390.4 115.897 300 90
0 390.4 116.184 300 90
0 390.4 116.413 300 90
0 390.4 116.58 300 90
0 390.4 116.83 300 90
0 390.4 117.056 300 90
0 390.4 117.3 300 90
0 390.4 117.57 300 90
0 390.4 117.784 300 90
0 390.4 118.011 300 90
0 390.4 118.217 300 90
0 390.4 118.446 300 90
0 390.4 118.804 300 90
0 390.4 119.009 300 90
0 390.4 119.258 300 90
0 390.4 119.396 300 90
0 390.4 119.548 300 90
0 390.4 119.833 300 90
0 390.4 120.013 300 90
0 390.4 120.221 300 90
0 390.4 120.46 300 90
0 390.4 120.681 300 90
0 390.4 120.91 300 90
0 390.4 121.221 300 90
0 390.4 121.428 300 90
0 390.4 121.687 300 90
0 390.4 121.95 300 90
0 390.4 122.126 300 90
0 390.4 122.377 300 90
0 390.4 122.544 300 90
0 390.4 122.901 300 90
0 390.4 123.179 300 90
0 390.4 123.305 300 90
0 390.4 123.516 300 90
0 390.4 123.758 300 90
0 390.4 123.937 300 90
0 390.4 124.282 300 90
0 390.4 124.562 300 90
0 390.4 124.867 300 90
0 390.4 125.231 300 90
0 390.4 125.427 300 90
0 390.4 125.637 300 90
0 390.4 125.892 300 90
0 390.4 126.165 300 90
0 390.4 126.41 300 90
0 390.4 126.782 300 90
0 390.4 126.982 300 90
0 390.4 127.18 300 90
0 390.4 127.398 300 90
0 390.4 127.587 300 90
0 390.4 127.749 300 90
0 390.4 127.96 300 90
0 390.4 128.236 300 90
0 390.4 128.482 300 90
0 390.4 128.769 300 90
0 390.4 128.91 300 90
0 390.4 129.147 300 90
0 390.4 129.381 300 90
0 390.4 129.566 300 90
0 390.4 129.79 300 90
0 390.4 130.22 300 90
0 390.4 130.46 300 90
0 390.4 130.67 300 90
0 390.4 130.94 300 90
0 390.4 131.191 300 90
0 390.4 131.435 300 90
0 390.4 131.754 300 90
0 390.4 131.93 300 90
0 390.4 132.253 300 90
0 390.4 132.466 300 90
0 390.4 132.644 300 90
0 390.4 132.832 300 90
0 390.4 133.011 300 90
0 390.4 133.185 300 90
0 390.4 133.409 300 90
0 390.4 133.761 300 90
0 390.4 133.96 300 90
0 390.4 134.218 300 90
0 390.4 134.454 300 90
0 390.4 134.607 300 90
0 390.4 134.954 300 90
0 390.4 135.135 300 90
0 390.4 135.241 300 90
0 390.4 135.417 300 90
0 390.4 135.672 300 90
0 390.4 135.865 300 90
0 390.4 136.047 300 90
0 390.4 136.273 300 90
0 390.4 136.557 300 90
0 390.4 136.911 300 90
0 390.4 137.261 300 90
0 390.4 137.543 300 90
0 390.4 137.734 300 90
0 390.4 137.877 300 90
0 390.4 138.168 300 90
0 390.4 138.385 300 90
0 390.4 138.523 300 90
0 390.4 138.752 300 90
0 390.4 139.018 300 90
0 390.4 139.31 300 90
0 390.4 139.582 300 90
0 390.4 139.83 300 90
0 390.4 140.002 300 90
0 390.4 140.208 300 90
0 390.4 140.412 300 90
0 390.4 140.607 300 90
0 390.4 140.861 300 90
0 390.4 141.159 300 90
0 390.4 141.477 300 90
0 390.4 141.738 300 90
0 390.4 142.098 300 90
0 390.4 142.275 300 90
0 390.4 142.588 300 90
0 390.4 142.855 300 90
0 390.4 143.003 300 90
0 390.4 143.193 300 90
0 390.4 143.445 300 90
0 390.4 143.585 300 90
0 390.4 143.852 300 90
0 390.4 144.036 300 90
0 390.4 144.284 300 90
0 390.4 144.434 300 90
0 390.4 144.649 300 90
0 390.4 144.862 300 90
0 390.4 145.202 300 90
0 390.4 145.464 300 90
0 390.4 145.734 300 90
0 390.4 146.001 300 90
0 390.4 146.256 300 90
0 390.4 146.474 300 90
0 390.4 146.649 300 90
0 390.4 146.82 300 90
0 390.4 147.047 300 90
0 390.4 147.169 300 90
0 390.4 147.388 300 90
0 390.4 147.681 300 90
0 390.4 147.938 300 90
0 390.4 148.111 300 90
0 390.4 148.299 300 90
0 390.4 148.542 300 90
0 390.4 148.771 300 90
0 390.4 149.08 300 90
0 390.4 149.452 300 90
0 390.4 149.657 300 90
0 390.4 149.957 300 90
0 390.4 150.285 300 90
0 390.4 150.53 300 90
0 390.4 150.967 300 90
0 390.4 151.339 300 90
0 390.4 151.683 300 90
0 390.4 152.184 300 90
0 390.4 152.6 300 90
0 390.4 152.935 300 90
0 390.4 153.479 300 90
0 390.4 153.903 300 90
0 390.4 154.293 300 90
0 390.4 154.58 300 90
0 390.4 154.869 300 90
0 390.4 155.148 300 90
0 390.4 155.42 300 90
0 390.4 155.889 300 90
0 390.4 156.142 300 90
0 390.4 156.336 300 90
0 390.4 156.569 300 90
0 390.4 156.743 300 90
0 390.4 156.975 300 90
0 390.4 157.167 300 90
0 390.4 157.466 300 90
0 390.4 157.784 300 90
0 390.4 157.969 300 90
0 390.4 158.236 300 90
0 390.4 158.461 300 90
0 390.4 158.727 300 90
0 390.4 158.936 300 90
0 390.4 159.303 300 90
0 390.4 159.935 300 90
0 390.4 160.136 300 90
0 390.4 160.404 300 90
0 390.4 160.698 300 90
0 390.4 160.948 300 90
0 390.4 161.135 300 90
0 390.4 161.35 300 90
0 390.4 161.573 300 90
0 390.4 161.679 300 90
0 390.4 161.827 300 90
0 390.4 162.002 300 90
0 390.4 162.151 300 90
0 390.4 162.368 300 90
0 390.4 162.481 300 90
0 390.4 162.603 300 90
0 390.4 162.812 300 90
0 390.4 162.987 300 90
0 390.4 163.133 300 90
0 390.4 163.342 300 90
0 390.4 163.524 300 90
0 390.4 163.676 300 90
0 390.4 163.798 300 90
0 390.4 163.942 300 90
0 390.4 164.054 300 90
0 390.4 164.2 300 90
0 390.4 164.382 300 90
0 390.4 164.526 300 90
0 390.4 164.629 300 90
0 390.4 164.791 300 90
0 390.4 164.888 300 90
0 390.4 165.027 300 90
0 390.4 165.225 300 90
0 390.4 165.367 300 90
0 390.4 165.508 300 90
0 390.4 165.748 300 90
0 390.4 165.906 300 90
0 390.4 166.09 300 90
0 390.4 166.275 300 90
0 390.4 166.371 300 90
0 390.4 166.519 300 90
0 390.4 166.662 300 90
0 390.4 166.885 300 90
0 390.4 167.065 300 90
0 390.4 167.271 300 90
0 390.4 167.407 300 90
0 390.4 167.592 300 90
0 390.4 167.723 300 90
0 390.4 167.862 300 90
0 390.4 167.964 300 90
0 390.4 168.19 300 90
0 390.4 168.515 300 90
0 390.4 168.692 300 90
0 390.4 168.877 300 90
0 390.4 169.113 300 90
0 390.4 169.302 300 90
0 390.4 169.499 300 90
0 390.4 169.764 300 90
0 390.4 170.043 300 90
0 390.4 170.371 300 90
0 390.4 170.543 300 90
0 390.4 170.804 300 90
0 390.4 171.098 300 90
0 390.4 171.293 300 90
0 390.4 171.498 300 90
0 390.4 171.784 300 90
0 390.4 172.145 300 90
0 390.4 172.408 300 90
0 390.4 172.643 300 90
0 390.4 172.955 300 90
0 390.4 173.181 300 90
0 390.4 173.367 300 90
0 390.4 173.599 300 90
0 390.4 173.827 300 90
0 390.4 174.017 300 90
0 390.4 174.226 300 90
0 390.4 174.457 300 90
0 390.4 174.891 300 90
0 390.4 175.223 300 90
0 390.4 175.422 300 90
0 390.4 175.56 300 90
0 390.4 175.923 300 90
0 390.4 176.15 300 90
0 390.4 176.505 300 90
0 390.4 176.73 300 90
0 390.4 177.001 300 90
0 390.4 177.36 300 90
0 390.4 177.534 300 90
0 390.4 177.723 300 90
0 390.4 177.864 300 90
0 390.4 178.097 300 90
0 390.4 178.299 300 90
0 390.4 178.469 300 90
0 390.4 178.835 300 90
0 390.4 178.99 300 90
0 390.4 179.375 300 90
0 390.4 179.688 300 90
0 390.4 179.985 300 90
0 390.4 180.118 300 90
0 390.4 180.555 300 90
0 390.4 180.824 300 90
0 390.4 180.969 300 90
0 390.4 181.193 300 90
0 390.4 181.499 300 90
0 390.4 181.632 300 90
0 390.4 181.886 300 90
0 390.4 182.42 300 90
0 390.4 182.753 300 90
0 390.4 182.913 300 90
0 390.4 183.093 300 90
0 390.4 183.336 300 90
0 390.4 183.551 300 90
0 390.4 183.749 300 90
0 390.4 183.923 300 90
0 390.4 184.066 300 90
0 390.4 184.316 300 90
0 390.4 184.515 300 90
0 390.4 184.76 300 90
0 390.4 185.036 300 90
0 390.4 185.215 300 90
0 390.4 185.441 300 90
0 390.4 185.822 300 90
0 390.4 185.97 300 90
0 390.4 186.268 300 90
0 390.4 186.406 300 90
0 390.4 186.641 300 90
0 390.4 186.854 300 90
0 390.4 187.048 300 90
0 390.4 187.243 300 90
0 390.4 187.529 300 90
0 390.4 187.778 300 90
0 390.4 188.03 300 90
0 390.4 188.243 300 90
0 390.4 188.562 300 90
0 390.4 188.754 300 90
0 390.4 189.069 300 90
0 390.4 189.364 300 90
0 390.4 189.62 300 90
0 390.4 189.83 300 90
0 390.4 190.158 300 90
0 390.4 190.369 300 90
0 390.4 190.721 300 90
0 390.4 190.969 300 90
0 390.4 191.211 300 90
0 390.4 191.397 300 90
0 390.4 191.636 300 90
0 390.4 191.829 300 90
0 390.4 192.104 300 90
0 390.4 192.303 300 90
0 390.4 192.697 300 90
0 390.4 192.991 300 90
0 390.4 193.277 300 90
0 390.4 193.422 300 90
0 390.4 193.629 300 90
0 390.4 193.87 300 90
0 390.4 194.089 300 90
0 390.4 194.241 300 90
0 390.4 194.572 300 90
0 390.4 194.856 300 90
0 390.4 195.078 300 90
0 390.4 195.306 300 90
0 390.4 195.556 300 90
0 390.4 195.764 300 90
0 390.4 195.928 300 90
0 390.4 196.112 300 90
0 390.4 196.358 300 90
0 390.4 196.558 300 90
0 390.4 196.815 300 90
0 390.4 197.047 300 90
0 390.4 197.202 300 90
0 390.4 197.376 300 90
0 390.4 197.746 300 90
0 390.4 198.045 300 90
0 390.4 198.311 300 90
0 390.4 198.458 300 90
0 390.4 198.729 300 90
0 390.4 199.036 300 90
0 390.4 199.185 300 90
0 390.4 199.355 300 90
0 390.4 199.529 300 90
0 390.4 199.856 300 90
0 390.4 200.041 300 90
0 390.4 200.257 300 90
0 390.4 200.631 300 90
0 390.4 200.95 300 90
0 390.4 201.142 300 90
0 390.4 201.407 300 90
0 390.4 201.66 300 90
0 390.4 201.804 300 90
0 390.4 202.058 300 90
0 390.4 202.353 300 90
0 390.4 202.494 300 90
0 390.4 202.673 300 90
0 390.4 202.878 300 90
0 390.4 203.179 300 90
0 390.4 203.515 300 90
0 390.4 203.717 300 90
0 390.4 203.901 300 90
0 390.4 204.07 300 90
0 390.4 204.372 300 90
0 390.4 204.579 300 90
0 390.4 204.848 300 90
0 390.4 205.076 300 90
0 390.4 205.296 300 90
0 390.4 205.514 300 90
0 390.4 205.739 300 90
0 390.4 205.881 300 90
0 390.4 206.182 300 90
0 390.4 206.353 300 90
0 390.4 206.552 300 90
0 390.4 206.71 300 90
0 390.4 207.059 300 90
0 390.4 207.288 300 90
0 390.4 207.474 300 90
0 390.4 207.705 300 90
0 390.4 207.844 300 90
0 390.4 208.032 300 90
0 390.4 208.297 300 90
0 390.4 208.523 300 90
0 390.4 208.724 300 90
0 390.4 208.985 300 90
0 390.4 209.133 300 90
0 390.4 209.388 300 90
0 390.4 209.564 300 90
0 390.4 209.718 300 90
0 390.4 209.863 300 90
0 390.4 210.065 300 90
0 390.4 210.248 300 90
0 390.4 210.51 300 90
0 390.4 210.655 300 90
0 390.4 210.857 300 90
0 390.4 211.046 300 90
0 390.4 211.319 300 90
0 390.4 211.437 300 90
0 390.4 211.645 300 90
0 390.4 211.943 300 90
0 390.4 212.205 300 90
0 390.4 212.513 300 90
0 390.4 212.724 300 90
0 390.4 212.942 300 90
0 390.4 213.23 300 90
0 390.4 213.495 300 90
0 390.4 213.881 300 90
0 390.4 214.174 300 90
0 390.4 214.449 300 90
0 390.4 214.794 300 90
0 390.4 215.017 300 90
0 390.4 215.306 300 90
0 390.4 215.518 300 90
0 390.4 215.77 300 90
0 390.4 216.015 300 90
0 390.4 216.196 300 90
0 390.4 216.356 300 90
0 390.4 216.777 300 90
0 390.4 217.171 300 90
0 390.4 217.459 300 90
0 390.4 217.65 300 90
0 390.4 217.824 300 90
0 390.4 217.997 300 90
0 390.4 218.279 300 90
0 390.4 218.55 300 90
0 390.4 218.746 300 90
0 390.4 218.953 300 90
0 390.4 219.146 300 90
0 390.4 219.342 300 90
0 390.4 219.47 300 90
0 390.4 219.728 300 90
0 390.4 219.855 300 90
0 390.4 220.05 300 90
0 390.4 220.366 300 90
0 390.4 220.706 300 90
0 390.4 220.997 300 90
0 390.4 221.199 300 90
0 390.4 221.593 300 90
0 390.4 221.831 300 90
0 390.4 221.988 300 90
0 390.4 222.222 300 90
0 390.4 222.428 300 90
0 390.4 222.64 300 90
0 390.4 223.041 300 90
0 390.4 223.344 300 90
0 390.4 223.571 300 90
0 390.4 223.779 300 90
0 390.4 223.968 300 90
0 390.4 224.189 300 90
0 390.4 224.328 300 90
0 390.4 224.573 300 90
0 390.4 224.762 300 90
0 390.4 225.03 300 90
0 390.4 225.27 300 90
0 390.4 225.408 300 90
0 390.4 225.696 300 90
0 390.4 225.946 300 90
0 390.4 226.147 300 90
0 390.4 226.404 300 90
0 390.4 226.609 300 90
0 390.4 226.86 300 90
0 390.4 227.05 300 90
0 390.4 227.247 300 90
0 390.4 227.454 300 90
0 390.4 227.654 300 90
0 390.4 227.912 300 90
0 390.4 228.061 300 90
0 390.4 228.272 300 90
0 390.4 228.521 300 90
0 390.4 228.749 300 90
0 390.4 228.898 300 90
0 390.4 229.097 300 90
0 390.4 229.242 300 90
0 390.4 229.47 300 90
0 390.4 229.753 300 90
0 390.4 229.94 300 90
0 390.4 230.19 300 90
0 390.4 230.421 300 90
0 390.4 230.678 300 90
0 390.4 231.088 300 90
0 390.4 231.332 300 90
0 390.4 231.526 300 90
0 390.4 231.763 300 90
0 390.4 231.991 300 90
0 390.4 232.284 300 90
0 390.4 232.484 300 90
0 390.4 232.708 300 90
0 390.4 232.972 300 90
0 390.4 233.188 300 90
0 390.4 233.342 300 90
0 390.4 233.49 300 90
0 390.4 233.635 300 90
0 390.4 233.88 300 90
0 390.4 234.116 300 90
0 390.4 234.347 300 90
0 390.4 234.651 300 90
0 390.4 234.915 300 90
0 390.4 235.02 300 90
0 390.4 235.296 300 90
0 390.4 235.526 300 90
0 390.4 235.641 300 90
0 390.4 235.809 300 90
0 390.4 235.933 300 90
0 390.4 236.072 300 90
0 390.4 236.232 300 90
0 390.4 236.398 300 90
0 390.4 236.495 300 90
0 390.4 236.687 300 90
0 390.4 236.9 300 90
0 390.4 237.156 300 90
0 390.4 237.29 300 90
0 390.4 237.461 300 90
0 390.4 237.645 300 90
0 390.4 237.8 300 90
0 390.4 237.95 300 90
0 390.4 238.089 300 90
0 390.4 238.216 300 90
0 390.4 238.34 300 90
0 390.4 238.511 300 90
0 390.4 238.673 300 90
0 390.4 238.876 300 90
0 390.4 239.011 300 90
0 390.4 239.158 300 90
0 390.4 239.379 300 90
0 390.4 239.481 300 90
0 390.4 239.649 300 90
0 390.4 239.858 300 90
0 390.4 240.172 300 90
0 390.4 240.389 300 90
0 390.4 240.625 300 90
0 390.4 240.838 300 90
0 390.4 241.053 300 90
0 390.4 241.39 300 90
0 390.4 241.638 300 90
0 390.4 241.921 300 90
0 390.4 242.067 300 90
0 390.4 242.253 300 90
0 390.4 242.393 300 90
0 390.4 242.594 300 90
0 390.4 242.945 300 90
0 390.4 243.132 300 90
0 390.4 243.345 300 90
0 390.4 243.49 300 90
0 390.4 243.728 300 90
0 390.4 244.015 300 90
0 390.4 244.219 300 90
0 390.4 244.492 300 90
0 390.4 244.725 300 90
0 390.4 244.94 300 90
0 390.4 245.104 300 90
0 390.4 245.295 300 90
0 390.4 245.566 300 90
0 390.4 245.821 300 90
0 390.4 246.085 300 90
0 390.4 246.233 300 90
0 390.4 246.418 300 90
0 390.4 246.651 300 90
0 390.4 246.924 300 90
0 390.4 247.186 300 90
0 390.4 247.464 300 90
0 390.4 247.67 300 90
0 390.4 247.899 300 90
0 390.4 248.08 300 90
0 390.4 248.279 300 90
0 390.4 248.507 300 90
0 390.4 248.732 300 90
0 390.4 248.934 300 90
0 390.4 249.188 300 90
0 390.4 249.555 300 90
0 390.4 249.74 300 90
0 390.4 249.913 300 90
0 390.4 250.198 300 90
0 390.4 250.351 300 90
0 390.4 250.533 300 90
0 390.4 250.875 300 90
0 390.4 251.071 300 90
0 390.4 251.354 300 90
0 390.4 251.564 300 90
0 390.4 251.695 300 90
0 390.4 251.948 300 90
0 390.4 252.162 300 90
0 390.4 252.382 300 90
0 390.4 252.603 300 90
0 390.4 252.84 300 90
0 390.4 253.125 300 90
0 390.4 253.342 300 90
0 390.4 253.558 300 90
0 390.4 253.773 300 90
0 390.4 254.028 300 90
0 390.4 254.21 300 90
0 390.4 254.399 300 90
0 390.4 254.73 300 90
0 390.4 254.994 300 90
0 390.4 255.188 300 90
0 390.4 255.482 300 90
0 390.4 255.842 300 90
0 390.4 256.125 300 90
0 390.4 256.313 300 90
0 390.4 256.47 300 90
0 390.4 256.649 300 90
0 390.4 256.783 300 90
0 390.4 256.919 300 90
0 390.4 257.106 300 90
0 390.4 257.287 300 90
0 390.4 257.512 300 90
0 390.4 257.879 300 90
0 390.4 258.071 300 90
0 390.4 258.273 300 90
0 390.4 258.503 300 90
0 390.4 258.789 300 90
0 390.4 258.974 300 90
0 390.4 259.255 300 90
0 390.4 259.526 300 90
0 390.4 259.662 300 90
0 390.4 260.048 300 90
0 390.4 260.395 300 90
0 390.4 260.647 300 90
0 390.4 260.963 300 90
0 390.4 261.141 300 90
0 390.4 261.327 300 90
0 390.4 261.565 300 90
0 390.4 261.768 300 90
0 390.4 261.951 300 90
0 390.4 262.116 300 90
0 390.4 262.405 300 90
0 390.4 262.555 300 90
0 390.4 262.689 300 90
0 390.4 262.865 300 90
0 390.4 263.085 300 90
0 390.4 263.359 300 90
0 390.4 263.64 300 90
0 390.4 263.797 300 90
0 390.4 263.996 300 90
0 390.4 264.38 300 90
0 390.4 264.725 300 90
0 390.4 264.908 300 90
0 390.4 265.207 300 90
0 390.4 265.342 300 90
0 390.4 265.495 300 90
0 390.4 265.637 300 90
0 390.4 265.98 300 90
0 390.4 266.162 300 90
0 390.4 266.257 300 90
0 390.4 266.445 300 90
0 390.4 266.796 300 90
0 390.4 266.982 300 90
0 390.4 267.161 300 92
0 390.4 267.349 300 92
0 390.4 267.527 300 92
0 390.4 267.735 300 92
0 390.4 267.872 300 92
0 390.4 268.05 300 92
0 390.4 268.263 300 92
0 390.4 268.419 300 92
0 390.4 268.547 300 92
0 390.4 268.638 300 92
0 390.4 268.761 300 92
0 390.4 268.919 300 92
0 390.4 269.012 300 92
0 390.4 269.169 300 92
0 390.4 269.279 300 92
0 390.4 269.38 300 92
0 390.4 269.63 300 92
0 390.4 269.809 300 92
0 390.4 269.914 300 92
0 390.4 270.045 300 92
0 390.4 270.284 300 92
0 390.4 270.491 300 92
0 390.4 270.63 300 92
0 390.4 270.847 300 92
0 390.4 271.144 300 92
0 390.4 271.402 300 92
0 390.4 271.59 300 92
0 390.4 271.877 300 92
0 390.4 272.063 300 92
0 390.4 272.329 300 92
0 390.4 272.665 300 92
0 390.4 272.908 300 92
0 390.4 273.135 300 92
0 390.4 273.277 300 92
0 390.4 273.464 300 92
0 390.4 273.807 300 92
0 390.4 274.12 300 92
0 390.4 274.268 300 92
0 390.4 274.582 300 92
0 390.4 274.759 300 92
0 390.4 274.945 300 92
0 390.4 275.134 300 92
0 390.4 275.324 300 92
0 390.4 275.57 300 92
0 390.4 275.839 300 92
0 390.4 275.977 300 92
0 390.4 276.269 300 92
0 390.4 276.516 300 92
0 390.4 276.754 300 92
0 390.4 277.037 300 92
0 390.4 277.326 300 92
0 390.4 277.527 300 92
0 390.4 277.703 300 92
0 390.4 278.01 300 92
0 390.4 278.187 300 92
0 390.4 278.441 300 92
0 390.4 278.643 300 92
0 390.4 279.021 300 92
0 390.4 279.277 300 92
0 390.4 279.426 300 92
0 390.4 279.717 300 92
0 390.4 279.909 300 92
0 390.4 280.056 300 92
0 390.4 280.459 300 92
0 390.4 280.707 300 92
0 390.4 280.934 300 92
0 390.4 281.138 300 92
0 390.4 281.432 300 92
0 390.4 281.658 300 92
0 390.4 281.816 300 92
0 390.4 282.006 300 92
0 390.4 282.152 300 92
0 390.4 282.349 300 92
0 390.4 282.539 300 92
0 390.4 282.762 300 92
0 390.4 283.028 300 92
0 390.4 283.224 300 92
0 390.4 283.444 300 92
0 390.4 283.698 300 92
0 390.4 283.968 300 92
0 390.4 284.1 300 92
0 390.4 284.295 300 92
0 390.4 284.553 300 92
0 390.4 284.745 300 92
0 390.4 284.941 300 92
0 390.4 285.081 300 92
0 390.4 285.39 300 92
0 390.4 285.53 300 92
0 390.4 285.763 300 92
0 390.4 285.968 300 92
0 390.4 286.171 300 92
0 390.4 286.52 300 92
0 390.4 286.809 300 92
0 390.4 286.958 300 92
0 390.4 287.106 300 92
0 390.4 287.304 300 92
0 390.4 287.491 300 92
0 390.4 287.815 300 92
0 390.4 288.039 300 92
0 390.4 288.357 300 92
0 390.4 288.648 300 92
0 390.4 288.995 300 92
0 390.4 289.138 300 92
0 390.4 289.431 300 92
0 390.4 289.698 300 92
0 390.4 289.833 300 92
0 390.4 290.148 300 92
0 390.4 290.287 300 92
0 390.4 290.424 300 92
0 390.4 290.692 300 92
0 390.4 290.885 300 92
0 390.4 291.069 300 92
0 390.4 291.28 300 92
0 390.4 291.457 300 92
0 390.4 291.645 300 92
0 390.4 291.862 300 92
0 390.4 292.101 300 92
0 390.4 292.253 300 92
0 390.4 292.451 300 92
0 390.4 292.626 300 92
0 390.4 292.916 300 92
0 390.4 293.121 300 92
0 390.4 293.355 300 92
0 390.4 293.532 300 92
0 390.4 293.797 300 92
0 390.4 294.284 300 92
0 390.4 294.422 300 92
0 390.4 294.642 300 92
0 390.4 294.857 300 92
0 390.4 295.224 300 92
0 390.4 295.527 300 92
0 390.4 295.67 300 92
0 390.4 295.812 300 92
0 390.4 295.958 300 92
0 390.4 296.139 300 92
0 390.4 296.36 300 92
0 390.4 296.506 300 92
0 390.4 296.744 300 92
0 390.4 296.971 300 92
0 390.4 297.226 300 92
0 390.4 297.491 300 92
0 390.4 297.658 300 92
0 390.4 297.925 300 92
0 390.4 298.172 300 92
0 390.4 298.344 300 92
0 390.4 298.531 300 92
0 390.4 298.771 300 92
0 390.4 298.896 300 92
0 390.4 299.073 300 92
0 390.4 299.207 300 92
0 390.4 299.42 300 92
0 390.4 299.55 300 92
0 390.4 299.678 300 92
0 390.4 299.777 300 92
0 390.4 299.933 300 92
0 390.4 300.071 300 92
0 390.4 300.269 300 92
0 390.4 300.378 300 92
0 390.4 300.509 300 92
0 390.4 300.776 300 92
0 390.4 300.969 300 92
0 390.4 301.052 300 92
0 390.4 301.266 300 92
0 390.4 301.502 300 92
0 390.4 301.763 300 92
0 390.4 302.024 300 92
0 390.4 302.175 300 92
0 390.4 302.355 300 92
0 390.4 302.647 300 92
0 390.4 302.915 300 92
0 390.4 303.142 300 92
0 390.4 303.427 300 92
0 390.4 303.789 300 92
0 390.4 304.105 300 92
0 390.4 304.487 300 92
0 390.4 304.713 300 92
0 390.4 305.067 300 92
0 390.4 305.304 300 92
0 390.4 305.698 300 92
0 390.4 305.882 300 92
0 390.4 306.112 300 92
0 390.4 306.475 300 92
0 390.4 306.862 300 92
0 390.4 307.013 300 92
0 390.4 307.308 300 92
0 390.4 307.663 300 92
0 390.4 307.847 300 92
0 390.4 307.988 300 92
0 390.4 308.263 300 92
0 390.4 308.475 300 92
0 390.4 308.762 300 92
0 390.4 308.998 300 92
0 390.4 309.156 300 92
0 390.4 309.425 300 92
0 390.4 309.575 300 92
0 390.4 309.904 300 92
0 390.4 310.09 300 92
0 390.4 310.284 300 92
0 390.4 310.543 300 92
0 390.4 310.847 300 92
0 390.4 311.081 300 92
0 390.4 311.301 300 92
0 390.4 311.535 300 92
0 390.4 311.693 300 92
0 390.4 311.844 300 92
0 390.4 312.134 300 92
0 390.4 312.373 300 92
0 390.4 312.541 300 92
0 390.4 312.773 300 92
0 390.4 312.953 300 92
0 390.4 313.285 300 92
0 390.4 313.553 300 92
0 390.4 313.788 300 92
0 390.4 314.074 300 92
0 390.4 314.306 300 92
0 390.4 314.61 300 92
0 390.4 314.913 300 92
0 390.4 315.161 300 92
0 390.4 315.398 300 92
0 390.4 315.549 300 92
0 390.4 315.686 300 92
0 390.4 316.071 300 92
0 390.4 316.402 300 92
0 390.4 316.678 300 92
0 390.4 316.929 300 92
0 390.4 317.134 300 92
0 390.4 317.364 300 92
0 390.4 317.736 300 92
0 390.4 318.146 300 92
0 390.4 318.382 300 92
0 390.4 318.533 300 92
0 390.4 318.835 300 92
0 390.4 318.965 300 92
0 390.4 319.15 300 92
0 390.4 319.27 300 92
0 390.4 319.442 300 92
0 390.4 319.716 300 92
0 390.4 319.896 300 92
0 390.4 320.229 300 92
0 390.4 320.511 300 92
0 390.4 320.741 300 92
0 390.4 320.975 300 92
0 390.4 321.115 300 92
0 390.4 321.399 300 92
0 390.4 321.697 300 92
0 390.4 322.1 300 92
0 390.4 322.287 300 92
0 390.4 322.612 300 92
0 390.4 322.961 300 92
0 390.4 323.181 300 92
0 390.4 323.371 300 92
0 390.4 323.711 300 92
0 390.4 323.919 300 92
0 390.4 324.155 300 92
0 390.4 324.307 300 92
0 390.4 324.52 300 92
0 390.4 324.823 300 92
0 390.4 325.113 300 92
0 390.4 325.3 300 92
0 390.4 325.484 300 92
0 390.4 325.794 300 92
0 390.4 325.993 300 92
0 390.4 326.221 300 92
0 390.4 326.606 300 92
0 390.4 326.876 300 92
0 390.4 327.047 300 92
0 390.4 327.211 300 92
0 390.4 327.328 300 92
0 390.4 327.539 300 92
0 390.4 327.682 300 92
0 390.4 327.893 300 92
0 390.4 328.213 300 92
0 390.4 328.413 300 92
0 390.4 328.588 300 92
0 390.4 328.865 300 92
0 390.4 329.268 300 92
0 390.4 329.525 300 92
0 390.4 329.739 300 92
0 390.4 329.919 300 92
0 390.4 330.162 300 92
0 390.4 330.344 300 92
0 390.4 330.634 300 92
0 390.4 330.998 300 92
0 390.4 331.257 300 92
0 390.4 331.506 300 92
0 390.4 331.785 300 92
0 390.4 332.055 300 92
0 390.4 332.235 300 92
0 390.4 332.516 300 92
0 390.4 332.745 300 92
0 390.4 332.881 300 92
0 390.4 333.259 300 92
0 390.4 333.525 300 92
0 390.4 333.786 300 92
0 390.4 334.114 300 92
0 390.4 334.376 300 92
0 390.4 334.658 300 92
0 390.4 334.798 300 92
0 390.4 334.998 300 92
0 390.4 335.136 300 92
0 390.4 335.388 300 92
0 390.4 335.699 300 92
0 390.4 335.854 300 92
0 390.4 336.124 300 92
0 390.4 336.276 300 92
0 390.4 336.486 300 92
0 390.4 336.691 300 92
0 390.4 336.876 300 92
0 390.4 337.187 300 92
0 390.4 337.495 300 92
0 390.4 337.73 300 92
0 390.4 338.105 300 92
0 390.4 338.352 300 92
0 390.4 338.597 300 92
0 390.4 338.786 300 92
0 390.4 339.022 300 92
0 390.4 339.167 300 92
0 390.4 339.399 300 92
0 390.4 339.579 300 92
0 390.4 339.765 300 92
0 390.4 339.922 300 92
0 390.4 340.202 300 92
0 390.4 340.499 300 92
0 390.4 340.752 300 92
0 390.4 341.001 300 92
0 390.4 341.286 300 92
0 390.4 341.576 300 92
0 390.4 341.778 300 92
0 390.4 341.923 300 92
0 390.4 342.393 300 92
0 390.4 342.657 300 92
0 390.4 343.056 300 92
0 390.4 343.176 300 92
0 390.4 343.331 300 92
0 390.4 343.489 300 92
0 390.4 343.801 300 92
0 390.4 343.952 300 92
0 390.4 344.174 300 92
0 390.4 344.368 300 92
0 390.4 344.585 300 92
0 390.4 344.71 300 92
0 390.4 344.883 300 92
0 390.4 345.081 300 92
0 390.4 345.401 300 92
0 390.4 345.549 300 92
0 390.4 345.752 300 92
0 390.4 345.871 300 92
0 390.4 346.025 300 92
0 390.4 346.18 300 92
0 390.4 346.344 300 92
0 390.4 346.48 300 92
0 390.4 346.642 300 92
0 390.4 346.831 300 92
0 390.4 347.049 300 92
0 390.4 347.263 300 92
0 390.4 347.434 300 92
0 390.4 347.623 300 92
0 390.4 347.782 300 92
0 390.4 347.965 300 92
0 390.4 348.14 300 92
0 390.4 348.314 300 92
0 390.4 348.613 300 92
0 390.4 348.921 300 92
0 390.4 349.106 300 92
0 390.4 349.352 300 92
0 390.4 349.49 300 92
0 390.4 349.8 300 92
0 390.4 349.982 300 92
0 390.4 350.241 300 92
0 390.4 350.443 300 92
0 390.4 350.669 300 92
0 390.4 350.816 300 92
0 390.4 351.011 300 92
0 390.4 351.306 300 92
0 390.4 351.61 300 92
0 390.4 351.813 300 92
0 390.4 352.044 300 92
0 390.4 352.318 300 92
0 390.4 352.537 300 92
0 390.4 352.748 300 92
0 390.4 352.916 300 92
0 390.4 353.196 300 92
0 390.4 353.449 300 92
0 390.4 353.63 300 92
0 390.4 353.771 300 92
0 390.4 354.017 300 92
0 390.4 354.245 300 92
0 390.4 354.418 300 92
0 390.4 354.689 300 92
0 390.4 354.925 300 92
0 390.4 355.141 300 92
0 390.4 355.37 300 92
0 390.4 355.572 300 92
0 390.4 355.798 300 92
0 390.4 356.252 300 92
0 390.4 356.499 300 92
0 390.4 356.717 300 92
0 390.4 356.898 300 92
0 390.4 357.08 300 92
0 390.4 357.319 300 92
0 390.4 357.641 300 92
0 390.4 357.89 300 92
0 390.4 358.26 300 92
0 390.4 358.562 300 92
0 390.4 358.775 300 92
0 390.4 359.004 300 92
0 390.4 359.14 300 92
0 390.4 359.279 300 92
0 390.4 359.441 300 92
0 390.4 359.719 300 92
0 390.4 359.962 300 92
0 390.4 360.152 300 92
0 390.4 360.367 300 92
0 390.4 360.779 300 92
0 390.4 360.974 300 92
0 390.4 361.21 300 92
0 390.4 361.424 300 92
0 390.4 361.637 300 92
0 390.4 361.831 300 92
0 390.4 361.987 300 92
0 390.4 362.173 300 92
0 390.4 362.355 300 92
0 390.4 362.556 300 92
0 390.4 362.685 300 92
0 390.4 362.9 300 92
0 390.4 363.057 300 92
0 390.4 363.283 300 92
0 390.4 363.541 300 92
0 390.4 363.775 300 92
0 390.4 364.077 300 92
0 390.4 364.367 300 92
0 390.4 364.59 300 92
0 390.4 364.766 300 92
0 390.4 364.992 300 92
0 390.4 365.25 300 92
0 390.4 365.541 300 92
0 390.4 365.68 300 92
0 390.4 365.959 300 92
0 390.4 366.279 300 92
0 390.4 366.47 300 92
0 390.4 366.762 300 92
0 390.4 366.855 300 92
0 390.4 366.971 300 92
0 390.4 367.121 300 92
0 390.4 367.365 300 92
0 390.4 367.543 300 92
0 390.4 367.696 300 92
0 390.4 367.819 300 92
0 390.4 367.947 300 92
0 390.4 368.142 300 92
0 390.4 368.335 300 92
0 390.4 368.523 300 92
0 390.4 368.708 300 92
0 390.4 368.897 300 92
0 390.4 369.093 300 92
0 390.4 369.228 300 92
0 390.4 369.394 300 92
0 390.4 369.514 300 92
0 390.4 369.775 300 92
0 390.4 369.99 300 92
0 390.4 370.149 300 92
0 390.4 370.331 300 92
0 390.4 370.572 300 92
0 390.4 370.823 300 92
0 390.4 371.026 300 92
0 390.4 371.171 300 92
0 390.4 371.328 300 92
0 390.4 371.579 300 92
0 390.4 371.784 300 92
0 390.4 371.98 300 92
0 390.4 372.254 300 92
0 390.4 372.488 300 92
0 390.4 372.756 300 92
0 390.4 372.961 300 92
0 390.4 373.259 300 92
0 390.4 373.442 300 92
0 390.4 373.829 300 92
0 390.4 374.025 300 92
0 390.4 374.221 300 92
0 390.4 374.452 300 92
0 390.4 374.674 300 92
0 390.4 374.819 300 92
0 390.4 375.092 300 92
0 390.4 375.343 300 92
0 390.4 375.585 300 92
0 390.4 375.734 300 92
0 390.4 376.085 300 92
0 390.4 376.393 300 92
0 390.4 376.683 300 92
0 390.4 376.952 300 92
0 390.4 377.231 300 92
0 390.4 377.481 300 92
0 390.4 377.678 300 92
0 390.4 377.881 300 92
0 390.4 378.03 300 92
0 390.4 378.183 300 92
0 390.4 378.29 300 92
0 390.4 378.572 300 92
0 390.4 378.876 300 92
0 390.4 379.095 300 92
0 390.4 379.365 300 92
0 390.4 379.558 300 92
0 390.4 379.834 300 92
0 390.4 380.021 300 92
0 390.4 380.27 300 92
0 390.4 380.466 300 92
0 390.4 380.734 300 92
0 390.4 381.065 300 92
0 390.4 381.247 300 92
0 390.4 381.515 300 92
0 390.4 381.73 300 92
0 390.4 382.073 300 92
0 390.4 382.354 300 92
0 390.4 382.589 300 92
0 390.4 382.819 300 92
0 390.4 383.17 300 92
0 390.4 383.462 300 92
0 390.4 383.796 300 92
0 390.4 383.989 300 92
0 390.4 384.19 300 92
0 390.4 384.42 300 92
0 390.4 384.616 300 92
0 390.4 384.846 300 92
0 390.4 385.179 300 92
0 390.4 385.4 300 92
0 390.4 385.583 300 92
0 390.4 385.891 300 92
0 390.4 386.086 300 92
0 390.4 386.275 300 92
0 390.4 386.645 300 92
0 390.4 386.816 300 92
0 390.4 387.041 300 92
0 390.4 387.245 300 92
0 390.4 387.454 300 92
0 390.4 387.749 300 92
0 390.4 388.087 300 92
0 390.4 388.222 300 92
0 390.4 388.433 300 92
0 390.4 388.642 300 92
0 390.4 388.903 300 92
0 390.4 389.228 300 92
0 390.4 389.366 300 92
0 390.4 389.574 300 92
0 390.4 389.772 300 92
0 390.4 390.093 300 92
0 390.4 390.303 300 92
0 390.4 390.493 300 92
0 390.4 390.689 300 92
0 390.4 390.936 300 92
0 390.4 391.133 300 92
0 390.4 391.366 300 92
0 390.4 391.591 300 92
0 390.4 391.781 300 92
0 390.4 391.936 300 92
0 390.4 392.165 300 92
0 390.4 392.428 300 92
0 390.4 392.71 300 92
0 390.4 392.98 300 92
0 390.4 393.354 300 92
0 390.4 393.567 300 92
0 390.4 393.718 300 92
0 390.4 393.971 300 92
0 390.4 394.27 300 92
0 390.4 394.397 300 92
0 390.4 394.55 300 92
0 390.4 394.71 300 92
0 390.4 394.851 300 92
0 390.4 395.089 300 92
0 390.4 395.263 300 92
0 390.4 395.462 300 92
0 390.4 395.841 300 92
0 390.4 396.029 300 92
0 390.4 396.261 300 92
0 390.4 396.439 300 92
0 390.4 396.718 300 92
0 390.4 396.847 300 92
0 390.4 397.155 300 92
0 390.4 397.435 300 92
0 390.4 397.609 300 92
0 390.4 397.843 300 92
0 390.4 397.989 300 92
0 390.4 398.167 300 92
0 390.4 398.385 300 92
0 390.4 398.576 300 92
0 390.4 398.803 300 92
0 390.4 399.024 300 92
0 390.4 399.224 300 92
0 390.4 399.456 300 92
0 390.4 399.693 300 92
0 390.4 399.874 300 92
0 390.4 400.207 300 92
0 390.4 400.338 300 92
0 390.4 400.534 300 92
0 390.4 400.866 300 92
0 390.4 401.158 300 92
0 390.4 401.512 300 92
0 390.4 401.694 300 92
0 390.4 401.951 300 92
0 390.4 402.149 300 92
0 390.4 402.437 300 92
0 390.4 402.671 300 92
0 390.4 402.91 300 92
0 390.4 403.241 300 92
0 390.4 403.435 300 92
0 390.4 403.618 300 92
0 390.4 403.921 300 92
0 390.4 404.153 300 92
0 390.4 404.452 300 92
0 390.4 404.632 300 92
0 390.4 404.858 300 92
0 390.4 405.059 300 92
0 390.4 405.429 300 92
0 390.4 405.71 300 92
0 390.4 405.99 300 92
0 390.4 406.206 300 92
0 390.4 406.352 300 92
0 390.4 406.524 300 92
0 390.4 406.646 300 92
0 390.4 406.889 300 92
0 390.4 407.071 300 92
0 390.4 407.253 300 92
0 390.4 407.567 300 92
0 390.4 407.811 300 92
0 390.4 407.947 300 92
0 390.4 408.17 300 92
0 390.4 408.349 300 92
0 390.4 408.537 300 92
0 390.4 408.67 300 92
0 390.4 408.993 300 92
0 390.4 409.234 300 92
0 390.4 409.485 300 92
0 390.4 409.744 300 92
0 390.4 409.964 300 92
0 390.4 410.185 300 92
0 390.4 410.325 300 92
0 390.4 410.575 300 92
0 390.4 410.92 300 92
0 390.4 411.138 300 92
0 390.4 411.269 300 92
0 390.4 411.498 300 92
0 390.4 411.692 300 92
0 390.4 411.874 300 92
0 390.4 412.173 300 92
0 390.4 412.336 300 92
0 390.4 412.467 300 92
0 390.4 412.622 300 92
0 390.4 412.806 300 92
0 390.4 413.11 300 92
0 390.4 413.532 300 92
0 390.4 413.798 300 92
0 390.4 414.069 300 92
0 390.4 414.302 300 92
0 390.4 414.469 300 92
0 390.4 414.664 300 92
0 390.4 415.118 300 92
0 390.4 415.271 300 92
0 390.4 415.441 300 92
0 390.4 415.656 300 92
0 390.4 415.893 300 92
0 390.4 416.248 300 92
0 390.4 416.432 300 92
0 390.4 416.692 300 92
0 390.4 417 300 92
0 390.4 417.151 300 92
0 390.4 417.342 300 92
0 390.4 417.601 300 92
0 390.4 417.754 300 92
0 390.4 417.944 300 92
0 390.4 418.101 300 92
0 390.4 418.472 300 92
0 390.4 418.619 300 92
0 390.4 419.062 300 92
0 390.4 419.368 300 92
0 390.4 419.683 300 92
0 390.4 419.957 300 92
0 390.4 420.251 300 92
0 390.4 420.52 300 92
0 390.4 420.697 300 92
0 390.4 421.002 300 92
0 390.4 421.193 300 92
0 390.4 421.404 300 92
0 390.4 421.676 300 92
0 390.4 421.813 300 92
0 390.4 421.974 300 92
0 390.4 422.243 300 92
0 390.4 422.551 300 92
0 390.4 422.804 300 92
0 390.4 423.135 300 92
0 390.4 423.394 300 92
0 390.4 423.596 300 92
0 390.4 423.898 300 92
0 390.4 424.036 300 92
0 390.4 424.211 300 92
0 390.4 424.401 300 92
0 390.4 424.616 300 92
0 390.4 424.902 300 92
0 390.4 425.081 300 92
0 390.4 425.387 300 92
0 390.4 425.643 300 92
0 390.4 425.841 300 92
0 390.4 426.017 300 92
0 390.4 426.252 300 92
0 390.4 426.499 300 92
0 390.4 426.666 300 92
0 390.4 426.838 300 92
0 390.4 427.022 300 92
0 390.4 427.164 300 92
0 390.4 427.359 300 92
0 390.4 427.519 300 92
0 390.4 427.678 300 92
0 390.4 427.866 300 92
0 390.4 428.09 300 92
0 390.4 428.324 300 92
0 390.4 428.598 300 92
0 390.4 428.863 300 92
0 390.4 429.045 300 92
0 390.4 429.18 300 92
0 390.4 429.511 300 92
0 390.4 429.857 300 92
0 390.4 430.045 300 92
0 390.4 430.309 300 92
0 390.4 430.497 300 92
0 390.4 430.592 300 92
0 390.4 430.76 300 92
0 390.4 430.855 300 92
0 390.4 431.047 300 92
0 390.4 431.277 300 92
0 390.4 431.402 300 92
0 390.4 431.534 300 92
0 390.4 431.668 300 92
0 390.4 431.814 300 92
0 390.4 431.962 300 92
0 390.4 432.203 300 92
0 390.4 432.391 300 92
0 390.4 432.696 300 92
0 390.4 432.904 300 92
0 390.4 433.051 300 92
0 390.4 433.287 300 92
0 390.4 433.49 300 92
0 390.4 433.613 300 92
0 390.4 433.797 300 92
0 390.4 433.984 300 92
0 390.4 434.169 300 92
0 390.4 434.355 300 92
0 390.4 434.523 300 92
0 390.4 434.709 300 92
0 390.4 434.882 300 92
0 390.4 434.995 300 92
0 390.4 435.17 300 92
0 390.4 435.427 300 92
0 390.4 435.557 300 92
0 390.4 435.691 300 92
0 390.4 435.856 300 92
0 390.4 436.085 300 92
0 390.4 436.228 300 92
0 390.4 436.427 300 92
0 390.4 436.656 300 92
0 390.4 436.852 300 92
0 390.4 437.097 300 92
0 390.4 437.246 300 92
0 390.4 437.458 300 92
0 390.4 437.667 300 92
0 390.4 437.964 300 92
0 390.4 438.297 300 92
0 390.4 438.472 300 92
0 390.4 438.644 300 92
0 390.4 438.815 300 92
0 390.4 439.012 300 92
0 390.4 439.271 300 92
0 390.4 439.546 300 92
0 390.4 439.738 300 92
0 390.4 439.921 300 92
0 390.4 440.112 300 92
0 390.4 440.341 300 92
0 390.4 440.666 300 92
0 390.4 440.924 300 92
0 390.4 441.056 300 92
0 390.4 441.297 300 92
0 390.4 441.471 300 92
0 390.4 441.7 300 92
0 390.4 441.836 300 92
0 390.4 441.99 300 92
0 390.4 442.205 300 92
0 390.4 442.385 300 92
0 390.4 442.548 300 92
0 390.4 442.851 300 92
0 390.4 443.109 300 92
0 390.4 443.292 300 92
0 390.4 443.536 300 92
0 390.4 443.716 300 92
0 390.4 444.041 300 92
0 390.4 444.214 300 92
0 390.4 444.347 300 92
0 390.4 444.565 300 92
0 390.4 444.748 300 92
0 390.4 444.882 300 92
0 390.4 445.021 300 92
0 390.4 445.384 300 92
0 390.4 445.769 300 92
0 390.4 446.109 300 92
0 390.4 446.42 300 92
0 390.4 446.58 300 92
0 390.4 446.808 300 92
0 390.4 447.083 300 92
0 390.4 447.29 300 92
0 390.4 447.452 300 92
0 390.4 447.644 300 92
0 390.4 447.898 300 92
0 390.4 448.03 300 92
0 390.4 448.204 300 92
0 390.4 448.495 300 92
0 390.4 448.687 300 92
0 390.4 448.875 300 92
0 390.4 449.095 300 92
0 390.4 449.307 300 92
0 390.4 449.488 300 92
0 390.4 449.712 300 92
0 390.4 449.903 300 92
0 390.4 450.073 300 92
0 390.4 450.254 300 92
0 390.4 450.582 300 92
0 390.4 450.772 300 92
0 390.4 450.958 300 92
0 390.4 451.138 300 92
0 390.4 451.44 300 92
0 390.4 451.701 300 92
0 390.4 451.884 300 92
0 390.4 452.141 300 92
0 390.4 452.392 300 92
0 390.4 452.517 300 92
0 390.4 452.705 300 92
0 390.4 452.953 300 92
0 390.4 453.194 300 92
0 390.4 453.462 300 92
0 390.4 453.761 300 92
0 390.4 454.051 300 92
0 390.4 454.229 300 92
0 390.4 454.416 300 92
0 390.4 454.602 300 92
0 390.4 454.847 300 92
0 390.4 455.053 300 92
0 390.4 455.28 300 92
0 390.4 455.583 300 92
0 390.4 455.836 300 92
0 390.4 456.134 300 92
0 390.4 456.286 300 92
0 390.4 456.606 300 92
0 390.4 456.732 300 92
0 390.4 456.969 300 92
0 390.4 457.21 300 92
0 390.4 457.614 300 92
0 390.4 457.832 300 92
0 390.4 457.979 300 92
0 390.4 458.104 300 92
0 390.4 458.226 300 92
0 390.4 458.483 300 92
0 390.4 458.715 300 92
0 390.4 458.929 300 92
0 390.4 459.114 300 92
0 390.4 459.365 300 92
0 390.4 459.605 300 92
0 390.4 459.822 300 92
0 390.4 460.006 300 92
0 390.4 460.251 300 92
0 390.4 460.487 300 92
0 390.4 460.661 300 92
0 390.4 460.826 300 92
0 390.4 461.01 300 92
0 390.4 461.232 300 92
0 390.4 461.536 300 92
0 390.4 461.713 300 92
0 390.4 461.836 300 92
0 390.4 462.067 300 92
0 390.4 462.284 300 92
0 390.4 462.431 300 92
0 390.4 462.636 300 92
0 390.4 462.79 300 92
0 390.4 462.968 300 92
0 390.4 463.148 300 92
0 390.4 463.303 300 92
0 390.4 463.58 300 92
0 390.4 463.721 300 92
0 390.4 463.942 300 92
0 390.4 464.12 300 92
0 390.4 464.26 300 92
0 390.4 464.531 300 92
0 390.4 464.823 300 92
0 390.4 465.096 300 92
0 390.4 465.376 300 92
0 390.4 465.519 300 92
0 390.4 465.741 300 92
0 390.4 465.987 300 92
0 390.4 466.148 300 92
0 390.4 466.29 300 92
0 390.4 466.497 300 92
0 390.4 466.706 300 92
0 390.4 466.896 300 92
0 390.4 467.044 300 92
0 390.4 467.321 300 92
0 390.4 467.641 300 92
0 390.4 467.835 300 92
0 390.4 468.027 300 92
0 390.4 468.19 300 92
0 390.4 468.36 300 92
0 390.4 468.651 300 92
0 390.4 468.836 300 92
0 390.4 469.252 300 92
0 390.4 469.522 300 92
0 390.4 469.917 300 92
0 390.4 470.162 300 92
0 390.4 470.46 300 92
0 390.4 470.59 300 92
0 390.4 470.812 300 92
0 390.4 470.965 300 92
0 390.4 471.269 300 92
0 390.4 471.498 300 92
0 390.4 471.749 300 92
0 390.4 471.886 300 92
0 390.4 472.143 300 92
0 390.4 472.385 300 92
0 390.4 472.589 300 92
0 390.4 472.756 300 92
0 390.4 472.962 300 92
0 390.4 473.208 300 92
0 390.4 473.404 300 92
0 390.4 473.634 300 92
0 390.4 473.931 300 92
0 390.4 474.167 300 92
0 390.4 474.345 300 92
0 390.4 474.513 300 92
0 390.4 474.758 300 92
0 390.4 474.967 300 92
0 390.4 475.146 300 92
0 390.4 475.331 300 92
0 390.4 475.515 300 92
0 390.4 475.754 300 92
0 390.4 475.988 300 92
0 390.4 476.216 300 92
0 390.4 476.432 300 92
0 390.4 476.752 300 92
0 390.4 476.879 300 92
0 390.4 477.17 300 92
0 390.4 477.326 300 92
0 390.4 477.49 300 92
0 390.4 477.73 300 92
0 390.4 477.923 300 92
0 390.4 478.061 300 92
0 390.4 478.295 300 92
0 390.4 478.489 300 92
0 390.4 478.638 300 92
0 390.4 478.885 300 92
0 390.4 479.195 300 92
0 390.4 479.376 300 92
0 390.4 479.63 300 92
0 390.4 479.823 300 92
0 390.4 480.14 300 92
0 390.4 480.344 300 92
0 390.4 480.478 300 92
0 390.4 480.75 300 92
0 390.4 480.968 300 92
0 390.4 481.417 300 92
0 390.4 481.606 300 92
0 390.4 481.865 300 92
0 390.4 482.093 300 92
0 390.4 482.268 300 92
0 390.4 482.386 300 92
0 390.4 482.57 300 92
0 390.4 482.808 300 92
0 390.4 483.017 300 92
0 390.4 483.398 300 92
0 390.4 483.645 300 92
0 390.4 483.853 300 92
0 390.4 484.117 300 92
0 390.4 484.331 300 92
0 390.4 484.58 300 92
0 390.4 484.776 300 92
0 390.4 484.963 300 92
0 390.4 485.195 300 92
0 390.4 485.479 300 92
0 390.4 485.643 300 92
0 390.4 485.802 300 92
0 390.4 485.934 300 92
0 390.4 486.226 300 92
0 390.4 486.357 300 92
0 390.4 486.491 300 92
0 390.4 486.676 300 92
0 390.4 486.806 300 92
0 390.4 487.028 300 92
0 390.4 487.298 300 92
0 390.4 487.539 300 92
0 390.4 487.781 300 92
0 390.4 487.97 300 92
0 390.4 488.308 300 92
0 390.4 488.524 300 92
0 390.4 488.703 300 92
0 390.4 488.879 300 92
0 390.4 489.149 300 92
0 390.4 489.56 300 92
0 390.4 489.726 300 92
0 390.4 490.131 300 92
0 390.4 490.351 300 92
0 390.4 490.484 300 92
0 390.4 490.644 300 92
0 390.4 490.92 300 92
0 390.4 491.181 300 92
0 390.4 491.436 300 92
0 390.4 491.631 300 92
0 390.4 491.845 300 92
0 390.4 492.069 300 92
0 390.4 492.393 300 92
0 390.4 492.651 300 92
0 390.4 492.94 300 92
0 390.4 493.206 300 92
0 390.4 493.401 300 92
0 390.4 493.586 300 92
0 390.4 493.791 300 92
0 390.4 494.081 300 92
0 390.4 494.276 300 92
0 390.4 494.503 300 92
0 390.4 494.736 300 92
0 390.4 494.9 300 92
0 390.4 495.112 300 92
0 390.4 495.377 300 92
0 390.4 495.558 300 92
0 390.4 495.728 300 92
0 390.4 495.941 300 92
0 390.4 496.299 300 92
0 390.4 496.438 300 92
0 390.4 496.639 300 92
0 390.4 496.833 300 92
0 390.4 496.999 300 92
0 390.4 497.14 300 92
0 390.4 497.409 300 92
0 390.4 497.555 300 92
0 390.4 497.93 300 92
0 390.4 498.322 300 92
0 390.4 498.561 300 92
0 390.4 498.77 300 92
0 390.4 498.968 300 92
0 390.4 499.19 300 92
0 390.4 499.41 300 92
0 390.4 499.543 300 92
0 390.4 499.706 300 92
0 390.4 499.934 300 92
0 390.4 500.197 300 92
0 390.4 500.507 300 92
0 390.4 500.746 300 92
0 390.4 500.885 300 92
0 390.4 501.022 300 92
0 390.4 501.25 300 92
0 390.4 501.452 300 92
0 390.4 501.588 300 92
0 390.4 501.728 300 92
0 390.4 501.914 300 92
0 390.4 502.115 300 92
0 390.4 502.244 300 92
0 390.4 502.451 300 92
0 390.4 502.805 300 92
0 390.4 503.152 300 92
0 390.4 503.381 300 92
0 390.4 503.563 300 92
0 390.4 503.734 300 92
0 390.4 504.002 300 92
0 390.4 504.214 300 92
0 390.4 504.425 300 92
0 390.4 504.69 300 92
0 390.4 504.851 300 92
0 390.4 505.207 300 92
0 390.4 505.376 300 92
0 390.4 505.578 300 92
0 390.4 505.709 300 92
0 390.4 505.803 300 92
0 390.4 506.055 300 92
0 390.4 506.359 300 92
0 390.4 506.497 300 92
0 390.4 506.86 300 92
0 390.4 506.991 300 92
0 390.4 507.255 300 92
0 390.4 507.452 300 92
0 390.4 507.596 300 92
0 390.4 507.733 300 92
0 390.4 507.867 300 92
0 390.4 508.001 300 92
0 390.4 508.174 300 92
0 390.4 508.53 300 92
0 390.4 508.732 300 92
0 390.4 508.968 300 92
0 390.4 509.234 300 92
0 390.4 509.551 300 92
0 390.4 509.82 300 92
0 390.4 509.999 300 92
0 390.4 510.266 300 92
0 390.4 510.593 300 92
0 390.4 510.812 300 92
0 390.4 511.033 300 92
0 390.4 511.34 300 92
0 390.4 511.607 300 92
0 390.4 511.784 300 92
0 390.4 512.123 300 92
0 390.4 512.381 300 92
0 390.4 512.661 300 92
0 390.4 512.865 300 92
0 390.4 513.136 300 92
0 390.4 513.34 300 92
0 390.4 513.613 300 92
0 390.4 513.778 300 92
0 390.4 513.911 300 92
0 390.4 514.124 300 92
0 390.4 514.409 300 92
0 390.4 514.638 300 92
0 390.4 514.83 300 92
0 390.4 514.964 300 92
0 390.4 515.116 300 92
0 390.4 515.306 300 92
0 390.4 515.566 300 92
0 390.4 515.858 300 92
0 390.4 516.077 300 92
0 390.4 516.256 300 92
0 390.4 516.396 300 92
0 390.4 516.57 300 92
0 390.4 516.758 300 92
0 390.4 516.98 300 92
0 390.4 517.298 300 92
0 390.4 517.451 300 92
0 390.4 517.643 300 92
0 390.4 517.784 300 92
0 390.4 518.009 300 92
0 390.4 518.235 300 92
0 390.4 518.449 300 92
0 390.4 518.597 300 92
0 390.4 518.873 300 92
0 390.4 519.013 300 92
0 390.4 519.134 300 92
0 390.4 519.512 300 92
0 390.4 519.651 300 92
0 390.4 519.78 300 92
0 390.4 520.025 300 92
0 390.4 520.289 300 92
0 390.4 520.43 300 92
0 390.4 520.706 300 92
0 390.4 520.993 300 92
0 390.4 521.116 300 92
0 390.4 521.333 300 92
0 390.4 521.59 300 92
0 390.4 521.848 300 92
0 390.4 521.989 300 92
0 390.4 522.251 300 92
0 390.4 522.486 300 92
0 390.4 522.665 300 92
0 390.4 522.922 300 92
0 390.4 523.062 300 92
0 390.4 523.224 300 92
0 390.4 523.396 300 92
0 390.4 523.563 300 92
0 390.4 523.828 300 92
0 390.4 524.107 300 92
0 390.4 524.282 300 92
0 390.4 524.586 300 92
0 390.4 524.762 300 92
0 390.4 524.908 300 92
0 390.4 525.085 300 92
0 390.4 525.295 300 92
0 390.4 525.517 300 92
0 390.4 525.647 300 92
0 390.4 525.878 300 92
0 390.4 526.071 300 92
0 390.4 526.24 300 92
0 390.4 526.44 300 92
0 390.4 526.683 300 92
0 390.4 526.823 300 92
0 390.4 527.07 300 92
0 390.4 527.286 300 92
0 390.4 527.446 300 92
0 390.4 527.584 300 92
0 390.4 527.716 300 92
0 390.4 527.889 300 92
0 390.4 528.055 300 92
0 390.4 528.225 300 92
0 390.4 528.517 300 92
0 390.4 528.655 300 92
0 390.4 528.774 300 92
0 390.4 529.066 300 92
0 390.4 529.266 300 92
0 390.4 529.449 300 92
0 390.4 529.63 300 92
0 390.4 529.758 300 92
0 390.4 529.971 300 92
0 390.4 530.163 300 92
0 390.4 530.298 300 92
0 390.4 530.484 300 92
0 390.4 530.662 300 92
0 390.4 530.806 300 92
0 390.4 531.028 300 92
0 390.4 531.172 300 92
0 390.4 531.459 300 92
0 390.4 531.67 300 92
0 390.4 531.89 300 92
0 390.4 532.071 300 92
0 390.4 532.198 300 92
0 390.4 532.378 300 92
0 390.4 532.677 300 92
0 390.4 532.931 300 92
0 390.4 533.182 300 92
0 390.4 533.319 300 92
0 390.4 533.489 300 92
0 390.4 533.705 300 92
0 390.4 533.92 300 92
0 390.4 534.117 300 92
0 390.4 534.25 300 92
0 390.4 534.416 300 92
0 390.4 534.607 300 92
0 390.4 534.796 300 92
0 390.4 535.02 300 92
0 390.4 535.219 300 92
0 390.4 535.419 300 92
0 390.4 535.622 300 92
0 390.4 535.829 300 92
0 390.4 535.962 300 92
0 390.4 536.146 300 92
0 390.4 536.403 300 92
0 390.4 536.53 300 92
0 390.4 536.76 300 92
0 390.4 536.943 300 92
0 390.4 537.13 300 92
0 390.4 537.308 300 92
0 390.4 537.511 300 92
0 390.4 537.73 300 92
0 390.4 538.017 300 92
0 390.4 538.273 300 92
0 390.4 538.41 300 92
0 390.4 538.546 300 92
0 390.4 538.843 300 92
0 390.4 539.047 300 92
0 390.4 539.268 300 92
0 390.4 539.451 300 92
0 390.4 539.691 300 92
0 390.4 540.016 300 92
0 390.4 540.266 300 92
0 390.4 540.534 300 92
0 390.4 540.665 300 92
0 390.4 540.844 300 92
0 390.4 541.054 300 92
0 390.4 541.24 300 92
0 390.4 541.487 300 92
0 390.4 541.797 300 92
0 390.4 542.01 300 92
0 390.4 542.199 300 92
0 390.4 542.446 300 92
0 390.4 542.578 300 92
0 390.4 542.86 300 92
0 390.4 543.095 300 92
0 390.4 543.354 300 92
0 390.4 543.601 300 92
0 390.4 543.756 300 92
0 390.4 544.114 300 92
0 390.4 544.296 300 92
0 390.4 544.523 300 92
0 390.4 544.762 300 92
0 390.4 544.889 300 92
0 390.4 545.136 300 92
0 390.4 545.496 300 92
0 390.4 545.677 300 92
0 390.4 545.878 300 92
0 390.4 546.057 300 92
0 390.4 546.267 300 92
0 390.4 546.452 300 92
0 390.4 546.596 300 92
0 390.4 547 300 92
0 390.4 547.27 300 92
0 390.4 547.64 300 92
0 390.4 547.964 300 92
0 390.4 548.137 300 92
0 390.4 548.344 300 92
0 390.4 548.833 300 92
0 390.4 549.128 300 92
0 390.4 549.359 300 92
0 390.4 549.599 300 92
0 390.4 549.763 300 92
0 390.4 550.032 300 92
0 390.4 550.213 300 92
0 390.4 550.381 300 92
0 390.4 550.627 300 92
0 390.4 550.789 300 92
0 390.4 551.003 300 92
0 390.4 551.305 300 92
0 390.4 551.543 300 92
0 390.4 551.692 300 92
0 390.4 551.853 300 92
0 390.4 552.058 300 92
0 390.4 552.358 300 92
0 390.4 552.597 300 92
0 390.4 552.839 300 92
0 390.4 553.005 300 92
0 390.4 553.128 300 92
0 390.4 553.36 300 92
0 390.4 553.493 300 92
0 390.4 553.784 300 92
0 390.4 553.957 300 92
0 390.4 554.121 300 92
0 390.4 554.395 300 92
0 390.4 554.657 300 92
0 390.4 554.866 300 92
0 390.4 555.042 300 92
0 390.4 555.211 300 92
0 390.4 555.446 300 92
0 390.4 555.784 300 92
0 390.4 556.056 300 92
0 390.4 556.22 300 92
0 390.4 556.451 300 92
0 390.4 556.842 300 92
0 390.4 557.09 300 92
0 390.4 557.463 300 92
0 390.4 557.749 300 92
0 390.4 557.901 300 92
0 390.4 558.13 300 92
0 390.4 558.379 300 92
0 390.4 558.553 300 92
0 390.4 558.73 300 92
0 390.4 559.058 300 92
0 390.4 559.256 300 92
0 390.4 559.456 300 92
0 390.4 559.799 300 92
0 390.4 560.079 300 92
0 390.4 560.21 300 92
0 390.4 560.438 300 92
0 390.4 560.579 300 92
0 390.4 560.868 300 92
0 390.4 561.065 300 92
0 390.4 561.309 300 92
0 390.4 561.494 300 92
0 390.4 561.672 300 92
0 390.4 562.103 300 92
0 390.4 562.227 300 92
0 390.4 562.371 300 92
0 390.4 562.559 300 92
0 390.4 562.819 300 92
0 390.4 562.999 300 92
0 390.4 563.237 300 92
0 390.4 563.363 300 92
0 390.4 563.516 300 92
0 390.4 563.776 300 92
0 390.4 563.968 300 92
0 390.4 564.194 300 92
0 390.4 564.4 300 92
0 390.4 564.628 300 92
0 390.4 564.795 300 92
0 390.4 564.982 300 92
0 390.4 565.171 300 92
0 390.4 565.306 300 92
0 390.4 565.618 300 92
0 390.4 565.918 300 92
0 390.4 566.181 300 92
0 390.4 566.372 300 92
0 390.4 566.51 300 92
0 390.4 566.668 300 92
0 390.4 566.855 300 92
0 390.4 567.128 300 92
0 390.4 567.51 300 92
0 390.4 567.745 300 92
0 390.4 567.969 300 92
0 390.4 568.364 300 92
0 390.4 568.523 300 92
0 390.4 568.812 300 92
0 390.4 568.961 300 92
0 390.4 569.306 300 92
0 390.4 569.615 300 92
0 390.4 569.81 300 92
0 390.4 570.024 300 92
0 390.4 570.191 300 92
0 390.4 570.414 300 92
0 390.4 570.573 300 92
0 390.4 570.847 300 92
0 390.4 571.074 300 92
0 390.4 571.207 300 92
0 390.4 571.44 300 92
0 390.4 571.654 300 92
0 390.4 571.789 300 92
0 390.4 571.93 300 92
0 390.4 572.291 300 92
0 390.4 572.571 300 92
0 390.4 572.744 300 92
0 390.4 572.958 300 92
0 390.4 573.144 300 92
0 390.4 573.264 300 92
0 390.4 573.44 300 92
0 390.4 573.664 300 92
0 390.4 573.86 300 92
0 390.4 574.036 300 92
0 390.4 574.227 300 92
0 390.4 574.351 300 92
0 390.4 574.661 300 92
0 390.4 574.846 300 92
0 390.4 574.973 300 92
0 390.4 575.109 300 92
0 390.4 575.353 300 92
0 390.4 575.483 300 92
0 390.4 575.665 300 92
0 390.4 575.873 300 92
0 390.4 576.072 300 92
0 390.4 576.328 300 92
0 390.4 576.584 300 92
0 390.4 576.857 300 92
0 390.4 577.025 300 92
0 390.4 577.317 300 92
0 390.4 577.485 300 92
0 390.4 577.749 300 92
0 390.4 577.88 300 92
0 390.4 578.049 300 92
0 390.4 578.28 300 92
0 390.4 578.51 300 92
0 390.4 578.804 300 92
0 390.4 578.958 300 92
0 390.4 579.133 300 92
0 390.4 579.349 300 92
0 390.4 579.525 300 92
0 390.4 579.664 300 92
0 390.4 579.804 300 92
0 390.4 579.977 300 92
0 390.4 580.225 300 92
0 390.4 580.462 300 92
0 390.4 580.571 300 92
0 390.4 580.86 300 92
0 390.4 581.075 300 92
0 390.4 581.241 300 92
0 390.4 581.399 300 92
0 390.4 581.569 300 92
0 390.4 581.726 300 92
0 390.4 582.053 300 92
0 390.4 582.383 300 92
0 390.4 582.548 300 92
0 390.4 582.695 300 92
0 390.4 582.868 300 92
0 390.4 582.994 300 92
0 390.4 583.162 300 92
0 390.4 583.364 300 92
0 390.4 583.615 300 92
0 390.4 583.782 300 92
0 390.4 583.958 300 92
0 390.4 584.141 300 92
0 390.4 584.261 300 92
0 390.4 584.447 300 92
0 390.4 584.59 300 92
0 390.4 584.808 300 92
0 390.4 585.008 300 92
0 390.4 585.155 300 92
0 390.4 585.443 300 92
0 390.4 585.805 300 92
0 390.4 585.982 300 92
0 390.4 586.233 300 92
0 390.4 586.483 300 92
0 390.4 586.696 300 92
0 390.4 586.906 300 92
0 390.4 587.042 300 92
0 390.4 587.287 300 92
0 390.4 587.442 300 92
0 390.4 587.668 300 92
0 390.4 587.946 300 92
0 390.4 588.188 300 92
0 390.4 588.355 300 92
0 390.4 588.584 300 92
0 390.4 588.744 300 92
0 390.4 588.999 300 92
0 390.4 589.218 300 92
0 390.4 589.476 300 92
0 390.4 589.707 300 92
0 390.4 589.847 300 92
0 390.4 590.204 300 92
0 390.4 590.451 300 92
0 390.4 590.662 300 92
0 390.4 590.936 300 92
0 390.4 591.175 300 92
0 390.4 591.356 300 92
0 390.4 591.543 300 92
0 390.4 591.733 300 92
0 390.4 591.977 300 92
0 390.4 592.201 300 92
0 390.4 592.386 300 92
0 390.4 592.536 300 92
0 390.4 592.744 300 92
0 390.4 592.927 300 92
0 390.4 593.158 300 92
0 390.4 593.418 300 92
0 390.4 593.656 300 92
0 390.4 593.906 300 92
0 390.4 594.203 300 92
0 390.4 594.373 300 92
0 390.4 594.59 300 92
0 390.4 594.746 300 92
0 390.4 594.987 300 92
0 390.4 595.201 300 92
0 390.4 595.503 300 92
0 390.4 595.806 300 92
0 390.4 595.941 300 92
0 390.4 596.09 300 92
0 390.4 596.37 300 92
0 390.4 596.532 300 92
0 390.4 596.838 300 92
0 390.4 597.068 300 92
0 390.4 597.381 300 92
0 390.4 597.61 300 92
0 390.4 597.787 300 92
0 390.4 598.073 300 92
0 390.4 598.24 300 92
0 390.4 598.387 300 92
0 390.4 598.69 300 92
0 390.4 598.95 300 92
0 390.4 599.125 300 92
0 390.4 599.303 300 92
0 390.4 599.532 300 92
0 390.4 599.774 300 92
0 390.4 600.112 300 92
0 390.4 600.292 300 92
0 390.4 600.494 300 92
0 390.4 600.755 300 92
0 390.4 601.002 300 92
0 390.4 601.19 300 92
0 390.4 601.407 300 92
0 390.4 601.557 300 92
0 390.4 601.857 300 92
0 390.4 602.127 300 92
0 390.4 602.377 300 92
0 390.4 602.583 300 92
0 390.4 602.916 300 92
0 390.4 603.251 300 92
0 390.4 603.549 300 92
0 390.4 603.812 300 92
0 390.4 604.07 300 92
0 390.4 604.313 300 92
0 390.4 604.503 300 92
0 390.4 604.851 300 92
0 390.4 604.998 300 92
0 390.4 605.202 300 92
0 390.4 605.505 300 92
0 390.4 605.661 300 92
0 390.4 605.846 300 92
0 390.4 605.996 300 92
0 390.4 606.139 300 92
0 390.4 606.448 300 92
0 390.4 606.724 300 92
0 390.4 606.979 300 92
0 390.4 607.398 300 92
0 390.4 607.687 300 92
0 390.4 607.96 300 92
0 390.4 608.167 300 92
0 390.4 608.365 300 92
0 390.4 608.566 300 92
0 390.4 608.793 300 92
0 390.4 608.947 300 92
0 390.4 609.217 300 92
0 390.4 609.429 300 92
0 390.4 609.763 300 92
0 390.4 610.006 300 92
0 390.4 610.175 300 92
0 390.4 610.683 300 92
0 390.4 610.98 300 92
0 390.4 611.259 300 92
0 390.4 611.468 300 92
0 390.4 611.785 300 92
0 390.4 612.01 300 92
0 390.4 612.206 300 92
0 390.4 612.47 300 92
0 390.4 612.724 300 92
0 390.4 613 300 92
0 390.4 613.208 300 92
0 390.4 613.404 300 92
0 390.4 613.689 300 92
0 390.4 614.002 300 92
0 390.4 614.155 300 92
0 390.4 614.323 300 92
0 390.4 614.471 300 92
0 390.4 614.708 300 92
0 390.4 614.923 300 92
0 390.4 615.1 300 92
0 390.4 615.556 300 92
0 390.4 615.896 300 92
0 390.4 616.171 300 92
0 390.4 616.4 300 92
0 390.4 616.687 300 92
0 390.4 616.902 300 92
0 390.4 617.173 300 92
0 390.4 617.396 300 92
0 390.4 617.571 300 92
0 390.4 617.888 300 92
0 390.4 618.092 300 92
0 390.4 618.404 300 92
0 390.4 618.672 300 92
0 390.4 618.9 300 92
0 390.4 619.174 300 92
0 390.4 619.406 300 92
0 390.4 619.559 300 92
0 390.4 619.782 300 92
0 390.4 620 300 92
0 390.4 620.174 300 92
0 390.4 620.437 300 92
0 390.4 620.748 300 92
0 390.4 620.964 300 92
0 390.4 621.13 300 92
0 390.4 621.352 300 92
0 390.4 621.572 300 92
0 390.4 621.782 300 92
0 390.4 621.934 300 92
0 390.4 622.487 300 92
0 390.4 622.752 300 92
0 390.4 623.019 300 92
0 390.4 623.304 300 92
0 390.4 623.581 300 92
0 390.4 624.105 300 92
0 390.4 624.339 300 92
0 390.4 624.644 300 92
0 390.4 625.043 300 92
0 390.4 625.491 300 92
0 390.4 625.755 300 92
0 390.4 626.128 300 92
0 390.4 626.427 300 92
0 390.4 626.748 300 92
0 390.4 627.007 300 92
0 390.4 627.281 300 92
0 390.4 627.67 300 92
0 390.4 628.131 300 92
0 390.4 628.44 300 92
0 390.4 628.72 300 92
0 390.4 629.083 300 92
0 390.4 629.442 300 92
0 390.4 629.789 300 92
0 390.4 630.151 300 92
0 390.4 630.397 300 92
0 390.4 630.66 300 92
0 390.4 630.953 300 92
0 390.4 631.163 300 92
0 390.4 631.294 300 92
0 390.4 631.479 300 92
0 390.4 631.691 300 92
0 390.4 631.942 300 92
0 390.4 632.215 300 92
0 390.4 632.418 300 92
0 390.4 632.578 300 92
0 390.4 632.919 300 92
0 390.4 633.122 300 92
0 390.4 633.412 300 92
0 390.4 633.638 300 92
0 390.4 633.946 300 92
0 390.4 634.181 300 92
0 390.4 634.417 300 92
0 390.4 634.722 300 92
0 390.4 634.975 300 92
0 390.4 635.135 300 92
0 390.4 635.223 300 92
0 390.4 635.385 300 92
0 390.4 635.514 300 92
0 390.4 635.709 300 92
0 390.4 635.831 300 92
0 390.4 636.223 300 92
0 390.4 636.457 300 92
0 390.4 636.643 300 92
0 390.4 636.856 300 92
0 390.4 637.049 300 92
0 390.4 637.288 300 92
0 390.4 637.482 300 92
0 390.4 637.746 300 92
0 390.4 638.026 300 92
0 390.4 638.268 300 92
0 390.4 638.466 300 92
0 390.4 638.621 300 92
0 390.4 638.798 300 92
0 390.4 638.998 300 92
0 390.4 639.174 300 92
0 390.4 639.435 300 92
0 390.4 639.613 300 92
0 390.4 639.857 300 92
0 390.4 640.103 300 92
0 390.4 640.293 300 92
0 390.4 640.465 300 92
0 390.4 640.647 300 92
0 390.4 640.788 300 92
0 390.4 640.934 300 92
0 390.4 641.24 300 92
0 390.4 641.473 300 92
0 390.4 641.605 300 92
0 390.4 641.875 300 92
0 390.4 642.238 300 92
0 390.4 642.438 300 92
0 390.4 642.72 300 92
0 390.4 642.891 300 92
0 390.4 643.069 300 92
0 390.4 643.263 300 92
0 390.4 643.504 300 92
0 390.4 643.729 300 92
0 390.4 643.874 300 92
0 390.4 644.049 300 92
0 390.4 644.285 300 92
0 390.4 644.413 300 92
0 390.4 644.69 300 92
0 390.4 644.869 300 92
0 390.4 645.053 300 92
0 390.4 645.163 300 92
0 390.4 645.373 300 92
0 390.4 645.533 300 92
0 390.4 645.698 300 92
0 390.4 645.931 300 92
0 390.4 646.184 300 92
0 390.4 646.367 300 92
0 390.4 646.554 300 92
0 390.4 646.762 300 92
0 390.4 646.884 300 92
0 390.4 647.046 300 92
0 390.4 647.257 300 92
0 390.4 647.423 300 92
0 390.4 647.557 300 92
0 390.4 647.752 300 92
0 390.4 648.086 300 92
0 390.4 648.29 300 92
0 390.4 648.438 300 92
0 390.4 648.61 300 92
0 390.4 648.772 300 92
0 390.4 649.239 300 92
0 390.4 649.503 300 92
0 390.4 649.761 300 92
0 390.4 649.999 300 92
0 390.4 650.166 300 92
0 390.4 650.411 300 92
0 390.4 650.528 300 92
0 390.4 650.69 300 92
0 390.4 650.892 300 92
0 390.4 651.156 300 92
0 390.4 651.397 300 92
0 390.4 651.624 300 92
0 390.4 651.814 300 92
0 390.4 651.934 300 92
0 390.4 652.185 300 92
0 390.4 652.352 300 92
0 390.4 652.54 300 92
0 390.4 652.852 300 92
0 390.4 652.967 300 92
0 390.4 653.143 300 92
0 390.4 653.332 300 92
0 390.4 653.571 300 92
0 390.4 653.825 300 92
0 390.4 654.103 300 92
0 390.4 654.251 300 92
0 390.4 654.375 300 92
0 390.4 654.611 300 92
0 390.4 654.801 300 92
0 390.4 655.246 300 92
0 390.4 655.533 300 92
0 390.4 655.768 300 92
0 390.4 655.964 300 92
0 390.4 656.084 300 92
0 390.4 656.241 300 92
0 390.4 656.409 300 92
0 390.4 656.647 300 92
0 390.4 656.769 300 92
0 390.4 656.957 300 92
0 390.4 657.116 300 92
0 390.4 657.239 300 92
0 390.4 657.441 300 92
0 390.4 657.637 300 92
0 390.4 657.805 300 92
0 390.4 657.948 300 92
0 390.4 658.09 300 92
0 390.4 658.263 300 92
0 390.4 658.423 300 92
0 390.4 658.601 300 92
0 390.4 658.858 300 92
0 390.4 659.114 300 92
0 390.4 659.29 300 92
0 390.4 659.46 300 92
0 390.4 659.636 300 92
0 390.4 659.764 300 92
0 390.4 660.008 300 92
0 390.4 660.181 300 92
0 390.4 660.356 300 92
0 390.4 660.579 300 92
0 390.4 660.846 300 92
0 390.4 660.999 300 92
0 390.4 661.239 300 92
0 390.4 661.451 300 92
0 390.4 661.696 300 92
0 390.4 661.943 300 92
0 390.4 662.135 300 92
0 390.4 662.31 300 92
0 390.4 662.552 300 92
0 390.4 662.846 300 92
0 390.4 663.089 300 92
0 390.4 663.349 300 92
0 390.4 663.507 300 92
0 390.4 663.755 300 92
0 390.4 664.011 300 92
0 390.4 664.297 300 92
0 390.4 664.567 300 92
0 390.4 664.845 300 92
0 390.4 665.053 300 92
0 390.4 665.215 300 92
0 390.4 665.422 300 92
0 390.4 665.651 300 92
0 390.4 665.842 300 92
0 390.4 665.984 300 92
0 390.4 666.115 300 92
0 390.4 666.216 300 92
0 390.4 666.417 300 92
0 390.4 666.511 300 92
0 390.4 666.686 300 92
0 390.4 666.846 300 92
0 390.4 667.072 300 92
0 390.4 667.298 300 92
0 390.4 667.445 300 92
0 390.4 667.655 300 92
0 390.4 667.91 300 92
0 390.4 668.22 300 92
0 390.4 668.522 300 92
0 390.4 668.716 300 92
0 390.4 668.856 300 92
0 390.4 669.159 300 92
0 390.4 669.357 300 92
0 390.4 669.479 300 92
0 390.4 669.609 300 92
0 390.4 669.796 300 92
0 390.4 669.952 300 92
0 390.4 670.261 300 92
0 390.4 670.555 300 92
0 390.4 670.821 300 92
0 390.4 670.999 300 92
0 390.4 671.263 300 92
0 390.4 671.514 300 92
0 390.4 671.72 300 92
0 390.4 672.013 300 92
0 390.4 672.292 300 92
0 390.4 672.435 300 92
0 390.4 672.734 300 92
0 390.4 672.973 300 92
0 390.4 673.256 300 92
0 390.4 673.613 300 92
0 390.4 673.861 300 92
0 390.4 674.157 300 92
0 390.4 674.413 300 92
0 390.4 674.584 300 92
0 390.4 674.76 300 92
0 390.4 674.972 300 92
0 390.4 675.297 300 92
0 390.4 675.494 300 92
0 390.4 675.69 300 92
0 390.4 675.827 300 92
0 390.4 675.996 300 92
0 390.4 676.144 300 92
0 390.4 676.392 300 92
0 390.4 676.636 300 92
0 390.4 676.827 300 92
0 390.4 677.047 300 92
0 390.4 677.239 300 92
0 390.4 677.476 300 92
0 390.4 677.71 300 92
0 390.4 677.836 300 92
0 390.4 678.08 300 92
0 390.4 678.273 300 92
0 390.4 678.556 300 92
0 390.4 678.774 300 92
0 390.4 678.932 300 92
0 390.4 679.115 300 92
0 390.4 679.256 300 92
0 390.4 679.434 300 92
0 390.4 679.584 300 92
0 390.4 679.81 300 92
0 390.4 680.08 300 92
0 390.4 680.281 300 92
0 390.4 680.472 300 92
0 390.4 680.666 300 92
0 390.4 680.899 300 92
0 390.4 681.139 300 92
0 390.4 681.343 300 92
0 390.4 681.542 300 92
0 390.4 681.817 300 92
0 390.4 682.042 300 92
0 390.4 682.343 300 92
0 390.4 682.48 300 92
0 390.4 682.659 300 92
0 390.4 682.909 300 92
0 390.4 683.094 300 92
0 390.4 683.373 300 92
0 390.4 683.613 300 92
0 390.4 683.924 300 92
0 390.4 684.191 300 92
0 390.4 684.397 300 92
0 390.4 684.751 300 92
0 390.4 684.967 300 92
0 390.4 685.093 300 92
0 390.4 685.469 300 92
0 390.4 685.67 300 92
0 390.4 685.845 300 92
0 390.4 686.008 300 92
0 390.4 686.352 300 92
0 390.4 686.62 300 92
0 390.4 686.823 300 92
0 390.4 687.019 300 92
0 390.4 687.263 300 92
0 390.4 687.406 300 92
0 390.4 687.639 300 92
0 390.4 687.785 300 92
0 390.4 687.977 300 92
0 390.4 688.155 300 92
0 390.4 688.417 300 92
0 390.4 688.554 300 92
0 390.4 688.857 300 92
0 390.4 689.043 300 92
0 390.4 689.274 300 92
0 390.4 689.511 300 92
0 390.4 689.825 300 92
0 390.4 690.051 300 92
0 390.4 690.221 300 92
0 390.4 690.553 300 92
0 390.4 690.785 300 92
0 390.4 691.076 300 92
0 390.4 691.262 300 92
0 390.4 691.466 300 92
0 390.4 691.744 300 92
0 390.4 691.895 300 92
0 390.4 692.104 300 92
0 390.4 692.373 300 92
0 390.4 692.504 300 92
0 390.4 692.675 300 92
0 390.4 692.848 300 92
0 390.4 693.095 300 92
0 390.4 693.327 300 92
0 390.4 693.598 300 92
0 390.4 693.754 300 92
0 390.4 693.98 300 92
0 390.4 694.185 300 92
0 390.4 694.41 300 92
0 390.4 694.715 300 92
0 390.4 695.071 300 92
0 390.4 695.285 300 92
0 390.4 695.416 300 92
0 390.4 695.545 300 92
0 390.4 695.706 300 92
0 390.4 695.937 300 92
0 390.4 696.207 300 92
0 390.4 696.446 300 92
0 390.4 696.645 300 92
0 390.4 696.778 300 92
0 390.4 697.024 300 92
0 390.4 697.207 300 92
0 390.4 697.392 300 92
0 390.4 697.556 300 92
0 390.4 697.875 300 92
0 390.4 698.212 300 92
0 390.4 698.518 300 92
0 390.4 698.752 300 92
0 390.4 698.96 300 92
0 390.4 699.137 300 92
0 390.4 699.505 300 92
0 390.4 699.664 300 92
0 390.4 699.889 300 92
0 390.4 700.1 300 92
0 390.4 700.285 300 92
0 390.4 700.481 300 92
0 390.4 700.703 300 92
0 390.4 700.834 300 92
0 390.4 701.053 300 92
0 390.4 701.337 300 92
0 390.4 701.484 300 92
0 390.4 701.903 300 92
0 390.4 702.097 300 92
0 390.4 702.275 300 92
0 390.4 702.499 300 92
0 390.4 702.661 300 92
0 390.4 702.811 300 92
0 390.4 703.054 300 92
0 390.4 703.318 300 92
0 390.4 703.54 300 92
0 390.4 703.799 300 92
0 390.4 704.015 300 92
0 390.4 704.294 300 92
0 390.4 704.522 300 92
0 390.4 704.69 300 92
0 390.4 704.897 300 92
0 390.4 705.097 300 92
0 390.4 705.268 300 92
0 390.4 705.602 300 92
0 390.4 705.861 300 92
0 390.4 706.063 300 92
0 390.4 706.204 300 92
0 390.4 706.426 300 92
0 390.4 706.644 300 92
0 390.4 706.833 300 92
0 390.4 707.033 300 92
0 390.4 707.321 300 92
0 390.4 707.47 300 92
0 390.4 707.74 300 92
0 390.4 708.251 300 92
0 390.4 708.464 300 92
0 390.4 708.69 300 92
0 390.4 708.877 300 92
0 390.4 709.085 300 92
0 390.4 709.418 300 92
0 390.4 709.668 300 92
0 390.4 710.082 300 92
0 390.4 710.296 300 92
0 390.4 710.399 300 92
0 390.4 710.527 300 92
0 390.4 710.773 300 92
0 390.4 710.908 300 92
0 390.4 711.098 300 92
0 390.4 711.346 300 92
0 390.4 711.722 300 92
0 390.4 711.937 300 92
0 390.4 712.122 300 92
0 390.4 712.382 300 92
0 390.4 712.567 300 92
0 390.4 712.871 300 92
0 390.4 713.278 300 92
0 390.4 713.476 300 92
0 390.4 713.602 300 92
0 390.4 713.841 300 92
0 390.4 714.07 300 92
0 390.4 714.51 300 92
0 390.4 714.814 300 92
0 390.4 715.018 300 92
0 390.4 715.308 300 92
0 390.4 715.594 300 92
0 390.4 715.786 300 92
0 390.4 716.023 300 92
0 390.4 716.159 300 92
0 390.4 716.471 300 92
0 390.4 716.691 300 92
0 390.4 716.906 300 92
0 390.4 717.101 300 92
0 390.4 717.352 300 92
0 390.4 717.511 300 92
0 390.4 717.781 300 92
0 390.4 718.047 300 92
0 390.4 718.394 300 92
0 390.4 718.637 300 92
0 390.4 718.791 300 92
0 390.4 719.088 300 92
0 390.4 719.339 300 92
0 390.4 719.573 300 92
0 390.4 719.845 300 92
0 390.4 720.061 300 92
0 390.4 720.202 300 92
0 390.4 720.467 300 92
0 390.4 720.638 300 92
0 390.4 720.756 300 92
0 390.4 721.059 300 92
0 390.4 721.268 300 92
0 390.4 721.537 300 92
0 390.4 721.919 300 92
0 390.4 722.241 300 92
0 390.4 722.448 300 92
0 390.4 722.633 300 92
0 390.4 722.803 300 92
0 390.4 723.022 300 92
0 390.4 723.25 300 92
0 390.4 723.556 300 92
0 390.4 723.78 300 92
0 390.4 723.94 300 92
0 390.4 724.255 300 92
0 390.4 724.402 300 92
0 390.4 724.669 300 92
0 390.4 724.889 300 92
0 390.4 725.144 300 92
0 390.4 725.334 300 92
0 390.4 725.641 300 92
0 390.4 725.791 300 92
0 390.4 726.16 300 92
0 390.4 726.412 300 92
0 390.4 726.653 300 92
0 390.4 726.865 300 92
0 390.4 727.076 300 92
0 390.4 727.304 300 92
0 390.4 727.452 300 92
0 390.4 727.712 300 92
0 390.4 727.864 300 92
0 390.4 728.14 300 92
0 390.4 728.391 300 92
0 390.4 728.605 300 92
0 390.4 728.833 300 92
0 390.4 729.06 300 92
0 390.4 729.575 300 92
0 390.4 730.023 300 92
0 390.4 730.288 300 92
0 390.4 730.594 300 92
0 390.4 730.818 300 92
0 390.4 731.072 300 92
0 390.4 731.298 300 92
0 390.4 731.428 300 92
0 390.4 731.662 300 92
0 390.4 731.879 300 92
0 390.4 732.216 300 92
0 390.4 732.508 300 92
0 390.4 732.659 300 92
0 390.4 732.809 300 92
0 390.4 733.058 300 92
0 390.4 733.212 300 92
0 390.4 733.412 300 92
0 390.4 733.673 300 92
0 390.4 733.866 300 92
0 390.4 734.057 300 92
0 390.4 734.278 300 92
0 390.4 734.603 300 92
0 390.4 734.913 300 92
0 390.4 735.074 300 92
0 390.4 735.331 300 92
0 390.4 735.626 300 92
0 390.4 735.873 300 92
0 390.4 736.012 300 92
0 390.4 736.159 300 92
0 390.4 736.307 300 92
0 390.4 736.66 300 92
0 390.4 736.849 300 92
0 390.4 737.109 300 92
0 390.4 737.24 300 92
0 390.4 737.43 300 92
0 390.4 737.658 300 92
0 390.4 737.918 300 92
0 390.4 738.168 300 92
0 390.4 738.407 300 92
0 390.4 738.658 300 92
0 390.4 738.919 300 92
0 390.4 739.211 300 92
0 390.4 739.417 300 92
0 390.4 739.644 300 92
0 390.4 739.745 300 92
0 390.4 739.923 300 92
0 390.4 740.112 300 92
0 390.4 740.293 300 92
0 390.4 740.563 300 92
0 390.4 740.777 300 92
0 390.4 740.959 300 92
0 390.4 741.181 300 92
0 390.4 741.301 300 92
0 390.4 741.443 300 92
0 390.4 741.716 300 92
0 390.4 741.93 300 92
0 390.4 742.114 300 92
0 390.4 742.299 300 92
0 390.4 742.461 300 92
0 390.4 742.68 300 92
0 390.4 742.848 300 92
0 390.4 743.143 300 92
0 390.4 743.41 300 92
0 390.4 743.72 300 92
0 390.4 743.896 300 92
0 390.4 744.06 300 92
0 390.4 744.248 300 92
0 390.4 744.547 300 92
0 390.4 744.71 300 92
0 390.4 744.883 300 92
0 390.4 745.006 300 92
0 390.4 745.424 300 92
0 390.4 745.586 300 92
0 390.4 745.759 300 92
0 390.4 745.959 300 92
0 390.4 746.13 300 92
0 390.4 746.305 300 92
0 390.4 746.623 300 92
0 390.4 746.877 300 92
0 390.4 747.061 300 92
0 390.4 747.295 300 92
0 390.4 747.529 300 92
0 390.4 747.768 300 92
0 390.4 747.906 300 92
0 390.4 748.03 300 92
0 390.4 748.214 300 92
0 390.4 748.422 300 92
0 390.4 748.634 300 92
0 390.4 748.869 300 92
0 390.4 749.073 300 92
0 390.4 749.263 300 92
0 390.4 749.514 300 92
0 390.4 749.728 300 92
0 390.4 749.906 300 92
0 390.4 750.133 300 92
0 390.4 750.316 300 92
0 390.4 750.528 300 92
0 390.4 750.658 300 92
0 390.4 750.825 300 92
0 390.4 750.961 300 92
0 390.4 751.163 300 92
0 390.4 751.361 300 92
0 390.4 751.502 300 92
0 390.4 751.639 300 92
0 390.4 751.775 300 92
0 390.4 752.071 300 92
0 390.4 752.208 300 92
0 390.4 752.376 300 92
0 390.4 752.545 300 92
0 390.4 752.72 300 92
0 390.4 752.888 300 92
0 390.4 753.07 300 92
0 390.4 753.244 300 92
0 390.4 753.45 300 92
0 390.4 753.639 300 92
0 390.4 753.813 300 92
0 390.4 754.126 300 92
0 390.4 754.315 300 92
0 390.4 754.474 300 92
0 390.4 754.778 300 92
0 390.4 755.083 300 92
0 390.4 755.247 300 92
0 390.4 755.485 300 92
0 390.4 755.694 300 92
0 390.4 755.976 300 92
0 390.4 756.182 300 92
0 390.4 756.318 300 92
0 390.4 756.538 300 92
0 390.4 756.716 300 92
0 390.4 756.873 300 92
0 390.4 757.094 300 92
0 390.4 757.273 300 92
0 390.4 757.436 300 92
0 390.4 757.612 300 92
0 390.4 757.882 300 92
0 390.4 758.062 300 92
0 390.4 758.266 300 92
0 390.4 758.492 300 92
0 390.4 758.709 300 92
0 390.4 758.936 300 92
0 390.4 759.108 300 92
0 390.4 759.388 300 92
0 390.4 759.716 300 92
0 390.4 759.889 300 92
0 390.4 760.068 300 92
0 390.4 760.284 300 92
0 390.4 760.47 300 92
0 390.4 760.619 300 92
0 390.4 760.821 300 92
0 390.4 760.973 300 92
0 390.4 761.125 300 92
0 390.4 761.365 300 92
0 390.4 761.501 300 92
0 390.4 761.692 300 92
0 390.4 761.83 300 92
0 390.4 761.921 300 92
0 390.4 762.046 300 92
0 390.4 762.266 300 92
0 390.4 762.387 300 92
0 390.4 762.505 300 92
0 390.4 762.683 300 92
0 390.4 762.845 300 92
0 390.4 763.047 300 92
0 390.4 763.22 300 92
0 390.4 763.384 300 92
0 390.4 763.693 300 92
0 390.4 763.933 300 92
0 390.4 764.109 300 92
0 390.4 764.286 300 92
0 390.4 764.423 300 92
0 390.4 764.671 300 92
0 390.4 764.816 300 92
0 390.4 765.001 300 92
0 390.4 765.232 300 92
0 390.4 765.479 300 92
0 390.4 765.655 300 92
0 390.4 765.834 300 92
0 390.4 765.958 300 92
0 390.4 766.138 300 92
0 390.4 766.279 300 92
0 390.4 766.479 300 92
0 390.4 766.62 300 92
0 390.4 766.745 300 92
0 390.4 766.93 300 92
0 390.4 767.108 300 92
0 390.4 767.343 300 92
0 390.4 767.532 300 92
0 390.4 767.721 300 92
0 390.4 767.915 300 92
0 390.4 768.138 300 92
0 390.4 768.305 300 92
0 390.4 768.556 300 92
0 390.4 768.771 300 92
0 390.4 769.113 300 92
0 390.4 769.294 300 92
0 390.4 769.506 300 92
0 390.4 769.735 300 92
0 390.4 769.86 300 92
0 390.4 770.071 300 92
0 390.4 770.296 300 92
0 390.4 770.443 300 92
0 390.4 770.72 300 92
0 390.4 770.892 300 92
0 390.4 771.249 300 92
0 390.4 771.387 300 92
0 390.4 771.566 300 92
0 390.4 771.686 300 92
0 390.4 771.959 300 92
0 390.4 772.217 300 92
0 390.4 772.473 300 92
0 390.4 772.657 300 92
0 390.4 772.885 300 92
0 390.4 773.068 300 92
0 390.4 773.237 300 92
0 390.4 773.414 300 92
0 390.4 773.627 300 92
0 390.4 773.897 300 92
0 390.4 774.13 300 92
0 390.4 774.357 300 92
0 390.4 774.511 300 92
0 390.4 774.834 300 92
0 390.4 775.08 300 92
0 390.4 775.346 300 92
0 390.4 775.709 300 92
0 390.4 775.832 300 92
0 390.4 776.091 300 92
0 390.4 776.381 300 92
0 390.4 776.619 300 92
0 390.4 776.802 300 92
0 390.4 776.981 300 92
0 390.4 777.22 300 92
0 390.4 777.441 300 92
0 390.4 777.645 300 92
0 390.4 777.898 300 92
0 390.4 778.025 300 92
0 390.4 778.192 300 92
0 390.4 778.332 300 92
0 390.4 778.494 300 92
0 390.4 778.671 300 92
0 390.4 778.841 300 92
0 390.4 779.045 300 92
0 390.4 779.224 300 92
0 390.4 779.363 300 92
0 390.4 779.595 300 92
0 390.4 779.774 300 92
0 390.4 780.002 300 92
0 390.4 780.144 300 92
0 390.4 780.292 300 92
0 390.4 780.546 300 92
0 390.4 780.841 300 92
0 390.4 781.092 300 92
0 390.4 781.261 300 92
0 390.4 781.438 300 92
0 390.4 781.582 300 92
0 390.4 781.714 300 92
0 390.4 781.858 300 92
0 390.4 782.089 300 92
0 390.4 782.275 300 92
0 390.4 782.419 300 92
0 390.4 782.671 300 92
0 390.4 782.886 300 92
0 390.4 783.11 300 92
0 390.4 783.386 300 92
0 390.4 783.562 300 92
0 390.4 783.741 300 92
0 390.4 783.998 300 92
0 390.4 784.315 300 92
0 390.4 784.502 300 92
0 390.4 784.637 300 92
0 390.4 784.849 300 92
0 390.4 785.012 300 92
0 390.4 785.181 300 92
0 390.4 785.391 300 92
0 390.4 785.562 300 92
0 390.4 785.678 300 92
0 390.4 785.854 300 92
0 390.4 786.154 300 92
0 390.4 786.339 300 92
0 390.4 786.601 300 92
0 390.4 786.881 300 92
0 390.4 787.109 300 92
0 390.4 787.239 300 92
0 390.4 787.422 300 92
0 390.4 787.842 300 92
0 390.4 788.113 300 92
0 390.4 788.339 300 92
0 390.4 788.519 300 92
0 390.4 788.77 300 92
0 390.4 788.901 300 92
0 390.4 789.056 300 92
0 390.4 789.416 300 92
0 390.4 789.598 300 92
0 390.4 789.826 300 92
0 390.4 789.962 300 92
0 390.4 790.196 300 92
0 390.4 790.527 300 92
0 390.4 790.716 300 92
0 390.4 790.854 300 92
0 390.4 791.11 300 92
0 390.4 791.301 300 92
0 390.4 791.49 300 92
0 390.4 791.723 300 92
0 390.4 791.897 300 92
0 390.4 792.025 300 92
0 390.4 792.155 300 92
0 390.4 792.297 300 92
0 390.4 792.472 300 92
0 390.4 792.628 300 92
0 390.4 792.765 300 92
0 390.4 792.951 300 92
0 390.4 793.273 300 92
0 390.4 793.42 300 92
0 390.4 793.626 300 92
0 390.4 793.808 300 92
0 390.4 793.965 300 92
0 390.4 794.081 300 92
0 390.4 794.207 300 92
0 390.4 794.345 300 92
0 390.4 794.49 300 92
0 390.4 794.631 300 92
0 390.4 794.748 300 92
0 390.4 794.881 300 92
0 390.4 794.997 300 92
0 390.4 795.15 300 92
0 390.4 795.241 300 92
0 390.4 795.328 300 92
0 390.4 795.483 300 92
0 390.4 795.645 300 92
0 390.4 795.806 300 92
0 390.4 795.918 300 92
0 390.4 796.005 300 92
0 390.4 796.142 300 92
0 390.4 796.34 300 92
0 390.4 796.51 300 92
0 390.4 796.604 300 92
0 390.4 796.692 300 92
0 390.4 796.848 300 92
0 390.4 797.015 300 92
0 390.4 797.127 300 92
0 390.4 797.291 300 92
0 390.4 797.449 300 92
0 390.4 797.577 300 92
0 390.4 797.692 300 92
0 390.4 797.806 300 92
0 390.4 797.912 300 92
0 390.4 797.997 300 92
0 390.4 798.133 300 92
0 390.4 798.231 300 92
0 390.4 798.373 300 92
0 390.4 798.589 300 92
0 390.4 798.694 300 92
0 390.4 798.819 300 92
0 390.4 798.976 300 92
0 390.4 799.173 300 92
0 390.4 799.32 300 92
0 390.4 799.421 300 92
0 390.4 799.53 300 92
0 390.4 799.604 300 92
0 390.4 799.788 300 92
0 390.4 799.927 300 92
