0 762 0.014982 300 0
0 666.8 0.020443 0
0 655.6 0.030119 4
0 582.8 0.039476 4
0 571.6 0.046047 4
0 521.2 0.071853 11
0 504.4 0.080249 11
0 496.8 0.088094 11
0 463.2 0.105302 11
0 452 0.110375 11
0 452 0.216291 300 77
0 440.8 0.283783 77
0 435.2 0.29182 77
0 426 0.328035 77
0 426 0.41976 300 77
0 424 0.589787 77
0 424 0.671024 300 77
0 424 0.969414 300 82
0 424 1.20754 300 82
0 424 1.39951 300 82
0 418.4 1.54305 82
0 412.8 1.55306 82
0 412.8 1.66564 300 82
0 412.8 1.89468 300 86
0 412.8 2.11566 300 86
0 412.8 2.29682 300 86
0 412.8 2.48519 300 86
0 412.8 2.72146 300 86
0 412.8 2.91192 300 87
0 412.8 3.10361 300 87
0 412.8 3.34097 300 87
0 412.8 3.48791 300 87
0 412.8 3.67886 300 87
0 412.8 3.83925 300 87
0 412.8 4.21166 300 87
0 412.8 4.44066 300 87
0 412.8 4.70737 300 87
0 412.8 4.88944 300 87
0 412.8 5.13923 300 87
0 412.8 5.40728 300 87
0 412.8 5.60403 300 87
0 412.8 5.79708 300 87
0 412.8 5.97643 300 87
0 412.8 6.16623 300 87
0 412.8 6.35431 300 87
0 412.8 6.48821 300 87
0 412.8 6.73468 300 87
0 412.8 6.90254 300 87
0 412.8 7.23445 300 88
0 412.8 7.44617 300 88
0 412.8 7.68361 300 88
0 412.8 7.84049 300 88
0 412.8 8.13056 300 88
0 412.8 8.27083 300 88
0 412.8 8.44702 300 88
0 412.8 8.70165 300 88
0 412.8 8.85545 300 88
0 412.8 9.22021 300 88
0 412.8 9.4418 300 88
0 412.8 9.63808 300 88
0 412.8 9.84534 300 88
0 412.8 10.0462 300 88
0 412.8 10.3435 300 88
0 412.8 10.5902 300 88
0 412.8 10.7703 300 88
0 412.8 11.0559 300 88
0 412.8 11.2583 300 88
0 412.8 11.5514 300 88
0 412.8 11.7446 300 88
0 412.8 11.9703 300 88
0 412.8 12.1171 300 88
0 412.8 12.3079 300 88
0 412.8 12.5173 300 88
0 412.8 12.6513 300 88
0 412.8 13.0485 300 88
0 412.8 13.2458 300 88
0 412.8 13.5491 300 88
0 412.8 13.7389 300 88
0 412.8 14.0152 300 88
0 412.8 14.2102 300 88
0 412.8 14.4144 300 88
0 409.2 14.532 88
0 409.2 14.6388 300 88
0 409.2 14.7797 300 88
0 409.2 15.0387 300 88
0 409.2 15.248 300 88
0 409.2 15.5196 300 88
0 409.2 15.7961 300 88
0 409.2 15.951 300 88
0 409.2 16.0914 300 88
0 409.2 16.4867 300 88
0 409.2 16.6701 300 88
0 409.2 16.833 300 88
0 409.2 16.989 300 88
0 409.2 17.2186 300 88
0 409.2 17.3703 300 88
0 409.2 17.5666 300 88
0 409.2 17.7618 300 88
0 409.2 17.9609 300 88
0 409.2 18.1702 300 88
0 409.2 18.3653 300 88
0 409.2 18.5522 300 88
0 409.2 18.7214 300 88
0 409.2 19.0473 300 88
0 409.2 19.2213 300 88
0 409.2 19.4048 300 88
0 409.2 19.5489 300 88
0 409.2 19.6916 300 88
0 409.2 19.8911 300 88
0 409.2 20.0924 300 88
0 409.2 20.2351 300 88
0 409.2 20.4165 300 88
0 409.2 20.5608 300 88
0 409.2 20.8047 300 88
0 409.2 21.0003 300 88
0 409.2 21.199 300 88
0 409.2 21.4797 300 88
0 409.2 21.6369 300 88
0 409.2 21.9977 300 88
0 409.2 22.213 300 88
0 409.2 22.362 300 88
0 409.2 22.5948 300 88
0 409.2 22.8248 300 88
0 409.2 23.0977 300 88
0 409.2 23.2967 300 88
0 409.2 23.4743 300 88
0 409.2 23.7058 300 89
0 409.2 23.8893 300 89
0 409.2 24.0725 300 89
0 409.2 24.2576 300 89
0 409.2 24.4864 300 89
0 409.2 24.6767 300 89
0 409.2 25.0164 300 89
0 409.2 25.2926 300 89
0 409.2 25.475 300 89
0 409.2 25.7671 300 89
0 409.2 25.9724 300 89
0 409.2 26.1607 300 89
0 409.2 26.3065 300 89
0 409.2 26.5815 300 89
0 409.2 26.7101 300 89
0 409.2 26.9456 300 89
0 409.2 27.1662 300 89
0 409.2 27.5272 300 89
0 409.2 27.8118 300 89
0 409.2 28.0311 300 89
0 409.2 28.2778 300 89
0 407.2 28.4606 89
0 407.2 28.5642 300 89
0 407.2 28.7505 300 89
0 407.2 28.8886 300 89
0 407.2 29.1657 300 89
0 407.2 29.3889 300 89
0 407.2 29.5633 300 89
0 407.2 29.7543 300 89
0 407.2 29.9409 300 89
0 407.2 30.1826 300 89
0 407.2 30.4636 300 89
0 407.2 30.6463 300 89
0 407.2 30.8619 300 89
0 407.2 31.0475 300 89
0 407.2 31.1838 300 89
0 407.2 31.312 300 89
0 407.2 31.5214 300 89
0 407.2 31.7292 300 89
0 407.2 31.9166 300 89
0 407.2 32.1467 300 89
0 407.2 32.3803 300 89
0 407.2 32.5954 300 89
0 407.2 32.7888 300 89
0 407.2 33.0125 300 89
0 407.2 33.165 300 89
0 407.2 33.304 300 89
0 407.2 33.4448 300 89
0 407.2 33.6233 300 89
0 407.2 33.8824 300 89
0 407.2 34.0799 300 89
0 407.2 34.2985 300 89
0 407.2 34.5656 300 89
0 407.2 34.75 300 89
0 407.2 34.9336 300 89
0 407.2 35.1068 300 89
0 407.2 35.1896 300 89
0 407.2 35.4595 300 89
0 407.2 35.6336 300 89
0 407.2 35.9694 300 89
0 407.2 36.1304 300 89
0 407.2 36.3108 300 89
0 407.2 36.4826 300 89
0 407.2 36.6599 300 89
0 407.2 36.9188 300 89
0 407.2 37.2639 300 89
0 407.2 37.4416 300 89
0 407.2 37.6054 300 89
0 407.2 37.8066 300 89
0 407.2 37.9809 300 89
0 407.2 38.1763 300 89
0 407.2 38.3644 300 89
0 407.2 38.507 300 89
0 407.2 38.6722 300 89
0 407.2 38.875 300 89
0 407.2 39.0586 300 89
0 407.2 39.2131 300 89
0 407.2 39.3327 300 89
0 407.2 39.5513 300 89
0 407.2 39.8353 300 89
0 407.2 39.9607 300 89
0 407.2 40.1305 300 89
0 407.2 40.3238 300 89
0 407.2 40.5235 300 89
0 401.6 40.6924 89
0 396 40.6988 89
0 396 40.8093 300 89
0 396 41.025 300 89
0 396 41.1528 300 89
0 396 41.361 300 89
0 396 41.5194 300 89
0 396 41.6431 300 89
0 396 41.8259 300 89
0 396 41.9554 300 89
0 396 42.156 300 89
0 396 42.3242 300 89
0 396 42.4849 300 89
0 396 42.67 300 89
0 396 42.8538 300 89
0 396 43.0136 300 89
0 396 43.1825 300 89
0 396 43.3473 300 89
0 396 43.4628 300 89
0 396 43.67 300 89
0 396 43.867 300 89
0 396 44.0764 300 89
0 396 44.3236 300 89
0 396 44.5648 300 89
0 396 44.6793 300 89
0 396 44.8513 300 89
0 396 45.0961 300 89
0 396 45.3155 300 89
0 396 45.4884 300 89
0 396 45.7972 300 89
0 396 45.9465 300 89
0 396 46.1203 300 89
0 396 46.3047 300 89
0 396 46.598 300 89
0 396 46.8257 300 89
0 396 46.9506 300 89
0 396 47.1236 300 89
0 396 47.4215 300 89
0 396 47.6188 300 89
0 396 47.9098 300 89
0 396 48.0408 300 89
0 396 48.2523 300 89
0 396 48.4249 300 89
0 396 48.5716 300 89
0 396 48.7374 300 89
0 396 48.9412 300 89
0 396 49.1273 300 89
0 396 49.2509 300 89
0 396 49.498 300 89
0 396 49.6704 300 89
0 396 49.8895 300 89
0 396 50.0812 300 89
0 396 50.2073 300 89
0 396 50.3655 300 89
0 396 50.5261 300 89
0 396 50.7969 300 89
0 396 51.0412 300 89
0 396 51.367 300 89
0 396 51.5576 300 89
0 396 51.7205 300 89
0 396 51.8952 300 89
0 396 52.0488 300 89
0 396 52.2364 300 89
0 396 52.4264 300 89
0 396 52.5801 300 89
0 396 52.6984 300 89
0 396 52.8977 300 89
0 396 53.1217 300 89
0 396 53.2699 300 89
0 396 53.4331 300 89
0 396 53.6364 300 89
0 396 53.8769 300 89
0 396 53.9986 300 89
0 396 54.201 300 89
0 396 54.3741 300 89
0 396 54.5374 300 89
0 396 54.7073 300 89
0 396 54.8681 300 89
0 396 55.0829 300 89
0 396 55.3459 300 89
0 396 55.5145 300 89
0 396 55.6834 300 89
0 396 55.9763 300 89
0 396 56.1652 300 89
0 396 56.3976 300 89
0 396 56.5723 300 89
0 396 56.7164 300 89
0 396 56.8713 300 89
0 396 57.0537 300 89
0 396 57.2545 300 89
0 396 57.5307 300 89
0 396 57.6967 300 89
0 396 57.8312 300 89
0 396 58.0742 300 89
0 396 58.1855 300 89
0 396 58.43 300 89
0 396 58.5568 300 89
0 396 58.8799 300 89
0 396 59.0058 300 89
0 396 59.1333 300 89
0 396 59.3343 300 89
0 396 59.462 300 89
0 396 59.5811 300 89
0 396 59.7487 300 89
0 396 59.8741 300 89
0 396 60.126 300 89
0 396 60.2816 300 89
0 396 60.4453 300 89
0 396 60.7324 300 89
0 396 61.0522 300 89
0 396 61.2325 300 89
0 396 61.3431 300 89
0 396 61.5238 300 89
0 396 61.6802 300 89
0 396 61.8515 300 89
0 396 62.0957 300 89
0 396 62.3836 300 89
0 396 62.6087 300 89
0 396 62.8346 300 89
0 396 63.0506 300 89
0 396 63.1835 300 89
0 396 63.298 300 89
0 396 63.5233 300 89
0 396 63.7369 300 89
0 396 63.8663 300 89
0 396 64.1192 300 89
0 396 64.2588 300 89
0 396 64.5349 300 89
0 396 64.6999 300 89
0 396 64.8177 300 89
0 390.4 64.9934 89
0 390.4 65.0947 300 89
0 390.4 65.2716 300 89
0 390.4 65.431 300 89
0 390.4 65.7277 300 89
0 390.4 65.9695 300 89
0 390.4 66.1032 300 89
0 390.4 66.2667 300 89
0 390.4 66.441 300 89
0 390.4 66.6121 300 89
0 390.4 66.8227 300 89
0 390.4 67.0535 300 89
0 390.4 67.2192 300 89
0 390.4 67.4028 300 89
0 390.4 67.5361 300 89
0 390.4 67.7667 300 89
0 390.4 67.9503 300 89
0 390.4 68.082 300 89
0 390.4 68.2356 300 89
0 390.4 68.4121 300 89
0 390.4 68.5856 300 89
0 390.4 68.905 300 89
0 390.4 69.076 300 89
0 390.4 69.2496 300 89
0 390.4 69.5125 300 89
0 390.4 69.7562 300 89
0 390.4 69.8872 300 89
0 390.4 70.1386 300 89
0 390.4 70.3209 300 89
0 390.4 70.4524 300 89
0 390.4 70.6169 300 89
0 390.4 70.7832 300 89
0 390.4 70.9292 300 89
0 390.4 71.0889 300 89
0 390.4 71.2571 300 89
0 390.4 71.3725 300 89
0 390.4 71.5483 300 89
0 390.4 71.6879 300 89
0 390.4 71.879 300 89
0 390.4 72.0157 300 89
0 390.4 72.1868 300 89
0 390.4 72.386 300 89
0 390.4 72.65 300 89
0 390.4 72.8196 300 89
0 390.4 73.0014 300 89
0 390.4 73.2293 300 89
0 390.4 73.3691 300 89
0 390.4 73.4893 300 89
0 390.4 73.7012 300 89
0 390.4 74.0342 300 89
0 390.4 74.2602 300 89
0 390.4 74.4116 300 89
0 390.4 74.7111 300 89
0 390.4 74.8445 300 89
0 390.4 74.9546 300 89
0 390.4 75.0872 300 89
0 390.4 75.2026 300 89
0 390.4 75.3225 300 89
0 390.4 75.4496 300 89
0 390.4 75.5462 300 89
0 390.4 75.6357 300 89
0 390.4 75.8381 300 89
0 390.4 75.9987 300 89
0 390.4 76.1245 300 89
0 390.4 76.2988 300 89
0 390.4 76.4757 300 89
0 390.4 76.6625 300 89
0 390.4 76.8588 300 89
0 390.4 76.943 300 89
0 390.4 77.0912 300 89
0 390.4 77.3094 300 89
0 390.4 77.3889 300 89
0 390.4 77.5422 300 89
0 390.4 77.7002 300 89
0 390.4 77.8415 300 89
0 390.4 78.0207 300 89
0 390.4 78.1047 300 89
0 390.4 78.2177 300 89
0 390.4 78.3657 300 89
0 390.4 78.483 300 89
0 390.4 78.5637 300 89
0 390.4 78.6583 300 89
0 390.4 78.7866 300 89
0 390.4 78.9004 300 89
0 390.4 79.0231 300 89
0 390.4 79.1748 300 89
0 390.4 79.3878 300 89
0 390.4 79.5072 300 89
0 390.4 79.6932 300 89
0 390.4 80.0131 300 89
0 390.4 80.1928 300 89
0 390.4 80.3726 300 89
0 390.4 80.6129 300 89
0 390.4 80.8376 300 89
0 390.4 81.0117 300 89
0 390.4 81.2329 300 89
0 390.4 81.3996 300 89
0 390.4 81.6241 300 89
0 390.4 81.755 300 89
0 390.4 81.9663 300 89
0 390.4 82.2255 300 89
0 390.4 82.4018 300 89
0 390.4 82.6173 300 89
0 390.4 82.7779 300 89
0 390.4 82.9801 300 89
0 390.4 83.2251 300 89
0 390.4 83.4221 300 89
0 390.4 83.6021 300 89
0 390.4 83.81 300 89
0 390.4 84.0081 300 89
0 390.4 84.1905 300 89
0 390.4 84.4058 300 89
0 390.4 84.7037 300 89
0 390.4 84.9898 300 89
0 390.4 85.0823 300 89
0 390.4 85.2178 300 89
0 390.4 85.4363 300 89
0 390.4 85.7173 300 89
0 390.4 86.0446 300 89
0 390.4 86.2624 300 89
0 390.4 86.5397 300 89
0 390.4 86.834 300 89
0 390.4 86.9721 300 89
0 390.4 87.0952 300 89
0 390.4 87.2659 300 89
0 390.4 87.4924 300 89
0 390.4 87.6785 300 89
0 390.4 87.942 300 89
0 390.4 88.3273 300 89
0 390.4 88.5934 300 89
0 390.4 88.9113 300 89
0 390.4 89.1199 300 89
0 390.4 89.369 300 89
0 390.4 89.5589 300 89
0 390.4 89.6946 300 89
0 390.4 89.8961 300 89
0 390.4 90.0412 300 89
0 390.4 90.2677 300 89
0 390.4 90.3998 300 89
0 390.4 90.5732 300 89
0 390.4 90.7882 300 89
0 390.4 91.0512 300 89
0 390.4 91.361 300 89
0 390.4 91.6325 300 89
0 390.4 91.8241 300 89
0 390.4 92.0937 300 89
0 390.4 92.2539 300 89
0 390.4 92.4617 300 89
0 390.4 92.6655 300 89
0 390.4 92.8168 300 89
0 390.4 93.0079 300 89
0 390.4 93.1858 300 89
0 390.4 93.3403 300 89
0 390.4 93.4919 300 89
0 390.4 93.6345 300 89
0 390.4 93.8105 300 89
0 390.4 93.9382 300 89
0 390.4 94.0588 300 89
0 390.4 94.2333 300 89
0 390.4 94.3511 300 89
0 390.4 94.5409 300 89
0 390.4 94.823 300 89
0 390.4 95.0466 300 89
0 390.4 95.2142 300 89
0 390.4 95.3817 300 89
0 390.4 95.6433 300 89
0 390.4 95.8762 300 89
0 390.4 96.1349 300 89
0 390.4 96.3006 300 89
0 390.4 96.4452 300 89
0 390.4 96.5758 300 89
0 390.4 96.7544 300 89
0 390.4 96.8829 300 89
0 390.4 97.1433 300 89
0 390.4 97.4692 300 89
0 390.4 97.6486 300 89
0 390.4 97.8182 300 89
0 390.4 98.0614 300 89
0 390.4 98.2908 300 89
0 390.4 98.4559 300 89
0 390.4 98.6253 300 89
0 390.4 98.7585 300 89
0 390.4 99.0497 300 89
0 390.4 99.2741 300 89
0 390.4 99.4799 300 89
0 390.4 99.6132 300 89
0 390.4 99.789 300 89
0 390.4 99.9137 300 89
0 390.4 100.075 300 89
0 390.4 100.276 300 89
0 390.4 100.41 300 89
0 390.4 100.596 300 89
0 390.4 100.721 300 89
0 390.4 100.987 300 89
0 390.4 101.159 300 89
0 390.4 101.339 300 89
0 390.4 101.596 300 89
0 390.4 101.786 300 89
0 390.4 101.992 300 89
0 390.4 102.212 300 89
0 390.4 102.448 300 89
0 390.4 102.624 300 89
0 390.4 102.85 300 89
0 390.4 102.977 300 89
0 390.4 103.146 300 89
0 390.4 103.306 300 89
0 390.4 103.601 300 89
0 390.4 103.741 300 89
0 390.4 103.86 300 89
0 390.4 103.986 300 89
0 390.4 104.251 300 89
0 390.4 104.471 300 89
0 390.4 104.723 300 89
0 390.4 104.988 300 89
0 390.4 105.266 300 89
0 390.4 105.426 300 89
0 390.4 105.564 300 89
0 390.4 105.729 300 89
0 390.4 105.936 300 89
0 390.4 106.133 300 89
0 390.4 106.271 300 89
0 390.4 106.404 300 89
0 390.4 106.621 300 89
0 390.4 106.776 300 89
0 390.4 106.994 300 89
0 390.4 107.178 300 89
0 390.4 107.305 300 89
0 390.4 107.475 300 89
0 390.4 107.746 300 89
0 390.4 107.957 300 89
0 390.4 108.174 300 89
0 390.4 108.394 300 89
0 390.4 108.612 300 89
0 390.4 108.835 300 89
0 390.4 108.972 300 89
0 390.4 109.109 300 89
0 390.4 109.368 300 89
0 390.4 109.555 300 89
0 390.4 109.744 300 89
0 390.4 109.927 300 89
0 390.4 110.074 300 89
0 390.4 110.334 300 89
0 390.4 110.468 300 89
0 390.4 110.726 300 89
0 390.4 110.897 300 89
0 390.4 111.119 300 89
0 390.4 111.375 300 89
0 390.4 111.558 300 89
0 390.4 111.782 300 89
0 390.4 111.978 300 89
0 390.4 112.095 300 89
0 390.4 112.306 300 89
0 390.4 112.526 300 89
0 390.4 112.701 300 89
0 390.4 112.953 300 89
0 390.4 113.238 300 89
0 390.4 113.585 300 89
0 390.4 113.705 300 89
0 390.4 113.941 300 89
0 390.4 114.219 300 89
0 390.4 114.348 300 89
0 390.4 114.468 300 89
0 390.4 114.831 300 89
0 390.4 115.008 300 89
0 390.4 115.239 300 89
0 390.4 115.354 300 89
0 390.4 115.573 300 89
0 390.4 115.765 300 89
0 390.4 116.051 300 89
0 390.4 116.257 300 89
0 390.4 116.496 300 89
0 390.4 116.624 300 89
0 390.4 116.814 300 89
0 390.4 116.99 300 89
0 390.4 117.394 300 89
0 390.4 117.577 300 89
0 390.4 117.798 300 89
0 390.4 117.986 300 89
0 390.4 118.161 300 89
0 390.4 118.286 300 89
0 390.4 118.511 300 89
0 390.4 118.76 300 89
0 390.4 118.982 300 89
0 390.4 119.219 300 89
0 390.4 119.374 300 89
0 390.4 119.508 300 89
0 390.4 119.72 300 89
0 390.4 119.846 300 89
0 390.4 120.034 300 89
0 390.4 120.293 300 89
0 390.4 120.474 300 89
0 390.4 120.7 300 89
0 390.4 120.908 300 89
0 390.4 121.107 300 89
0 390.4 121.298 300 89
0 390.4 121.524 300 89
0 390.4 121.866 300 89
0 390.4 122.003 300 89
0 390.4 122.216 300 89
0 390.4 122.379 300 89
0 390.4 122.561 300 89
0 390.4 122.783 300 89
0 390.4 122.947 300 89
0 390.4 123.079 300 89
0 390.4 123.244 300 89
0 390.4 123.363 300 89
0 390.4 123.681 300 89
0 390.4 123.933 300 89
0 390.4 124.113 300 89
0 390.4 124.238 300 89
0 390.4 124.503 300 89
0 390.4 124.682 300 89
0 390.4 124.866 300 89
0 390.4 125.041 300 89
0 390.4 125.311 300 89
0 390.4 125.583 300 89
0 390.4 125.791 300 89
0 390.4 125.886 300 89
0 390.4 126.004 300 89
0 390.4 126.188 300 89
0 390.4 126.322 300 89
0 390.4 126.48 300 89
0 390.4 126.638 300 89
0 390.4 126.756 300 89
0 390.4 126.928 300 89
0 390.4 127.081 300 89
0 390.4 127.206 300 89
0 390.4 127.34 300 89
0 390.4 127.457 300 89
0 390.4 127.582 300 89
0 390.4 127.754 300 89
0 390.4 127.877 300 89
0 390.4 128.049 300 89
0 390.4 128.146 300 89
0 390.4 128.306 300 89
0 390.4 128.437 300 89
0 390.4 128.523 300 89
0 390.4 128.649 300 89
0 390.4 128.768 300 89
0 390.4 128.867 300 89
0 390.4 128.972 300 89
0 390.4 129.094 300 89
0 390.4 129.182 300 89
0 390.4 129.295 300 89
0 390.4 129.414 300 89
0 390.4 129.546 300 89
0 390.4 129.704 300 89
0 390.4 129.813 300 89
0 390.4 129.925 300 89
0 390.4 130.009 300 89
0 390.4 130.172 300 89
0 390.4 130.317 300 89
0 390.4 130.413 300 89
0 390.4 130.542 300 89
0 390.4 130.693 300 89
0 390.4 130.789 300 89
0 390.4 131.005 300 89
0 390.4 131.116 300 89
0 390.4 131.244 300 89
0 390.4 131.329 300 89
0 390.4 131.461 300 89
0 390.4 131.618 300 89
0 390.4 131.741 300 89
0 390.4 131.92 300 89
0 390.4 132.062 300 89
0 390.4 132.264 300 89
0 390.4 132.438 300 89
0 390.4 132.59 300 89
0 390.4 132.74 300 89
0 390.4 132.84 300 89
0 390.4 132.933 300 89
0 390.4 133.11 300 89
0 390.4 133.224 300 89
0 390.4 133.369 300 89
0 390.4 133.48 300 89
0 390.4 133.661 300 89
0 390.4 133.861 300 89
0 390.4 133.977 300 89
0 390.4 134.18 300 89
0 390.4 134.336 300 89
0 390.4 134.538 300 89
0 390.4 134.714 300 89
0 390.4 135.004 300 89
0 390.4 135.198 300 89
0 390.4 135.43 300 89
0 390.4 135.7 300 89
0 390.4 135.894 300 89
0 390.4 136.216 300 89
0 390.4 136.479 300 89
0 390.4 136.713 300 89
0 390.4 136.983 300 89
0 390.4 137.149 300 89
0 390.4 137.329 300 89
0 390.4 137.467 300 89
0 390.4 137.647 300 89
0 390.4 137.862 300 89
0 390.4 138.021 300 89
0 390.4 138.19 300 89
0 390.4 138.354 300 89
0 390.4 138.616 300 89
0 390.4 138.791 300 89
0 390.4 138.951 300 89
0 390.4 139.079 300 89
0 390.4 139.255 300 89
0 390.4 139.479 300 89
0 390.4 139.624 300 89
0 390.4 139.793 300 89
0 390.4 139.982 300 89
0 390.4 140.109 300 89
0 390.4 140.298 300 89
0 390.4 140.525 300 89
0 390.4 140.691 300 89
0 390.4 140.982 300 89
0 390.4 141.226 300 89
0 390.4 141.403 300 89
0 390.4 141.624 300 89
0 390.4 141.84 300 89
0 390.4 142.204 300 89
0 390.4 142.414 300 89
0 390.4 142.564 300 89
0 390.4 142.731 300 89
0 390.4 142.909 300 89
0 390.4 143.17 300 89
0 390.4 143.396 300 89
0 390.4 143.7 300 89
0 390.4 143.868 300 89
0 390.4 144.035 300 89
0 390.4 144.2 300 89
0 390.4 144.437 300 89
0 390.4 144.6 300 89
0 390.4 144.823 300 89
0 390.4 145.006 300 89
0 390.4 145.137 300 89
0 384.8 145.335 89
0 384.8 145.434 300 89
0 384.8 145.652 300 89
0 384.8 145.868 300 89
0 384.8 146.035 300 89
0 384.8 146.273 300 89
0 384.8 146.424 300 89
0 384.8 146.668 300 89
0 384.8 146.884 300 89
0 384.8 147.061 300 89
0 384.8 147.291 300 89
0 384.8 147.458 300 89
0 384.8 147.691 300 89
0 384.8 147.824 300 89
0 384.8 148.036 300 89
0 384.8 148.191 300 89
0 384.8 148.367 300 89
0 384.8 148.537 300 89
0 384.8 148.677 300 89
0 384.8 148.88 300 89
0 384.8 149.053 300 89
0 384.8 149.276 300 89
0 384.8 149.541 300 89
0 384.8 149.804 300 89
0 384.8 149.989 300 89
0 384.8 150.174 300 89
0 384.8 150.358 300 89
0 384.8 150.573 300 89
0 384.8 150.829 300 89
0 384.8 151.155 300 89
0 384.8 151.428 300 89
0 384.8 151.589 300 89
0 384.8 151.734 300 89
0 384.8 151.971 300 89
0 384.8 152.143 300 89
0 384.8 152.395 300 89
0 384.8 152.57 300 89
0 384.8 152.881 300 89
0 384.8 153.014 300 89
0 384.8 153.185 300 89
0 384.8 153.35 300 89
0 384.8 153.52 300 89
0 384.8 153.709 300 89
0 384.8 153.879 300 89
0 384.8 154.047 300 89
0 384.8 154.177 300 89
0 384.8 154.428 300 89
0 384.8 154.651 300 89
0 384.8 154.824 300 89
0 384.8 155.136 300 89
0 384.8 155.331 300 89
0 384.8 155.636 300 89
0 384.8 155.806 300 89
0 384.8 156.075 300 89
0 384.8 156.199 300 89
0 384.8 156.334 300 89
0 384.8 156.466 300 89
0 384.8 156.642 300 89
0 384.8 156.818 300 89
0 384.8 157.036 300 89
0 384.8 157.221 300 89
0 384.8 157.52 300 89
0 384.8 157.677 300 89
0 384.8 157.803 300 89
0 384.8 157.95 300 89
0 384.8 158.14 300 89
0 384.8 158.538 300 89
0 384.8 158.715 300 89
0 384.8 158.841 300 89
0 384.8 159.062 300 89
0 384.8 159.281 300 89
0 384.8 159.458 300 89
0 384.8 159.673 300 89
0 384.8 159.866 300 89
0 384.8 160.006 300 89
0 384.8 160.266 300 89
0 384.8 160.448 300 89
0 384.8 160.593 300 89
0 384.8 160.768 300 89
0 384.8 160.987 300 89
0 384.8 161.185 300 89
0 384.8 161.302 300 89
0 384.8 161.43 300 89
0 384.8 161.548 300 89
0 384.8 161.635 300 89
0 384.8 161.771 300 89
0 384.8 161.917 300 89
0 384.8 162.08 300 89
0 384.8 162.228 300 89
0 384.8 162.379 300 89
0 384.8 162.599 300 89
0 384.8 162.846 300 89
0 384.8 163.033 300 89
0 384.8 163.278 300 89
0 384.8 163.456 300 89
0 384.8 163.715 300 89
0 384.8 163.852 300 89
0 384.8 164.016 300 89
0 384.8 164.283 300 89
0 384.8 164.461 300 89
0 384.8 164.643 300 89
0 384.8 164.938 300 89
0 384.8 165.111 300 89
0 384.8 165.381 300 89
0 384.8 165.557 300 89
0 384.8 165.793 300 89
0 384.8 165.967 300 89
0 384.8 166.133 300 89
0 384.8 166.302 300 89
0 384.8 166.571 300 89
0 384.8 166.729 300 89
0 384.8 166.949 300 89
0 384.8 167.131 300 89
0 384.8 167.325 300 89
0 384.8 167.541 300 89
0 384.8 167.672 300 89
0 384.8 167.812 300 89
0 384.8 168 300 89
0 384.8 168.301 300 89
0 384.8 168.523 300 89
0 384.8 168.762 300 89
0 384.8 169.007 300 89
0 384.8 169.233 300 89
0 384.8 169.41 300 89
0 384.8 169.661 300 89
0 384.8 169.839 300 89
0 384.8 169.975 300 89
0 384.8 170.205 300 89
0 384.8 170.335 300 89
0 384.8 170.569 300 89
0 384.8 170.811 300 89
0 384.8 170.944 300 89
0 384.8 171.177 300 89
0 384.8 171.349 300 89
0 384.8 171.532 300 89
0 384.8 171.671 300 89
0 384.8 171.931 300 89
0 384.8 172.05 300 89
0 384.8 172.266 300 89
0 384.8 172.565 300 89
0 384.8 172.689 300 89
0 384.8 172.888 300 89
0 384.8 173.096 300 89
0 384.8 173.348 300 89
0 384.8 173.526 300 89
0 384.8 173.659 300 89
0 384.8 173.81 300 89
0 384.8 173.99 300 89
0 384.8 174.174 300 89
0 384.8 174.381 300 89
0 384.8 174.688 300 89
0 384.8 174.859 300 89
0 384.8 175.113 300 89
0 384.8 175.365 300 89
0 384.8 175.494 300 89
0 384.8 175.657 300 89
0 384.8 175.885 300 89
0 384.8 176.107 300 89
0 384.8 176.313 300 89
0 384.8 176.49 300 89
0 384.8 176.628 300 89
0 384.8 176.848 300 89
0 384.8 177.079 300 89
0 384.8 177.42 300 89
0 384.8 177.594 300 89
0 384.8 177.705 300 89
0 384.8 177.878 300 89
0 384.8 178.03 300 89
0 384.8 178.295 300 89
0 384.8 178.461 300 89
0 384.8 178.668 300 89
0 384.8 178.877 300 89
0 384.8 179.058 300 89
0 384.8 179.239 300 89
0 384.8 179.503 300 89
0 384.8 179.69 300 89
0 384.8 179.869 300 89
0 384.8 180.071 300 89
0 384.8 180.428 300 89
0 384.8 180.61 300 89
0 384.8 180.838 300 89
0 384.8 181.002 300 89
0 384.8 181.18 300 89
0 384.8 181.428 300 89
0 384.8 181.747 300 89
0 384.8 181.96 300 89
0 384.8 182.146 300 89
0 384.8 182.287 300 89
0 384.8 182.436 300 89
0 384.8 182.573 300 89
0 384.8 182.723 300 89
0 384.8 182.888 300 89
0 384.8 183.198 300 89
0 384.8 183.34 300 89
0 384.8 183.514 300 89
0 384.8 183.78 300 89
0 384.8 184.035 300 89
0 384.8 184.284 300 89
0 384.8 184.462 300 89
0 384.8 184.753 300 89
0 384.8 184.961 300 89
0 384.8 185.13 300 89
0 384.8 185.304 300 89
0 384.8 185.46 300 89
0 384.8 185.58 300 89
0 384.8 185.756 300 89
0 384.8 186.051 300 89
0 384.8 186.495 300 89
0 384.8 186.69 300 89
0 384.8 186.931 300 89
0 384.8 187.116 300 89
0 384.8 187.427 300 89
0 384.8 187.75 300 89
0 384.8 187.926 300 89
0 384.8 188.154 300 89
0 384.8 188.302 300 89
0 384.8 188.487 300 89
0 384.8 188.676 300 89
0 384.8 188.815 300 89
0 384.8 189.038 300 89
0 384.8 189.231 300 89
0 384.8 189.55 300 89
0 384.8 189.713 300 89
0 384.8 189.894 300 89
0 384.8 190.093 300 89
0 384.8 190.206 300 89
0 384.8 190.451 300 89
0 384.8 190.655 300 89
0 384.8 190.855 300 89
0 384.8 191.108 300 89
0 384.8 191.331 300 89
0 384.8 191.634 300 89
0 384.8 191.883 300 89
0 384.8 192.026 300 89
0 384.8 192.106 300 89
0 384.8 192.368 300 89
0 384.8 192.665 300 89
0 384.8 192.835 300 89
0 384.8 193.018 300 89
0 384.8 193.195 300 89
0 384.8 193.37 300 89
0 384.8 193.563 300 89
0 384.8 193.783 300 89
0 384.8 194.003 300 89
0 384.8 194.209 300 89
0 384.8 194.338 300 89
0 384.8 194.514 300 89
0 384.8 194.695 300 89
0 384.8 194.945 300 89
0 384.8 195.079 300 89
0 384.8 195.22 300 89
0 384.8 195.48 300 89
0 384.8 195.833 300 89
0 384.8 196.077 300 89
0 384.8 196.36 300 89
0 384.8 196.484 300 89
0 384.8 196.606 300 89
0 384.8 196.784 300 89
0 384.8 196.957 300 89
0 384.8 197.093 300 89
0 384.8 197.23 300 89
0 384.8 197.466 300 89
0 384.8 197.578 300 89
0 384.8 197.832 300 89
0 384.8 198.022 300 89
0 384.8 198.258 300 89
0 384.8 198.48 300 89
0 384.8 198.669 300 89
0 384.8 198.933 300 89
0 384.8 199.114 300 89
0 384.8 199.247 300 89
0 384.8 199.529 300 89
0 384.8 199.856 300 89
0 384.8 200.07 300 89
0 384.8 200.265 300 89
0 384.8 200.44 300 89
0 384.8 200.604 300 89
0 384.8 200.805 300 89
0 384.8 201.036 300 89
0 384.8 201.207 300 89
0 384.8 201.444 300 89
0 384.8 201.73 300 89
0 384.8 201.908 300 89
0 384.8 202.154 300 89
0 384.8 202.454 300 89
0 384.8 202.628 300 89
0 384.8 202.872 300 89
0 384.8 203.139 300 89
0 384.8 203.401 300 89
0 384.8 203.575 300 89
0 384.8 203.779 300 89
0 384.8 203.985 300 89
0 384.8 204.244 300 89
0 384.8 204.539 300 89
0 384.8 204.8 300 89
0 384.8 204.934 300 89
0 384.8 205.158 300 89
0 384.8 205.402 300 89
0 384.8 205.525 300 89
0 384.8 205.781 300 89
0 384.8 205.973 300 89
0 384.8 206.243 300 89
0 384.8 206.387 300 89
0 384.8 206.537 300 89
0 384.8 206.675 300 89
0 384.8 206.871 300 89
0 384.8 207.064 300 89
0 384.8 207.284 300 89
0 384.8 207.555 300 89
0 384.8 207.795 300 89
0 384.8 207.987 300 89
0 384.8 208.204 300 89
0 384.8 208.437 300 89
0 384.8 208.707 300 89
0 384.8 208.911 300 89
0 384.8 209.064 300 89
0 384.8 209.25 300 89
0 384.8 209.426 300 89
0 384.8 209.739 300 89
0 384.8 209.954 300 89
0 384.8 210.155 300 89
0 384.8 210.434 300 89
0 384.8 210.672 300 89
0 384.8 210.883 300 89
0 384.8 211.057 300 89
0 384.8 211.339 300 89
0 384.8 211.582 300 89
0 384.8 211.76 300 89
0 384.8 211.967 300 89
0 384.8 212.098 300 89
0 384.8 212.298 300 89
0 384.8 212.498 300 89
0 384.8 212.771 300 89
0 384.8 213.019 300 89
0 384.8 213.362 300 89
0 384.8 213.61 300 89
0 384.8 213.945 300 89
0 384.8 214.163 300 89
0 384.8 214.459 300 89
0 384.8 214.653 300 89
0 384.8 214.961 300 89
0 384.8 215.153 300 89
0 384.8 215.442 300 89
0 384.8 215.716 300 89
0 384.8 215.956 300 89
0 384.8 216.154 300 89
0 384.8 216.335 300 89
0 384.8 216.584 300 89
0 384.8 216.787 300 89
0 384.8 216.987 300 89
0 384.8 217.146 300 89
0 384.8 217.327 300 89
0 384.8 217.55 300 89
0 384.8 217.81 300 89
0 384.8 218.099 300 89
0 384.8 218.338 300 89
0 384.8 218.561 300 89
0 384.8 218.701 300 89
0 384.8 218.943 300 89
0 384.8 219.118 300 89
0 384.8 219.361 300 89
0 384.8 219.537 300 89
0 384.8 219.991 300 89
0 384.8 220.348 300 89
0 384.8 220.517 300 89
0 384.8 220.703 300 89
0 384.8 220.886 300 89
0 384.8 221.102 300 89
0 384.8 221.302 300 89
0 384.8 221.701 300 89
0 384.8 221.965 300 89
0 384.8 222.147 300 89
0 384.8 222.377 300 89
0 384.8 222.617 300 89
0 384.8 222.832 300 89
0 384.8 223.032 300 89
0 384.8 223.234 300 89
0 384.8 223.427 300 89
0 384.8 223.562 300 89
0 384.8 223.834 300 89
0 384.8 224.077 300 89
0 384.8 224.26 300 89
0 384.8 224.393 300 89
0 384.8 224.676 300 89
0 384.8 224.962 300 89
0 384.8 225.159 300 89
0 384.8 225.319 300 89
0 384.8 225.577 300 89
0 384.8 225.818 300 89
0 384.8 226.03 300 89
0 384.8 226.295 300 89
0 384.8 226.551 300 89
0 384.8 226.788 300 89
0 384.8 226.994 300 89
0 384.8 227.191 300 89
0 384.8 227.349 300 89
0 384.8 227.552 300 89
0 384.8 227.766 300 89
0 384.8 227.915 300 89
0 384.8 228.22 300 89
0 384.8 228.541 300 89
0 384.8 228.833 300 89
0 384.8 229.165 300 89
0 384.8 229.339 300 89
0 384.8 229.491 300 89
0 384.8 229.641 300 89
0 384.8 229.842 300 89
0 384.8 230.025 300 89
0 384.8 230.152 300 89
0 384.8 230.337 300 89
0 384.8 230.515 300 89
0 384.8 230.689 300 89
0 384.8 230.79 300 89
0 384.8 230.951 300 89
0 384.8 231.129 300 89
0 384.8 231.214 300 89
0 384.8 231.321 300 89
0 384.8 231.413 300 89
0 384.8 231.511 300 89
0 384.8 231.668 300 89
0 384.8 231.884 300 89
0 384.8 232.007 300 89
0 384.8 232.109 300 89
0 384.8 232.26 300 89
0 384.8 232.396 300 89
0 384.8 232.534 300 89
0 384.8 232.636 300 89
0 384.8 232.75 300 89
0 384.8 232.869 300 89
0 384.8 233.019 300 89
0 384.8 233.119 300 89
0 384.8 233.3 300 89
0 384.8 233.45 300 89
0 384.8 233.639 300 89
0 384.8 233.863 300 89
0 384.8 233.955 300 89
0 384.8 234.109 300 89
0 384.8 234.317 300 89
0 384.8 234.467 300 89
0 384.8 234.668 300 89
0 384.8 234.925 300 89
0 384.8 235.085 300 89
0 384.8 235.281 300 89
0 384.8 235.379 300 89
0 384.8 235.535 300 89
0 384.8 235.663 300 89
0 384.8 235.751 300 89
0 384.8 235.909 300 89
0 384.8 236.042 300 89
0 384.8 236.247 300 89
0 384.8 236.351 300 89
0 384.8 236.541 300 89
0 384.8 236.667 300 89
0 384.8 236.864 300 89
0 384.8 237.11 300 89
0 384.8 237.31 300 89
0 384.8 237.549 300 89
0 384.8 237.822 300 89
0 384.8 238.139 300 89
0 384.8 238.443 300 89
0 384.8 238.618 300 89
0 384.8 238.852 300 89
0 384.8 239.121 300 89
0 384.8 239.387 300 89
0 384.8 239.622 300 89
0 384.8 239.992 300 89
0 384.8 240.209 300 89
0 384.8 240.438 300 89
0 384.8 240.759 300 89
0 384.8 240.936 300 89
0 384.8 241.094 300 89
0 384.8 241.251 300 89
0 384.8 241.491 300 89
0 384.8 241.798 300 89
0 384.8 242.035 300 89
0 384.8 242.296 300 89
0 384.8 242.489 300 89
0 384.8 242.618 300 89
0 384.8 242.758 300 89
0 384.8 242.895 300 89
0 384.8 243.063 300 89
0 384.8 243.26 300 89
0 384.8 243.415 300 89
0 384.8 243.52 300 89
0 384.8 243.712 300 89
0 384.8 243.871 300 89
0 384.8 244.017 300 89
0 384.8 244.114 300 90
0 384.8 244.252 300 90
0 384.8 244.47 300 90
0 384.8 244.652 300 90
0 384.8 244.784 300 90
0 384.8 244.964 300 90
0 384.8 245.158 300 90
0 384.8 245.382 300 90
0 384.8 245.588 300 90
0 384.8 245.713 300 90
0 384.8 245.872 300 90
0 384.8 245.973 300 90
0 384.8 246.131 300 90
0 384.8 246.254 300 90
0 384.8 246.351 300 90
0 384.8 246.48 300 90
0 384.8 246.599 300 90
0 384.8 246.84 300 90
0 384.8 246.935 300 90
0 384.8 247.058 300 90
0 384.8 247.186 300 90
0 384.8 247.309 300 90
0 384.8 247.524 300 90
0 384.8 247.679 300 90
0 384.8 247.866 300 90
0 384.8 248.066 300 90
0 384.8 248.207 300 90
0 384.8 248.445 300 90
0 384.8 248.578 300 90
0 384.8 248.77 300 90
0 384.8 248.9 300 90
0 384.8 249.053 300 90
0 384.8 249.213 300 90
0 384.8 249.369 300 90
0 384.8 249.533 300 90
0 384.8 249.674 300 90
0 384.8 249.812 300 90
0 384.8 249.907 300 90
0 384.8 250.103 300 90
0 384.8 250.271 300 90
0 384.8 250.416 300 90
0 384.8 250.596 300 90
0 384.8 250.798 300 90
0 384.8 250.929 300 90
0 384.8 251.066 300 90
0 384.8 251.223 300 90
0 384.8 251.344 300 90
0 384.8 251.498 300 90
0 384.8 251.622 300 90
0 384.8 251.763 300 90
0 384.8 251.967 300 90
0 384.8 252.213 300 90
0 384.8 252.389 300 90
0 384.8 252.61 300 90
0 384.8 253.189 300 90
0 384.8 253.38 300 90
0 384.8 253.622 300 90
0 384.8 253.845 300 90
0 384.8 254.117 300 90
0 384.8 254.303 300 90
0 384.8 254.675 300 90
0 384.8 254.804 300 90
0 384.8 255.189 300 90
0 384.8 255.577 300 90
0 384.8 255.869 300 90
0 384.8 256.126 300 90
0 384.8 256.464 300 90
0 384.8 256.7 300 90
0 384.8 256.911 300 90
0 384.8 257.129 300 90
0 384.8 257.295 300 90
0 384.8 257.488 300 90
0 384.8 257.862 300 90
0 384.8 258.131 300 90
0 384.8 258.403 300 90
0 384.8 258.61 300 90
0 384.8 258.89 300 90
0 384.8 259.038 300 90
0 384.8 259.192 300 90
0 384.8 259.542 300 90
0 384.8 259.816 300 90
0 384.8 260.101 300 90
0 384.8 260.331 300 90
0 384.8 260.531 300 90
0 384.8 260.814 300 90
0 384.8 261.018 300 90
0 384.8 261.172 300 90
0 384.8 261.437 300 90
0 384.8 261.681 300 90
0 384.8 262.009 300 90
0 384.8 262.333 300 90
0 384.8 262.52 300 90
0 384.8 262.748 300 90
0 384.8 262.949 300 90
0 384.8 263.28 300 90
0 384.8 263.597 300 90
0 384.8 263.811 300 90
0 384.8 263.966 300 90
0 384.8 264.23 300 90
0 384.8 264.532 300 90
0 384.8 264.719 300 90
0 384.8 265.03 300 90
0 384.8 265.187 300 90
0 384.8 265.364 300 90
0 384.8 265.57 300 90
0 384.8 265.8 300 90
0 384.8 265.989 300 90
0 384.8 266.186 300 90
0 384.8 266.428 300 90
0 384.8 266.636 300 90
0 384.8 266.827 300 90
0 384.8 266.998 300 90
0 384.8 267.249 300 90
0 384.8 267.414 300 90
0 384.8 267.665 300 90
0 384.8 267.8 300 90
0 384.8 267.991 300 90
0 384.8 268.218 300 90
0 384.8 268.38 300 90
0 384.8 268.577 300 90
0 384.8 268.762 300 90
0 384.8 268.93 300 90
0 384.8 269.181 300 90
0 384.8 269.352 300 90
0 384.8 269.572 300 90
0 384.8 269.728 300 90
0 384.8 269.903 300 90
0 384.8 270.166 300 90
0 384.8 270.309 300 90
0 384.8 270.536 300 90
0 384.8 270.718 300 90
0 384.8 270.93 300 90
0 384.8 271.28 300 90
0 384.8 271.446 300 90
0 384.8 271.662 300 90
0 384.8 271.916 300 90
0 384.8 272.142 300 90
0 384.8 272.301 300 90
0 384.8 272.481 300 90
0 384.8 272.859 300 90
0 384.8 273.062 300 90
0 384.8 273.297 300 90
0 384.8 273.533 300 90
0 384.8 273.766 300 90
0 384.8 274.086 300 90
0 384.8 274.369 300 90
0 384.8 274.582 300 90
0 384.8 274.809 300 90
0 384.8 274.957 300 90
0 384.8 275.12 300 90
0 384.8 275.343 300 90
0 384.8 275.637 300 90
0 384.8 275.871 300 90
0 384.8 276.151 300 90
0 384.8 276.339 300 90
0 384.8 276.573 300 90
0 384.8 276.712 300 90
0 384.8 277.035 300 90
0 384.8 277.375 300 90
0 384.8 277.585 300 90
0 384.8 277.804 300 90
0 384.8 277.946 300 90
0 384.8 278.071 300 90
0 384.8 278.382 300 90
0 384.8 278.669 300 90
0 384.8 278.9 300 90
0 384.8 279.14 300 90
0 384.8 279.387 300 90
0 384.8 279.582 300 90
0 384.8 279.76 300 90
0 384.8 280.027 300 90
0 384.8 280.141 300 90
0 384.8 280.377 300 90
0 384.8 280.66 300 90
0 384.8 280.943 300 90
0 384.8 281.08 300 90
0 384.8 281.225 300 90
0 384.8 281.54 300 90
0 384.8 281.688 300 90
0 384.8 281.918 300 90
0 384.8 282.16 300 90
0 384.8 282.431 300 90
0 384.8 282.647 300 90
0 384.8 282.786 300 90
0 384.8 283.065 300 90
0 384.8 283.309 300 90
0 384.8 283.449 300 90
0 384.8 283.666 300 90
0 384.8 283.89 300 90
0 384.8 284.117 300 90
0 384.8 284.408 300 90
0 384.8 284.665 300 90
0 384.8 284.875 300 90
0 384.8 285.06 300 90
0 384.8 285.219 300 90
0 384.8 285.413 300 90
0 384.8 285.58 300 90
0 384.8 285.914 300 90
0 384.8 286.083 300 90
0 384.8 286.298 300 90
0 384.8 286.617 300 90
0 384.8 286.858 300 90
0 384.8 287.161 300 90
0 384.8 287.31 300 90
0 384.8 287.692 300 90
0 384.8 287.819 300 90
0 384.8 288.022 300 90
0 384.8 288.233 300 90
0 384.8 288.437 300 90
0 384.8 288.613 300 90
0 384.8 288.85 300 90
0 384.8 289.09 300 90
0 384.8 289.283 300 90
0 384.8 289.688 300 90
0 384.8 289.921 300 90
0 384.8 290.053 300 90
0 384.8 290.256 300 90
0 384.8 290.403 300 90
0 384.8 290.585 300 90
0 384.8 290.778 300 90
0 384.8 290.996 300 90
0 384.8 291.124 300 90
0 384.8 291.256 300 90
0 384.8 291.44 300 90
0 384.8 291.717 300 90
0 384.8 291.881 300 90
0 384.8 292.135 300 90
0 384.8 292.37 300 90
0 384.8 292.598 300 90
0 384.8 292.86 300 90
0 384.8 293.061 300 90
0 384.8 293.205 300 90
0 384.8 293.367 300 90
0 384.8 293.629 300 90
0 384.8 293.849 300 90
0 384.8 294.091 300 90
0 384.8 294.373 300 90
0 384.8 294.565 300 90
0 384.8 294.797 300 90
0 384.8 294.917 300 90
0 384.8 295.232 300 90
0 384.8 295.455 300 90
0 384.8 295.636 300 90
0 384.8 295.803 300 90
0 384.8 296.115 300 90
0 384.8 296.338 300 90
0 384.8 296.629 300 90
0 384.8 296.846 300 90
0 384.8 297.072 300 90
0 384.8 297.218 300 90
0 384.8 297.383 300 90
0 384.8 297.589 300 90
0 384.8 297.84 300 90
0 384.8 298.102 300 90
0 384.8 298.302 300 90
0 384.8 298.448 300 90
0 384.8 298.563 300 90
0 384.8 298.699 300 90
0 384.8 298.882 300 90
0 384.8 298.993 300 90
0 384.8 299.193 300 90
0 384.8 299.352 300 90
0 384.8 299.54 300 90
0 384.8 299.667 300 90
0 384.8 299.786 300 90
0 384.8 299.992 300 90
0 384.8 300.114 300 90
0 384.8 300.214 300 90
0 384.8 300.308 300 90
0 384.8 300.397 300 90
0 384.8 300.576 300 90
0 384.8 300.705 300 90
0 384.8 301.042 300 90
0 384.8 301.199 300 90
0 384.8 301.322 300 90
0 384.8 301.442 300 90
0 384.8 301.57 300 90
0 384.8 301.739 300 90
0 384.8 302.032 300 90
0 384.8 302.202 300 90
0 384.8 302.514 300 90
0 384.8 302.736 300 90
0 384.8 302.908 300 90
0 384.8 303.282 300 90
0 384.8 303.446 300 90
0 384.8 303.716 300 90
0 384.8 303.843 300 90
0 384.8 304.056 300 90
0 384.8 304.201 300 90
0 384.8 304.337 300 90
0 384.8 304.543 300 90
0 384.8 304.744 300 90
0 384.8 304.911 300 90
0 384.8 305.12 300 90
0 384.8 305.421 300 90
0 384.8 305.66 300 90
0 384.8 305.947 300 90
0 384.8 306.204 300 90
0 384.8 306.489 300 90
0 384.8 306.663 300 90
0 384.8 306.854 300 90
0 384.8 307.046 300 90
0 384.8 307.175 300 90
0 384.8 307.339 300 90
0 384.8 307.552 300 90
0 384.8 307.728 300 90
0 384.8 307.942 300 90
0 384.8 308.167 300 90
0 384.8 308.287 300 90
0 384.8 308.42 300 90
0 384.8 308.718 300 90
0 384.8 308.941 300 90
0 384.8 309.084 300 90
0 384.8 309.326 300 90
0 384.8 309.535 300 90
0 384.8 309.737 300 90
0 384.8 309.957 300 90
0 384.8 310.138 300 90
0 384.8 310.306 300 90
0 384.8 310.475 300 90
0 384.8 310.715 300 90
0 384.8 310.851 300 90
0 384.8 310.976 300 90
0 384.8 311.237 300 90
0 384.8 311.369 300 90
0 384.8 311.577 300 90
0 384.8 311.812 300 90
0 384.8 312.008 300 90
0 384.8 312.252 300 90
0 384.8 312.591 300 90
0 384.8 312.763 300 90
0 384.8 312.898 300 90
0 384.8 313.095 300 90
0 384.8 313.25 300 90
0 384.8 313.48 300 90
0 384.8 313.866 300 90
0 384.8 314.051 300 90
0 384.8 314.274 300 90
0 384.8 314.46 300 90
0 384.8 314.656 300 90
0 384.8 314.948 300 90
0 384.8 315.137 300 90
0 384.8 315.288 300 90
0 384.8 315.507 300 90
0 384.8 315.819 300 90
0 384.8 316.006 300 90
0 384.8 316.186 300 90
0 384.8 316.365 300 90
0 384.8 316.601 300 90
0 384.8 316.933 300 90
0 384.8 317.068 300 90
0 384.8 317.278 300 90
0 384.8 317.398 300 93
0 384.8 317.563 300 93
0 384.8 317.738 300 93
0 384.8 317.946 300 93
0 384.8 318.285 300 93
0 384.8 318.457 300 93
0 384.8 318.633 300 93
0 384.8 318.761 300 93
0 384.8 318.973 300 93
0 384.8 319.164 300 93
0 384.8 319.426 300 93
0 384.8 319.629 300 93
0 384.8 319.847 300 93
0 384.8 320.068 300 93
0 384.8 320.315 300 93
0 384.8 320.516 300 93
0 384.8 320.736 300 93
0 384.8 320.87 300 93
0 384.8 320.995 300 93
0 384.8 321.199 300 93
0 384.8 321.404 300 93
0 384.8 321.638 300 93
0 384.8 321.766 300 93
0 384.8 321.949 300 93
0 384.8 322.087 300 93
0 384.8 322.279 300 93
0 384.8 322.526 300 93
0 384.8 322.759 300 93
0 384.8 322.928 300 93
0 384.8 323.222 300 93
0 384.8 323.431 300 93
0 384.8 323.592 300 93
0 384.8 323.756 300 93
0 384.8 323.996 300 93
0 384.8 324.22 300 93
0 384.8 324.504 300 93
0 384.8 324.74 300 93
0 384.8 324.874 300 93
0 384.8 325.047 300 93
0 384.8 325.258 300 93
0 384.8 325.467 300 93
0 384.8 325.683 300 93
0 384.8 325.812 300 93
0 384.8 326.008 300 93
0 384.8 326.218 300 93
0 384.8 326.437 300 93
0 384.8 326.599 300 93
0 384.8 326.782 300 93
0 384.8 326.962 300 93
0 384.8 327.175 300 93
0 384.8 327.355 300 93
0 384.8 327.523 300 93
0 384.8 327.881 300 93
0 384.8 328.089 300 93
0 384.8 328.219 300 93
0 384.8 328.452 300 93
0 384.8 328.708 300 93
0 384.8 328.873 300 93
0 384.8 329.046 300 93
0 384.8 329.248 300 93
0 384.8 329.59 300 93
0 384.8 329.872 300 93
0 384.8 330.091 300 93
0 384.8 330.362 300 93
0 384.8 330.644 300 93
0 384.8 330.908 300 93
0 384.8 331.103 300 93
0 384.8 331.269 300 93
0 384.8 331.442 300 93
0 384.8 331.642 300 93
0 384.8 331.861 300 93
0 384.8 332.034 300 93
0 384.8 332.375 300 93
0 384.8 332.578 300 93
0 384.8 332.806 300 93
0 384.8 333.021 300 93
0 384.8 333.248 300 93
0 384.8 333.479 300 93
0 384.8 333.691 300 93
0 384.8 333.967 300 93
0 384.8 334.268 300 93
0 384.8 334.463 300 93
0 384.8 334.652 300 93
0 384.8 334.796 300 93
0 384.8 334.912 300 93
0 384.8 335.048 300 93
0 384.8 335.224 300 93
0 384.8 335.351 300 93
0 384.8 335.481 300 93
0 384.8 335.661 300 93
0 384.8 335.893 300 93
0 384.8 336.121 300 93
0 384.8 336.256 300 93
0 384.8 336.487 300 93
0 384.8 336.618 300 93
0 384.8 336.86 300 93
0 384.8 336.989 300 93
0 384.8 337.236 300 93
0 384.8 337.374 300 93
0 384.8 337.607 300 93
0 384.8 337.811 300 93
0 384.8 338.124 300 93
0 384.8 338.26 300 93
0 384.8 338.43 300 93
0 384.8 338.722 300 93
0 384.8 338.934 300 93
0 384.8 339.138 300 93
0 384.8 339.341 300 93
0 384.8 339.604 300 93
0 384.8 339.823 300 93
0 384.8 340 300 93
0 384.8 340.218 300 93
0 384.8 340.4 300 93
0 384.8 340.565 300 93
0 384.8 340.759 300 93
0 384.8 340.894 300 93
0 384.8 341.034 300 93
0 384.8 341.337 300 93
0 384.8 341.508 300 93
0 384.8 341.646 300 93
0 384.8 341.865 300 93
0 384.8 342.005 300 93
0 384.8 342.192 300 93
0 384.8 342.468 300 93
0 384.8 342.627 300 93
0 384.8 342.89 300 93
0 384.8 343.105 300 93
0 384.8 343.294 300 93
0 384.8 343.52 300 93
0 384.8 343.735 300 93
0 384.8 343.927 300 93
0 384.8 344.186 300 93
0 384.8 344.323 300 93
0 384.8 344.555 300 93
0 384.8 344.867 300 93
0 384.8 345.048 300 93
0 384.8 345.279 300 93
0 384.8 345.493 300 93
0 384.8 345.617 300 93
0 384.8 345.796 300 93
0 384.8 345.928 300 93
0 384.8 346.193 300 93
0 384.8 346.423 300 93
0 384.8 346.603 300 93
0 384.8 346.835 300 93
0 384.8 347.137 300 93
0 384.8 347.315 300 93
0 384.8 347.492 300 93
0 384.8 347.711 300 93
0 384.8 347.842 300 93
0 384.8 348.024 300 93
0 384.8 348.232 300 93
0 384.8 348.529 300 93
0 384.8 348.709 300 93
0 384.8 348.832 300 93
0 384.8 349.153 300 93
0 384.8 349.339 300 93
0 384.8 349.526 300 93
0 384.8 349.751 300 93
0 384.8 349.984 300 93
0 384.8 350.213 300 93
0 384.8 350.389 300 93
0 384.8 350.556 300 93
0 384.8 350.725 300 93
0 384.8 350.934 300 93
0 384.8 351.078 300 93
0 384.8 351.299 300 93
0 384.8 351.442 300 93
0 384.8 351.577 300 93
0 384.8 351.812 300 93
0 384.8 352.056 300 93
0 384.8 352.216 300 93
0 384.8 352.518 300 93
0 384.8 352.616 300 93
0 384.8 352.803 300 93
0 384.8 352.989 300 93
0 384.8 353.134 300 93
0 384.8 353.358 300 93
0 384.8 353.508 300 93
0 384.8 353.677 300 93
0 384.8 353.907 300 93
0 384.8 354.195 300 93
0 384.8 354.415 300 93
0 384.8 354.527 300 93
0 384.8 354.662 300 93
0 384.8 354.838 300 93
0 384.8 355.088 300 93
0 384.8 355.265 300 93
0 384.8 355.478 300 93
0 384.8 355.684 300 93
0 384.8 355.878 300 93
0 384.8 356.059 300 93
0 384.8 356.331 300 93
0 384.8 356.615 300 93
0 384.8 356.734 300 93
0 384.8 357.002 300 93
0 384.8 357.168 300 93
0 384.8 357.348 300 93
0 384.8 357.533 300 93
0 384.8 357.701 300 93
0 384.8 357.922 300 93
0 384.8 358.117 300 93
0 384.8 358.317 300 93
0 384.8 358.481 300 93
0 384.8 358.714 300 93
0 384.8 358.887 300 93
0 384.8 359.156 300 93
0 384.8 359.268 300 93
0 384.8 359.474 300 93
0 384.8 359.672 300 93
0 384.8 359.884 300 93
0 384.8 360.191 300 93
0 384.8 360.453 300 93
0 384.8 360.668 300 93
0 384.8 360.912 300 93
0 384.8 361.178 300 93
0 384.8 361.504 300 93
0 384.8 361.724 300 93
0 384.8 361.935 300 93
0 384.8 362.238 300 93
0 384.8 362.437 300 93
0 384.8 362.58 300 93
0 384.8 362.749 300 93
0 384.8 362.896 300 93
0 384.8 363.033 300 93
0 384.8 363.215 300 93
0 384.8 363.393 300 93
0 384.8 363.529 300 93
0 384.8 363.738 300 93
0 384.8 363.983 300 93
0 384.8 364.112 300 93
0 384.8 364.352 300 93
0 384.8 364.578 300 93
0 384.8 364.791 300 93
0 384.8 364.99 300 93
0 384.8 365.256 300 93
0 384.8 365.559 300 93
0 384.8 365.866 300 93
0 384.8 366.057 300 93
0 384.8 366.289 300 93
0 384.8 366.508 300 93
0 384.8 366.702 300 93
0 384.8 366.968 300 93
0 384.8 367.238 300 93
0 384.8 367.461 300 93
0 384.8 367.692 300 93
0 384.8 367.928 300 93
0 384.8 368.098 300 93
0 384.8 368.277 300 93
0 384.8 368.585 300 93
0 384.8 368.768 300 93
0 384.8 368.955 300 93
0 384.8 369.144 300 93
0 384.8 369.321 300 93
0 384.8 369.572 300 93
0 384.8 369.706 300 93
0 384.8 369.961 300 93
0 384.8 370.222 300 93
0 384.8 370.412 300 93
0 384.8 370.65 300 93
0 384.8 370.813 300 93
0 384.8 370.994 300 93
0 384.8 371.183 300 93
0 384.8 371.438 300 93
0 384.8 371.697 300 93
0 384.8 371.914 300 93
0 384.8 372.1 300 93
0 384.8 372.294 300 93
0 384.8 372.438 300 93
0 384.8 372.709 300 93
0 384.8 372.938 300 93
0 384.8 373.085 300 93
0 384.8 373.208 300 93
0 384.8 373.469 300 93
0 384.8 373.628 300 93
0 384.8 373.843 300 93
0 384.8 374.032 300 93
0 384.8 374.312 300 93
0 384.8 374.664 300 93
0 384.8 374.864 300 93
0 384.8 375.05 300 93
0 384.8 375.195 300 93
0 384.8 375.535 300 93
0 384.8 375.884 300 93
0 384.8 376.129 300 93
0 384.8 376.335 300 93
0 384.8 376.507 300 93
0 384.8 376.793 300 93
0 384.8 376.975 300 93
0 384.8 377.158 300 93
0 384.8 377.383 300 93
0 384.8 377.591 300 93
0 384.8 377.811 300 93
0 384.8 377.952 300 93
0 384.8 378.266 300 93
0 384.8 378.396 300 93
0 384.8 378.56 300 93
0 384.8 378.738 300 93
0 384.8 378.905 300 93
0 384.8 379.177 300 93
0 384.8 379.337 300 93
0 384.8 379.561 300 93
0 384.8 379.819 300 93
0 384.8 380.176 300 93
0 384.8 380.336 300 93
0 384.8 380.593 300 93
0 384.8 380.769 300 93
0 384.8 380.994 300 93
0 384.8 381.156 300 93
0 384.8 381.478 300 93
0 384.8 381.75 300 93
0 384.8 382.047 300 93
0 384.8 382.29 300 93
0 384.8 382.499 300 93
0 384.8 382.9 300 93
0 384.8 383.096 300 93
0 384.8 383.354 300 93
0 384.8 383.503 300 93
0 384.8 383.711 300 93
0 384.8 383.912 300 93
0 384.8 384.111 300 93
0 384.8 384.26 300 93
0 384.8 384.462 300 93
0 384.8 384.709 300 93
0 384.8 385.041 300 93
0 384.8 385.184 300 93
0 384.8 385.435 300 93
0 384.8 385.634 300 93
0 384.8 385.834 300 93
0 384.8 385.978 300 93
0 384.8 386.239 300 93
0 384.8 386.37 300 93
0 384.8 386.608 300 93
0 384.8 386.804 300 93
0 384.8 387.011 300 93
0 384.8 387.158 300 93
0 384.8 387.346 300 93
0 384.8 387.575 300 93
0 384.8 387.772 300 93
0 384.8 387.962 300 93
0 384.8 388.095 300 93
0 384.8 388.293 300 93
0 384.8 388.491 300 93
0 384.8 388.823 300 93
0 384.8 388.982 300 93
0 384.8 389.163 300 93
0 384.8 389.361 300 93
0 384.8 389.502 300 93
0 384.8 389.863 300 93
0 384.8 390.048 300 93
0 384.8 390.225 300 93
0 384.8 390.501 300 93
0 384.8 390.831 300 93
0 384.8 391.051 300 93
0 384.8 391.193 300 93
0 384.8 391.431 300 93
0 384.8 391.622 300 93
0 384.8 391.899 300 93
0 384.8 392.166 300 93
0 384.8 392.473 300 93
0 384.8 392.697 300 93
0 384.8 393.013 300 93
0 384.8 393.354 300 93
0 384.8 393.546 300 93
0 384.8 393.846 300 93
0 384.8 394.053 300 93
0 384.8 394.2 300 93
0 384.8 394.476 300 93
0 384.8 394.857 300 93
0 384.8 395.1 300 93
0 384.8 395.321 300 93
0 384.8 395.535 300 93
0 384.8 395.761 300 93
0 384.8 396.147 300 93
0 384.8 396.349 300 93
0 384.8 396.579 300 93
0 384.8 396.787 300 93
0 384.8 396.942 300 93
0 384.8 397.125 300 93
0 384.8 397.372 300 93
0 384.8 397.558 300 93
0 384.8 397.776 300 93
0 384.8 398.007 300 93
0 384.8 398.197 300 93
0 384.8 398.471 300 93
0 384.8 398.652 300 93
0 384.8 398.839 300 93
0 384.8 399.059 300 93
0 384.8 399.234 300 93
0 384.8 399.494 300 93
0 384.8 399.709 300 93
0 384.8 399.918 300 93
0 384.8 400.195 300 93
0 384.8 400.372 300 93
0 384.8 400.672 300 93
0 384.8 400.845 300 93
0 384.8 401.03 300 93
0 384.8 401.223 300 93
0 384.8 401.365 300 93
0 384.8 401.561 300 93
0 384.8 401.741 300 93
0 384.8 402.007 300 93
0 384.8 402.267 300 93
0 384.8 402.456 300 93
0 384.8 402.748 300 93
0 384.8 403.027 300 93
0 384.8 403.118 300 93
0 384.8 403.324 300 93
0 384.8 403.459 300 93
0 384.8 403.614 300 93
0 384.8 403.762 300 93
0 384.8 403.889 300 93
0 384.8 404.064 300 93
0 384.8 404.18 300 93
0 384.8 404.348 300 93
0 384.8 404.445 300 93
0 384.8 404.625 300 93
0 384.8 404.813 300 93
0 384.8 405.13 300 93
0 384.8 405.445 300 93
0 384.8 405.62 300 93
0 384.8 405.843 300 93
0 384.8 406.058 300 93
0 384.8 406.271 300 93
0 384.8 406.585 300 93
0 384.8 406.741 300 93
0 384.8 406.926 300 93
0 384.8 407.162 300 93
0 384.8 407.512 300 93
0 384.8 407.715 300 93
0 384.8 407.905 300 93
0 384.8 408.167 300 93
0 384.8 408.335 300 93
0 384.8 408.52 300 93
0 384.8 408.622 300 93
0 384.8 408.773 300 93
0 384.8 408.934 300 93
0 384.8 409.033 300 93
0 384.8 409.262 300 93
0 384.8 409.462 300 93
0 384.8 409.547 300 93
0 384.8 409.703 300 93
0 384.8 409.83 300 93
0 384.8 409.918 300 93
0 384.8 410.036 300 93
0 384.8 410.157 300 93
0 384.8 410.377 300 93
0 384.8 410.466 300 93
0 384.8 410.55 300 93
0 384.8 410.707 300 93
0 384.8 410.864 300 93
0 384.8 411.072 300 93
0 384.8 411.225 300 93
0 384.8 411.343 300 93
0 384.8 411.48 300 93
0 384.8 411.705 300 93
0 384.8 411.901 300 93
0 384.8 412.065 300 93
0 384.8 412.216 300 93
0 384.8 412.403 300 93
0 384.8 412.55 300 93
0 384.8 412.678 300 93
0 384.8 412.963 300 93
0 384.8 413.253 300 93
0 384.8 413.44 300 93
0 384.8 413.762 300 93
0 384.8 413.885 300 93
0 384.8 414.015 300 93
0 384.8 414.195 300 93
0 384.8 414.409 300 93
0 384.8 414.67 300 93
0 384.8 414.881 300 93
0 384.8 415.178 300 93
0 384.8 415.46 300 93
0 384.8 415.584 300 93
0 384.8 415.788 300 93
0 384.8 416.094 300 93
0 384.8 416.308 300 93
0 384.8 416.54 300 93
0 384.8 416.823 300 93
0 384.8 417.09 300 93
0 384.8 417.47 300 93
0 384.8 417.711 300 93
0 384.8 417.842 300 93
0 384.8 418.022 300 93
0 384.8 418.308 300 93
0 384.8 418.428 300 93
0 384.8 418.558 300 93
0 384.8 418.747 300 93
0 384.8 418.901 300 93
0 384.8 419.092 300 93
0 384.8 419.229 300 93
0 384.8 419.459 300 93
0 384.8 419.624 300 93
0 384.8 419.797 300 93
0 384.8 420.05 300 93
0 384.8 420.288 300 93
0 384.8 420.496 300 93
0 384.8 420.764 300 93
0 384.8 420.902 300 93
0 384.8 421.161 300 93
0 384.8 421.48 300 93
0 384.8 421.621 300 93
0 384.8 421.808 300 93
0 384.8 422.069 300 93
0 384.8 422.285 300 93
0 384.8 422.481 300 93
0 384.8 422.693 300 93
0 384.8 422.876 300 93
0 384.8 423.184 300 93
0 384.8 423.356 300 93
0 384.8 423.483 300 93
0 384.8 423.698 300 93
0 384.8 423.838 300 93
0 384.8 423.965 300 93
0 384.8 424.149 300 93
0 384.8 424.282 300 93
0 384.8 424.589 300 93
0 384.8 424.763 300 93
0 384.8 424.948 300 93
0 384.8 425.145 300 93
0 384.8 425.409 300 93
0 384.8 425.594 300 93
0 384.8 425.858 300 93
0 384.8 426.001 300 93
0 384.8 426.274 300 93
0 384.8 426.514 300 93
0 384.8 426.752 300 93
0 384.8 426.984 300 93
0 384.8 427.213 300 93
0 384.8 427.381 300 93
0 384.8 427.578 300 93
0 384.8 427.825 300 93
0 384.8 427.986 300 93
0 384.8 428.208 300 93
0 384.8 428.465 300 93
0 384.8 428.736 300 93
0 384.8 428.857 300 93
0 384.8 429.027 300 93
0 384.8 429.315 300 93
0 384.8 429.465 300 93
0 384.8 429.661 300 93
0 384.8 429.834 300 93
0 384.8 430.158 300 93
0 384.8 430.296 300 93
0 384.8 430.476 300 93
0 384.8 430.667 300 93
0 384.8 430.81 300 93
0 384.8 430.985 300 93
0 384.8 431.187 300 93
0 384.8 431.337 300 93
0 384.8 431.515 300 93
0 384.8 431.702 300 93
0 384.8 431.836 300 93
0 384.8 432.066 300 93
0 384.8 432.321 300 93
0 384.8 432.527 300 93
0 384.8 432.713 300 93
0 384.8 432.903 300 93
0 384.8 433.128 300 93
0 384.8 433.352 300 93
0 384.8 433.619 300 93
0 384.8 433.893 300 93
0 384.8 434.145 300 93
0 384.8 434.495 300 93
0 384.8 434.646 300 93
0 384.8 434.821 300 93
0 384.8 435.097 300 93
0 384.8 435.447 300 93
0 384.8 435.629 300 93
0 384.8 435.804 300 93
0 384.8 436.05 300 93
0 384.8 436.224 300 93
0 384.8 436.464 300 93
0 384.8 436.662 300 93
0 384.8 436.938 300 93
0 384.8 437.081 300 93
0 384.8 437.275 300 93
0 384.8 437.409 300 93
0 384.8 437.534 300 93
0 384.8 437.822 300 93
0 384.8 437.96 300 93
0 384.8 438.111 300 93
0 384.8 438.422 300 93
0 384.8 438.671 300 93
0 384.8 438.965 300 93
0 384.8 439.351 300 93
0 384.8 439.628 300 93
0 384.8 439.839 300 93
0 384.8 439.972 300 93
0 384.8 440.18 300 93
0 384.8 440.416 300 93
0 384.8 440.606 300 93
0 384.8 440.797 300 93
0 384.8 440.919 300 93
0 384.8 441.153 300 93
0 384.8 441.391 300 93
0 384.8 441.595 300 93
0 384.8 441.834 300 93
0 384.8 442.034 300 93
0 384.8 442.252 300 93
0 384.8 442.437 300 93
0 384.8 442.571 300 93
0 384.8 442.871 300 93
0 384.8 443.191 300 93
0 384.8 443.375 300 93
0 384.8 443.56 300 93
0 384.8 443.743 300 93
0 384.8 443.891 300 93
0 384.8 444.086 300 93
0 384.8 444.436 300 93
0 384.8 444.654 300 93
0 384.8 444.879 300 93
0 384.8 445.059 300 93
0 384.8 445.259 300 93
0 384.8 445.475 300 93
0 384.8 445.657 300 93
0 384.8 445.794 300 93
0 384.8 445.934 300 93
0 384.8 446.159 300 93
0 384.8 446.374 300 93
0 384.8 446.591 300 93
0 384.8 446.729 300 93
0 384.8 446.96 300 93
0 384.8 447.175 300 93
0 384.8 447.497 300 93
0 384.8 447.746 300 93
0 384.8 448.048 300 93
0 384.8 448.196 300 93
0 384.8 448.355 300 93
0 384.8 448.544 300 93
0 384.8 448.668 300 93
0 384.8 448.852 300 93
0 384.8 449.114 300 93
0 384.8 449.298 300 93
0 384.8 449.558 300 93
0 384.8 449.82 300 93
0 384.8 450.052 300 93
0 384.8 450.264 300 93
0 384.8 450.447 300 93
0 384.8 450.651 300 93
0 384.8 450.746 300 93
0 384.8 450.865 300 93
0 384.8 451.022 300 93
0 384.8 451.238 300 93
0 384.8 451.394 300 93
0 384.8 451.514 300 93
0 384.8 451.631 300 93
0 384.8 451.789 300 93
0 384.8 451.888 300 93
0 384.8 452.114 300 93
0 384.8 452.281 300 93
0 384.8 452.404 300 93
0 384.8 452.532 300 93
0 384.8 452.735 300 93
0 384.8 452.886 300 93
0 384.8 453.048 300 93
0 384.8 453.172 300 93
0 384.8 453.261 300 93
0 384.8 453.422 300 93
0 384.8 453.675 300 93
0 384.8 453.806 300 93
0 384.8 453.967 300 93
0 384.8 454.176 300 93
0 384.8 454.345 300 93
0 384.8 454.521 300 93
0 384.8 454.745 300 93
0 384.8 454.901 300 93
0 384.8 455.03 300 93
0 384.8 455.203 300 93
0 384.8 455.345 300 93
0 384.8 455.482 300 93
0 384.8 455.578 300 93
0 384.8 455.762 300 93
0 384.8 455.859 300 93
0 384.8 456.009 300 93
0 384.8 456.19 300 93
0 384.8 456.374 300 93
0 384.8 456.527 300 93
0 384.8 456.755 300 93
0 384.8 456.934 300 93
0 384.8 457.21 300 93
0 384.8 457.4 300 93
0 384.8 457.685 300 93
0 384.8 457.923 300 93
0 384.8 458.117 300 93
0 384.8 458.342 300 93
0 384.8 458.488 300 93
0 384.8 458.738 300 93
0 384.8 458.966 300 93
0 384.8 459.275 300 93
0 384.8 459.44 300 93
0 384.8 459.662 300 93
0 384.8 459.851 300 93
0 384.8 460.165 300 93
0 384.8 460.294 300 93
0 384.8 460.597 300 93
0 384.8 460.765 300 93
0 384.8 460.993 300 93
0 384.8 461.23 300 93
0 384.8 461.463 300 93
0 384.8 461.666 300 93
0 384.8 461.936 300 93
0 384.8 462.151 300 93
0 384.8 462.503 300 93
0 384.8 462.738 300 93
0 384.8 462.958 300 93
0 384.8 463.319 300 93
0 384.8 463.472 300 93
0 384.8 463.61 300 93
0 384.8 463.844 300 93
0 384.8 464.078 300 93
0 384.8 464.297 300 93
0 384.8 464.433 300 93
0 384.8 464.749 300 93
0 384.8 464.943 300 93
0 384.8 465.135 300 93
0 384.8 465.307 300 93
0 384.8 465.524 300 93
0 384.8 465.658 300 93
0 384.8 465.757 300 93
0 384.8 465.958 300 93
0 384.8 466.048 300 93
0 384.8 466.182 300 93
0 384.8 466.296 300 93
0 384.8 466.385 300 93
0 384.8 466.523 300 93
0 384.8 466.741 300 93
0 384.8 466.889 300 93
0 384.8 467.06 300 93
0 384.8 467.178 300 93
0 384.8 467.305 300 93
0 384.8 467.408 300 93
0 384.8 467.595 300 93
0 384.8 467.805 300 93
0 384.8 467.946 300 93
0 384.8 468.039 300 93
0 384.8 468.202 300 93
0 384.8 468.294 300 93
0 384.8 468.405 300 93
0 384.8 468.544 300 93
0 384.8 468.666 300 93
0 384.8 468.766 300 93
0 384.8 468.856 300 93
0 384.8 469.037 300 93
0 384.8 469.178 300 93
0 384.8 469.266 300 93
0 384.8 469.42 300 93
0 384.8 469.538 300 93
0 384.8 469.628 300 93
0 384.8 469.762 300 93
0 384.8 469.931 300 93
0 384.8 470.051 300 93
0 384.8 470.174 300 93
0 384.8 470.324 300 93
0 384.8 470.419 300 93
0 384.8 470.579 300 93
0 384.8 470.701 300 93
0 384.8 470.857 300 93
0 384.8 471.101 300 93
0 384.8 471.254 300 93
0 384.8 471.38 300 93
0 384.8 471.561 300 93
0 384.8 471.713 300 93
0 384.8 471.908 300 93
0 384.8 472.063 300 93
0 384.8 472.234 300 93
0 384.8 472.452 300 93
0 384.8 472.758 300 93
0 384.8 472.977 300 93
0 384.8 473.166 300 93
0 384.8 473.411 300 93
0 384.8 473.722 300 93
0 384.8 473.898 300 93
0 384.8 474.131 300 93
0 384.8 474.362 300 93
0 384.8 474.586 300 93
0 384.8 474.814 300 93
0 384.8 475.124 300 93
0 384.8 475.314 300 93
0 384.8 475.579 300 93
0 384.8 475.821 300 93
0 384.8 476.029 300 93
0 384.8 476.234 300 93
0 384.8 476.535 300 93
0 384.8 476.788 300 93
0 384.8 477.081 300 93
0 384.8 477.217 300 93
0 384.8 477.418 300 93
0 384.8 477.706 300 93
0 384.8 477.968 300 93
0 384.8 478.215 300 93
0 384.8 478.499 300 93
0 384.8 478.764 300 93
0 384.8 478.972 300 93
0 384.8 479.224 300 93
0 384.8 479.376 300 93
0 384.8 479.58 300 93
0 384.8 479.855 300 93
0 384.8 479.999 300 93
0 384.8 480.227 300 93
0 384.8 480.472 300 93
0 384.8 480.613 300 93
0 384.8 480.925 300 93
0 384.8 481.057 300 93
0 384.8 481.319 300 93
0 384.8 481.563 300 93
0 384.8 481.891 300 93
0 384.8 482.145 300 93
0 384.8 482.332 300 93
0 384.8 482.74 300 93
0 384.8 483.056 300 93
0 384.8 483.381 300 93
0 384.8 483.506 300 93
0 384.8 483.732 300 93
0 384.8 484.094 300 93
0 384.8 484.343 300 93
0 384.8 484.488 300 93
0 384.8 484.643 300 93
0 384.8 484.857 300 93
0 384.8 485.103 300 93
0 384.8 485.351 300 93
0 384.8 485.52 300 93
0 384.8 485.747 300 93
0 384.8 486.017 300 93
0 384.8 486.269 300 93
0 384.8 486.565 300 93
0 384.8 486.706 300 93
0 384.8 486.897 300 93
0 384.8 487.123 300 93
0 384.8 487.364 300 93
0 384.8 487.655 300 93
0 384.8 487.864 300 93
0 384.8 488.057 300 93
0 384.8 488.298 300 93
0 384.8 488.735 300 93
0 384.8 488.97 300 93
0 384.8 489.123 300 93
0 384.8 489.396 300 93
0 384.8 489.728 300 93
0 384.8 490.047 300 93
0 384.8 490.236 300 93
0 384.8 490.442 300 93
0 384.8 490.681 300 93
0 384.8 490.879 300 93
0 384.8 491.124 300 93
0 384.8 491.267 300 93
0 384.8 491.534 300 93
0 384.8 491.79 300 93
0 384.8 491.917 300 93
0 384.8 492.111 300 93
0 384.8 492.298 300 93
0 384.8 492.429 300 93
0 384.8 492.686 300 93
0 384.8 492.874 300 93
0 384.8 493.11 300 93
0 384.8 493.34 300 93
0 384.8 493.537 300 93
0 384.8 493.804 300 93
0 384.8 494.021 300 93
0 384.8 494.3 300 93
0 384.8 494.457 300 93
0 384.8 494.677 300 93
0 384.8 494.859 300 93
0 384.8 495.03 300 93
0 384.8 495.326 300 93
0 384.8 495.644 300 93
0 384.8 495.783 300 93
0 384.8 495.995 300 93
0 384.8 496.14 300 93
0 384.8 496.321 300 93
0 384.8 496.459 300 93
0 384.8 496.667 300 93
0 384.8 496.835 300 93
0 384.8 497.049 300 93
0 384.8 497.456 300 93
0 384.8 497.649 300 93
0 384.8 497.893 300 93
0 384.8 498.187 300 93
0 384.8 498.333 300 93
0 384.8 498.564 300 93
0 384.8 498.822 300 93
0 384.8 498.969 300 93
0 384.8 499.204 300 93
0 384.8 499.407 300 93
0 384.8 499.647 300 93
0 384.8 499.82 300 93
0 384.8 499.973 300 93
0 384.8 500.178 300 93
0 384.8 500.393 300 93
0 384.8 500.623 300 93
0 384.8 500.862 300 93
0 384.8 501.091 300 93
0 384.8 501.319 300 93
0 384.8 501.524 300 93
0 384.8 501.687 300 93
0 384.8 501.978 300 93
0 384.8 502.166 300 93
0 384.8 502.407 300 93
0 384.8 502.692 300 93
0 384.8 502.923 300 93
0 384.8 503.271 300 93
0 384.8 503.417 300 93
0 384.8 503.741 300 93
0 384.8 503.968 300 93
0 384.8 504.17 300 93
0 384.8 504.433 300 93
0 384.8 504.615 300 93
0 384.8 504.752 300 93
0 384.8 504.885 300 93
0 384.8 505.031 300 93
0 384.8 505.224 300 93
0 384.8 505.471 300 93
0 384.8 505.747 300 93
0 384.8 505.908 300 93
0 384.8 506.033 300 93
0 384.8 506.38 300 93
0 384.8 506.65 300 93
0 384.8 506.837 300 93
0 384.8 507.042 300 93
0 384.8 507.272 300 93
0 384.8 507.458 300 93
0 384.8 507.792 300 93
0 384.8 508.017 300 93
0 384.8 508.168 300 93
0 384.8 508.306 300 93
0 384.8 508.427 300 93
0 384.8 508.632 300 93
0 384.8 508.81 300 93
0 384.8 509.087 300 93
0 384.8 509.328 300 93
0 384.8 509.541 300 93
0 384.8 509.682 300 93
0 384.8 509.955 300 93
0 384.8 510.322 300 93
0 384.8 510.56 300 93
0 384.8 510.83 300 93
0 384.8 511.148 300 93
0 384.8 511.336 300 93
0 384.8 511.611 300 93
0 384.8 511.82 300 93
0 384.8 512.107 300 93
0 384.8 512.342 300 93
0 384.8 512.63 300 93
0 384.8 512.816 300 93
0 384.8 512.954 300 93
0 384.8 513.084 300 93
0 384.8 513.292 300 93
0 384.8 513.427 300 93
0 384.8 513.657 300 93
0 384.8 513.937 300 93
0 384.8 514.122 300 93
0 384.8 514.289 300 93
0 384.8 514.428 300 93
0 384.8 514.604 300 93
0 384.8 514.787 300 93
0 384.8 515.016 300 93
0 384.8 515.372 300 93
0 384.8 515.597 300 93
0 384.8 515.73 300 93
0 384.8 515.888 300 93
0 384.8 516.208 300 93
0 384.8 516.476 300 93
0 384.8 516.684 300 93
0 384.8 516.869 300 93
0 384.8 517.195 300 93
0 384.8 517.404 300 93
0 384.8 517.635 300 93
0 384.8 517.858 300 93
0 384.8 518.033 300 93
0 384.8 518.206 300 93
0 384.8 518.493 300 93
0 384.8 518.659 300 93
0 384.8 518.854 300 93
0 384.8 519.162 300 93
0 384.8 519.358 300 93
0 384.8 519.566 300 93
0 384.8 519.707 300 93
0 384.8 519.832 300 93
0 384.8 519.958 300 93
0 384.8 520.144 300 93
0 384.8 520.409 300 93
0 384.8 520.603 300 93
0 384.8 520.866 300 93
0 384.8 521.04 300 93
0 384.8 521.25 300 93
0 384.8 521.432 300 93
0 384.8 521.589 300 93
0 384.8 521.843 300 93
0 384.8 521.988 300 93
0 384.8 522.331 300 93
0 384.8 522.543 300 93
0 384.8 522.775 300 93
0 384.8 522.895 300 93
0 384.8 523.094 300 93
0 384.8 523.258 300 93
0 384.8 523.527 300 93
0 384.8 523.71 300 93
0 384.8 523.882 300 93
0 384.8 524.125 300 93
0 384.8 524.413 300 93
0 384.8 524.671 300 93
0 384.8 524.823 300 93
0 384.8 525.081 300 93
0 384.8 525.233 300 93
0 384.8 525.352 300 93
0 384.8 525.477 300 93
0 384.8 525.599 300 93
0 384.8 525.763 300 93
0 384.8 525.931 300 93
0 384.8 526.063 300 93
0 384.8 526.193 300 93
0 384.8 526.341 300 93
0 384.8 526.516 300 93
0 384.8 526.649 300 93
0 384.8 526.776 300 93
0 384.8 526.984 300 93
0 384.8 527.213 300 93
0 384.8 527.365 300 93
0 384.8 527.534 300 93
0 384.8 527.664 300 93
0 384.8 527.788 300 93
0 384.8 527.929 300 93
0 384.8 528.132 300 93
0 384.8 528.332 300 93
0 384.8 528.622 300 93
0 384.8 528.802 300 93
0 384.8 529.096 300 93
0 384.8 529.382 300 93
0 384.8 529.603 300 93
0 384.8 529.826 300 93
0 384.8 530.021 300 93
0 384.8 530.147 300 93
0 384.8 530.417 300 93
0 384.8 530.701 300 93
0 384.8 530.971 300 93
0 384.8 531.156 300 93
0 384.8 531.344 300 93
0 384.8 531.476 300 93
0 384.8 531.673 300 93
0 384.8 531.818 300 93
0 384.8 531.963 300 93
0 384.8 532.186 300 93
0 384.8 532.365 300 93
0 384.8 532.553 300 93
0 384.8 532.736 300 93
0 384.8 532.866 300 93
0 384.8 533.053 300 93
0 384.8 533.242 300 93
0 384.8 533.423 300 93
0 384.8 533.615 300 93
0 384.8 533.853 300 93
0 384.8 534.035 300 93
0 384.8 534.269 300 93
0 384.8 534.456 300 93
0 384.8 534.602 300 93
0 384.8 534.789 300 93
0 384.8 534.979 300 93
0 384.8 535.214 300 93
0 384.8 535.428 300 93
0 384.8 535.608 300 93
0 384.8 535.798 300 93
0 384.8 535.952 300 93
0 384.8 536.184 300 93
0 384.8 536.386 300 93
0 384.8 536.711 300 93
0 384.8 536.903 300 93
0 384.8 537.06 300 93
0 384.8 537.235 300 93
0 384.8 537.463 300 93
0 384.8 537.65 300 93
0 384.8 538.032 300 93
0 384.8 538.17 300 93
0 384.8 538.391 300 93
0 384.8 538.597 300 93
0 384.8 538.819 300 93
0 384.8 539.06 300 93
0 384.8 539.196 300 93
0 384.8 539.398 300 93
0 384.8 539.668 300 93
0 384.8 539.775 300 93
0 384.8 539.909 300 93
0 384.8 540.062 300 93
0 384.8 540.279 300 93
0 384.8 540.414 300 93
0 384.8 540.563 300 93
0 384.8 540.701 300 93
0 384.8 540.868 300 93
0 384.8 541.085 300 93
0 384.8 541.2 300 93
0 384.8 541.335 300 93
0 384.8 541.459 300 93
0 384.8 541.629 300 93
0 384.8 541.727 300 93
0 384.8 541.856 300 93
0 384.8 542.047 300 93
0 384.8 542.283 300 93
0 384.8 542.571 300 93
0 384.8 542.782 300 93
0 384.8 542.924 300 93
0 384.8 543.216 300 93
0 384.8 543.532 300 93
0 384.8 543.73 300 93
0 384.8 543.956 300 93
0 384.8 544.16 300 93
0 384.8 544.382 300 93
0 384.8 544.583 300 93
0 384.8 544.83 300 93
0 384.8 545.024 300 93
0 384.8 545.257 300 93
0 384.8 545.542 300 93
0 384.8 545.792 300 93
0 384.8 545.927 300 93
0 384.8 546.184 300 93
0 384.8 546.317 300 93
0 384.8 546.511 300 93
0 384.8 546.785 300 93
0 384.8 547.012 300 93
0 384.8 547.136 300 93
0 384.8 547.292 300 93
0 384.8 547.456 300 93
0 384.8 547.7 300 93
0 384.8 547.856 300 93
0 384.8 548.057 300 93
0 384.8 548.259 300 93
0 384.8 548.59 300 93
0 384.8 548.87 300 93
0 384.8 549.102 300 93
0 384.8 549.254 300 93
0 384.8 549.542 300 93
0 384.8 549.777 300 93
0 384.8 549.94 300 93
0 384.8 550.09 300 93
0 384.8 550.312 300 93
0 384.8 550.53 300 93
0 384.8 550.665 300 93
0 384.8 550.804 300 93
0 384.8 551.002 300 93
0 384.8 551.192 300 93
0 384.8 551.413 300 93
0 384.8 551.623 300 93
0 384.8 551.885 300 93
0 384.8 552.042 300 93
0 384.8 552.276 300 93
0 384.8 552.581 300 93
0 384.8 552.764 300 93
0 384.8 553.017 300 93
0 384.8 553.214 300 93
0 384.8 553.413 300 93
0 384.8 553.737 300 93
0 384.8 553.982 300 93
0 384.8 554.262 300 93
0 384.8 554.536 300 93
0 384.8 554.754 300 93
0 384.8 555.014 300 93
0 384.8 555.193 300 93
0 384.8 555.504 300 93
0 384.8 555.703 300 93
0 384.8 555.851 300 93
0 384.8 556.09 300 93
0 384.8 556.269 300 93
0 384.8 556.505 300 93
0 384.8 556.69 300 93
0 384.8 556.88 300 93
0 384.8 557.13 300 93
0 384.8 557.488 300 93
0 384.8 557.645 300 93
0 384.8 557.84 300 93
0 384.8 558.024 300 93
0 384.8 558.237 300 93
0 384.8 558.434 300 93
0 384.8 558.673 300 93
0 384.8 558.892 300 93
0 384.8 559.165 300 93
0 384.8 559.35 300 93
0 384.8 559.584 300 93
0 384.8 559.764 300 93
0 384.8 559.904 300 93
0 384.8 560.134 300 93
0 384.8 560.324 300 93
0 384.8 560.575 300 93
0 384.8 560.711 300 93
0 384.8 560.997 300 93
0 384.8 561.309 300 93
0 384.8 561.567 300 93
0 384.8 561.821 300 93
0 384.8 561.978 300 93
0 384.8 562.257 300 93
0 384.8 562.546 300 93
0 384.8 562.782 300 93
0 384.8 562.983 300 93
0 384.8 563.208 300 93
0 384.8 563.428 300 93
0 384.8 563.708 300 93
0 384.8 564 300 93
0 384.8 564.25 300 93
0 384.8 564.426 300 93
0 384.8 564.614 300 93
0 384.8 564.746 300 93
0 384.8 565.013 300 93
0 384.8 565.243 300 93
0 384.8 565.479 300 93
0 384.8 565.712 300 93
0 384.8 565.905 300 93
0 384.8 566.111 300 93
0 384.8 566.266 300 93
0 384.8 566.678 300 93
0 384.8 566.884 300 93
0 384.8 567.167 300 93
0 384.8 567.452 300 93
0 384.8 567.713 300 93
0 384.8 567.936 300 93
0 384.8 568.168 300 93
0 384.8 568.32 300 93
0 384.8 568.456 300 93
0 384.8 568.688 300 93
0 384.8 568.975 300 93
0 384.8 569.137 300 93
0 384.8 569.372 300 93
0 384.8 569.534 300 93
0 384.8 569.793 300 93
0 384.8 569.938 300 93
0 384.8 570.196 300 93
0 384.8 570.395 300 93
0 384.8 570.579 300 93
0 384.8 570.777 300 93
0 384.8 570.954 300 93
0 384.8 571.148 300 93
0 384.8 571.335 300 93
0 384.8 571.466 300 93
0 384.8 571.613 300 93
0 384.8 571.751 300 93
0 384.8 571.925 300 93
0 384.8 572.122 300 93
0 384.8 572.385 300 93
0 384.8 572.638 300 93
0 384.8 572.859 300 93
0 384.8 573.057 300 93
0 384.8 573.21 300 93
0 384.8 573.351 300 93
0 384.8 573.54 300 93
0 384.8 573.814 300 93
0 384.8 574.011 300 93
0 384.8 574.243 300 93
0 384.8 574.573 300 93
0 384.8 574.789 300 93
0 384.8 575.078 300 93
0 384.8 575.35 300 93
0 384.8 575.544 300 93
0 384.8 575.747 300 93
0 384.8 575.955 300 93
0 384.8 576.141 300 93
0 384.8 576.32 300 93
0 384.8 576.448 300 93
0 384.8 576.743 300 93
0 384.8 577.071 300 93
0 384.8 577.264 300 93
0 384.8 577.49 300 93
0 384.8 577.616 300 93
0 384.8 577.894 300 93
0 384.8 578.196 300 93
0 384.8 578.354 300 93
0 384.8 578.6 300 93
0 384.8 578.817 300 93
0 384.8 579.016 300 93
0 384.8 579.299 300 93
0 384.8 579.461 300 93
0 384.8 579.826 300 93
0 384.8 580.001 300 93
0 384.8 580.249 300 93
0 384.8 580.53 300 93
0 384.8 580.879 300 93
0 384.8 581.224 300 93
0 384.8 581.401 300 93
0 384.8 581.66 300 93
0 384.8 581.899 300 93
0 384.8 582.244 300 93
0 384.8 582.386 300 93
0 384.8 582.574 300 93
0 384.8 582.875 300 93
0 384.8 583.12 300 93
0 384.8 583.355 300 93
0 384.8 583.538 300 93
0 384.8 583.66 300 93
0 384.8 583.874 300 93
0 384.8 584.09 300 93
0 384.8 584.307 300 93
0 384.8 584.476 300 93
0 384.8 584.608 300 93
0 384.8 584.786 300 93
0 384.8 585.081 300 93
0 384.8 585.216 300 93
0 384.8 585.398 300 93
0 384.8 585.789 300 93
0 384.8 585.97 300 93
0 384.8 586.202 300 93
0 384.8 586.489 300 93
0 384.8 586.701 300 93
0 384.8 586.864 300 93
0 384.8 587.111 300 93
0 384.8 587.313 300 93
0 384.8 587.534 300 93
0 384.8 587.836 300 93
0 384.8 588.041 300 93
0 384.8 588.172 300 93
0 384.8 588.398 300 93
0 384.8 588.582 300 93
0 384.8 588.96 300 93
0 384.8 589.141 300 93
0 384.8 589.359 300 93
0 384.8 589.524 300 93
0 384.8 589.716 300 93
0 384.8 589.945 300 93
0 384.8 590.185 300 93
0 384.8 590.401 300 93
0 384.8 590.563 300 93
0 384.8 590.698 300 93
0 384.8 590.93 300 93
0 384.8 591.108 300 93
0 384.8 591.415 300 93
0 384.8 591.682 300 93
0 384.8 592.014 300 93
0 384.8 592.164 300 93
0 384.8 592.341 300 93
0 384.8 592.636 300 93
0 384.8 592.98 300 93
0 384.8 593.203 300 93
0 384.8 593.386 300 93
0 384.8 593.604 300 93
0 384.8 593.76 300 93
0 384.8 593.975 300 93
0 384.8 594.255 300 93
0 384.8 594.464 300 93
0 384.8 594.652 300 93
0 384.8 594.83 300 93
0 384.8 594.983 300 93
0 384.8 595.277 300 93
0 384.8 595.608 300 93
0 384.8 595.797 300 93
0 384.8 595.943 300 93
0 384.8 596.135 300 93
0 384.8 596.28 300 93
0 384.8 596.455 300 93
0 384.8 596.716 300 93
0 384.8 596.967 300 93
0 384.8 597.182 300 93
0 384.8 597.354 300 93
0 384.8 597.577 300 93
0 384.8 597.795 300 93
0 384.8 597.968 300 93
0 384.8 598.136 300 93
0 384.8 598.437 300 93
0 384.8 598.607 300 93
0 384.8 598.798 300 93
0 384.8 599.059 300 93
0 384.8 599.284 300 93
0 384.8 599.535 300 93
0 384.8 599.652 300 93
0 384.8 599.88 300 93
0 384.8 600.093 300 93
0 384.8 600.386 300 93
0 384.8 600.55 300 93
0 384.8 600.849 300 93
0 384.8 601.076 300 93
0 384.8 601.307 300 93
0 384.8 601.523 300 93
0 384.8 601.711 300 93
0 384.8 601.902 300 93
0 384.8 602.15 300 93
0 384.8 602.278 300 93
0 384.8 602.453 300 93
0 384.8 602.621 300 93
0 384.8 602.783 300 93
0 384.8 602.991 300 93
0 384.8 603.268 300 93
0 384.8 603.551 300 93
0 384.8 603.738 300 93
0 384.8 603.866 300 93
0 384.8 604.085 300 93
0 384.8 604.21 300 93
0 384.8 604.423 300 93
0 384.8 604.679 300 93
0 384.8 605 300 93
0 384.8 605.183 300 93
0 384.8 605.404 300 93
0 384.8 605.629 300 93
0 384.8 605.897 300 93
0 384.8 606.142 300 93
0 384.8 606.345 300 93
0 384.8 606.567 300 93
0 384.8 606.739 300 93
0 384.8 606.911 300 93
0 384.8 607.191 300 93
0 384.8 607.357 300 93
0 384.8 607.497 300 93
0 384.8 607.679 300 93
0 384.8 607.917 300 93
0 384.8 608.104 300 93
0 384.8 608.275 300 93
0 384.8 608.539 300 93
0 384.8 608.73 300 93
0 384.8 608.965 300 93
0 384.8 609.246 300 93
0 384.8 609.456 300 93
0 384.8 609.68 300 93
0 384.8 609.855 300 93
0 384.8 609.991 300 93
0 384.8 610.21 300 93
0 384.8 610.431 300 93
0 384.8 610.702 300 93
0 384.8 610.871 300 93
0 384.8 611.079 300 93
0 384.8 611.363 300 93
0 384.8 611.683 300 93
0 384.8 611.856 300 93
0 384.8 612.115 300 93
0 384.8 612.31 300 93
0 384.8 612.546 300 93
0 384.8 612.87 300 93
0 384.8 613.159 300 93
0 384.8 613.276 300 93
0 384.8 613.416 300 93
0 384.8 613.6 300 93
0 384.8 613.844 300 93
0 384.8 614.114 300 93
0 384.8 614.41 300 93
0 384.8 614.542 300 93
0 384.8 614.853 300 93
0 384.8 615.111 300 93
0 384.8 615.286 300 93
0 384.8 615.58 300 93
0 384.8 615.708 300 93
0 384.8 616.008 300 93
0 384.8 616.175 300 93
0 384.8 616.421 300 93
0 384.8 616.7 300 93
0 384.8 617.007 300 93
0 384.8 617.196 300 93
0 384.8 617.515 300 93
0 384.8 617.759 300 93
0 384.8 617.947 300 93
0 384.8 618.123 300 93
0 384.8 618.402 300 93
0 384.8 618.676 300 93
0 384.8 618.929 300 93
0 384.8 619.05 300 93
0 384.8 619.25 300 93
0 384.8 619.506 300 93
0 384.8 619.676 300 93
0 384.8 619.887 300 93
0 384.8 620.059 300 93
0 384.8 620.228 300 93
0 384.8 620.534 300 93
0 384.8 620.78 300 93
0 384.8 620.991 300 93
0 384.8 621.242 300 93
0 384.8 621.427 300 93
0 384.8 621.7 300 93
0 384.8 621.878 300 93
0 384.8 622.012 300 93
0 384.8 622.189 300 93
0 384.8 622.432 300 93
0 384.8 622.723 300 93
0 384.8 622.929 300 93
0 384.8 623.097 300 93
0 384.8 623.327 300 93
0 384.8 623.51 300 93
0 384.8 623.725 300 93
0 384.8 624.03 300 93
0 384.8 624.255 300 93
0 384.8 624.544 300 93
0 384.8 624.724 300 93
0 384.8 624.855 300 93
0 384.8 624.982 300 93
0 384.8 625.115 300 93
0 384.8 625.252 300 93
0 384.8 625.452 300 93
0 384.8 625.651 300 93
0 384.8 625.787 300 93
0 384.8 626.024 300 93
0 384.8 626.209 300 93
0 384.8 626.376 300 93
0 384.8 626.628 300 93
0 384.8 626.922 300 93
0 384.8 627.248 300 93
0 384.8 627.385 300 93
0 384.8 627.586 300 93
0 384.8 627.854 300 93
0 384.8 628.07 300 93
0 384.8 628.244 300 93
0 384.8 628.449 300 93
0 384.8 628.597 300 93
0 384.8 628.83 300 93
0 384.8 629.003 300 93
0 384.8 629.204 300 93
0 384.8 629.438 300 93
0 384.8 629.564 300 93
0 384.8 629.776 300 93
0 384.8 629.979 300 93
0 384.8 630.15 300 93
0 384.8 630.386 300 93
0 384.8 630.619 300 93
0 384.8 630.86 300 93
0 384.8 631.104 300 93
0 384.8 631.323 300 93
0 384.8 631.577 300 93
0 384.8 631.835 300 93
0 384.8 632.04 300 93
0 384.8 632.212 300 93
0 384.8 632.472 300 93
0 384.8 632.706 300 93
0 384.8 632.845 300 93
0 384.8 633.026 300 93
0 384.8 633.22 300 93
0 384.8 633.488 300 93
0 384.8 633.74 300 93
0 384.8 633.98 300 93
0 384.8 634.217 300 93
0 384.8 634.73 300 93
0 384.8 634.943 300 93
0 384.8 635.155 300 93
0 384.8 635.293 300 93
0 384.8 635.506 300 93
0 384.8 635.708 300 93
0 384.8 636.092 300 93
0 384.8 636.322 300 93
0 384.8 636.486 300 93
0 384.8 636.619 300 93
0 384.8 636.794 300 93
0 384.8 637.103 300 93
0 384.8 637.233 300 93
0 384.8 637.484 300 93
0 384.8 637.75 300 93
0 384.8 638.015 300 93
0 384.8 638.199 300 93
0 384.8 638.418 300 93
0 384.8 638.536 300 93
0 384.8 638.727 300 93
0 384.8 638.899 300 93
0 384.8 639.021 300 93
0 384.8 639.141 300 93
0 384.8 639.274 300 93
0 384.8 639.405 300 93
0 384.8 639.695 300 93
0 384.8 639.909 300 93
0 384.8 640.163 300 93
0 384.8 640.34 300 93
0 384.8 640.667 300 93
0 384.8 640.855 300 93
0 384.8 641.127 300 93
0 384.8 641.343 300 93
0 384.8 641.512 300 93
0 384.8 641.741 300 93
0 384.8 641.997 300 93
0 384.8 642.158 300 93
0 384.8 642.316 300 93
0 384.8 642.546 300 93
0 384.8 642.723 300 93
0 384.8 642.911 300 93
0 384.8 643.076 300 93
0 384.8 643.255 300 93
0 384.8 643.441 300 93
0 384.8 643.75 300 93
0 384.8 644.001 300 93
0 384.8 644.21 300 93
0 384.8 644.486 300 93
0 384.8 644.745 300 93
0 384.8 644.935 300 93
0 384.8 645.196 300 93
0 384.8 645.382 300 93
0 384.8 645.631 300 93
0 384.8 645.767 300 93
0 384.8 645.983 300 93
0 384.8 646.114 300 93
0 384.8 646.281 300 93
0 384.8 646.493 300 93
0 384.8 646.694 300 93
0 384.8 646.921 300 93
0 384.8 647.129 300 93
0 384.8 647.219 300 93
0 384.8 647.444 300 93
0 384.8 647.682 300 93
0 384.8 647.998 300 93
0 384.8 648.169 300 93
0 384.8 648.304 300 93
0 384.8 648.611 300 93
0 384.8 648.783 300 93
0 384.8 649.093 300 93
0 384.8 649.248 300 93
0 384.8 649.367 300 93
0 384.8 649.623 300 93
0 384.8 649.849 300 93
0 384.8 649.987 300 93
0 384.8 650.243 300 93
0 384.8 650.425 300 93
0 384.8 650.641 300 93
0 384.8 650.861 300 93
0 384.8 651.018 300 93
0 384.8 651.272 300 93
0 384.8 651.518 300 93
0 384.8 651.699 300 93
0 384.8 651.837 300 93
0 384.8 652.045 300 93
0 384.8 652.27 300 93
0 384.8 652.497 300 93
0 384.8 652.631 300 93
0 384.8 652.84 300 93
0 384.8 653.067 300 93
0 384.8 653.287 300 93
0 384.8 653.622 300 93
0 384.8 653.878 300 93
0 384.8 654.206 300 93
0 384.8 654.428 300 93
0 384.8 654.637 300 93
0 384.8 654.807 300 93
0 384.8 655.037 300 93
0 384.8 655.257 300 93
0 384.8 655.512 300 93
0 384.8 655.845 300 93
0 384.8 656.069 300 93
0 384.8 656.252 300 93
0 384.8 656.422 300 93
0 384.8 656.544 300 93
0 384.8 656.756 300 93
0 384.8 656.938 300 93
0 384.8 657.242 300 93
0 384.8 657.405 300 93
0 384.8 657.627 300 93
0 384.8 657.847 300 93
0 384.8 658.063 300 93
0 384.8 658.235 300 93
0 384.8 658.578 300 93
0 384.8 658.878 300 93
0 384.8 659.098 300 93
0 384.8 659.378 300 93
0 384.8 659.624 300 93
0 384.8 659.847 300 93
0 384.8 660.03 300 93
0 384.8 660.176 300 93
0 384.8 660.378 300 93
0 384.8 660.561 300 93
0 384.8 660.826 300 93
0 384.8 661.078 300 93
0 384.8 661.343 300 93
0 384.8 661.5 300 93
0 384.8 661.716 300 93
0 384.8 661.941 300 93
0 384.8 662.121 300 93
0 384.8 662.373 300 93
0 384.8 662.547 300 93
0 384.8 662.744 300 93
0 384.8 662.855 300 93
0 384.8 662.984 300 93
0 384.8 663.135 300 93
0 384.8 663.295 300 93
0 384.8 663.546 300 93
0 384.8 663.807 300 93
0 384.8 663.948 300 93
0 384.8 664.207 300 93
0 384.8 664.429 300 93
0 384.8 664.562 300 93
0 384.8 664.725 300 93
0 384.8 664.968 300 93
0 384.8 665.092 300 93
0 384.8 665.289 300 93
0 384.8 665.49 300 93
0 384.8 665.741 300 93
0 384.8 665.917 300 93
0 384.8 666.143 300 93
0 384.8 666.412 300 93
0 384.8 666.588 300 93
0 384.8 666.889 300 93
0 384.8 667.108 300 93
0 384.8 667.334 300 93
0 384.8 667.497 300 93
0 384.8 667.636 300 93
0 384.8 667.765 300 93
0 384.8 668.052 300 93
0 384.8 668.279 300 93
0 384.8 668.531 300 93
0 384.8 668.747 300 93
0 384.8 668.9 300 93
0 384.8 669.108 300 93
0 384.8 669.324 300 93
0 384.8 669.5 300 93
0 384.8 669.822 300 93
0 384.8 670.039 300 93
0 384.8 670.274 300 93
0 384.8 670.547 300 93
0 384.8 670.782 300 93
0 384.8 671.082 300 93
0 384.8 671.287 300 93
0 384.8 671.537 300 93
0 384.8 671.808 300 93
0 384.8 672.039 300 93
0 384.8 672.302 300 93
0 384.8 672.447 300 93
0 384.8 672.656 300 93
0 384.8 672.882 300 93
0 384.8 673.035 300 93
0 384.8 673.25 300 93
0 384.8 673.338 300 93
0 384.8 673.515 300 93
0 384.8 673.658 300 93
0 384.8 673.838 300 93
0 384.8 674.005 300 93
0 384.8 674.222 300 93
0 384.8 674.441 300 93
0 384.8 674.614 300 93
0 384.8 674.839 300 93
0 384.8 675.118 300 93
0 384.8 675.256 300 93
0 384.8 675.467 300 93
0 384.8 675.655 300 93
0 384.8 675.799 300 93
0 384.8 675.934 300 93
0 384.8 676.065 300 93
0 384.8 676.374 300 93
0 384.8 676.548 300 93
0 384.8 676.748 300 93
0 384.8 676.862 300 93
0 384.8 676.986 300 93
0 384.8 677.165 300 93
0 384.8 677.308 300 93
0 384.8 677.5 300 93
0 384.8 677.718 300 93
0 384.8 677.869 300 93
0 384.8 678.084 300 93
0 384.8 678.263 300 93
0 384.8 678.493 300 93
0 384.8 678.707 300 93
0 384.8 678.956 300 93
0 384.8 679.182 300 93
0 384.8 679.385 300 93
0 384.8 679.523 300 93
0 384.8 679.773 300 93
0 384.8 679.961 300 93
0 384.8 680.254 300 93
0 384.8 680.462 300 93
0 384.8 680.598 300 93
0 384.8 680.808 300 93
0 384.8 681.049 300 93
0 384.8 681.298 300 93
0 384.8 681.542 300 93
0 384.8 681.826 300 93
0 384.8 682.025 300 93
0 384.8 682.163 300 93
0 384.8 682.344 300 93
0 384.8 682.531 300 93
0 384.8 682.788 300 93
0 384.8 682.974 300 93
0 384.8 683.27 300 93
0 384.8 683.485 300 93
0 384.8 683.745 300 93
0 384.8 684.082 300 93
0 384.8 684.254 300 93
0 384.8 684.473 300 93
0 384.8 684.672 300 93
0 384.8 684.899 300 93
0 384.8 685.243 300 93
0 384.8 685.369 300 93
0 384.8 685.541 300 93
0 384.8 685.774 300 93
0 384.8 685.903 300 93
0 384.8 686.1 300 93
0 384.8 686.226 300 93
0 384.8 686.423 300 93
0 384.8 686.586 300 93
0 384.8 686.807 300 93
0 384.8 686.961 300 93
0 384.8 687.175 300 93
0 384.8 687.327 300 93
0 384.8 687.521 300 93
0 384.8 687.66 300 93
0 384.8 687.797 300 93
0 384.8 688.072 300 93
0 384.8 688.288 300 93
0 384.8 688.637 300 93
0 384.8 688.827 300 93
0 384.8 688.953 300 93
0 384.8 689.136 300 93
0 384.8 689.339 300 93
0 384.8 689.516 300 93
0 384.8 689.657 300 93
0 384.8 689.918 300 93
0 384.8 690.234 300 93
0 384.8 690.427 300 93
0 384.8 690.616 300 93
0 384.8 690.795 300 93
0 384.8 690.996 300 93
0 384.8 691.134 300 93
0 384.8 691.367 300 93
0 384.8 691.544 300 93
0 384.8 691.681 300 93
0 384.8 691.905 300 93
0 384.8 692.163 300 93
0 384.8 692.513 300 93
0 384.8 692.687 300 93
0 384.8 692.975 300 93
0 384.8 693.152 300 93
0 384.8 693.443 300 93
0 384.8 693.604 300 93
0 384.8 693.857 300 93
0 384.8 694.039 300 93
0 384.8 694.206 300 93
0 384.8 694.331 300 93
0 384.8 694.523 300 93
0 384.8 694.701 300 93
0 384.8 694.834 300 93
0 384.8 694.968 300 93
0 384.8 695.075 300 93
0 384.8 695.243 300 93
0 384.8 695.549 300 93
0 384.8 695.831 300 93
0 384.8 696.024 300 93
0 384.8 696.146 300 93
0 384.8 696.329 300 93
0 384.8 696.537 300 93
0 384.8 696.716 300 93
0 384.8 696.925 300 93
0 384.8 697.124 300 93
0 384.8 697.298 300 93
0 384.8 697.513 300 93
0 384.8 697.696 300 93
0 384.8 697.825 300 93
0 384.8 698.013 300 93
0 384.8 698.271 300 93
0 384.8 698.527 300 93
0 384.8 698.8 300 93
0 384.8 698.976 300 93
0 384.8 699.193 300 93
0 384.8 699.462 300 93
0 384.8 699.731 300 93
0 384.8 699.865 300 93
0 384.8 700.047 300 93
0 384.8 700.182 300 93
0 384.8 700.38 300 93
0 384.8 700.656 300 93
0 384.8 700.782 300 93
0 384.8 700.945 300 93
0 384.8 701.074 300 93
0 384.8 701.27 300 93
0 384.8 701.477 300 93
0 384.8 701.652 300 93
0 384.8 701.824 300 93
0 384.8 702.067 300 93
0 384.8 702.24 300 93
0 384.8 702.414 300 93
0 384.8 702.581 300 93
0 384.8 702.749 300 93
0 384.8 702.942 300 93
0 384.8 703.148 300 93
0 384.8 703.33 300 93
0 384.8 703.513 300 93
0 384.8 703.642 300 93
0 384.8 703.766 300 93
0 384.8 703.988 300 93
0 384.8 704.177 300 93
0 384.8 704.317 300 93
0 384.8 704.596 300 93
0 384.8 704.807 300 93
0 384.8 705.103 300 93
0 384.8 705.284 300 93
0 384.8 705.587 300 93
0 384.8 705.778 300 93
0 384.8 705.904 300 93
0 384.8 706.128 300 93
0 384.8 706.348 300 93
0 384.8 706.638 300 93
0 384.8 706.804 300 93
0 384.8 707.07 300 93
0 384.8 707.28 300 93
0 384.8 707.504 300 93
0 384.8 707.711 300 93
0 384.8 707.939 300 93
0 384.8 708.113 300 93
0 384.8 708.267 300 93
0 384.8 708.546 300 93
0 384.8 708.871 300 93
0 384.8 709.123 300 93
0 384.8 709.278 300 93
0 384.8 709.597 300 93
0 384.8 709.829 300 93
0 384.8 710.132 300 93
0 384.8 710.326 300 93
0 384.8 710.687 300 93
0 384.8 710.852 300 93
0 384.8 711.087 300 93
0 384.8 711.295 300 93
0 384.8 711.494 300 93
0 384.8 711.715 300 93
0 384.8 711.894 300 93
0 384.8 712.048 300 93
0 384.8 712.259 300 93
0 384.8 712.386 300 93
0 384.8 712.644 300 93
0 384.8 712.917 300 93
0 384.8 713.143 300 93
0 384.8 713.292 300 93
0 384.8 713.485 300 93
0 384.8 713.637 300 93
0 384.8 713.88 300 93
0 384.8 714.054 300 93
0 384.8 714.231 300 93
0 384.8 714.395 300 93
0 384.8 714.687 300 93
0 384.8 714.858 300 93
0 384.8 715.123 300 93
0 384.8 715.333 300 93
0 384.8 715.532 300 93
0 384.8 715.718 300 93
0 384.8 715.997 300 93
0 384.8 716.128 300 93
0 384.8 716.522 300 93
0 384.8 716.726 300 93
0 384.8 716.935 300 93
0 384.8 717.076 300 93
0 384.8 717.274 300 93
0 384.8 717.404 300 93
0 384.8 717.565 300 93
0 384.8 717.729 300 93
0 384.8 717.891 300 93
0 384.8 718.057 300 93
0 384.8 718.219 300 93
0 384.8 718.488 300 93
0 384.8 718.714 300 93
0 384.8 718.937 300 93
0 384.8 719.152 300 93
0 384.8 719.316 300 93
0 384.8 719.622 300 93
0 384.8 719.837 300 93
0 384.8 720.051 300 93
0 384.8 720.224 300 93
0 384.8 720.394 300 93
0 384.8 720.577 300 93
0 384.8 720.864 300 93
0 384.8 721.084 300 93
0 384.8 721.308 300 93
0 384.8 721.54 300 93
0 384.8 721.711 300 93
0 384.8 721.977 300 93
0 384.8 722.178 300 93
0 384.8 722.367 300 93
0 384.8 722.543 300 93
0 384.8 722.775 300 93
0 384.8 723.007 300 93
0 384.8 723.235 300 93
0 384.8 723.413 300 93
0 384.8 723.718 300 93
0 384.8 723.943 300 93
0 384.8 724.237 300 93
0 384.8 724.437 300 93
0 384.8 724.641 300 93
0 384.8 724.922 300 93
0 384.8 725.1 300 93
0 384.8 725.27 300 93
0 384.8 725.406 300 93
0 384.8 725.567 300 93
0 384.8 725.768 300 93
0 384.8 726.016 300 93
0 384.8 726.209 300 93
0 384.8 726.365 300 93
0 384.8 726.63 300 93
0 384.8 726.889 300 93
0 384.8 727.13 300 93
0 384.8 727.292 300 93
0 384.8 727.455 300 93
0 384.8 727.614 300 93
0 384.8 727.786 300 93
0 384.8 728.001 300 93
0 384.8 728.119 300 93
0 384.8 728.326 300 93
0 384.8 728.683 300 93
0 384.8 728.879 300 93
0 384.8 729.013 300 93
0 384.8 729.189 300 93
0 384.8 729.357 300 93
0 384.8 729.613 300 93
0 384.8 729.791 300 93
0 384.8 730.074 300 93
0 384.8 730.205 300 93
0 384.8 730.374 300 93
0 384.8 730.515 300 93
0 384.8 730.752 300 93
0 384.8 731.073 300 93
0 384.8 731.284 300 93
0 384.8 731.415 300 93
0 384.8 731.575 300 93
0 384.8 731.869 300 93
0 384.8 732.129 300 93
0 384.8 732.32 300 93
0 384.8 732.443 300 93
0 384.8 732.708 300 93
0 384.8 732.915 300 93
0 384.8 733.121 300 93
0 384.8 733.371 300 93
0 384.8 733.576 300 93
0 384.8 733.861 300 93
0 384.8 734.018 300 93
0 384.8 734.191 300 93
0 384.8 734.444 300 93
0 384.8 734.604 300 93
0 384.8 734.722 300 93
0 384.8 734.931 300 93
0 384.8 735.078 300 93
0 384.8 735.324 300 93
0 384.8 735.515 300 93
0 384.8 735.754 300 93
0 384.8 735.947 300 93
0 384.8 736.183 300 93
0 384.8 736.427 300 93
0 384.8 736.698 300 93
0 384.8 737.038 300 93
0 384.8 737.221 300 93
0 384.8 737.482 300 93
0 384.8 737.709 300 93
0 384.8 737.945 300 93
0 384.8 738.084 300 93
0 384.8 738.223 300 93
0 384.8 738.557 300 93
0 384.8 738.744 300 93
0 384.8 738.948 300 93
0 384.8 739.191 300 93
0 384.8 739.333 300 93
0 384.8 739.596 300 93
0 384.8 739.739 300 93
0 384.8 739.889 300 93
0 384.8 740.178 300 93
0 384.8 740.459 300 93
0 384.8 740.748 300 93
0 384.8 741.061 300 93
0 384.8 741.29 300 93
0 384.8 741.375 300 93
0 384.8 741.47 300 93
0 384.8 741.579 300 93
0 384.8 741.808 300 93
0 384.8 742.029 300 93
0 384.8 742.158 300 93
0 384.8 742.409 300 93
0 384.8 742.596 300 93
0 384.8 742.732 300 93
0 384.8 743.072 300 93
0 384.8 743.26 300 93
0 384.8 743.407 300 93
0 384.8 743.524 300 93
0 384.8 743.781 300 93
0 384.8 744.012 300 93
0 384.8 744.238 300 93
0 384.8 744.417 300 93
0 384.8 744.643 300 93
0 384.8 744.833 300 93
0 384.8 744.995 300 93
0 384.8 745.322 300 93
0 384.8 745.639 300 93
0 384.8 745.841 300 93
0 384.8 746.024 300 93
0 384.8 746.227 300 93
0 384.8 746.422 300 93
0 384.8 746.645 300 93
0 384.8 746.902 300 93
0 384.8 747.111 300 93
0 384.8 747.301 300 93
0 384.8 747.475 300 93
0 384.8 747.742 300 93
0 384.8 747.945 300 93
0 384.8 748.231 300 93
0 384.8 748.46 300 93
0 384.8 748.65 300 93
0 384.8 748.797 300 93
0 384.8 749.142 300 93
0 384.8 749.683 300 93
0 384.8 749.995 300 93
0 384.8 750.498 300 93
0 384.8 750.729 300 93
0 384.8 750.928 300 93
0 384.8 751.162 300 93
0 384.8 751.53 300 93
0 384.8 751.712 300 93
0 384.8 751.98 300 93
0 384.8 752.215 300 93
0 384.8 752.476 300 93
0 384.8 752.669 300 93
0 384.8 752.915 300 93
0 384.8 753.071 300 93
0 384.8 753.358 300 93
0 384.8 753.524 300 93
0 384.8 753.723 300 93
0 384.8 753.909 300 93
0 384.8 754.143 300 93
0 384.8 754.364 300 93
0 384.8 754.613 300 93
0 384.8 754.96 300 93
0 384.8 755.179 300 93
0 384.8 755.32 300 93
0 384.8 755.72 300 93
0 384.8 755.903 300 93
0 384.8 756.032 300 93
0 384.8 756.17 300 93
0 384.8 756.306 300 93
0 384.8 756.497 300 93
0 384.8 756.69 300 93
0 384.8 756.856 300 93
0 384.8 757.115 300 93
0 384.8 757.327 300 93
0 384.8 757.52 300 93
0 384.8 757.674 300 93
0 384.8 757.996 300 93
0 384.8 758.223 300 93
0 384.8 758.42 300 93
0 384.8 758.683 300 93
0 384.8 758.929 300 93
0 384.8 759.101 300 93
0 384.8 759.37 300 93
0 384.8 759.521 300 93
0 384.8 759.709 300 93
0 384.8 759.987 300 93
0 384.8 760.309 300 93
0 384.8 760.566 300 93
0 384.8 760.911 300 93
0 384.8 761.1 300 93
0 384.8 761.296 300 93
0 384.8 761.546 300 93
0 384.8 761.811 300 93
0 384.8 761.947 300 93
0 384.8 762.161 300 93
0 384.8 762.395 300 93
0 384.8 762.505 300 93
0 384.8 762.79 300 93
0 384.8 763.175 300 93
0 384.8 763.343 300 93
0 384.8 763.595 300 93
0 384.8 763.938 300 93
0 384.8 764.184 300 93
0 384.8 764.418 300 93
0 384.8 764.634 300 93
0 384.8 764.796 300 93
0 384.8 765.013 300 93
0 384.8 765.288 300 93
0 384.8 765.454 300 93
0 384.8 765.646 300 93
0 384.8 765.867 300 93
0 384.8 766.106 300 93
0 384.8 766.255 300 93
0 384.8 766.465 300 93
0 384.8 766.703 300 93
0 384.8 766.853 300 93
0 384.8 767.202 300 93
0 384.8 767.369 300 93
0 384.8 767.549 300 93
0 384.8 767.677 300 93
0 384.8 767.811 300 93
0 384.8 767.986 300 93
0 384.8 768.338 300 93
0 384.8 768.541 300 93
0 384.8 768.92 300 93
0 384.8 769.072 300 93
0 384.8 769.3 300 93
0 384.8 769.421 300 93
0 384.8 769.644 300 93
0 384.8 769.784 300 93
0 384.8 770.078 300 93
0 384.8 770.254 300 93
0 384.8 770.508 300 93
0 384.8 770.698 300 93
0 384.8 770.948 300 93
0 384.8 771.295 300 93
0 384.8 771.433 300 93
0 384.8 771.683 300 93
0 384.8 771.901 300 93
0 384.8 772.125 300 93
0 384.8 772.322 300 93
0 384.8 772.566 300 93
0 384.8 772.779 300 93
0 384.8 772.96 300 93
0 384.8 773.195 300 93
0 384.8 773.503 300 93
0 384.8 773.696 300 93
0 384.8 773.949 300 93
0 384.8 774.241 300 93
0 384.8 774.583 300 93
0 384.8 774.949 300 93
0 384.8 775.133 300 93
0 384.8 775.382 300 93
0 384.8 775.602 300 93
0 384.8 775.749 300 93
0 384.8 776.03 300 93
0 384.8 776.244 300 93
0 384.8 776.429 300 93
0 384.8 776.689 300 93
0 384.8 776.927 300 93
0 384.8 777.157 300 93
0 384.8 777.336 300 93
0 384.8 777.573 300 93
0 384.8 777.803 300 93
0 384.8 778.096 300 93
0 384.8 778.318 300 93
0 384.8 778.634 300 93
0 384.8 778.886 300 93
0 384.8 779.209 300 93
0 384.8 779.458 300 93
0 384.8 779.629 300 93
0 384.8 779.871 300 93
0 384.8 780.202 300 93
0 384.8 780.48 300 93
0 384.8 780.68 300 93
0 384.8 781.072 300 93
0 384.8 781.306 300 93
0 384.8 781.581 300 93
0 384.8 781.836 300 93
0 384.8 782.057 300 93
0 384.8 782.319 300 93
0 384.8 782.743 300 93
0 384.8 782.92 300 93
0 384.8 783.201 300 93
0 384.8 783.549 300 93
0 384.8 783.744 300 93
0 384.8 783.992 300 93
0 384.8 784.184 300 93
0 384.8 784.346 300 93
0 384.8 784.493 300 93
0 384.8 784.705 300 93
0 384.8 785.049 300 93
0 384.8 785.279 300 93
0 384.8 785.521 300 93
0 384.8 785.868 300 93
0 384.8 786.051 300 93
0 384.8 786.272 300 93
0 384.8 786.537 300 93
0 384.8 786.793 300 93
0 384.8 787.029 300 93
0 384.8 787.249 300 93
0 384.8 787.431 300 93
0 384.8 787.614 300 93
0 384.8 787.737 300 93
0 384.8 787.921 300 93
0 384.8 788.098 300 93
0 384.8 788.28 300 93
0 384.8 788.542 300 93
0 384.8 788.771 300 93
0 384.8 788.972 300 93
0 384.8 789.175 300 93
0 384.8 789.308 300 93
0 384.8 789.601 300 93
0 384.8 789.858 300 93
0 384.8 790.044 300 93
0 384.8 790.258 300 93
0 384.8 790.606 300 93
0 384.8 790.94 300 93
0 384.8 791.189 300 93
0 384.8 791.477 300 93
0 384.8 791.682 300 93
0 384.8 792.011 300 93
0 384.8 792.202 300 93
0 384.8 792.41 300 93
0 384.8 792.561 300 93
0 384.8 792.688 300 93
0 384.8 792.885 300 93
0 384.8 793.215 300 93
0 384.8 793.559 300 93
0 384.8 793.688 300 93
0 384.8 793.828 300 93
0 384.8 794.054 300 93
0 384.8 794.303 300 93
0 384.8 794.547 300 93
0 384.8 794.775 300 93
0 384.8 794.961 300 93
0 384.8 795.142 300 93
0 384.8 795.382 300 93
0 384.8 795.538 300 93
0 384.8 795.631 300 93
0 384.8 795.77 300 93
0 384.8 795.882 300 93
0 384.8 796.017 300 93
0 384.8 796.172 300 93
0 384.8 796.285 300 93
0 384.8 796.438 300 93
0 384.8 796.631 300 93
0 384.8 796.772 300 93
0 384.8 796.884 300 93
0 384.8 797.035 300 93
0 384.8 797.126 300 93
0 384.8 797.245 300 93
0 384.8 797.398 300 93
0 384.8 797.546 300 93
0 384.8 797.651 300 93
0 384.8 797.766 300 93
0 384.8 797.882 300 93
0 384.8 798.088 300 93
0 384.8 798.246 300 93
0 384.8 798.459 300 93
0 384.8 798.592 300 93
0 384.8 798.755 300 93
0 384.8 798.873 300 93
0 384.8 799.063 300 93
0 384.8 799.149 300 93
0 384.8 799.362 300 93
0 384.8 799.539 300 93
0 384.8 799.704 300 93
0 384.8 799.79 300 93
0 384.8 799.908 300 93
