0 773.2 0.020904 300 0
0 750.8 0.032937 0
0 683.6 0.041396 0
0 661.2 0.050132 1
0 564 0.063902 2
0 532.4 0.083108 9
0 521.2 0.100866 9
0 487.6 0.109562 9
0 482 0.127524 9
0 482 0.285121 300 87
0 482 0.562734 300 87
0 476.4 0.838964 87
0 470.8 0.854385 87
0 465.2 0.873444 87
0 454 0.928737 87
0 420.4 0.972496 87
0 420.4 1.15137 300 89
0 420.4 1.46876 300 89
0 420.4 1.72099 300 89
0 420.4 2.04059 300 89
0 420.4 2.28886 300 89
0 420.4 2.54985 300 89
0 420.4 2.84551 300 89
0 420.4 3.19671 300 89
0 420.4 3.49861 300 89
0 420.4 3.78568 300 89
0 420.4 4.04466 300 89
0 420.4 4.30994 300 89
0 420.4 4.74525 300 89
0 420.4 5.05427 300 89
0 420.4 5.37446 300 89
0 420.4 5.6178 300 89
0 420.4 6.08084 300 89
0 407.2 6.17587 89
0 407.2 6.35691 300 89
0 407.2 6.60814 300 89
0 407.2 6.94801 300 89
0 407.2 7.19638 300 89
0 407.2 7.42909 300 89
0 407.2 7.6128 300 89
0 407.2 7.83821 300 89
0 407.2 8.11365 300 89
0 407.2 8.46569 300 89
0 407.2 8.78049 300 89
0 407.2 9.13537 300 89
0 407.2 9.34479 300 89
0 407.2 9.56361 300 89
0 407.2 9.81747 300 89
0 407.2 10.0835 300 89
0 407.2 10.4013 300 89
0 407.2 10.7106 300 89
0 407.2 10.9 300 89
0 407.2 11.2185 300 89
0 407.2 11.4866 300 89
0 407.2 11.8007 300 89
0 407.2 12.1515 300 89
0 407.2 12.3992 300 89
0 407.2 12.6014 300 89
0 407.2 12.8101 300 89
0 407.2 13.0444 300 89
0 407.2 13.2335 300 89
0 407.2 13.6704 300 89
0 407.2 13.932 300 89
0 407.2 14.2519 300 89
0 407.2 14.5053 300 89
0 407.2 14.8411 300 89
0 407.2 15.2924 300 89
0 407.2 15.4905 300 89
0 407.2 15.7455 300 89
0 407.2 16.0465 300 89
0 407.2 16.2987 300 89
0 407.2 16.5067 300 89
0 407.2 17.0258 300 89
0 407.2 17.4779 300 89
0 407.2 17.7552 300 89
0 407.2 18.194 300 89
0 407.2 18.62 300 89
0 407.2 18.81 300 89
0 407.2 19.0715 300 89
0 407.2 19.3312 300 89
0 407.2 19.5836 300 89
0 407.2 19.9176 300 89
0 407.2 20.2847 300 89
0 407.2 20.5417 300 89
0 407.2 20.8023 300 89
0 407.2 21.0686 300 89
0 407.2 21.3483 300 89
0 407.2 21.5886 300 89
0 407.2 21.8713 300 89
0 407.2 22.192 300 89
0 407.2 22.4333 300 89
0 407.2 22.6857 300 89
0 407.2 22.9844 300 89
0 407.2 23.2745 300 89
0 407.2 23.5808 300 89
0 407.2 23.9068 300 89
0 407.2 24.1281 300 89
0 407.2 24.509 300 89
0 407.2 24.949 300 89
0 407.2 25.2506 300 89
0 407.2 25.5329 300 89
0 407.2 25.7919 300 89
0 407.2 26.2328 300 89
0 407.2 26.5853 300 89
0 407.2 26.7748 300 89
0 407.2 27.0923 300 89
0 407.2 27.2741 300 89
0 407.2 27.431 300 89
0 407.2 27.5924 300 89
0 407.2 27.9264 300 89
0 407.2 28.1718 300 89
0 407.2 28.4196 300 89
0 407.2 28.6351 300 89
0 407.2 28.7913 300 89
0 407.2 29.1998 300 89
0 407.2 29.3478 300 89
0 407.2 29.6515 300 89
0 407.2 29.8242 300 89
0 407.2 30.0938 300 89
0 407.2 30.2826 300 89
0 407.2 30.479 300 89
0 407.2 30.726 300 89
0 407.2 30.9415 300 89
0 407.2 31.17 300 89
0 407.2 31.3928 300 89
0 407.2 31.6347 300 89
0 407.2 31.7828 300 89
0 407.2 31.9849 300 89
0 407.2 32.2009 300 89
0 407.2 32.3797 300 89
0 407.2 32.5711 300 89
0 407.2 32.8491 300 89
0 407.2 33.0748 300 89
0 407.2 33.3117 300 89
0 407.2 33.559 300 89
0 407.2 33.7548 300 89
0 407.2 33.9646 300 89
0 407.2 34.2237 300 89
0 407.2 34.3967 300 89
0 407.2 34.6502 300 89
0 407.2 34.9188 300 89
0 407.2 35.1119 300 89
0 407.2 35.2723 300 89
0 407.2 35.7178 300 89
0 407.2 35.9561 300 89
0 407.2 36.1447 300 89
0 407.2 36.4623 300 89
0 407.2 36.7781 300 89
0 407.2 36.9232 300 89
0 407.2 37.3721 300 89
0 407.2 37.5857 300 89
0 407.2 37.8578 300 89
0 407.2 38.183 300 89
0 407.2 38.4333 300 89
0 407.2 38.6746 300 89
0 407.2 38.8671 300 89
0 407.2 39.0175 300 89
0 407.2 39.3745 300 89
0 407.2 39.5564 300 89
0 407.2 39.7528 300 89
0 407.2 39.9467 300 89
0 407.2 40.0826 300 89
0 407.2 40.2858 300 89
0 407.2 40.5942 300 89
0 407.2 40.8067 300 89
0 407.2 40.966 300 89
0 403.6 41.0994 89
0 403.6 41.1873 300 89
0 403.6 41.3186 300 89
0 403.6 41.5095 300 89
0 403.6 41.6927 300 89
0 403.6 41.8849 300 89
0 403.6 42.0191 300 89
0 403.6 42.1528 300 89
0 403.6 42.3872 300 89
0 403.6 42.7242 300 89
0 403.6 42.8716 300 89
0 403.6 43.0838 300 89
0 403.6 43.2502 300 89
0 403.6 43.41 300 89
0 403.6 43.7528 300 89
0 403.6 44.0198 300 89
0 403.6 44.2474 300 89
0 403.6 44.492 300 89
0 403.6 44.6849 300 89
0 403.6 44.9004 300 89
0 403.6 45.1391 300 89
0 403.6 45.308 300 89
0 403.6 45.6037 300 89
0 403.6 45.7733 300 89
0 403.6 46.0809 300 89
0 403.6 46.255 300 89
0 403.6 46.5035 300 89
0 403.6 46.6596 300 89
0 403.6 46.9508 300 89
0 403.6 47.2689 300 89
0 403.6 47.4689 300 89
0 403.6 47.7502 300 89
0 403.6 48.0282 300 89
0 403.6 48.1776 300 89
0 403.6 48.3908 300 89
0 403.6 48.5276 300 89
0 403.6 48.7141 300 89
0 403.6 48.8566 300 89
0 403.6 49.0887 300 89
0 403.6 49.2812 300 89
0 403.6 49.5033 300 89
0 403.6 49.7046 300 89
0 403.6 50.0761 300 89
0 403.6 50.3293 300 89
0 403.6 50.5354 300 89
0 403.6 50.6939 300 89
0 403.6 50.8142 300 89
0 403.6 50.9627 300 89
0 403.6 51.15 300 89
0 403.6 51.2978 300 89
0 403.6 51.4337 300 89
0 403.6 51.6123 300 89
0 403.6 51.8845 300 89
0 403.6 52.1829 300 89
0 403.6 52.3674 300 89
0 403.6 52.6465 300 89
0 403.6 52.9184 300 89
0 403.6 53.0654 300 89
0 403.6 53.2727 300 89
0 403.6 53.679 300 89
0 403.6 53.9114 300 89
0 403.6 54.1788 300 89
0 403.6 54.3194 300 89
0 403.6 54.5217 300 89
0 403.6 54.7282 300 89
0 403.6 54.9623 300 89
0 403.6 55.2246 300 89
0 403.6 55.4718 300 89
0 403.6 55.8297 300 89
0 403.6 56.0441 300 89
0 403.6 56.1791 300 89
0 403.6 56.4266 300 89
0 403.6 56.6933 300 89
0 403.6 57.01 300 89
0 403.6 57.1542 300 89
0 403.6 57.2904 300 89
0 403.6 57.5318 300 89
0 403.6 57.7008 300 89
0 403.6 57.9064 300 89
0 403.6 58.0698 300 89
0 403.6 58.2682 300 89
0 403.6 58.5082 300 89
0 403.6 58.773 300 89
0 403.6 58.9476 300 89
0 403.6 59.0863 300 89
0 403.6 59.392 300 89
0 403.6 59.5754 300 89
0 403.6 59.7211 300 89
0 403.6 59.8643 300 89
0 403.6 60.0808 300 89
0 403.6 60.3504 300 89
0 403.6 60.5468 300 89
0 403.6 60.8097 300 89
0 403.6 60.986 300 89
0 403.6 61.1924 300 89
0 403.6 61.4447 300 89
0 403.6 61.6192 300 89
0 403.6 61.849 300 89
0 403.6 62.0802 300 89
0 403.6 62.3128 300 89
0 403.6 62.6084 300 89
0 403.6 62.8408 300 89
0 403.6 63.0483 300 89
0 403.6 63.3035 300 89
0 403.6 63.5 300 89
0 403.6 63.7416 300 89
0 403.6 63.9985 300 89
0 403.6 64.1795 300 89
0 403.6 64.4642 300 89
0 403.6 64.686 300 89
0 403.6 65.05 300 89
0 403.6 65.1862 300 89
0 403.6 65.3937 300 89
0 403.6 65.6489 300 89
0 403.6 65.8651 300 89
0 403.6 66.0398 300 89
0 403.6 66.1732 300 89
0 403.6 66.5242 300 89
0 403.6 66.6718 300 89
0 403.6 66.8779 300 89
0 403.6 67.1871 300 89
0 403.6 67.3845 300 89
0 403.6 67.5755 300 89
0 403.6 67.8329 300 89
0 403.6 68.0722 300 89
0 403.6 68.307 300 89
0 403.6 68.4779 300 89
0 403.6 68.6568 300 89
0 403.6 68.7911 300 89
0 403.6 68.8941 300 89
0 403.6 69.1671 300 89
0 403.6 69.3157 300 89
0 403.6 69.4013 300 89
0 403.6 69.5445 300 89
0 401.6 69.6627 89
0 401.6 69.7343 300 89
0 401.6 69.8586 300 89
0 401.6 69.9986 300 89
0 401.6 70.1536 300 89
0 401.6 70.3021 300 89
0 401.6 70.4911 300 89
0 401.6 70.6489 300 89
0 401.6 70.8266 300 89
0 401.6 70.9888 300 89
0 401.6 71.0898 300 89
0 401.6 71.2141 300 89
0 401.6 71.4848 300 89
0 401.6 71.6716 300 89
0 401.6 71.811 300 89
0 401.6 72.1129 300 89
0 401.6 72.3142 300 89
0 401.6 72.5724 300 89
0 401.6 72.6937 300 89
0 401.6 72.8168 300 89
0 401.6 73.0073 300 89
0 401.6 73.2995 300 89
0 401.6 73.4622 300 89
0 401.6 73.7862 300 89
0 401.6 73.963 300 89
0 401.6 74.1517 300 89
0 401.6 74.4136 300 89
0 401.6 74.542 300 89
0 401.6 74.7988 300 89
0 401.6 75.0838 300 89
0 401.6 75.2165 300 89
0 401.6 75.6168 300 89
0 401.6 75.9903 300 89
0 401.6 76.3112 300 89
0 401.6 76.5677 300 89
0 401.6 76.71 300 89
0 401.6 76.9327 300 89
0 401.6 77.1364 300 89
0 401.6 77.2688 300 89
0 401.6 77.4218 300 89
0 401.6 77.6873 300 89
0 401.6 77.8608 300 89
0 401.6 77.982 300 89
0 401.6 78.1397 300 89
0 401.6 78.2701 300 89
0 401.6 78.4918 300 89
0 401.6 78.7827 300 89
0 401.6 79.1312 300 89
0 401.6 79.4556 300 89
0 401.6 79.7506 300 89
0 401.6 80.0691 300 89
0 401.6 80.3798 300 89
0 401.6 80.666 300 89
0 401.6 80.8922 300 89
0 401.6 81.0795 300 89
0 401.6 81.2905 300 89
0 401.6 81.5531 300 89
0 401.6 81.7732 300 89
0 401.6 82.0475 300 89
0 401.6 82.218 300 89
0 401.6 82.4679 300 89
0 401.6 82.6628 300 89
0 401.6 82.871 300 89
0 401.6 83.0397 300 89
0 401.6 83.3439 300 89
0 401.6 83.5673 300 89
0 401.6 83.7547 300 89
0 401.6 84.1506 300 89
0 401.6 84.2765 300 89
0 401.6 84.563 300 89
0 401.6 84.7476 300 89
0 401.6 85.0246 300 89
0 401.6 85.3742 300 89
0 401.6 85.7963 300 89
0 401.6 85.9309 300 89
0 401.6 86.1347 300 89
0 401.6 86.4183 300 89
0 401.6 86.659 300 89
0 401.6 87.1088 300 89
0 401.6 87.2918 300 89
0 401.6 87.4398 300 89
0 401.6 87.6444 300 89
0 401.6 87.922 300 89
0 401.6 88.1677 300 89
0 401.6 88.3835 300 89
0 401.6 88.6361 300 89
0 401.6 88.8059 300 89
0 401.6 88.9431 300 89
0 401.6 89.1355 300 89
0 401.6 89.2672 300 89
0 401.6 89.404 300 89
0 401.6 89.5356 300 89
0 401.6 89.8001 300 89
0 401.6 90.0001 300 89
0 401.6 90.2598 300 89
0 401.6 90.4667 300 89
0 401.6 90.6322 300 89
0 401.6 90.7984 300 89
0 401.6 91.0104 300 89
0 401.6 91.2033 300 89
0 401.6 91.4216 300 89
0 401.6 91.6941 300 89
0 401.6 91.9182 300 89
0 401.6 92.0384 300 89
0 401.6 92.3007 300 89
0 401.6 92.5175 300 89
0 401.6 92.7497 300 89
0 401.6 93.0335 300 89
0 401.6 93.2673 300 89
0 401.6 93.4415 300 89
0 401.6 93.6256 300 89
0 401.6 93.771 300 89
0 401.6 93.97 300 89
0 401.6 94.2414 300 89
0 401.6 94.4702 300 89
0 401.6 94.7205 300 89
0 401.6 94.9052 300 89
0 401.6 95.1104 300 89
0 401.6 95.4143 300 89
0 401.6 95.5543 300 89
0 401.6 95.7558 300 89
0 401.6 95.9388 300 89
0 401.6 96.1554 300 89
0 401.6 96.5263 300 89
0 401.6 96.7778 300 89
0 401.6 96.9686 300 89
0 401.6 97.1756 300 89
0 401.6 97.3651 300 89
0 401.6 97.5261 300 89
0 401.6 97.7572 300 89
0 401.6 97.9473 300 89
0 401.6 98.1986 300 89
0 401.6 98.3337 300 89
0 401.6 98.5054 300 89
0 401.6 98.7647 300 89
0 401.6 98.9262 300 89
0 401.6 99.0524 300 89
0 401.6 99.3743 300 89
0 401.6 99.5516 300 89
0 401.6 99.763 300 89
0 401.6 99.8892 300 89
0 401.6 100.072 300 89
0 401.6 100.298 300 89
0 401.6 100.426 300 89
0 401.6 100.621 300 89
0 401.6 100.833 300 89
0 401.6 101.084 300 89
0 401.6 101.251 300 89
0 401.6 101.374 300 89
0 401.6 101.533 300 89
0 401.6 101.702 300 89
0 401.6 101.879 300 89
0 401.6 102.089 300 89
0 401.6 102.393 300 89
0 401.6 102.655 300 89
0 401.6 102.825 300 89
0 401.6 103.098 300 89
0 401.6 103.324 300 89
0 401.6 103.461 300 89
0 401.6 103.623 300 89
0 401.6 103.79 300 89
0 401.6 104.092 300 89
0 401.6 104.484 300 89
0 401.6 104.653 300 89
0 401.6 104.954 300 89
0 401.6 105.122 300 89
0 401.6 105.405 300 89
0 401.6 105.55 300 89
0 401.6 105.758 300 89
0 401.6 105.952 300 89
0 401.6 106.11 300 89
0 396 106.241 89
0 396 106.322 300 89
0 396 106.454 300 89
0 396 106.786 300 89
0 396 107.001 300 89
0 396 107.117 300 89
0 396 107.303 300 89
0 396 107.468 300 89
0 396 107.642 300 89
0 396 107.791 300 89
0 396 108.002 300 89
0 396 108.144 300 89
0 396 108.318 300 89
0 396 108.43 300 89
0 396 108.617 300 89
0 396 108.871 300 89
0 396 109.15 300 89
0 396 109.394 300 89
0 396 109.572 300 89
0 396 109.78 300 89
0 396 109.906 300 89
0 396 110.083 300 89
0 396 110.296 300 89
0 396 110.671 300 89
0 396 110.83 300 89
0 396 111.093 300 89
0 396 111.319 300 89
0 396 111.449 300 89
0 396 111.578 300 89
0 396 111.734 300 89
0 396 111.999 300 89
0 396 112.13 300 89
0 396 112.262 300 89
0 396 112.429 300 89
0 396 112.617 300 89
0 396 113.002 300 89
0 396 113.137 300 89
0 396 113.357 300 89
0 396 113.563 300 89
0 396 113.792 300 89
0 396 114.046 300 89
0 396 114.21 300 89
0 396 114.366 300 89
0 396 114.625 300 89
0 396 114.857 300 89
0 396 115.091 300 89
0 396 115.29 300 89
0 396 115.539 300 89
0 396 115.757 300 89
0 396 115.951 300 89
0 396 116.141 300 89
0 396 116.346 300 89
0 396 116.534 300 89
0 396 116.799 300 89
0 396 116.964 300 89
0 396 117.256 300 89
0 396 117.502 300 89
0 396 117.647 300 89
0 396 117.86 300 89
0 396 118.023 300 89
0 396 118.317 300 89
0 396 118.58 300 89
0 396 118.748 300 89
0 396 118.872 300 89
0 396 119.178 300 89
0 396 119.468 300 89
0 396 119.7 300 89
0 396 119.826 300 89
0 396 120.059 300 89
0 396 120.284 300 89
0 396 120.446 300 89
0 396 120.668 300 89
0 396 120.924 300 89
0 396 121.157 300 89
0 396 121.379 300 89
0 396 121.61 300 89
0 396 121.742 300 89
0 396 121.923 300 89
0 396 122.056 300 89
0 396 122.233 300 89
0 396 122.401 300 89
0 396 122.535 300 89
0 396 122.714 300 89
0 396 122.95 300 89
0 396 123.249 300 89
0 396 123.522 300 89
0 396 123.734 300 89
0 396 123.906 300 89
0 396 124.077 300 89
0 396 124.253 300 89
0 396 124.365 300 89
0 396 124.642 300 89
0 396 124.816 300 89
0 396 125.056 300 89
0 396 125.268 300 89
0 396 125.505 300 89
0 396 125.665 300 89
0 396 125.907 300 89
0 396 126.1 300 89
0 396 126.275 300 89
0 396 126.45 300 89
0 396 126.663 300 89
0 396 126.831 300 89
0 396 126.994 300 89
0 396 127.151 300 89
0 396 127.458 300 89
0 396 127.653 300 89
0 396 127.867 300 89
0 396 128.055 300 89
0 396 128.184 300 89
0 396 128.357 300 89
0 396 128.506 300 89
0 396 128.685 300 89
0 396 128.828 300 89
0 396 129.009 300 89
0 396 129.143 300 89
0 396 129.42 300 89
0 396 129.721 300 89
0 396 129.956 300 89
0 396 130.147 300 89
0 396 130.383 300 89
0 396 130.672 300 89
0 396 131.062 300 89
0 396 131.465 300 89
0 396 131.784 300 89
0 396 131.972 300 89
0 396 132.348 300 89
0 396 132.508 300 89
0 396 132.733 300 89
0 396 133.001 300 89
0 396 133.367 300 89
0 396 133.664 300 89
0 396 133.851 300 89
0 396 134.065 300 89
0 396 134.234 300 89
0 396 134.385 300 89
0 396 134.601 300 89
0 396 134.855 300 89
0 396 135.018 300 89
0 396 135.273 300 89
0 396 135.412 300 89
0 396 135.637 300 89
0 396 135.845 300 89
0 396 136.166 300 89
0 396 136.437 300 89
0 396 136.722 300 89
0 396 136.959 300 89
0 396 137.236 300 89
0 390.4 137.377 89
0 390.4 137.464 300 89
0 390.4 137.655 300 89
0 390.4 137.913 300 89
0 390.4 138.219 300 89
0 390.4 138.548 300 89
0 390.4 138.827 300 89
0 390.4 138.995 300 89
0 390.4 139.252 300 89
0 390.4 139.422 300 89
0 390.4 139.619 300 89
0 390.4 139.785 300 89
0 390.4 140.082 300 89
0 390.4 140.41 300 89
0 390.4 140.648 300 89
0 390.4 140.844 300 89
0 390.4 141.066 300 89
0 390.4 141.302 300 89
0 390.4 141.511 300 89
0 390.4 141.689 300 89
0 390.4 141.961 300 89
0 390.4 142.16 300 89
0 390.4 142.342 300 89
0 390.4 142.533 300 89
0 390.4 142.774 300 89
0 390.4 143.002 300 89
0 390.4 143.235 300 89
0 390.4 143.505 300 89
0 390.4 143.758 300 89
0 390.4 143.974 300 89
0 390.4 144.282 300 89
0 390.4 144.567 300 89
0 390.4 144.73 300 89
0 390.4 144.911 300 89
0 390.4 145.195 300 89
0 390.4 145.48 300 89
0 390.4 145.748 300 89
0 390.4 145.989 300 89
0 390.4 146.153 300 89
0 390.4 146.285 300 89
0 390.4 146.427 300 89
0 390.4 146.58 300 89
0 390.4 146.768 300 89
0 390.4 146.99 300 89
0 390.4 147.143 300 89
0 390.4 147.29 300 89
0 390.4 147.439 300 89
0 390.4 147.571 300 89
0 390.4 147.674 300 89
0 390.4 147.963 300 89
0 390.4 148.181 300 89
0 390.4 148.459 300 89
0 390.4 148.642 300 89
0 390.4 148.843 300 89
0 390.4 149.063 300 89
0 390.4 149.244 300 89
0 390.4 149.444 300 89
0 390.4 149.591 300 89
0 390.4 149.812 300 89
0 390.4 149.966 300 89
0 390.4 150.142 300 89
0 390.4 150.323 300 89
0 390.4 150.489 300 89
0 390.4 150.584 300 89
0 390.4 150.718 300 89
0 390.4 150.894 300 89
0 390.4 151.045 300 89
0 390.4 151.24 300 89
0 390.4 151.346 300 89
0 390.4 151.655 300 89
0 390.4 151.796 300 89
0 390.4 151.992 300 89
0 390.4 152.123 300 89
0 390.4 152.399 300 89
0 390.4 152.641 300 89
0 390.4 152.835 300 89
0 390.4 153.091 300 89
0 390.4 153.254 300 89
0 390.4 153.493 300 89
0 390.4 153.688 300 89
0 390.4 154.033 300 89
0 390.4 154.172 300 89
0 390.4 154.376 300 89
0 390.4 154.543 300 89
0 390.4 154.824 300 89
0 390.4 155.111 300 89
0 390.4 155.248 300 89
0 390.4 155.5 300 89
0 390.4 155.763 300 89
0 390.4 155.931 300 89
0 390.4 156.06 300 89
0 390.4 156.331 300 89
0 390.4 156.575 300 89
0 390.4 156.732 300 89
0 390.4 156.934 300 89
0 390.4 157.172 300 89
0 390.4 157.389 300 89
0 390.4 157.638 300 89
0 390.4 157.898 300 89
0 390.4 158.068 300 89
0 390.4 158.195 300 89
0 390.4 158.574 300 89
0 390.4 158.808 300 89
0 390.4 159.005 300 89
0 390.4 159.285 300 89
0 390.4 159.472 300 89
0 390.4 159.607 300 89
0 390.4 159.757 300 89
0 390.4 159.944 300 89
0 390.4 160.07 300 89
0 390.4 160.258 300 89
0 390.4 160.491 300 89
0 390.4 160.721 300 89
0 390.4 160.883 300 89
0 390.4 161.079 300 89
0 390.4 161.242 300 89
0 390.4 161.436 300 89
0 390.4 161.655 300 89
0 390.4 161.833 300 89
0 390.4 162.089 300 89
0 390.4 162.22 300 89
0 390.4 162.399 300 89
0 390.4 162.699 300 89
0 390.4 163.056 300 89
0 390.4 163.326 300 89
0 390.4 163.585 300 89
0 390.4 163.79 300 89
0 390.4 164.086 300 89
0 390.4 164.233 300 89
0 390.4 164.403 300 89
0 390.4 164.597 300 89
0 390.4 164.819 300 89
0 390.4 165.077 300 89
0 390.4 165.491 300 89
0 390.4 165.753 300 89
0 390.4 165.955 300 89
0 390.4 166.189 300 89
0 390.4 166.444 300 89
0 390.4 166.694 300 89
0 390.4 166.997 300 89
0 390.4 167.253 300 89
0 390.4 167.595 300 89
0 390.4 167.716 300 89
0 390.4 167.997 300 89
0 390.4 168.137 300 89
0 390.4 168.363 300 89
0 390.4 168.618 300 89
0 390.4 168.8 300 89
0 390.4 168.984 300 89
0 390.4 169.166 300 89
0 390.4 169.337 300 89
0 390.4 169.612 300 89
0 390.4 169.749 300 89
0 390.4 169.94 300 89
0 390.4 170.174 300 89
0 390.4 170.421 300 89
0 390.4 170.546 300 89
0 390.4 170.823 300 89
0 390.4 171.003 300 89
0 390.4 171.279 300 89
0 390.4 171.585 300 89
0 390.4 171.883 300 89
0 390.4 172.016 300 89
0 390.4 172.227 300 89
0 390.4 172.402 300 89
0 390.4 172.817 300 89
0 390.4 173.038 300 89
0 390.4 173.344 300 89
0 390.4 173.537 300 89
0 390.4 173.857 300 89
0 390.4 174.182 300 89
0 390.4 174.366 300 89
0 390.4 174.51 300 89
0 390.4 174.691 300 89
0 390.4 174.908 300 89
0 390.4 175.162 300 89
0 390.4 175.348 300 89
0 390.4 175.85 300 89
0 390.4 176.062 300 89
0 390.4 176.26 300 89
0 390.4 176.537 300 89
0 390.4 176.763 300 89
0 390.4 176.886 300 89
0 390.4 177.006 300 89
0 390.4 177.16 300 89
0 390.4 177.325 300 89
0 390.4 177.481 300 89
0 390.4 177.678 300 89
0 390.4 177.825 300 89
0 390.4 177.979 300 89
0 390.4 178.196 300 89
0 390.4 178.316 300 89
0 390.4 178.442 300 89
0 390.4 178.592 300 89
0 390.4 178.715 300 89
0 390.4 178.843 300 89
0 390.4 178.979 300 89
0 390.4 179.102 300 89
0 390.4 179.29 300 89
0 390.4 179.599 300 89
0 390.4 179.887 300 89
0 390.4 180.168 300 89
0 390.4 180.368 300 89
0 390.4 180.576 300 89
0 390.4 180.749 300 89
0 390.4 180.975 300 89
0 390.4 181.133 300 89
0 390.4 181.385 300 89
0 390.4 181.699 300 89
0 390.4 181.85 300 89
0 390.4 182.151 300 89
0 390.4 182.292 300 89
0 390.4 182.46 300 89
0 390.4 182.731 300 89
0 390.4 183.032 300 89
0 390.4 183.279 300 89
0 390.4 183.472 300 89
0 390.4 183.866 300 89
0 390.4 183.991 300 89
0 390.4 184.285 300 89
0 390.4 184.412 300 89
0 390.4 184.78 300 89
0 390.4 184.902 300 89
0 390.4 185.146 300 89
0 390.4 185.477 300 89
0 390.4 185.652 300 89
0 390.4 186.05 300 89
0 390.4 186.22 300 89
0 390.4 186.414 300 89
0 390.4 186.659 300 89
0 390.4 186.915 300 89
0 390.4 187.045 300 89
0 390.4 187.27 300 89
0 390.4 187.477 300 89
0 390.4 187.632 300 89
0 390.4 187.904 300 89
0 390.4 188.155 300 89
0 390.4 188.36 300 89
0 390.4 188.597 300 89
0 390.4 188.76 300 89
0 390.4 188.998 300 89
0 390.4 189.215 300 89
0 390.4 189.341 300 89
0 390.4 189.58 300 89
0 390.4 189.777 300 89
0 390.4 189.936 300 89
0 390.4 190.234 300 89
0 390.4 190.438 300 89
0 390.4 190.634 300 89
0 390.4 190.772 300 89
0 390.4 191.058 300 89
0 390.4 191.271 300 89
0 390.4 191.617 300 89
0 390.4 191.815 300 89
0 390.4 192.099 300 89
0 390.4 192.331 300 89
0 390.4 192.555 300 89
0 390.4 192.725 300 89
0 390.4 192.877 300 89
0 390.4 193.193 300 89
0 390.4 193.395 300 89
0 390.4 193.673 300 89
0 390.4 194.01 300 89
0 390.4 194.202 300 89
0 390.4 194.414 300 89
0 390.4 194.665 300 89
0 390.4 194.785 300 89
0 390.4 194.998 300 89
0 390.4 195.226 300 89
0 390.4 195.322 300 89
0 390.4 195.484 300 89
0 390.4 195.759 300 89
0 390.4 195.936 300 89
0 390.4 196.154 300 89
0 390.4 196.455 300 89
0 390.4 196.607 300 89
0 390.4 196.885 300 89
0 390.4 197.093 300 89
0 390.4 197.356 300 89
0 390.4 197.518 300 89
0 390.4 197.923 300 89
0 390.4 198.138 300 89
0 390.4 198.384 300 89
0 390.4 198.717 300 89
0 390.4 198.96 300 89
0 390.4 199.254 300 89
0 390.4 199.45 300 89
0 390.4 199.71 300 89
0 390.4 199.86 300 89
0 390.4 200.161 300 89
0 390.4 200.4 300 89
0 390.4 200.569 300 89
0 390.4 200.765 300 89
0 390.4 201.069 300 89
0 390.4 201.34 300 89
0 390.4 201.578 300 89
0 390.4 201.776 300 89
0 390.4 201.984 300 89
0 390.4 202.248 300 89
0 390.4 202.512 300 89
0 390.4 202.787 300 89
0 390.4 202.981 300 89
0 390.4 203.134 300 89
0 390.4 203.421 300 89
0 390.4 203.81 300 89
0 390.4 204.049 300 89
0 390.4 204.203 300 89
0 390.4 204.432 300 89
0 390.4 204.683 300 89
0 390.4 205.021 300 89
0 390.4 205.171 300 89
0 390.4 205.437 300 89
0 390.4 205.578 300 89
0 390.4 205.78 300 89
0 390.4 206.014 300 89
0 390.4 206.218 300 89
0 390.4 206.397 300 89
0 390.4 206.668 300 89
0 390.4 206.925 300 89
0 390.4 207.092 300 89
0 390.4 207.347 300 89
0 390.4 207.756 300 89
0 390.4 208.055 300 89
0 390.4 208.247 300 89
0 390.4 208.503 300 89
0 390.4 208.773 300 89
0 390.4 209.005 300 89
0 390.4 209.329 300 89
0 390.4 209.569 300 89
0 390.4 209.938 300 89
0 390.4 210.073 300 89
0 390.4 210.168 300 89
0 390.4 210.34 300 89
0 390.4 210.436 300 89
0 390.4 210.539 300 89
0 390.4 210.708 300 89
0 390.4 210.85 300 89
0 390.4 210.988 300 89
0 390.4 211.292 300 89
0 390.4 211.443 300 89
0 390.4 211.603 300 89
0 390.4 211.88 300 89
0 390.4 212.11 300 89
0 390.4 212.4 300 89
0 390.4 212.627 300 89
0 390.4 212.879 300 89
0 390.4 213.089 300 89
0 390.4 213.349 300 89
0 390.4 213.546 300 89
0 390.4 213.821 300 89
0 390.4 214.098 300 89
0 390.4 214.291 300 89
0 390.4 214.526 300 89
0 390.4 214.798 300 89
0 390.4 215.09 300 89
0 390.4 215.341 300 89
0 390.4 215.553 300 89
0 390.4 215.749 300 89
0 390.4 215.904 300 89
0 390.4 216.165 300 89
0 390.4 216.518 300 89
0 390.4 216.677 300 89
0 390.4 216.936 300 89
0 390.4 217.217 300 89
0 390.4 217.488 300 89
0 390.4 217.752 300 89
0 390.4 218.007 300 89
0 390.4 218.361 300 89
0 390.4 218.771 300 89
0 390.4 218.955 300 89
0 390.4 219.15 300 89
0 390.4 219.422 300 89
0 390.4 219.795 300 89
0 390.4 220.067 300 89
0 390.4 220.342 300 89
0 390.4 220.54 300 89
0 390.4 220.944 300 89
0 390.4 221.123 300 89
0 390.4 221.486 300 89
0 390.4 221.68 300 89
0 390.4 222.004 300 89
0 390.4 222.241 300 89
0 390.4 222.511 300 89
0 390.4 222.704 300 89
0 390.4 222.985 300 89
0 390.4 223.276 300 89
0 390.4 223.483 300 89
0 390.4 223.741 300 89
0 390.4 223.99 300 89
0 390.4 224.169 300 89
0 390.4 224.5 300 89
0 390.4 224.777 300 89
0 390.4 225.036 300 89
0 390.4 225.271 300 89
0 390.4 225.434 300 89
0 390.4 225.715 300 89
0 390.4 225.915 300 90
0 390.4 226.138 300 90
0 390.4 226.487 300 90
0 390.4 226.733 300 90
0 390.4 227.038 300 90
0 390.4 227.312 300 90
0 390.4 227.569 300 90
0 390.4 227.8 300 90
0 390.4 227.949 300 90
0 390.4 228.211 300 90
0 390.4 228.49 300 90
0 390.4 228.634 300 90
0 390.4 228.844 300 90
0 390.4 229.024 300 90
0 390.4 229.261 300 90
0 390.4 229.448 300 90
0 390.4 229.74 300 90
0 390.4 229.992 300 90
0 390.4 230.192 300 90
0 390.4 230.38 300 90
0 390.4 230.649 300 90
0 390.4 230.84 300 90
0 390.4 231.03 300 90
0 390.4 231.475 300 90
0 390.4 231.731 300 90
0 390.4 231.866 300 90
0 390.4 232.075 300 90
0 390.4 232.244 300 90
0 390.4 232.462 300 90
0 390.4 232.58 300 90
0 390.4 232.797 300 90
0 390.4 232.925 300 90
0 390.4 233.138 300 90
0 390.4 233.315 300 90
0 390.4 233.67 300 90
0 390.4 233.98 300 90
0 390.4 234.285 300 90
0 390.4 234.519 300 90
0 390.4 234.659 300 90
0 390.4 234.887 300 90
0 390.4 235.144 300 90
0 390.4 235.291 300 90
0 390.4 235.577 300 90
0 390.4 235.731 300 90
0 390.4 235.928 300 90
0 390.4 236.133 300 90
0 390.4 236.532 300 90
0 390.4 236.727 300 90
0 390.4 236.916 300 90
0 390.4 237.25 300 90
0 390.4 237.451 300 90
0 390.4 237.578 300 90
0 390.4 237.675 300 90
0 390.4 237.864 300 90
0 390.4 238.12 300 90
0 390.4 238.266 300 90
0 390.4 238.406 300 90
0 390.4 238.498 300 90
0 390.4 238.759 300 90
0 390.4 238.846 300 90
0 390.4 239.004 300 90
0 390.4 239.207 300 90
0 390.4 239.391 300 90
0 390.4 239.662 300 90
0 390.4 239.807 300 90
0 390.4 240.031 300 90
0 390.4 240.199 300 90
0 390.4 240.519 300 90
0 390.4 240.881 300 90
0 390.4 241.017 300 90
0 390.4 241.255 300 90
0 390.4 241.582 300 90
0 390.4 241.855 300 90
0 390.4 241.992 300 90
0 390.4 242.339 300 90
0 390.4 242.488 300 90
0 390.4 242.948 300 90
0 390.4 243.166 300 90
0 390.4 243.601 300 90
0 390.4 243.877 300 90
0 390.4 244.149 300 90
0 390.4 244.405 300 90
0 390.4 244.61 300 90
0 390.4 244.77 300 90
0 390.4 244.912 300 90
0 390.4 245.258 300 90
0 390.4 245.613 300 90
0 390.4 245.791 300 90
0 390.4 245.952 300 90
0 390.4 246.274 300 90
0 390.4 246.51 300 90
0 390.4 246.792 300 90
0 390.4 247.055 300 90
0 390.4 247.289 300 90
0 390.4 247.42 300 90
0 390.4 247.565 300 90
0 390.4 247.782 300 90
0 390.4 247.904 300 90
0 390.4 248.036 300 90
0 390.4 248.139 300 90
0 390.4 248.331 300 90
0 390.4 248.421 300 90
0 390.4 248.547 300 90
0 390.4 248.704 300 90
0 390.4 248.86 300 90
0 390.4 249.023 300 90
0 390.4 249.136 300 90
0 390.4 249.278 300 90
0 390.4 249.39 300 90
0 390.4 249.593 300 90
0 390.4 249.704 300 90
0 390.4 249.849 300 90
0 390.4 249.953 300 90
0 390.4 250.099 300 90
0 390.4 250.314 300 90
0 390.4 250.525 300 90
0 390.4 250.672 300 90
0 390.4 250.938 300 90
0 390.4 251.177 300 90
0 390.4 251.376 300 90
0 390.4 251.675 300 90
0 390.4 252.081 300 90
0 390.4 252.331 300 90
0 390.4 252.674 300 90
0 390.4 252.938 300 90
0 390.4 253.199 300 90
0 390.4 253.354 300 90
0 390.4 253.568 300 90
0 390.4 253.886 300 90
0 390.4 254.102 300 90
0 390.4 254.302 300 90
0 390.4 254.515 300 90
0 390.4 254.75 300 90
0 390.4 254.95 300 90
0 390.4 255.186 300 90
0 390.4 255.632 300 90
0 390.4 255.947 300 90
0 390.4 256.214 300 90
0 390.4 256.613 300 90
0 390.4 256.827 300 90
0 390.4 257.122 300 90
0 390.4 257.332 300 90
0 390.4 257.516 300 90
0 390.4 257.659 300 90
0 390.4 257.796 300 90
0 390.4 258.03 300 90
0 390.4 258.181 300 90
0 390.4 258.368 300 90
0 390.4 258.743 300 90
0 390.4 259.086 300 90
0 390.4 259.254 300 90
0 390.4 259.514 300 90
0 390.4 259.697 300 90
0 390.4 260.04 300 90
0 390.4 260.392 300 90
0 390.4 260.554 300 90
0 390.4 260.935 300 90
0 390.4 261.196 300 90
0 390.4 261.473 300 90
0 390.4 261.707 300 90
0 390.4 262.008 300 90
0 390.4 262.199 300 90
0 390.4 262.567 300 90
0 390.4 262.722 300 90
0 390.4 262.939 300 90
0 390.4 263.199 300 90
0 390.4 263.39 300 90
0 390.4 263.851 300 90
0 390.4 264.052 300 90
0 390.4 264.219 300 90
0 390.4 264.512 300 90
0 390.4 264.755 300 90
0 390.4 264.996 300 90
0 390.4 265.318 300 90
0 390.4 265.452 300 90
0 390.4 265.659 300 90
0 390.4 265.967 300 90
0 390.4 266.207 300 90
0 390.4 266.459 300 90
0 390.4 266.655 300 90
0 390.4 266.867 300 90
0 390.4 267.06 300 90
0 390.4 267.286 300 90
0 390.4 267.512 300 90
0 390.4 267.785 300 90
0 390.4 268.129 300 90
0 390.4 268.477 300 90
0 390.4 268.629 300 90
0 390.4 268.901 300 90
0 390.4 269.111 300 90
0 390.4 269.443 300 90
0 390.4 269.787 300 90
0 390.4 270.124 300 90
0 390.4 270.425 300 90
0 390.4 270.655 300 90
0 390.4 270.985 300 90
0 390.4 271.162 300 90
0 390.4 271.441 300 90
0 390.4 271.705 300 90
0 390.4 271.843 300 90
0 390.4 271.952 300 90
0 390.4 272.114 300 90
0 390.4 272.335 300 90
0 390.4 272.62 300 90
0 390.4 272.852 300 90
0 390.4 273.087 300 90
0 390.4 273.249 300 90
0 390.4 273.435 300 90
0 390.4 273.657 300 90
0 390.4 273.862 300 90
0 390.4 274.064 300 90
0 390.4 274.267 300 90
0 390.4 274.462 300 90
0 390.4 274.688 300 90
0 390.4 274.896 300 90
0 390.4 275.121 300 90
0 390.4 275.334 300 90
0 390.4 275.561 300 90
0 390.4 275.735 300 90
0 390.4 275.948 300 90
0 390.4 276.12 300 90
0 390.4 276.48 300 90
0 390.4 276.716 300 90
0 390.4 276.899 300 90
0 390.4 277.137 300 90
0 390.4 277.355 300 90
0 390.4 277.62 300 90
0 390.4 277.886 300 90
0 390.4 278.089 300 90
0 390.4 278.387 300 90
0 390.4 278.649 300 90
0 390.4 279.003 300 90
0 390.4 279.242 300 90
0 390.4 279.521 300 90
0 390.4 279.66 300 90
0 390.4 279.892 300 90
0 390.4 280.129 300 90
0 390.4 280.354 300 90
0 390.4 280.533 300 90
0 390.4 280.774 300 90
0 390.4 280.962 300 90
0 390.4 281.251 300 90
0 390.4 281.563 300 90
0 390.4 281.781 300 90
0 390.4 282.042 300 90
0 390.4 282.244 300 90
0 390.4 282.438 300 90
0 390.4 282.66 300 90
0 390.4 282.887 300 90
0 390.4 283.141 300 90
0 390.4 283.376 300 90
0 390.4 283.569 300 90
0 390.4 283.751 300 90
0 390.4 283.96 300 90
0 390.4 284.163 300 90
0 390.4 284.389 300 90
0 390.4 284.585 300 90
0 390.4 284.816 300 90
0 390.4 284.973 300 90
0 390.4 285.12 300 90
0 390.4 285.297 300 90
0 390.4 285.542 300 90
0 390.4 285.946 300 90
0 390.4 286.161 300 90
0 390.4 286.316 300 90
0 390.4 286.544 300 90
0 390.4 286.803 300 90
0 390.4 286.997 300 90
0 390.4 287.135 300 90
0 390.4 287.344 300 90
0 390.4 287.536 300 90
0 390.4 287.859 300 90
0 390.4 288.108 300 90
0 390.4 288.375 300 90
0 390.4 288.837 300 90
0 390.4 289.068 300 90
0 390.4 289.329 300 90
0 390.4 289.544 300 90
0 390.4 289.723 300 90
0 390.4 289.912 300 90
0 390.4 290.156 300 90
0 390.4 290.356 300 90
0 390.4 290.623 300 90
0 390.4 290.826 300 90
0 390.4 291.012 300 90
0 390.4 291.272 300 90
0 390.4 291.454 300 90
0 390.4 291.782 300 90
0 390.4 292.04 300 90
0 390.4 292.381 300 90
0 390.4 292.557 300 90
0 390.4 292.795 300 90
0 390.4 292.982 300 90
0 390.4 293.24 300 90
0 390.4 293.393 300 90
0 390.4 293.581 300 90
0 390.4 293.788 300 90
0 390.4 294.048 300 90
0 390.4 294.263 300 90
0 390.4 294.447 300 90
0 390.4 294.655 300 90
0 390.4 295.034 300 90
0 390.4 295.468 300 90
0 390.4 295.744 300 90
0 390.4 295.947 300 90
0 390.4 296.137 300 90
0 390.4 296.406 300 90
0 390.4 296.588 300 90
0 390.4 297.061 300 90
0 390.4 297.21 300 90
0 390.4 297.433 300 90
0 390.4 297.609 300 90
0 390.4 297.739 300 90
0 390.4 297.889 300 90
0 390.4 298.131 300 90
0 390.4 298.277 300 90
0 390.4 298.575 300 90
0 390.4 298.945 300 90
0 390.4 299.239 300 90
0 390.4 299.459 300 90
0 390.4 299.67 300 90
0 390.4 299.8 300 90
0 390.4 300.047 300 90
0 390.4 300.316 300 90
0 390.4 300.493 300 90
0 390.4 300.714 300 90
0 390.4 300.927 300 90
0 390.4 301.189 300 90
0 390.4 301.371 300 90
0 390.4 301.582 300 90
0 390.4 301.844 300 90
0 390.4 301.975 300 90
0 390.4 302.198 300 90
0 390.4 302.367 300 90
0 390.4 302.557 300 90
0 390.4 302.708 300 90
0 390.4 302.866 300 90
0 390.4 303.081 300 90
0 390.4 303.374 300 90
0 390.4 303.512 300 90
0 390.4 303.742 300 90
0 390.4 304.004 300 90
0 390.4 304.144 300 90
0 390.4 304.411 300 90
0 390.4 304.646 300 90
0 390.4 304.931 300 90
0 390.4 305.071 300 90
0 390.4 305.31 300 90
0 390.4 305.679 300 90
0 390.4 305.93 300 90
0 390.4 306.099 300 90
0 390.4 306.279 300 90
0 390.4 306.412 300 90
0 390.4 306.568 300 90
0 390.4 306.731 300 90
0 390.4 306.929 300 90
0 390.4 307.21 300 90
0 390.4 307.388 300 90
0 390.4 307.594 300 90
0 390.4 307.825 300 90
0 390.4 308.123 300 90
0 390.4 308.301 300 90
0 390.4 308.648 300 90
0 390.4 308.84 300 90
0 390.4 309.045 300 90
0 390.4 309.172 300 90
0 390.4 309.35 300 90
0 390.4 309.518 300 90
0 390.4 309.695 300 90
0 390.4 309.937 300 90
0 390.4 310.145 300 90
0 390.4 310.278 300 90
0 390.4 310.495 300 90
0 390.4 310.781 300 90
0 390.4 310.963 300 90
0 390.4 311.23 300 90
0 390.4 311.409 300 90
0 390.4 311.569 300 90
0 390.4 311.746 300 90
0 390.4 311.911 300 90
0 390.4 312.132 300 90
0 390.4 312.275 300 90
0 390.4 312.482 300 90
0 390.4 312.649 300 90
0 390.4 312.821 300 90
0 390.4 313.054 300 90
0 390.4 313.276 300 90
0 390.4 313.424 300 90
0 390.4 313.659 300 90
0 390.4 313.787 300 90
0 390.4 314.035 300 90
0 390.4 314.394 300 90
0 390.4 314.582 300 90
0 390.4 314.788 300 90
0 390.4 314.918 300 90
0 390.4 315.044 300 90
0 390.4 315.295 300 90
0 390.4 315.509 300 90
0 390.4 315.775 300 90
0 390.4 316.019 300 90
0 390.4 316.253 300 90
0 390.4 316.387 300 90
0 390.4 316.564 300 90
0 390.4 316.7 300 90
0 390.4 316.91 300 90
0 390.4 317.075 300 90
0 390.4 317.414 300 90
0 390.4 317.539 300 90
0 390.4 317.719 300 90
0 390.4 317.901 300 90
0 390.4 318.101 300 90
0 390.4 318.325 300 90
0 390.4 318.556 300 90
0 390.4 318.783 300 90
0 390.4 318.965 300 90
0 390.4 319.178 300 90
0 390.4 319.35 300 90
0 390.4 319.537 300 90
0 390.4 319.719 300 90
0 390.4 319.907 300 90
0 390.4 320.171 300 90
0 390.4 320.381 300 90
0 390.4 320.6 300 90
0 390.4 320.781 300 90
0 390.4 320.989 300 90
0 390.4 321.143 300 90
0 390.4 321.295 300 90
0 390.4 321.522 300 90
0 390.4 321.714 300 90
0 390.4 321.979 300 90
0 390.4 322.225 300 90
0 390.4 322.411 300 90
0 390.4 322.53 300 90
0 390.4 322.749 300 90
0 390.4 322.986 300 90
0 390.4 323.163 300 90
0 390.4 323.412 300 90
0 390.4 323.701 300 90
0 390.4 323.894 300 90
0 390.4 324.066 300 90
0 390.4 324.277 300 90
0 390.4 324.53 300 90
0 390.4 324.659 300 90
0 390.4 324.837 300 90
0 390.4 325.06 300 90
0 390.4 325.264 300 90
0 390.4 325.429 300 90
0 390.4 325.615 300 90
0 390.4 325.849 300 90
0 390.4 326.11 300 90
0 390.4 326.235 300 90
0 390.4 326.532 300 90
0 390.4 326.687 300 90
0 390.4 326.814 300 90
0 390.4 326.952 300 90
0 390.4 327.129 300 90
0 390.4 327.269 300 90
0 390.4 327.425 300 90
0 390.4 327.633 300 90
0 390.4 327.893 300 90
0 390.4 328.202 300 90
0 390.4 328.356 300 90
0 390.4 328.596 300 90
0 390.4 328.757 300 90
0 390.4 328.915 300 90
0 390.4 329.092 300 90
0 390.4 329.337 300 90
0 390.4 329.596 300 90
0 390.4 329.871 300 90
0 390.4 330.023 300 90
0 390.4 330.113 300 90
0 390.4 330.217 300 90
0 390.4 330.387 300 90
0 390.4 330.52 300 90
0 390.4 330.731 300 90
0 390.4 330.855 300 90
0 390.4 331.1 300 90
0 390.4 331.34 300 90
0 390.4 331.589 300 90
0 390.4 331.765 300 90
0 390.4 331.979 300 90
0 390.4 332.17 300 90
0 390.4 332.392 300 90
0 390.4 332.701 300 90
0 390.4 332.991 300 90
0 390.4 333.206 300 90
0 390.4 333.43 300 90
0 390.4 333.665 300 90
0 390.4 333.866 300 90
0 390.4 334.138 300 90
0 390.4 334.313 300 90
0 390.4 334.463 300 90
0 390.4 334.816 300 90
0 390.4 334.999 300 90
0 390.4 335.218 300 90
0 390.4 335.463 300 90
0 390.4 335.614 300 90
0 390.4 335.776 300 90
0 390.4 335.997 300 90
0 390.4 336.147 300 90
0 390.4 336.325 300 90
0 390.4 336.564 300 90
0 390.4 336.711 300 90
0 390.4 336.877 300 90
0 390.4 337.07 300 90
0 390.4 337.281 300 90
0 390.4 337.517 300 90
0 390.4 337.899 300 90
0 390.4 338.082 300 90
0 390.4 338.259 300 90
0 390.4 338.545 300 90
0 390.4 338.69 300 90
0 390.4 338.839 300 90
0 390.4 338.979 300 90
0 390.4 339.156 300 90
0 390.4 339.428 300 90
0 390.4 339.681 300 90
0 390.4 339.823 300 90
0 390.4 339.986 300 90
0 390.4 340.202 300 90
0 390.4 340.536 300 90
0 390.4 340.719 300 90
0 390.4 340.967 300 90
0 390.4 341.213 300 90
0 390.4 341.491 300 90
0 390.4 341.706 300 90
0 390.4 341.93 300 90
0 390.4 342.218 300 90
0 390.4 342.442 300 90
0 390.4 342.598 300 90
0 390.4 342.808 300 90
0 390.4 342.995 300 90
0 390.4 343.126 300 90
0 390.4 343.37 300 90
0 390.4 343.623 300 90
0 390.4 343.851 300 90
0 390.4 344.151 300 90
0 390.4 344.519 300 90
0 390.4 344.69 300 90
0 390.4 344.925 300 90
0 390.4 345.22 300 90
0 390.4 345.553 300 90
0 390.4 345.928 300 90
0 390.4 346.139 300 90
0 390.4 346.473 300 90
0 390.4 346.669 300 90
0 390.4 347.005 300 90
0 390.4 347.135 300 90
0 390.4 347.381 300 90
0 390.4 347.737 300 90
0 390.4 348.096 300 90
0 390.4 348.408 300 90
0 390.4 348.66 300 90
0 390.4 348.862 300 90
0 390.4 349.014 300 90
0 390.4 349.325 300 90
0 390.4 349.497 300 90
0 390.4 349.768 300 90
0 390.4 349.905 300 90
0 390.4 350.182 300 90
0 390.4 350.413 300 90
0 390.4 350.588 300 90
0 390.4 350.827 300 90
0 390.4 350.996 300 90
0 390.4 351.14 300 90
0 390.4 351.441 300 90
0 390.4 351.629 300 90
0 390.4 351.846 300 90
0 390.4 351.976 300 90
0 390.4 352.196 300 90
0 390.4 352.451 300 90
0 390.4 352.766 300 90
0 390.4 353.014 300 90
0 390.4 353.278 300 90
0 390.4 353.506 300 90
0 390.4 353.792 300 90
0 390.4 354.006 300 90
0 390.4 354.263 300 90
0 390.4 354.53 300 90
0 390.4 354.702 300 90
0 390.4 354.871 300 90
0 390.4 355.197 300 90
0 390.4 355.391 300 90
0 390.4 355.685 300 90
0 390.4 356.026 300 90
0 390.4 356.273 300 90
0 390.4 356.535 300 90
0 390.4 356.772 300 90
0 390.4 357.014 300 90
0 390.4 357.247 300 90
0 390.4 357.767 300 90
0 390.4 358.017 300 90
0 390.4 358.277 300 90
0 390.4 358.635 300 90
0 390.4 358.933 300 90
0 390.4 359.113 300 90
0 390.4 359.513 300 90
0 390.4 359.763 300 90
0 390.4 360.204 300 90
0 390.4 360.575 300 90
0 390.4 360.921 300 90
0 390.4 361.363 300 90
0 390.4 361.722 300 90
0 390.4 362.088 300 90
0 390.4 362.397 300 90
0 390.4 362.511 300 90
0 390.4 362.849 300 90
0 390.4 363.114 300 90
0 390.4 363.455 300 90
0 390.4 363.615 300 90
0 390.4 363.794 300 90
0 390.4 364.094 300 90
0 390.4 364.472 300 90
0 390.4 364.832 300 90
0 390.4 365.254 300 90
0 390.4 365.478 300 90
0 390.4 365.747 300 90
0 390.4 366.008 300 90
0 390.4 366.238 300 90
0 390.4 366.452 300 90
0 390.4 366.787 300 90
0 390.4 367.323 300 90
0 390.4 367.496 300 90
0 390.4 367.678 300 90
0 390.4 368.127 300 90
0 390.4 368.271 300 90
0 390.4 368.461 300 90
0 390.4 368.685 300 90
0 390.4 368.786 300 90
0 390.4 368.895 300 90
0 390.4 369.046 300 90
0 390.4 369.234 300 90
0 390.4 369.42 300 90
0 390.4 369.645 300 90
0 390.4 369.787 300 90
0 390.4 369.99 300 90
0 390.4 370.233 300 90
0 390.4 370.778 300 90
0 390.4 371.225 300 90
0 390.4 371.44 300 90
0 390.4 371.693 300 90
0 390.4 371.961 300 90
0 390.4 372.195 300 90
0 390.4 372.413 300 90
0 390.4 372.699 300 90
0 390.4 372.859 300 90
0 390.4 373.192 300 90
0 390.4 373.359 300 90
0 390.4 373.624 300 90
0 390.4 373.88 300 90
0 390.4 374.015 300 90
0 390.4 374.254 300 90
0 390.4 374.579 300 90
0 390.4 374.884 300 90
0 390.4 375.101 300 90
0 390.4 375.289 300 90
0 390.4 375.54 300 90
0 390.4 375.755 300 90
0 390.4 375.995 300 90
0 390.4 376.135 300 90
0 390.4 376.43 300 90
0 390.4 376.678 300 90
0 390.4 376.878 300 90
0 390.4 377.092 300 90
0 390.4 377.282 300 90
0 390.4 377.51 300 90
0 390.4 377.739 300 90
0 390.4 378.085 300 90
0 390.4 378.273 300 90
0 390.4 378.565 300 90
0 390.4 378.777 300 90
0 390.4 378.994 300 90
0 390.4 379.179 300 90
0 390.4 379.38 300 90
0 390.4 379.599 300 90
0 390.4 379.785 300 90
0 390.4 379.946 300 90
0 390.4 380.101 300 90
0 390.4 380.317 300 90
0 390.4 380.632 300 90
0 390.4 380.937 300 90
0 390.4 381.204 300 90
0 390.4 381.428 300 90
0 390.4 381.721 300 90
0 390.4 381.947 300 90
0 390.4 382.186 300 90
0 390.4 382.473 300 90
0 390.4 382.704 300 90
0 390.4 382.957 300 90
0 390.4 383.19 300 90
0 390.4 383.44 300 90
0 390.4 383.796 300 90
0 390.4 384.014 300 90
0 390.4 384.223 300 90
0 390.4 384.468 300 90
0 390.4 384.686 300 90
0 390.4 384.927 300 90
0 390.4 385.332 300 90
0 390.4 385.61 300 90
0 390.4 385.884 300 90
0 390.4 386.03 300 90
0 390.4 386.251 300 90
0 390.4 386.515 300 90
0 390.4 386.81 300 90
0 390.4 387.061 300 90
0 390.4 387.276 300 90
0 390.4 387.604 300 90
0 390.4 387.804 300 90
0 390.4 388.014 300 90
0 390.4 388.281 300 90
0 390.4 388.533 300 90
0 390.4 388.743 300 90
0 390.4 388.918 300 90
0 390.4 389.053 300 90
0 390.4 389.24 300 90
0 390.4 389.37 300 90
0 390.4 389.677 300 90
0 390.4 389.981 300 90
0 390.4 390.208 300 90
0 390.4 390.362 300 90
0 390.4 390.676 300 90
0 390.4 390.979 300 90
0 390.4 391.326 300 90
0 390.4 391.54 300 90
0 390.4 391.781 300 90
0 390.4 392.04 300 90
0 390.4 392.374 300 90
0 390.4 392.645 300 90
0 390.4 392.86 300 90
0 390.4 393.225 300 90
0 390.4 393.542 300 90
0 390.4 393.74 300 90
0 390.4 394.066 300 90
0 390.4 394.208 300 90
0 390.4 394.401 300 90
0 390.4 394.493 300 90
0 390.4 394.611 300 90
0 390.4 394.866 300 90
0 390.4 395.045 300 90
0 390.4 395.2 300 90
0 390.4 395.333 300 90
0 390.4 395.513 300 90
0 390.4 395.721 300 90
0 390.4 395.924 300 90
0 390.4 396.131 300 90
0 390.4 396.392 300 90
0 390.4 396.646 300 90
0 390.4 396.818 300 90
0 390.4 397.004 300 90
0 390.4 397.189 300 90
0 390.4 397.466 300 90
0 390.4 397.627 300 90
0 390.4 398.022 300 90
0 390.4 398.216 300 90
0 390.4 398.496 300 90
0 390.4 398.945 300 90
0 390.4 399.098 300 90
0 390.4 399.417 300 90
0 390.4 399.62 300 90
0 390.4 399.716 300 90
0 390.4 399.887 300 90
0 390.4 400.036 300 90
0 390.4 400.247 300 90
0 390.4 400.478 300 90
0 390.4 400.663 300 90
0 390.4 400.757 300 90
0 390.4 400.884 300 90
0 390.4 401.039 300 90
0 390.4 401.298 300 90
0 390.4 401.504 300 90
0 390.4 401.778 300 90
0 390.4 401.978 300 90
0 390.4 402.235 300 90
0 390.4 402.505 300 90
0 390.4 402.693 300 90
0 390.4 402.917 300 90
0 390.4 403.26 300 90
0 390.4 403.562 300 90
0 390.4 403.842 300 90
0 390.4 403.982 300 90
0 390.4 404.263 300 90
0 390.4 404.482 300 90
0 390.4 404.732 300 90
0 390.4 404.974 300 90
0 390.4 405.282 300 90
0 390.4 405.537 300 90
0 390.4 405.775 300 90
0 390.4 406.064 300 90
0 390.4 406.202 300 90
0 390.4 406.482 300 90
0 390.4 406.714 300 90
0 390.4 406.866 300 90
0 390.4 407.091 300 90
0 390.4 407.36 300 90
0 390.4 407.537 300 90
0 390.4 407.804 300 90
0 390.4 407.939 300 90
0 390.4 408.113 300 90
0 390.4 408.345 300 90
0 390.4 408.523 300 90
0 390.4 408.828 300 90
0 390.4 408.99 300 90
0 390.4 409.261 300 90
0 390.4 409.598 300 90
0 390.4 409.878 300 90
0 390.4 409.967 300 90
0 390.4 410.189 300 90
0 390.4 410.357 300 90
0 390.4 410.556 300 90
0 390.4 410.706 300 90
0 390.4 410.994 300 90
0 390.4 411.233 300 90
0 390.4 411.439 300 90
0 390.4 411.545 300 90
0 390.4 411.67 300 90
0 390.4 411.796 300 90
0 390.4 411.982 300 90
0 390.4 412.122 300 90
0 390.4 412.252 300 90
0 390.4 412.477 300 90
0 390.4 412.671 300 90
0 390.4 412.916 300 90
0 390.4 413.203 300 90
0 390.4 413.535 300 90
0 390.4 413.729 300 90
0 390.4 413.93 300 90
0 390.4 414.08 300 90
0 390.4 414.229 300 90
0 390.4 414.431 300 90
0 390.4 414.698 300 90
0 390.4 415.176 300 90
0 390.4 415.41 300 90
0 390.4 415.702 300 90
0 390.4 415.946 300 90
0 390.4 416.4 300 90
0 390.4 416.662 300 90
0 390.4 416.925 300 90
0 390.4 417.071 300 90
0 390.4 417.274 300 90
0 390.4 417.457 300 90
0 390.4 417.646 300 90
0 390.4 417.765 300 90
0 390.4 417.966 300 90
0 390.4 418.155 300 90
0 390.4 418.307 300 90
0 390.4 418.427 300 90
0 390.4 418.577 300 90
0 390.4 418.737 300 90
0 390.4 418.896 300 90
0 390.4 418.999 300 90
0 390.4 419.087 300 90
0 390.4 419.262 300 90
0 390.4 419.385 300 90
0 390.4 419.574 300 90
0 390.4 419.73 300 90
0 390.4 419.894 300 90
0 390.4 420.055 300 90
0 390.4 420.178 300 90
0 390.4 420.367 300 90
0 390.4 420.55 300 90
0 390.4 420.771 300 90
0 390.4 420.963 300 90
0 390.4 421.327 300 90
0 390.4 421.599 300 90
0 390.4 421.887 300 90
0 390.4 422.031 300 90
0 390.4 422.281 300 90
0 390.4 422.58 300 90
0 390.4 422.723 300 90
0 390.4 422.909 300 90
0 390.4 423.185 300 90
0 390.4 423.56 300 90
0 390.4 423.716 300 90
0 390.4 423.92 300 90
0 390.4 424.153 300 90
0 390.4 424.305 300 90
0 390.4 424.434 300 90
0 390.4 424.718 300 90
0 390.4 424.929 300 90
0 390.4 425.148 300 90
0 390.4 425.342 300 90
0 390.4 425.547 300 90
0 390.4 425.787 300 90
0 390.4 426.025 300 90
0 390.4 426.275 300 90
0 390.4 426.473 300 90
0 390.4 426.683 300 90
0 390.4 426.874 300 90
0 390.4 427.053 300 90
0 390.4 427.208 300 90
0 390.4 427.346 300 90
0 390.4 427.549 300 90
0 390.4 427.777 300 90
0 390.4 427.938 300 90
0 390.4 428.117 300 90
0 390.4 428.315 300 90
0 390.4 428.496 300 90
0 390.4 428.713 300 90
0 390.4 429.054 300 90
0 390.4 429.241 300 90
0 390.4 429.403 300 90
0 390.4 429.615 300 90
0 390.4 429.822 300 90
0 390.4 430.034 300 90
0 390.4 430.284 300 90
0 390.4 430.496 300 90
0 390.4 430.758 300 90
0 390.4 431.025 300 90
0 390.4 431.263 300 90
0 390.4 431.57 300 90
0 390.4 431.776 300 90
0 390.4 431.985 300 90
0 390.4 432.135 300 90
0 390.4 432.439 300 90
0 390.4 432.679 300 90
0 390.4 432.874 300 90
0 390.4 433.077 300 90
0 390.4 433.335 300 90
0 390.4 433.518 300 90
0 390.4 433.757 300 90
0 390.4 433.935 300 90
0 390.4 434.098 300 90
0 390.4 434.371 300 90
0 390.4 434.618 300 90
0 390.4 434.831 300 90
0 390.4 435.053 300 90
0 390.4 435.26 300 90
0 390.4 435.56 300 90
0 390.4 435.788 300 90
0 390.4 435.962 300 90
0 390.4 436.099 300 90
0 390.4 436.339 300 90
0 390.4 436.502 300 90
0 390.4 436.723 300 90
0 390.4 436.935 300 90
0 390.4 437.243 300 90
0 390.4 437.539 300 90
0 390.4 437.689 300 90
0 390.4 437.911 300 90
0 390.4 438.16 300 90
0 390.4 438.464 300 90
0 390.4 438.64 300 90
0 390.4 438.865 300 90
0 390.4 439.109 300 90
0 390.4 439.387 300 90
0 390.4 439.563 300 90
0 390.4 439.752 300 90
0 390.4 440.054 300 90
0 390.4 440.219 300 90
0 390.4 440.497 300 90
0 390.4 440.745 300 90
0 390.4 440.978 300 90
0 390.4 441.12 300 90
0 390.4 441.376 300 90
0 390.4 441.587 300 90
0 390.4 441.868 300 90
0 390.4 442.177 300 90
0 390.4 442.335 300 90
0 390.4 442.585 300 90
0 390.4 442.758 300 90
0 390.4 442.946 300 90
0 390.4 443.422 300 90
0 390.4 443.617 300 90
0 390.4 443.834 300 90
0 390.4 444.01 300 90
0 390.4 444.24 300 90
0 390.4 444.43 300 90
0 390.4 444.67 300 90
0 390.4 445.124 300 90
0 390.4 445.296 300 90
0 390.4 445.511 300 90
0 390.4 445.713 300 90
0 390.4 446.012 300 90
0 390.4 446.146 300 90
0 390.4 446.37 300 90
0 390.4 446.548 300 90
0 390.4 446.798 300 90
0 390.4 446.966 300 90
0 390.4 447.383 300 90
0 390.4 447.724 300 90
0 390.4 447.924 300 90
0 390.4 448.108 300 90
0 390.4 448.406 300 90
0 390.4 448.678 300 90
0 390.4 448.885 300 90
0 390.4 449.45 300 90
0 390.4 449.723 300 90
0 390.4 449.995 300 90
0 390.4 450.185 300 90
0 390.4 450.547 300 90
0 390.4 450.715 300 90
0 390.4 450.912 300 90
0 390.4 451.158 300 90
0 390.4 451.375 300 90
0 390.4 451.569 300 90
0 390.4 451.744 300 90
0 390.4 451.898 300 90
0 390.4 452.246 300 90
0 390.4 452.569 300 90
0 390.4 452.828 300 90
0 390.4 453.161 300 90
0 390.4 453.364 300 90
0 390.4 453.617 300 90
0 390.4 453.835 300 90
0 390.4 453.992 300 90
0 390.4 454.307 300 90
0 390.4 454.585 300 90
0 390.4 454.795 300 90
0 390.4 455.028 300 90
0 390.4 455.27 300 90
0 390.4 455.672 300 90
0 390.4 455.905 300 90
0 390.4 456.053 300 90
0 390.4 456.288 300 90
0 390.4 456.488 300 90
0 390.4 456.685 300 90
0 390.4 456.887 300 90
0 390.4 457.145 300 90
0 390.4 457.396 300 90
0 390.4 457.532 300 90
0 390.4 457.635 300 90
0 390.4 457.777 300 90
0 390.4 457.984 300 90
0 390.4 458.087 300 90
0 390.4 458.33 300 90
0 390.4 458.496 300 90
0 390.4 458.633 300 90
0 390.4 458.735 300 90
0 390.4 458.944 300 90
0 390.4 459.208 300 90
0 390.4 459.39 300 90
0 390.4 459.663 300 90
0 390.4 459.885 300 90
0 390.4 460.016 300 90
0 390.4 460.148 300 90
0 390.4 460.38 300 90
0 390.4 460.655 300 90
0 390.4 460.849 300 90
0 390.4 460.976 300 90
0 390.4 461.108 300 90
0 390.4 461.382 300 90
0 390.4 461.644 300 90
0 390.4 461.88 300 90
0 390.4 462.128 300 90
0 390.4 462.424 300 90
0 390.4 462.57 300 90
0 390.4 462.907 300 90
0 390.4 463.18 300 90
0 390.4 463.382 300 90
0 390.4 463.631 300 90
0 390.4 463.925 300 90
0 390.4 464.143 300 90
0 390.4 464.336 300 90
0 390.4 464.541 300 90
0 390.4 464.797 300 90
0 390.4 465.191 300 90
0 390.4 465.418 300 90
0 390.4 465.623 300 90
0 390.4 465.813 300 90
0 390.4 466.024 300 90
0 390.4 466.347 300 90
0 390.4 466.558 300 90
0 390.4 466.736 300 90
0 390.4 466.923 300 90
0 390.4 467.054 300 90
0 390.4 467.301 300 90
0 390.4 467.573 300 90
0 390.4 467.751 300 90
0 390.4 467.934 300 90
0 390.4 468.111 300 90
0 390.4 468.245 300 90
0 390.4 468.428 300 90
0 390.4 468.583 300 90
0 390.4 468.748 300 90
0 390.4 468.875 300 90
0 390.4 469.001 300 90
0 390.4 469.124 300 90
0 390.4 469.284 300 90
0 390.4 469.446 300 90
0 390.4 469.542 300 90
0 390.4 469.636 300 90
0 390.4 469.892 300 90
0 390.4 470.156 300 90
0 390.4 470.336 300 90
0 390.4 470.514 300 90
0 390.4 470.767 300 90
0 390.4 470.96 300 90
0 390.4 471.221 300 90
0 390.4 471.412 300 90
0 390.4 471.568 300 90
0 390.4 471.774 300 90
0 390.4 471.985 300 90
0 390.4 472.134 300 90
0 390.4 472.42 300 90
0 390.4 472.671 300 90
0 390.4 472.859 300 90
0 390.4 472.998 300 90
0 390.4 473.214 300 90
0 390.4 473.428 300 90
0 390.4 473.656 300 90
0 390.4 473.942 300 90
0 390.4 474.236 300 90
0 390.4 474.425 300 90
0 390.4 474.68 300 90
0 390.4 474.93 300 90
0 390.4 475.137 300 90
0 390.4 475.336 300 90
0 390.4 475.568 300 90
0 390.4 475.74 300 90
0 390.4 476.11 300 90
0 390.4 476.381 300 90
0 390.4 476.643 300 90
0 390.4 476.87 300 90
0 390.4 477.105 300 90
0 390.4 477.299 300 90
0 390.4 477.456 300 90
0 390.4 477.651 300 90
0 390.4 477.885 300 90
0 390.4 478.114 300 90
0 390.4 478.315 300 90
0 390.4 478.594 300 90
0 390.4 478.794 300 90
0 390.4 479.073 300 90
0 390.4 479.371 300 90
0 390.4 479.779 300 90
0 390.4 480.065 300 90
0 390.4 480.265 300 90
0 390.4 480.703 300 90
0 390.4 480.889 300 90
0 390.4 481.046 300 90
0 390.4 481.272 300 90
0 390.4 481.527 300 90
0 390.4 481.693 300 90
0 390.4 481.849 300 90
0 390.4 482.016 300 90
0 390.4 482.195 300 90
0 390.4 482.429 300 90
0 390.4 482.619 300 90
0 390.4 482.802 300 90
0 390.4 483.056 300 90
0 390.4 483.288 300 90
0 390.4 483.428 300 90
0 390.4 483.699 300 90
0 390.4 483.907 300 90
0 390.4 484.078 300 90
0 390.4 484.354 300 90
0 390.4 484.528 300 90
0 390.4 484.741 300 90
0 390.4 484.922 300 90
0 390.4 485.218 300 90
0 390.4 485.421 300 90
0 390.4 485.65 300 90
0 390.4 485.79 300 90
0 390.4 485.993 300 90
0 390.4 486.147 300 90
0 390.4 486.343 300 90
0 390.4 486.476 300 90
0 390.4 486.699 300 90
0 390.4 486.881 300 90
0 390.4 487.068 300 90
0 390.4 487.203 300 90
0 390.4 487.351 300 90
0 390.4 487.546 300 90
0 390.4 487.728 300 90
0 390.4 487.954 300 90
0 390.4 488.086 300 90
0 390.4 488.347 300 90
0 390.4 488.614 300 90
0 390.4 488.767 300 90
0 390.4 489.013 300 90
0 390.4 489.288 300 90
0 390.4 489.488 300 90
0 390.4 489.849 300 90
0 390.4 490.105 300 90
0 390.4 490.235 300 90
0 390.4 490.363 300 90
0 390.4 490.496 300 90
0 390.4 490.747 300 90
0 390.4 490.925 300 90
0 390.4 491.199 300 90
0 390.4 491.356 300 90
0 390.4 491.541 300 90
0 390.4 491.659 300 90
0 390.4 491.752 300 90
0 390.4 491.866 300 90
0 390.4 491.989 300 90
0 390.4 492.079 300 90
0 390.4 492.228 300 90
0 390.4 492.333 300 90
0 390.4 492.459 300 90
0 390.4 492.602 300 90
0 390.4 492.753 300 90
0 390.4 492.944 300 90
0 390.4 493.113 300 90
0 390.4 493.336 300 90
0 390.4 493.605 300 90
0 390.4 493.828 300 90
0 390.4 494.022 300 90
0 390.4 494.308 300 90
0 390.4 494.533 300 90
0 390.4 494.707 300 90
0 390.4 494.889 300 90
0 390.4 495.138 300 90
0 390.4 495.479 300 90
0 390.4 495.664 300 90
0 390.4 495.8 300 90
0 390.4 496.017 300 90
0 390.4 496.231 300 90
0 390.4 496.401 300 90
0 390.4 496.555 300 90
0 390.4 496.704 300 90
0 390.4 496.9 300 90
0 390.4 497.17 300 90
0 390.4 497.348 300 90
0 390.4 497.628 300 90
0 390.4 497.849 300 90
0 390.4 498.031 300 90
0 390.4 498.171 300 90
0 390.4 498.443 300 90
0 390.4 498.678 300 90
0 390.4 499.03 300 90
0 390.4 499.268 300 90
0 390.4 499.495 300 90
0 390.4 499.807 300 90
0 390.4 500.025 300 90
0 390.4 500.238 300 90
0 390.4 500.497 300 90
0 390.4 500.899 300 90
0 390.4 501.214 300 90
0 390.4 501.43 300 90
0 390.4 501.659 300 90
0 390.4 501.859 300 90
0 390.4 502.051 300 90
0 390.4 502.281 300 90
0 390.4 502.474 300 90
0 390.4 502.836 300 90
0 390.4 503.011 300 90
0 390.4 503.275 300 90
0 390.4 503.571 300 90
0 390.4 503.846 300 90
0 390.4 504.123 300 90
0 390.4 504.319 300 90
0 390.4 504.64 300 90
0 390.4 505.008 300 90
0 390.4 505.282 300 90
0 390.4 505.603 300 90
0 390.4 505.812 300 90
0 390.4 506.007 300 90
0 390.4 506.284 300 90
0 390.4 506.543 300 90
0 390.4 506.746 300 90
0 390.4 506.965 300 90
0 390.4 507.141 300 90
0 390.4 507.429 300 90
0 390.4 507.768 300 90
0 390.4 507.944 300 90
0 390.4 508.156 300 90
0 390.4 508.342 300 90
0 390.4 508.605 300 90
0 390.4 508.861 300 90
0 390.4 509.047 300 90
0 390.4 509.186 300 90
0 390.4 509.404 300 90
0 390.4 509.71 300 90
0 390.4 510.083 300 90
0 390.4 510.314 300 90
0 390.4 510.525 300 90
0 390.4 510.794 300 90
0 390.4 511.045 300 90
0 390.4 511.375 300 90
0 390.4 511.612 300 90
0 390.4 511.839 300 90
0 390.4 512.113 300 90
0 390.4 512.407 300 90
0 390.4 512.635 300 90
0 390.4 512.898 300 90
0 390.4 513.153 300 90
0 390.4 513.415 300 90
0 390.4 513.747 300 90
0 390.4 513.926 300 90
0 390.4 514.06 300 90
0 390.4 514.425 300 90
0 390.4 514.688 300 90
0 390.4 514.854 300 90
0 390.4 515.034 300 90
0 390.4 515.209 300 90
0 390.4 515.456 300 90
0 390.4 515.663 300 90
0 390.4 515.871 300 90
0 390.4 516.045 300 90
0 390.4 516.27 300 90
0 390.4 516.455 300 90
0 390.4 516.683 300 90
0 390.4 516.928 300 90
0 390.4 517.077 300 90
0 390.4 517.642 300 90
0 390.4 517.86 300 90
0 390.4 518.03 300 90
0 390.4 518.174 300 90
0 390.4 518.418 300 90
0 390.4 518.669 300 90
0 390.4 518.845 300 90
0 390.4 519.012 300 90
0 390.4 519.257 300 90
0 390.4 519.41 300 90
0 390.4 519.727 300 90
0 390.4 519.927 300 90
0 390.4 520.16 300 90
0 390.4 520.499 300 90
0 390.4 520.77 300 90
0 390.4 520.958 300 90
0 390.4 521.245 300 90
0 390.4 521.378 300 90
0 390.4 521.572 300 90
0 390.4 521.771 300 90
0 390.4 521.907 300 90
0 390.4 522.039 300 90
0 390.4 522.24 300 90
0 390.4 522.372 300 90
0 390.4 522.569 300 90
0 390.4 522.748 300 90
0 390.4 522.945 300 90
0 390.4 523.185 300 90
0 390.4 523.378 300 90
0 390.4 523.573 300 90
0 390.4 523.801 300 90
0 390.4 524.038 300 90
0 390.4 524.238 300 90
0 390.4 524.586 300 90
0 390.4 524.707 300 90
0 390.4 524.965 300 90
0 390.4 525.146 300 90
0 390.4 525.396 300 90
0 390.4 525.54 300 90
0 390.4 525.854 300 90
0 390.4 526.04 300 90
0 390.4 526.245 300 90
0 390.4 526.524 300 90
0 390.4 526.737 300 90
0 390.4 527.026 300 90
0 390.4 527.195 300 90
0 390.4 527.466 300 90
0 390.4 527.599 300 90
0 390.4 527.805 300 90
0 390.4 527.982 300 90
0 390.4 528.214 300 90
0 390.4 528.464 300 90
0 390.4 528.678 300 90
0 390.4 528.842 300 90
0 390.4 529.137 300 90
0 390.4 529.348 300 90
0 390.4 529.495 300 90
0 390.4 529.815 300 90
0 390.4 530.027 300 90
0 390.4 530.269 300 90
0 390.4 530.434 300 90
0 390.4 530.634 300 90
0 390.4 530.887 300 90
0 390.4 531.096 300 90
0 390.4 531.277 300 90
0 390.4 531.683 300 90
0 390.4 531.907 300 90
0 390.4 532.12 300 90
0 390.4 532.327 300 90
0 390.4 532.529 300 90
0 390.4 532.664 300 90
0 390.4 532.839 300 90
0 390.4 533.175 300 90
0 390.4 533.353 300 90
0 390.4 533.557 300 90
0 390.4 533.756 300 90
0 390.4 534.101 300 90
0 390.4 534.266 300 90
0 390.4 534.405 300 90
0 390.4 534.615 300 90
0 390.4 534.782 300 90
0 390.4 534.968 300 90
0 390.4 535.17 300 90
0 390.4 535.303 300 90
0 390.4 535.508 300 90
0 390.4 535.712 300 90
0 390.4 536.01 300 90
0 390.4 536.157 300 90
0 390.4 536.33 300 90
0 390.4 536.449 300 90
0 390.4 536.701 300 90
0 390.4 536.893 300 90
0 390.4 537.034 300 90
0 390.4 537.239 300 90
0 390.4 537.491 300 90
0 390.4 537.754 300 90
0 390.4 537.957 300 90
0 390.4 538.134 300 90
0 390.4 538.358 300 90
0 390.4 538.615 300 90
0 390.4 538.785 300 90
0 390.4 539.044 300 90
0 390.4 539.294 300 90
0 390.4 539.649 300 90
0 390.4 539.808 300 90
0 390.4 539.95 300 90
0 390.4 540.162 300 90
0 390.4 540.538 300 90
0 390.4 540.844 300 90
0 390.4 541.067 300 90
0 390.4 541.34 300 90
0 390.4 541.526 300 90
0 390.4 541.829 300 90
0 390.4 542.003 300 90
0 390.4 542.224 300 90
0 390.4 542.364 300 90
0 390.4 542.673 300 90
0 390.4 542.948 300 90
0 390.4 543.083 300 90
0 390.4 543.239 300 90
0 390.4 543.503 300 90
0 390.4 543.714 300 90
0 390.4 543.847 300 90
0 390.4 544.019 300 90
0 390.4 544.222 300 90
0 390.4 544.465 300 90
0 390.4 544.701 300 90
0 390.4 544.988 300 90
0 390.4 545.297 300 90
0 390.4 545.617 300 90
0 390.4 545.835 300 90
0 390.4 545.999 300 90
0 390.4 546.126 300 90
0 390.4 546.329 300 90
0 390.4 546.529 300 90
0 390.4 546.797 300 90
0 390.4 547.033 300 90
0 390.4 547.316 300 90
0 390.4 547.448 300 90
0 390.4 547.617 300 90
0 390.4 547.83 300 90
0 390.4 548.107 300 90
0 390.4 548.383 300 90
0 390.4 548.637 300 90
0 390.4 548.913 300 90
0 390.4 549.158 300 90
0 390.4 549.512 300 90
0 390.4 549.813 300 90
0 390.4 549.975 300 90
0 390.4 550.151 300 90
0 390.4 550.357 300 90
0 390.4 550.661 300 90
0 390.4 550.933 300 90
0 390.4 551.156 300 90
0 390.4 551.472 300 90
0 390.4 551.737 300 90
0 390.4 552.053 300 90
0 390.4 552.408 300 90
0 390.4 552.636 300 90
0 390.4 553.042 300 90
0 390.4 553.207 300 90
0 390.4 553.389 300 90
0 390.4 553.778 300 90
0 390.4 554.005 300 90
0 390.4 554.313 300 90
0 390.4 554.676 300 90
0 390.4 554.919 300 90
0 390.4 555.258 300 90
0 390.4 555.649 300 90
0 390.4 555.919 300 90
0 390.4 556.252 300 90
0 390.4 556.5 300 90
0 390.4 556.845 300 90
0 390.4 557.197 300 90
0 390.4 557.38 300 90
0 390.4 557.594 300 90
0 390.4 557.847 300 90
0 390.4 558.094 300 90
0 390.4 558.358 300 90
0 390.4 558.701 300 90
0 390.4 558.929 300 90
0 390.4 559.284 300 90
0 390.4 559.573 300 90
0 390.4 560.066 300 90
0 390.4 560.353 300 90
0 390.4 560.732 300 90
0 390.4 561 300 90
0 390.4 561.168 300 90
0 390.4 561.356 300 90
0 390.4 561.629 300 90
0 390.4 561.955 300 90
0 390.4 562.234 300 90
0 390.4 562.59 300 90
0 390.4 562.757 300 90
0 390.4 563.034 300 90
0 390.4 563.453 300 90
0 390.4 563.807 300 90
0 390.4 564.103 300 90
0 390.4 564.385 300 90
0 390.4 564.653 300 90
0 390.4 564.821 300 90
0 390.4 565.042 300 90
0 390.4 565.37 300 90
0 390.4 565.605 300 90
0 390.4 565.85 300 90
0 390.4 566.176 300 90
0 390.4 566.49 300 90
0 390.4 566.711 300 90
0 390.4 566.996 300 90
0 390.4 567.395 300 90
0 390.4 567.741 300 90
0 390.4 567.934 300 90
0 390.4 568.14 300 90
0 390.4 568.427 300 90
0 390.4 568.599 300 90
0 390.4 568.905 300 90
0 390.4 569.274 300 90
0 390.4 569.689 300 90
0 390.4 570.151 300 90
0 390.4 570.334 300 90
0 390.4 570.532 300 90
0 390.4 570.76 300 90
0 390.4 571.097 300 90
0 390.4 571.327 300 90
0 390.4 571.508 300 90
0 390.4 571.868 300 90
0 390.4 572.11 300 90
0 390.4 572.406 300 90
0 390.4 572.769 300 90
0 390.4 573.037 300 90
0 390.4 573.312 300 90
0 390.4 573.586 300 90
0 390.4 573.795 300 90
0 390.4 574.135 300 90
0 390.4 574.382 300 90
0 390.4 574.624 300 90
0 390.4 574.772 300 90
0 390.4 575.028 300 90
0 390.4 575.328 300 90
0 390.4 575.522 300 90
0 390.4 575.699 300 90
0 390.4 575.858 300 90
0 390.4 576.165 300 90
0 390.4 576.397 300 90
0 390.4 576.691 300 90
0 390.4 576.906 300 90
0 390.4 577.134 300 90
0 390.4 577.376 300 90
0 390.4 577.498 300 90
0 390.4 577.596 300 90
0 390.4 577.714 300 90
0 390.4 577.87 300 90
0 390.4 578.09 300 90
0 390.4 578.301 300 90
0 390.4 578.579 300 90
0 390.4 578.81 300 90
0 390.4 578.943 300 90
0 390.4 579.111 300 90
0 390.4 579.273 300 90
0 390.4 579.483 300 90
0 390.4 579.604 300 90
0 390.4 579.774 300 90
0 390.4 579.942 300 90
0 390.4 580.168 300 90
0 390.4 580.404 300 90
0 390.4 580.524 300 90
0 390.4 580.664 300 90
0 390.4 580.871 300 90
0 390.4 581.036 300 90
0 390.4 581.341 300 90
0 390.4 581.534 300 90
0 390.4 581.697 300 90
0 390.4 581.904 300 90
0 390.4 582.047 300 90
0 390.4 582.191 300 90
0 390.4 582.428 300 90
0 390.4 582.591 300 90
0 390.4 582.731 300 90
0 390.4 582.879 300 90
0 390.4 583.097 300 90
0 390.4 583.31 300 90
0 390.4 583.443 300 90
0 390.4 583.611 300 90
0 390.4 583.781 300 90
0 390.4 584.024 300 90
0 390.4 584.365 300 90
0 390.4 584.506 300 90
0 390.4 584.734 300 90
0 390.4 584.994 300 90
0 390.4 585.207 300 90
0 390.4 585.351 300 90
0 390.4 585.495 300 90
0 390.4 585.64 300 90
0 390.4 585.824 300 90
0 390.4 586.148 300 90
0 390.4 586.306 300 90
0 390.4 586.448 300 90
0 390.4 586.654 300 90
0 390.4 586.859 300 90
0 390.4 587.083 300 90
0 390.4 587.271 300 90
0 390.4 587.607 300 90
0 390.4 587.838 300 90
0 390.4 588.228 300 90
0 390.4 588.365 300 90
0 390.4 588.654 300 90
0 390.4 588.998 300 90
0 390.4 589.2 300 90
0 390.4 589.437 300 90
0 390.4 589.589 300 90
0 390.4 589.753 300 90
0 390.4 589.976 300 90
0 390.4 590.209 300 90
0 390.4 590.476 300 90
0 390.4 590.734 300 90
0 390.4 591.013 300 90
0 390.4 591.215 300 90
0 390.4 591.433 300 90
0 390.4 591.58 300 90
0 390.4 591.766 300 90
0 390.4 592.046 300 90
0 390.4 592.254 300 90
0 390.4 592.442 300 90
0 390.4 592.646 300 90
0 390.4 592.869 300 90
0 390.4 593.155 300 90
0 390.4 593.334 300 90
0 390.4 593.573 300 90
0 390.4 593.768 300 90
0 390.4 594.01 300 90
0 390.4 594.398 300 90
0 390.4 594.535 300 90
0 390.4 594.782 300 90
0 390.4 595.047 300 90
0 390.4 595.191 300 90
0 390.4 595.392 300 90
0 390.4 595.626 300 90
0 390.4 595.759 300 90
0 390.4 596.04 300 90
0 390.4 596.264 300 90
0 390.4 596.417 300 90
0 390.4 596.665 300 90
0 390.4 596.992 300 90
0 390.4 597.147 300 90
0 390.4 597.308 300 90
0 390.4 597.709 300 90
0 390.4 597.992 300 90
0 390.4 598.18 300 90
0 390.4 598.387 300 90
0 390.4 598.618 300 90
0 390.4 598.813 300 90
0 390.4 598.994 300 90
0 390.4 599.23 300 90
0 390.4 599.607 300 90
0 390.4 599.791 300 90
0 390.4 600.113 300 90
0 390.4 600.386 300 90
0 390.4 600.53 300 90
0 390.4 600.865 300 90
0 390.4 601.033 300 90
0 390.4 601.291 300 90
0 390.4 601.549 300 90
0 390.4 601.694 300 90
0 390.4 601.907 300 90
0 390.4 602.139 300 90
0 390.4 602.361 300 90
0 390.4 602.638 300 90
0 390.4 602.79 300 90
0 390.4 603.015 300 90
0 390.4 603.156 300 90
0 390.4 603.302 300 90
0 390.4 603.516 300 90
0 390.4 603.757 300 90
0 390.4 603.949 300 90
0 390.4 604.34 300 90
0 390.4 604.617 300 90
0 390.4 604.781 300 90
0 390.4 604.945 300 90
0 390.4 605.095 300 90
0 390.4 605.298 300 90
0 390.4 605.441 300 90
0 390.4 605.618 300 90
0 390.4 605.753 300 90
0 390.4 605.999 300 90
0 390.4 606.18 300 90
0 390.4 606.259 300 90
0 390.4 606.563 300 90
0 390.4 606.89 300 90
0 390.4 607.103 300 90
0 390.4 607.289 300 90
0 390.4 607.463 300 90
0 390.4 607.615 300 90
0 390.4 607.825 300 90
0 390.4 607.989 300 90
0 390.4 608.327 300 90
0 390.4 608.463 300 90
0 390.4 608.64 300 90
0 390.4 608.79 300 90
0 390.4 608.926 300 90
0 390.4 609.062 300 90
0 390.4 609.208 300 90
0 390.4 609.388 300 90
0 390.4 609.598 300 90
0 390.4 609.733 300 90
0 390.4 609.861 300 90
0 390.4 610.012 300 90
0 390.4 610.18 300 90
0 390.4 610.303 300 90
0 390.4 610.443 300 90
0 390.4 610.68 300 90
0 390.4 610.792 300 90
0 390.4 610.902 300 90
0 390.4 611.049 300 90
0 390.4 611.186 300 90
0 390.4 611.357 300 90
0 390.4 611.484 300 90
0 390.4 611.698 300 90
0 390.4 611.806 300 90
0 390.4 612.162 300 90
0 390.4 612.273 300 90
0 390.4 612.44 300 90
0 390.4 612.605 300 90
0 390.4 612.753 300 90
0 390.4 612.938 300 90
0 390.4 613.1 300 90
0 390.4 613.314 300 90
0 390.4 613.484 300 90
0 390.4 613.678 300 90
0 390.4 613.855 300 90
0 390.4 614 300 90
0 390.4 614.2 300 90
0 390.4 614.331 300 90
0 390.4 614.501 300 90
0 390.4 614.703 300 90
0 390.4 614.895 300 90
0 390.4 615.041 300 90
0 390.4 615.218 300 90
0 390.4 615.402 300 90
0 390.4 615.555 300 90
0 390.4 615.804 300 90
0 390.4 616.07 300 90
0 390.4 616.369 300 90
0 390.4 616.626 300 90
0 390.4 616.794 300 90
0 390.4 617.116 300 90
0 390.4 617.397 300 90
0 390.4 617.537 300 90
0 390.4 617.77 300 90
0 390.4 618.079 300 90
0 390.4 618.354 300 90
0 390.4 618.499 300 90
0 390.4 618.712 300 90
0 390.4 619.037 300 90
0 390.4 619.337 300 90
0 390.4 619.618 300 90
0 390.4 619.768 300 90
0 390.4 619.918 300 90
0 390.4 620.19 300 90
0 390.4 620.485 300 90
0 390.4 620.773 300 90
0 390.4 621.034 300 90
0 390.4 621.174 300 90
0 390.4 621.453 300 90
0 390.4 621.685 300 90
0 390.4 621.937 300 90
0 390.4 622.15 300 90
0 390.4 622.354 300 90
0 390.4 622.548 300 90
0 390.4 622.746 300 90
0 390.4 622.944 300 90
0 390.4 623.099 300 90
0 390.4 623.318 300 90
0 390.4 623.45 300 90
0 390.4 623.709 300 90
0 390.4 624.002 300 90
0 390.4 624.433 300 90
0 390.4 624.635 300 90
0 390.4 624.915 300 90
0 390.4 625.113 300 90
0 390.4 625.269 300 90
0 390.4 625.51 300 90
0 390.4 625.855 300 90
0 390.4 626.041 300 90
0 390.4 626.195 300 90
0 390.4 626.39 300 90
0 390.4 626.67 300 90
0 390.4 626.808 300 90
0 390.4 627.02 300 90
0 390.4 627.293 300 90
0 390.4 627.57 300 90
0 390.4 627.775 300 90
0 390.4 628.027 300 90
0 390.4 628.227 300 90
0 390.4 628.492 300 90
0 390.4 628.791 300 90
0 390.4 629.037 300 90
0 390.4 629.185 300 90
0 390.4 629.446 300 90
0 390.4 629.643 300 90
0 390.4 629.833 300 90
0 390.4 630.018 300 90
0 390.4 630.359 300 90
0 390.4 630.63 300 90
0 390.4 630.88 300 90
0 390.4 631.201 300 90
0 390.4 631.406 300 90
0 390.4 631.648 300 90
0 390.4 631.823 300 90
0 390.4 632.116 300 90
0 390.4 632.309 300 90
0 390.4 632.555 300 90
0 390.4 632.697 300 90
0 390.4 632.872 300 90
0 390.4 633.072 300 90
0 390.4 633.238 300 90
0 390.4 633.46 300 90
0 390.4 633.73 300 90
0 390.4 634.05 300 90
0 390.4 634.185 300 90
0 390.4 634.328 300 90
0 390.4 634.532 300 90
0 390.4 634.674 300 90
0 390.4 634.944 300 90
0 390.4 635.155 300 90
0 390.4 635.346 300 90
0 390.4 635.586 300 90
0 390.4 635.749 300 90
0 390.4 635.916 300 90
0 390.4 636.137 300 90
0 390.4 636.369 300 90
0 390.4 636.663 300 90
0 390.4 636.843 300 90
0 390.4 637.101 300 90
0 390.4 637.307 300 90
0 390.4 637.533 300 90
0 390.4 637.705 300 90
0 390.4 638.017 300 90
0 390.4 638.22 300 90
0 390.4 638.455 300 90
0 390.4 638.791 300 90
0 390.4 639.001 300 90
0 390.4 639.282 300 90
0 390.4 639.425 300 90
0 390.4 639.73 300 90
0 390.4 639.911 300 90
0 390.4 640.176 300 90
0 390.4 640.442 300 90
0 390.4 640.657 300 90
0 390.4 640.863 300 90
0 390.4 641.042 300 90
0 390.4 641.241 300 90
0 390.4 641.384 300 90
0 390.4 641.521 300 90
0 390.4 641.776 300 90
0 390.4 642.02 300 90
0 390.4 642.468 300 90
0 390.4 642.836 300 90
0 390.4 643.031 300 90
0 390.4 643.231 300 90
0 390.4 643.418 300 90
0 390.4 643.776 300 90
0 390.4 643.918 300 90
0 390.4 644.058 300 90
0 390.4 644.341 300 90
0 390.4 644.533 300 90
0 390.4 644.813 300 90
0 390.4 645.046 300 90
0 390.4 645.2 300 90
0 390.4 645.391 300 90
0 390.4 645.621 300 90
0 390.4 645.833 300 90
0 390.4 646.038 300 90
0 390.4 646.219 300 90
0 390.4 646.402 300 90
0 390.4 646.759 300 90
0 390.4 646.976 300 90
0 390.4 647.164 300 90
0 390.4 647.316 300 90
0 390.4 647.503 300 90
0 390.4 647.693 300 90
0 390.4 647.916 300 90
0 390.4 648.064 300 90
0 390.4 648.311 300 90
0 390.4 648.555 300 90
0 390.4 648.69 300 90
0 390.4 648.86 300 90
0 390.4 649.048 300 90
0 390.4 649.226 300 90
0 390.4 649.358 300 90
0 390.4 649.716 300 90
0 390.4 649.898 300 90
0 390.4 650.261 300 90
0 390.4 650.461 300 90
0 390.4 650.728 300 90
0 390.4 650.921 300 90
0 390.4 651.097 300 90
0 390.4 651.318 300 90
0 390.4 651.499 300 90
0 390.4 651.646 300 90
0 390.4 651.767 300 90
0 390.4 651.961 300 90
0 390.4 652.098 300 90
0 390.4 652.202 300 90
0 390.4 652.369 300 90
0 390.4 652.604 300 90
0 390.4 652.884 300 90
0 390.4 653.152 300 90
0 390.4 653.31 300 90
0 390.4 653.486 300 90
0 390.4 653.617 300 90
0 390.4 653.758 300 90
0 390.4 654.018 300 90
0 390.4 654.152 300 90
0 390.4 654.338 300 90
0 390.4 654.521 300 90
0 390.4 654.816 300 90
0 390.4 655.073 300 90
0 390.4 655.246 300 90
0 390.4 655.504 300 90
0 390.4 655.65 300 90
0 390.4 655.835 300 90
0 390.4 655.991 300 90
0 390.4 656.143 300 90
0 390.4 656.429 300 90
0 390.4 656.663 300 90
0 390.4 656.898 300 90
0 390.4 657.108 300 90
0 390.4 657.312 300 90
0 390.4 657.505 300 90
0 390.4 657.782 300 90
0 390.4 657.965 300 90
0 390.4 658.152 300 90
0 390.4 658.319 300 90
0 390.4 658.492 300 90
0 390.4 658.744 300 90
0 390.4 658.887 300 90
0 390.4 659.035 300 90
0 390.4 659.215 300 90
0 390.4 659.379 300 90
0 390.4 659.566 300 90
0 390.4 659.694 300 90
0 390.4 659.87 300 90
0 390.4 660.013 300 90
0 390.4 660.238 300 90
0 390.4 660.583 300 90
0 390.4 660.808 300 90
0 390.4 660.975 300 90
0 390.4 661.106 300 90
0 390.4 661.293 300 90
0 390.4 661.537 300 90
0 390.4 661.751 300 90
0 390.4 661.921 300 90
0 390.4 662.164 300 90
0 390.4 662.306 300 90
0 390.4 662.451 300 90
0 390.4 662.588 300 90
0 390.4 662.771 300 90
0 390.4 663.018 300 90
0 390.4 663.291 300 90
0 390.4 663.515 300 90
0 390.4 663.753 300 90
0 390.4 663.979 300 90
0 390.4 664.125 300 90
0 390.4 664.257 300 90
0 390.4 664.392 300 90
0 390.4 664.628 300 90
0 390.4 664.793 300 90
0 390.4 664.937 300 90
0 390.4 665.263 300 90
0 390.4 665.438 300 90
0 390.4 665.681 300 90
0 390.4 665.914 300 90
0 390.4 666.104 300 90
0 390.4 666.258 300 90
0 390.4 666.529 300 90
0 390.4 666.7 300 90
0 390.4 666.976 300 90
0 390.4 667.159 300 90
0 390.4 667.439 300 90
0 390.4 667.665 300 90
0 390.4 667.845 300 90
0 390.4 668.108 300 90
0 390.4 668.372 300 90
0 390.4 668.675 300 90
0 390.4 668.906 300 90
0 390.4 669.085 300 90
0 390.4 669.372 300 90
0 390.4 669.647 300 90
0 390.4 669.896 300 90
0 390.4 670.128 300 90
0 390.4 670.352 300 90
0 390.4 670.6 300 90
0 390.4 670.846 300 90
0 390.4 671.146 300 90
0 390.4 671.296 300 90
0 390.4 671.55 300 90
0 390.4 671.794 300 90
0 390.4 671.975 300 90
0 390.4 672.351 300 90
0 390.4 672.622 300 90
0 390.4 672.845 300 90
0 390.4 672.981 300 90
0 390.4 673.38 300 90
0 390.4 673.589 300 90
0 390.4 673.774 300 90
0 390.4 674.087 300 90
0 390.4 674.266 300 90
0 390.4 674.508 300 90
0 390.4 674.729 300 90
0 390.4 674.892 300 90
0 390.4 675.085 300 90
0 390.4 675.328 300 90
0 390.4 675.517 300 90
0 390.4 675.694 300 90
0 390.4 675.863 300 90
0 390.4 675.974 300 90
0 390.4 676.263 300 90
0 390.4 676.505 300 90
0 390.4 676.73 300 90
0 390.4 676.873 300 90
0 390.4 677.031 300 90
0 390.4 677.221 300 90
0 390.4 677.469 300 90
0 390.4 677.663 300 90
0 390.4 677.965 300 90
0 390.4 678.169 300 90
0 390.4 678.462 300 90
0 390.4 678.612 300 90
0 390.4 678.831 300 90
0 390.4 679.015 300 90
0 390.4 679.21 300 90
0 390.4 679.408 300 90
0 390.4 679.601 300 90
0 390.4 679.741 300 90
0 390.4 679.875 300 90
0 390.4 680.043 300 90
0 390.4 680.189 300 90
0 390.4 680.371 300 90
0 390.4 680.77 300 90
0 390.4 680.976 300 90
0 390.4 681.118 300 90
0 390.4 681.393 300 90
0 390.4 681.726 300 90
0 390.4 681.907 300 90
0 390.4 682.165 300 90
0 390.4 682.37 300 90
0 390.4 682.577 300 90
0 390.4 682.728 300 90
0 390.4 683.117 300 90
0 390.4 683.4 300 90
0 390.4 683.637 300 90
0 390.4 683.827 300 90
0 390.4 684.045 300 90
0 390.4 684.349 300 90
0 390.4 684.532 300 90
0 390.4 684.872 300 90
0 390.4 685.13 300 90
0 390.4 685.424 300 90
0 390.4 685.553 300 90
0 390.4 685.866 300 90
0 390.4 686.189 300 90
0 390.4 686.456 300 90
0 390.4 686.691 300 90
0 390.4 686.874 300 90
0 390.4 687.012 300 90
0 390.4 687.273 300 90
0 390.4 687.415 300 90
0 390.4 687.688 300 90
0 390.4 687.997 300 90
0 390.4 688.264 300 90
0 390.4 688.45 300 90
0 390.4 688.707 300 90
0 390.4 688.897 300 90
0 390.4 689.082 300 90
0 390.4 689.385 300 90
0 390.4 689.543 300 90
0 390.4 689.734 300 90
0 390.4 689.923 300 90
0 390.4 690.127 300 90
0 390.4 690.362 300 90
0 390.4 690.546 300 90
0 390.4 690.761 300 90
0 390.4 690.996 300 90
0 390.4 691.245 300 90
0 390.4 691.481 300 90
0 390.4 691.774 300 90
0 390.4 691.916 300 90
0 390.4 692.191 300 90
0 390.4 692.435 300 90
0 390.4 692.637 300 90
0 390.4 692.781 300 90
0 390.4 693.001 300 90
0 390.4 693.145 300 90
0 390.4 693.361 300 90
0 390.4 693.499 300 90
0 390.4 693.651 300 90
0 390.4 693.781 300 90
0 390.4 693.922 300 90
0 390.4 694.149 300 90
0 390.4 694.468 300 90
0 390.4 694.723 300 90
0 390.4 695.017 300 90
0 390.4 695.297 300 90
0 390.4 695.511 300 90
0 390.4 695.715 300 90
0 390.4 695.856 300 90
0 390.4 696.172 300 90
0 390.4 696.325 300 90
0 390.4 696.586 300 90
0 390.4 696.718 300 90
0 390.4 696.916 300 90
0 390.4 697.082 300 90
0 390.4 697.218 300 90
0 390.4 697.504 300 90
0 390.4 697.814 300 90
0 390.4 697.99 300 90
0 390.4 698.233 300 90
0 390.4 698.446 300 90
0 390.4 698.638 300 90
0 390.4 698.919 300 90
0 390.4 699.131 300 90
0 390.4 699.337 300 90
0 390.4 699.544 300 90
0 390.4 699.806 300 90
0 390.4 700.027 300 90
0 390.4 700.303 300 90
0 390.4 700.533 300 90
0 390.4 700.757 300 90
0 390.4 700.985 300 90
0 390.4 701.177 300 90
0 390.4 701.41 300 90
0 390.4 701.693 300 90
0 390.4 701.915 300 90
0 390.4 702.107 300 90
0 390.4 702.275 300 90
0 390.4 702.54 300 90
0 390.4 702.731 300 90
0 390.4 703.014 300 90
0 390.4 703.193 300 90
0 390.4 703.394 300 90
0 390.4 703.529 300 90
0 390.4 703.763 300 90
0 390.4 703.934 300 90
0 390.4 704.151 300 90
0 390.4 704.407 300 90
0 390.4 704.62 300 90
0 390.4 704.843 300 90
0 390.4 705.133 300 90
0 390.4 705.409 300 90
0 390.4 705.584 300 90
0 390.4 705.769 300 90
0 390.4 705.909 300 90
0 390.4 706.226 300 90
0 390.4 706.544 300 90
0 390.4 706.726 300 90
0 390.4 706.991 300 90
0 390.4 707.216 300 90
0 390.4 707.441 300 90
0 390.4 707.691 300 90
0 390.4 707.907 300 90
0 390.4 708.1 300 90
0 390.4 708.305 300 90
0 390.4 708.612 300 90
0 390.4 708.802 300 90
0 390.4 709.005 300 90
0 390.4 709.144 300 90
0 390.4 709.417 300 90
0 390.4 709.828 300 90
0 390.4 710.053 300 90
0 390.4 710.2 300 90
0 390.4 710.568 300 90
0 390.4 710.814 300 90
0 390.4 711.058 300 90
0 390.4 711.342 300 90
0 390.4 711.602 300 90
0 390.4 711.792 300 90
0 390.4 711.932 300 90
0 390.4 712.094 300 90
0 390.4 712.36 300 90
0 390.4 712.652 300 90
0 390.4 712.844 300 90
0 390.4 712.993 300 90
0 390.4 713.351 300 90
0 390.4 713.564 300 90
0 390.4 713.921 300 90
0 390.4 714.165 300 90
0 390.4 714.494 300 90
0 390.4 714.632 300 90
0 390.4 714.918 300 90
0 390.4 715.237 300 90
0 390.4 715.555 300 90
0 390.4 715.808 300 90
0 390.4 716.097 300 90
0 390.4 716.365 300 90
0 390.4 716.505 300 90
0 390.4 716.777 300 90
0 390.4 717.061 300 90
0 390.4 717.269 300 90
0 390.4 717.43 300 90
0 390.4 717.616 300 90
0 390.4 717.816 300 90
0 390.4 718.069 300 90
0 390.4 718.248 300 90
0 390.4 718.477 300 90
0 390.4 718.696 300 90
0 390.4 718.968 300 90
0 390.4 719.11 300 90
0 390.4 719.302 300 90
0 390.4 719.532 300 90
0 390.4 719.724 300 90
0 390.4 719.922 300 90
0 390.4 720.198 300 90
0 390.4 720.385 300 90
0 390.4 720.666 300 90
0 390.4 720.934 300 90
0 390.4 721.077 300 90
0 390.4 721.201 300 90
0 390.4 721.371 300 90
0 390.4 721.527 300 90
0 390.4 721.743 300 90
0 390.4 721.922 300 90
0 390.4 722.241 300 90
0 390.4 722.468 300 90
0 390.4 722.658 300 90
0 390.4 722.906 300 90
0 390.4 723.098 300 90
0 390.4 723.365 300 90
0 390.4 723.642 300 90
0 390.4 723.911 300 90
0 390.4 724.166 300 90
0 390.4 724.368 300 90
0 390.4 724.553 300 90
0 390.4 724.719 300 90
0 390.4 724.951 300 90
0 390.4 725.164 300 90
0 390.4 725.359 300 90
0 390.4 725.569 300 90
0 390.4 725.754 300 90
0 390.4 725.907 300 90
0 390.4 726.222 300 90
0 390.4 726.451 300 90
0 390.4 726.597 300 90
0 390.4 726.854 300 90
0 390.4 727.08 300 90
0 390.4 727.374 300 90
0 390.4 727.517 300 90
0 390.4 727.668 300 90
0 390.4 728.083 300 90
0 390.4 728.282 300 90
0 390.4 728.475 300 90
0 390.4 728.833 300 90
0 390.4 728.971 300 90
0 390.4 729.289 300 90
0 390.4 729.463 300 90
0 390.4 729.671 300 90
0 390.4 729.95 300 90
0 390.4 730.238 300 90
0 390.4 730.495 300 90
0 390.4 730.769 300 90
0 390.4 731.139 300 90
0 390.4 731.365 300 90
0 390.4 731.55 300 90
0 390.4 731.737 300 90
0 390.4 732.032 300 90
0 390.4 732.227 300 90
0 390.4 732.45 300 90
0 390.4 732.662 300 90
0 390.4 732.851 300 90
0 390.4 733.124 300 90
0 390.4 733.307 300 90
0 390.4 733.428 300 90
0 390.4 733.603 300 90
0 390.4 733.774 300 90
0 390.4 734.006 300 90
0 390.4 734.273 300 90
0 390.4 734.418 300 90
0 390.4 734.63 300 90
0 390.4 734.798 300 90
0 390.4 734.936 300 90
0 390.4 735.427 300 90
0 390.4 735.661 300 90
0 390.4 735.789 300 90
0 390.4 735.993 300 90
0 390.4 736.128 300 90
0 390.4 736.287 300 90
0 390.4 736.432 300 90
0 390.4 736.641 300 90
0 390.4 736.904 300 90
0 390.4 737.071 300 90
0 390.4 737.276 300 90
0 390.4 737.537 300 90
0 390.4 737.724 300 90
0 390.4 737.934 300 90
0 390.4 738.122 300 90
0 390.4 738.439 300 90
0 390.4 738.707 300 90
0 390.4 738.902 300 90
0 390.4 739.083 300 90
0 390.4 739.36 300 90
0 390.4 739.541 300 90
0 390.4 739.674 300 90
0 390.4 739.968 300 90
0 390.4 740.142 300 90
0 390.4 740.318 300 90
0 390.4 740.544 300 90
0 390.4 740.733 300 90
0 390.4 740.912 300 90
0 390.4 741.156 300 90
0 390.4 741.348 300 90
0 390.4 741.482 300 90
0 390.4 741.688 300 90
0 390.4 741.892 300 90
0 390.4 742.07 300 90
0 390.4 742.198 300 90
0 390.4 742.321 300 90
0 390.4 742.492 300 90
0 390.4 742.662 300 90
0 390.4 742.839 300 90
0 390.4 743.074 300 90
0 390.4 743.309 300 90
0 390.4 743.548 300 90
0 390.4 743.783 300 90
0 390.4 743.993 300 90
0 390.4 744.17 300 90
0 390.4 744.311 300 90
0 390.4 744.457 300 90
0 390.4 744.635 300 90
0 390.4 744.907 300 90
0 390.4 745.146 300 90
0 390.4 745.323 300 90
0 390.4 745.473 300 90
0 390.4 745.847 300 90
0 390.4 746.058 300 90
0 390.4 746.24 300 90
0 390.4 746.404 300 90
0 390.4 746.657 300 90
0 390.4 746.888 300 90
0 390.4 747.048 300 90
0 390.4 747.18 300 90
0 390.4 747.34 300 90
0 390.4 747.59 300 90
0 390.4 747.734 300 90
0 390.4 748.066 300 90
0 390.4 748.197 300 90
0 390.4 748.379 300 90
0 390.4 748.607 300 90
0 390.4 748.784 300 90
0 390.4 748.982 300 90
0 390.4 749.215 300 90
0 390.4 749.423 300 90
0 390.4 749.701 300 90
0 390.4 749.939 300 90
0 390.4 750.244 300 90
0 390.4 750.375 300 90
0 390.4 750.538 300 90
0 390.4 750.738 300 90
0 390.4 751.024 300 90
0 390.4 751.209 300 90
0 390.4 751.35 300 90
0 390.4 751.691 300 90
0 390.4 751.918 300 90
0 390.4 752.047 300 90
0 390.4 752.236 300 90
0 390.4 752.416 300 90
0 390.4 752.687 300 90
0 390.4 752.926 300 90
0 390.4 753.214 300 90
0 390.4 753.381 300 90
0 390.4 753.713 300 90
0 390.4 754.04 300 90
0 390.4 754.239 300 90
0 390.4 754.509 300 90
0 390.4 754.642 300 90
0 390.4 754.915 300 90
0 390.4 755.137 300 90
0 390.4 755.316 300 90
0 390.4 755.573 300 90
0 390.4 755.782 300 90
0 390.4 756.055 300 90
0 390.4 756.253 300 90
0 390.4 756.485 300 90
0 390.4 756.682 300 90
0 390.4 756.857 300 90
0 390.4 757.063 300 90
0 390.4 757.242 300 90
0 390.4 757.368 300 90
0 390.4 757.495 300 90
0 390.4 757.755 300 90
0 390.4 757.954 300 90
0 390.4 758.128 300 90
0 390.4 758.341 300 90
0 390.4 758.57 300 90
0 390.4 758.793 300 90
0 390.4 759.101 300 90
0 390.4 759.325 300 90
0 390.4 759.458 300 90
0 390.4 759.659 300 90
0 390.4 759.834 300 90
0 390.4 759.957 300 90
0 390.4 760.249 300 90
0 390.4 760.437 300 90
0 390.4 760.659 300 90
0 390.4 760.886 300 90
0 390.4 761.101 300 90
0 390.4 761.418 300 90
0 390.4 761.673 300 90
0 390.4 761.927 300 90
0 390.4 762.141 300 90
0 390.4 762.268 300 90
0 390.4 762.398 300 90
0 390.4 762.656 300 90
0 390.4 762.786 300 90
0 390.4 762.969 300 90
0 390.4 763.171 300 90
0 390.4 763.435 300 90
0 390.4 763.631 300 90
0 390.4 763.769 300 90
0 390.4 763.897 300 90
0 390.4 764.038 300 90
0 390.4 764.172 300 90
0 390.4 764.507 300 90
0 390.4 764.758 300 90
0 390.4 764.945 300 90
0 390.4 765.137 300 90
0 390.4 765.532 300 90
0 390.4 765.815 300 90
0 390.4 766.04 300 90
0 390.4 766.204 300 90
0 390.4 766.387 300 90
0 390.4 766.527 300 90
0 390.4 766.656 300 90
0 390.4 766.875 300 90
0 390.4 767.121 300 90
0 390.4 767.297 300 90
0 390.4 767.422 300 90
0 390.4 767.742 300 90
0 390.4 767.957 300 90
0 390.4 768.148 300 90
0 390.4 768.395 300 90
0 390.4 768.525 300 90
0 390.4 768.704 300 90
0 390.4 768.914 300 90
0 390.4 769.141 300 90
0 390.4 769.27 300 90
0 390.4 769.487 300 90
0 390.4 769.68 300 90
0 390.4 769.941 300 90
0 390.4 770.215 300 90
0 390.4 770.46 300 90
0 390.4 770.695 300 90
0 390.4 770.959 300 90
0 390.4 771.337 300 90
0 390.4 771.604 300 90
0 390.4 771.954 300 90
0 390.4 772.14 300 90
0 390.4 772.367 300 90
0 390.4 772.604 300 90
0 390.4 772.723 300 90
0 390.4 772.952 300 90
0 390.4 773.14 300 90
0 390.4 773.33 300 90
0 390.4 773.554 300 90
0 390.4 773.69 300 90
0 390.4 773.899 300 90
0 390.4 774.239 300 90
0 390.4 774.55 300 90
0 390.4 774.7 300 90
0 390.4 774.896 300 90
0 390.4 775.077 300 90
0 390.4 775.329 300 90
0 390.4 775.519 300 90
0 390.4 775.737 300 90
0 390.4 775.922 300 90
0 390.4 776.108 300 90
0 390.4 776.301 300 90
0 390.4 776.512 300 90
0 390.4 776.714 300 90
0 390.4 776.919 300 90
0 390.4 777.195 300 90
0 390.4 777.43 300 90
0 390.4 777.629 300 90
0 390.4 777.798 300 90
0 390.4 778.016 300 90
0 390.4 778.196 300 90
0 390.4 778.484 300 90
0 390.4 778.64 300 90
0 390.4 778.871 300 90
0 390.4 779.091 300 90
0 390.4 779.402 300 90
0 390.4 779.639 300 90
0 390.4 779.913 300 90
0 390.4 780.076 300 90
0 390.4 780.383 300 90
0 390.4 780.583 300 90
0 390.4 780.767 300 90
0 390.4 781.003 300 90
0 390.4 781.291 300 90
0 390.4 781.475 300 90
0 390.4 781.704 300 90
0 390.4 781.967 300 90
0 390.4 782.152 300 90
0 390.4 782.344 300 90
0 390.4 782.557 300 90
0 390.4 782.76 300 90
0 390.4 783.014 300 90
0 390.4 783.185 300 90
0 390.4 783.373 300 90
0 390.4 783.504 300 90
0 390.4 783.668 300 90
0 390.4 783.85 300 90
0 390.4 784.067 300 90
0 390.4 784.245 300 90
0 390.4 784.41 300 90
0 390.4 784.659 300 90
0 390.4 784.893 300 90
0 390.4 785.027 300 90
0 390.4 785.304 300 90
0 390.4 785.561 300 90
0 390.4 785.737 300 90
0 390.4 785.917 300 90
0 390.4 786.132 300 90
0 390.4 786.359 300 90
0 390.4 786.572 300 90
0 390.4 786.828 300 90
0 390.4 787.126 300 90
0 390.4 787.329 300 90
0 390.4 787.638 300 90
0 390.4 787.875 300 90
0 390.4 788.081 300 90
0 390.4 788.313 300 90
0 390.4 788.451 300 90
0 390.4 788.595 300 90
0 390.4 788.78 300 90
0 390.4 788.975 300 90
0 390.4 789.203 300 90
0 390.4 789.468 300 90
0 390.4 789.645 300 90
0 390.4 789.83 300 90
0 390.4 790.136 300 90
0 390.4 790.466 300 90
0 390.4 790.74 300 90
0 390.4 790.926 300 90
0 390.4 791.225 300 90
0 390.4 791.45 300 90
0 390.4 791.706 300 90
0 390.4 792.008 300 90
0 390.4 792.224 300 90
0 390.4 792.396 300 90
0 390.4 792.538 300 90
0 390.4 792.844 300 90
0 390.4 793.07 300 90
0 390.4 793.224 300 90
0 390.4 793.434 300 90
0 390.4 793.606 300 90
0 390.4 793.81 300 90
0 390.4 793.992 300 90
0 390.4 794.222 300 90
0 390.4 794.411 300 90
0 390.4 794.609 300 90
0 390.4 794.817 300 90
0 390.4 795.027 300 90
0 390.4 795.332 300 90
0 390.4 795.678 300 90
0 390.4 795.843 300 90
0 390.4 795.948 300 90
0 390.4 796.112 300 90
0 390.4 796.271 300 90
0 390.4 796.468 300 90
0 390.4 796.604 300 90
0 390.4 796.761 300 90
0 390.4 796.884 300 90
0 390.4 797.001 300 90
0 390.4 797.117 300 90
0 390.4 797.208 300 90
0 390.4 797.301 300 90
0 390.4 797.401 300 90
0 390.4 797.527 300 90
0 390.4 797.609 300 90
0 390.4 797.687 300 90
0 390.4 797.774 300 90
0 390.4 797.882 300 90
0 390.4 798.023 300 90
0 390.4 798.136 300 90
0 390.4 798.278 300 90
0 390.4 798.44 300 90
0 390.4 798.586 300 90
0 390.4 798.699 300 90
0 390.4 798.807 300 90
0 390.4 798.948 300 90
0 390.4 799.155 300 90
0 390.4 799.347 300 90
0 390.4 799.55 300 90
0 390.4 799.672 300 90
0 390.4 799.844 300 90
0 390.4 799.98 300 90
