0 773.2 0.013687 300 0
0 745.2 0.019846 0
0 566 0.024859 0
0 566 0.113353 300 66
0 538 0.137938 66
0 530.4 0.150811 66
0 480 0.184496 66
0 429.6 0.189747 66
0 424 0.204225 66
0 424 0.275791 300 66
0 424 0.525438 300 75
0 424 0.704187 300 75
0 424 0.830882 300 75
0 424 1.05266 300 75
0 418.4 1.14911 75
0 412.8 1.16111 75
0 412.8 1.26578 300 77
0 412.8 1.39803 300 86
0 412.8 1.56231 300 86
0 412.8 1.77856 300 86
0 412.8 1.92948 300 86
0 412.8 2.12682 300 88
0 412.8 2.29871 300 88
0 412.8 2.49271 300 88
0 412.8 2.6276 300 88
0 412.8 2.86527 300 88
0 412.8 3.00549 300 88
0 412.8 3.28451 300 88
0 412.8 3.46063 300 88
0 412.8 3.6844 300 88
0 412.8 3.8702 300 88
0 412.8 4.05231 300 88
0 412.8 4.3444 300 88
0 412.8 4.53145 300 88
0 409.2 4.63488 88
0 409.2 4.73623 300 88
0 409.2 4.9159 300 88
0 409.2 5.18086 300 88
0 409.2 5.34289 300 88
0 409.2 5.56713 300 88
0 409.2 5.69678 300 88
0 409.2 5.92703 300 88
0 409.2 6.16131 300 88
0 409.2 6.38292 300 88
0 409.2 6.5811 300 88
0 409.2 6.82122 300 88
0 409.2 7.11685 300 88
0 409.2 7.50902 300 88
0 409.2 7.70686 300 88
0 409.2 7.85616 300 88
0 409.2 8.05017 300 88
0 409.2 8.27315 300 88
0 409.2 8.42099 300 88
0 409.2 8.72005 300 88
0 409.2 8.9557 300 88
0 409.2 9.20876 300 88
0 409.2 9.41409 300 88
0 409.2 9.66216 300 88
0 409.2 9.87529 300 88
0 409.2 10.1364 300 88
0 409.2 10.2893 300 88
0 409.2 10.4454 300 88
0 409.2 10.6429 300 88
0 409.2 10.8825 300 88
0 409.2 11.0331 300 88
0 409.2 11.1767 300 88
0 409.2 11.4758 300 88
0 409.2 11.6562 300 88
0 409.2 11.7736 300 88
0 409.2 11.9265 300 88
0 409.2 12.1065 300 88
0 409.2 12.3249 300 88
0 409.2 12.5518 300 88
0 409.2 12.9637 300 88
0 409.2 13.166 300 88
0 409.2 13.333 300 88
0 409.2 13.529 300 88
0 409.2 13.6598 300 88
0 409.2 13.8249 300 88
0 409.2 14.0052 300 88
0 409.2 14.1436 300 88
0 407.2 14.2283 88
0 407.2 14.3191 300 88
0 407.2 14.4832 300 88
0 407.2 14.7295 300 88
0 407.2 14.9479 300 88
0 407.2 15.1101 300 88
0 407.2 15.3282 300 88
0 407.2 15.5535 300 88
0 407.2 15.811 300 88
0 407.2 16.0883 300 88
0 407.2 16.3441 300 88
0 407.2 16.5007 300 88
0 407.2 16.7817 300 88
0 407.2 16.9948 300 88
0 407.2 17.2437 300 88
0 407.2 17.4914 300 88
0 407.2 17.6472 300 88
0 407.2 17.8453 300 88
0 407.2 18.1042 300 88
0 407.2 18.3986 300 88
0 407.2 18.6172 300 88
0 407.2 18.9438 300 88
0 407.2 19.1324 300 88
0 407.2 19.4283 300 88
0 407.2 19.5746 300 88
0 407.2 19.8576 300 88
0 407.2 20.1598 300 88
0 407.2 20.3766 300 88
0 407.2 20.6254 300 88
0 407.2 21.0212 300 88
0 407.2 21.1263 300 88
0 407.2 21.3066 300 88
0 407.2 21.4481 300 88
0 407.2 21.5954 300 88
0 407.2 21.838 300 88
0 407.2 22.1616 300 88
0 407.2 22.3151 300 88
0 407.2 22.6145 300 88
0 407.2 22.752 300 88
0 407.2 23.0313 300 88
0 407.2 23.27 300 88
0 407.2 23.5553 300 88
0 407.2 23.6916 300 88
0 407.2 24.041 300 88
0 407.2 24.226 300 88
0 407.2 24.5506 300 88
0 407.2 24.8549 300 88
0 407.2 25.1464 300 88
0 407.2 25.3052 300 88
0 407.2 25.6024 300 88
0 407.2 25.809 300 88
0 407.2 25.9828 300 88
0 407.2 26.2853 300 88
0 407.2 26.5528 300 88
0 407.2 26.7428 300 88
0 407.2 27.0481 300 88
0 407.2 27.2402 300 88
0 407.2 27.4235 300 88
0 407.2 27.7014 300 88
0 407.2 28.0779 300 88
0 407.2 28.313 300 88
0 407.2 28.4884 300 88
0 407.2 28.7176 300 88
0 401.6 28.8745 88
0 401.6 28.9825 300 88
0 401.6 29.1639 300 88
0 401.6 29.3278 300 88
0 401.6 29.5043 300 88
0 401.6 29.7139 300 88
0 401.6 29.9816 300 88
0 401.6 30.127 300 88
0 401.6 30.2674 300 88
0 401.6 30.537 300 88
0 401.6 30.7106 300 88
0 401.6 30.9802 300 88
0 401.6 31.1506 300 88
0 401.6 31.3117 300 88
0 401.6 31.4968 300 88
0 401.6 31.6934 300 88
0 401.6 31.9646 300 88
0 401.6 32.285 300 88
0 401.6 32.5222 300 88
0 401.6 32.7926 300 89
0 401.6 33.0453 300 89
0 401.6 33.2605 300 89
0 401.6 33.4797 300 89
0 401.6 33.6886 300 89
0 401.6 33.8729 300 89
0 401.6 34.1116 300 89
0 401.6 34.2826 300 89
0 401.6 34.5082 300 89
0 401.6 34.6486 300 89
0 401.6 34.8391 300 89
0 401.6 35.1419 300 89
0 401.6 35.3884 300 89
0 401.6 35.6508 300 89
0 401.6 35.9424 300 89
0 401.6 36.1215 300 89
0 401.6 36.4149 300 89
0 401.6 36.5984 300 89
0 401.6 36.8201 300 89
0 401.6 37.0833 300 89
0 401.6 37.3464 300 89
0 401.6 37.5578 300 89
0 401.6 37.7327 300 89
0 401.6 38.0024 300 89
0 401.6 38.2808 300 89
0 401.6 38.5682 300 89
0 401.6 38.724 300 89
0 401.6 38.8832 300 89
0 401.6 39.0906 300 89
0 401.6 39.2132 300 89
0 401.6 39.3735 300 89
0 401.6 39.4996 300 89
0 401.6 39.6622 300 89
0 401.6 39.9301 300 89
0 401.6 40.2371 300 89
0 401.6 40.4728 300 89
0 401.6 40.592 300 89
0 401.6 40.9387 300 89
0 401.6 41.0655 300 89
0 401.6 41.2654 300 89
0 401.6 41.4184 300 89
0 401.6 41.5724 300 89
0 401.6 41.7726 300 89
0 401.6 41.9687 300 89
0 401.6 42.0863 300 89
0 401.6 42.2193 300 89
0 401.6 42.4259 300 89
0 401.6 42.6019 300 89
0 401.6 42.7371 300 89
0 401.6 42.9519 300 89
0 401.6 43.1797 300 89
0 401.6 43.3944 300 89
0 401.6 43.524 300 89
0 401.6 43.689 300 89
0 401.6 43.9889 300 89
0 401.6 44.2333 300 89
0 401.6 44.4339 300 89
0 401.6 44.5604 300 89
0 401.6 44.7247 300 89
0 401.6 44.9965 300 89
0 401.6 45.1487 300 89
0 401.6 45.4093 300 89
0 401.6 45.6575 300 89
0 401.6 45.8674 300 89
0 401.6 46.0271 300 89
0 401.6 46.2868 300 89
0 401.6 46.4398 300 89
0 401.6 46.7444 300 89
0 401.6 46.9209 300 89
0 401.6 47.206 300 89
0 401.6 47.4278 300 89
0 401.6 47.5674 300 89
0 401.6 47.7277 300 89
0 401.6 47.9694 300 89
0 401.6 48.1281 300 89
0 401.6 48.4095 300 89
0 401.6 48.5629 300 89
0 401.6 48.7603 300 89
0 401.6 49.1817 300 89
0 401.6 49.424 300 89
0 401.6 49.711 300 89
0 401.6 50.1066 300 89
0 401.6 50.3382 300 89
0 401.6 50.5421 300 89
0 401.6 50.7812 300 89
0 401.6 50.9039 300 89
0 401.6 51.2251 300 89
0 401.6 51.4568 300 89
0 401.6 51.6515 300 89
0 401.6 51.896 300 89
0 401.6 52.0519 300 89
0 401.6 52.2137 300 89
0 401.6 52.407 300 89
0 401.6 52.6283 300 89
0 401.6 52.85 300 89
0 401.6 53.1188 300 89
0 401.6 53.2865 300 89
0 401.6 53.5499 300 91
0 401.6 53.6617 300 91
0 401.6 53.9213 300 91
0 401.6 54.1028 300 91
0 401.6 54.2643 300 91
0 401.6 54.5722 300 91
0 401.6 54.7497 300 91
0 401.6 54.9342 300 91
0 401.6 55.0953 300 91
0 401.6 55.2195 300 91
0 401.6 55.437 300 91
0 401.6 55.7333 300 91
0 401.6 55.9384 300 91
0 401.6 56.04 300 91
0 401.6 56.231 300 91
0 401.6 56.3646 300 91
0 401.6 56.5034 300 91
0 401.6 56.6236 300 91
0 401.6 56.804 300 91
0 401.6 56.9815 300 91
0 401.6 57.1618 300 91
0 401.6 57.2959 300 91
0 401.6 57.454 300 91
0 401.6 57.5684 300 91
0 401.6 57.7756 300 91
0 401.6 57.9427 300 91
0 401.6 58.0403 300 91
0 401.6 58.1977 300 91
0 401.6 58.3509 300 91
0 401.6 58.5028 300 91
0 401.6 58.7214 300 91
0 401.6 58.9 300 91
0 401.6 59.048 300 91
0 401.6 59.1954 300 91
0 401.6 59.3642 300 91
0 401.6 59.5643 300 91
0 401.6 59.7661 300 91
0 401.6 59.8593 300 91
0 401.6 60.0156 300 91
0 401.6 60.13 300 91
0 401.6 60.2531 300 91
0 401.6 60.4297 300 91
0 401.6 60.5945 300 91
0 401.6 60.792 300 91
0 401.6 61.0256 300 91
0 401.6 61.2971 300 91
0 401.6 61.3871 300 91
0 401.6 61.5669 300 91
0 401.6 61.661 300 91
0 401.6 61.8133 300 91
0 401.6 61.9619 300 91
0 401.6 62.1455 300 91
0 401.6 62.3628 300 91
0 401.6 62.5665 300 91
0 401.6 62.7664 300 91
0 401.6 62.9869 300 91
0 401.6 63.1962 300 91
0 401.6 63.3979 300 91
0 401.6 63.5999 300 91
0 401.6 63.7214 300 91
0 401.6 63.9656 300 91
0 401.6 64.1375 300 91
0 401.6 64.3507 300 91
0 401.6 64.6884 300 91
0 401.6 64.8121 300 91
0 401.6 64.9974 300 91
0 401.6 65.2249 300 91
0 401.6 65.4694 300 91
0 401.6 65.702 300 91
0 401.6 65.9214 300 91
0 401.6 66.1509 300 91
0 401.6 66.3985 300 91
0 401.6 66.6345 300 91
0 401.6 66.7525 300 91
0 401.6 66.8778 300 91
0 401.6 67.0417 300 91
0 401.6 67.1843 300 91
0 401.6 67.3105 300 91
0 401.6 67.5229 300 91
0 401.6 67.6606 300 91
0 401.6 67.9383 300 91
0 401.6 68.1006 300 91
0 401.6 68.2674 300 91
0 401.6 68.4299 300 91
0 401.6 68.5614 300 91
0 401.6 68.6826 300 91
0 401.6 68.9202 300 91
0 401.6 69.0879 300 91
0 401.6 69.3545 300 91
0 401.6 69.6916 300 91
0 401.6 69.9098 300 91
0 401.6 70.0804 300 91
0 401.6 70.2482 300 91
0 401.6 70.5294 300 91
0 401.6 70.7248 300 91
0 401.6 70.8979 300 91
0 401.6 71.0359 300 91
0 401.6 71.2068 300 91
0 401.6 71.376 300 91
0 401.6 71.5936 300 91
0 401.6 71.7244 300 91
0 401.6 71.9598 300 91
0 401.6 72.1305 300 91
0 401.6 72.3844 300 91
0 401.6 72.6408 300 91
0 401.6 72.8453 300 91
0 401.6 73.0243 300 91
0 401.6 73.2518 300 91
0 401.6 73.459 300 91
0 401.6 73.5885 300 91
0 401.6 73.8137 300 91
0 401.6 74.0875 300 91
0 401.6 74.25 300 91
0 401.6 74.5543 300 91
0 401.6 74.683 300 91
0 401.6 74.8018 300 91
0 401.6 75.0097 300 91
0 401.6 75.1948 300 91
0 401.6 75.4033 300 91
0 401.6 75.6299 300 91
0 401.6 75.847 300 91
0 401.6 76.0442 300 91
0 401.6 76.3026 300 91
0 401.6 76.4764 300 91
0 401.6 76.6506 300 91
0 401.6 76.8118 300 91
0 401.6 76.9669 300 91
0 401.6 77.2508 300 91
0 401.6 77.4191 300 91
0 401.6 77.6007 300 91
0 401.6 77.8103 300 91
0 401.6 77.9902 300 91
0 401.6 78.1644 300 91
0 401.6 78.3418 300 91
0 401.6 78.5595 300 91
0 401.6 78.7569 300 91
0 401.6 79.0211 300 91
0 401.6 79.1962 300 91
0 401.6 79.3397 300 91
0 401.6 79.52 300 91
0 401.6 79.7289 300 91
0 401.6 80.0613 300 91
0 401.6 80.2881 300 91
0 401.6 80.4572 300 91
0 401.6 80.5969 300 91
0 401.6 80.8222 300 91
0 396 81.033 91
0 396 81.1546 300 91
0 396 81.3547 300 91
0 396 81.4783 300 91
0 396 81.6115 300 91
0 396 81.7909 300 91
0 396 81.9834 300 91
0 396 82.1767 300 91
0 396 82.4026 300 91
0 396 82.6112 300 91
0 396 82.8214 300 91
0 396 83.028 300 91
0 396 83.1903 300 91
0 396 83.4243 300 91
0 396 83.5488 300 91
0 396 83.6819 300 91
0 396 83.9339 300 91
0 396 84.2636 300 91
0 396 84.4545 300 91
0 396 84.6837 300 91
0 396 84.8175 300 91
0 396 84.9432 300 91
0 396 85.1657 300 91
0 396 85.4061 300 91
0 396 85.6327 300 91
0 396 85.846 300 91
0 396 85.9693 300 91
0 396 86.1502 300 91
0 396 86.3312 300 91
0 396 86.5075 300 91
0 396 86.6789 300 91
0 396 86.7986 300 91
0 396 87.0287 300 91
0 396 87.1844 300 91
0 396 87.5078 300 91
0 396 87.7376 300 91
0 396 87.9167 300 91
0 396 88.1349 300 91
0 396 88.3801 300 91
0 396 88.6155 300 91
0 396 88.831 300 91
0 396 88.9688 300 91
0 396 89.1012 300 91
0 396 89.2502 300 91
0 396 89.4974 300 91
0 396 89.7803 300 91
0 396 89.9411 300 91
0 396 90.1573 300 91
0 396 90.4482 300 91
0 396 90.6505 300 91
0 396 90.8586 300 91
0 396 91.0372 300 91
0 396 91.2595 300 91
0 396 91.4435 300 91
0 396 91.6614 300 91
0 396 91.837 300 91
0 396 92.0104 300 91
0 396 92.141 300 91
0 396 92.4426 300 91
0 396 92.649 300 91
0 396 92.7758 300 91
0 396 92.9557 300 91
0 396 93.1426 300 91
0 396 93.353 300 91
0 396 93.665 300 91
0 396 93.8938 300 91
0 396 94.3963 300 91
0 396 94.56 300 91
0 396 94.7536 300 91
0 396 95.0115 300 91
0 396 95.2652 300 91
0 396 95.4038 300 91
0 396 95.6448 300 91
0 396 95.7749 300 91
0 396 95.9442 300 91
0 396 96.1769 300 91
0 396 96.3544 300 91
0 396 96.4731 300 91
0 396 96.6543 300 91
0 396 96.9827 300 91
0 396 97.1533 300 91
0 396 97.372 300 91
0 396 97.5789 300 91
0 396 97.7677 300 91
0 390.4 97.8755 91
0 390.4 97.9924 300 91
0 390.4 98.1983 300 91
0 390.4 98.423 300 91
0 390.4 98.6742 300 91
0 390.4 98.8886 300 91
0 390.4 99.1523 300 91
0 390.4 99.2934 300 91
0 390.4 99.4824 300 91
0 390.4 99.6012 300 93
0 390.4 99.7379 300 93
0 390.4 99.9737 300 93
0 390.4 100.169 300 93
0 390.4 100.43 300 93
0 390.4 100.651 300 93
0 390.4 100.831 300 93
0 390.4 100.971 300 93
0 390.4 101.2 300 93
0 390.4 101.412 300 93
0 390.4 101.631 300 93
0 390.4 101.86 300 93
0 390.4 102.082 300 93
0 390.4 102.389 300 93
0 390.4 102.654 300 93
0 390.4 102.794 300 93
0 390.4 102.928 300 93
0 390.4 103.091 300 93
0 390.4 103.312 300 93
0 390.4 103.488 300 93
0 390.4 103.772 300 93
0 390.4 104.058 300 93
0 390.4 104.28 300 93
0 390.4 104.438 300 93
0 390.4 104.616 300 93
0 390.4 104.847 300 93
0 390.4 105.018 300 93
0 390.4 105.198 300 93
0 390.4 105.421 300 93
0 390.4 105.618 300 93
0 390.4 105.788 300 93
0 390.4 105.933 300 93
0 390.4 106.187 300 93
0 390.4 106.395 300 93
0 390.4 106.572 300 93
0 390.4 106.779 300 93
0 390.4 106.982 300 93
0 390.4 107.205 300 93
0 390.4 107.431 300 93
0 390.4 107.589 300 93
0 390.4 107.815 300 93
0 390.4 108.065 300 93
0 390.4 108.193 300 93
0 390.4 108.388 300 93
0 390.4 108.518 300 93
0 390.4 108.774 300 93
0 390.4 108.974 300 93
0 390.4 109.136 300 93
0 390.4 109.268 300 93
0 390.4 109.452 300 93
0 390.4 109.609 300 93
0 390.4 109.91 300 93
0 390.4 110.12 300 93
0 390.4 110.344 300 93
0 390.4 110.516 300 93
0 390.4 110.775 300 93
0 390.4 110.93 300 93
0 390.4 111.167 300 93
0 390.4 111.35 300 93
0 390.4 111.566 300 93
0 390.4 111.715 300 93
0 390.4 111.972 300 93
0 390.4 112.202 300 93
0 390.4 112.314 300 93
0 390.4 112.525 300 93
0 390.4 112.733 300 93
0 390.4 112.99 300 93
0 390.4 113.247 300 93
0 390.4 113.466 300 93
0 390.4 113.592 300 93
0 390.4 113.748 300 93
0 390.4 113.88 300 93
0 390.4 114.129 300 93
0 390.4 114.334 300 93
0 390.4 114.541 300 93
0 390.4 114.738 300 93
0 390.4 114.917 300 93
0 390.4 115.153 300 93
0 390.4 115.278 300 93
0 390.4 115.46 300 93
0 390.4 115.642 300 93
0 390.4 115.811 300 93
0 390.4 116.056 300 93
0 390.4 116.389 300 93
0 390.4 116.557 300 93
0 390.4 116.903 300 93
0 390.4 117.025 300 93
0 390.4 117.16 300 93
0 390.4 117.418 300 93
0 390.4 117.639 300 93
0 390.4 117.813 300 93
0 390.4 118.031 300 93
0 390.4 118.38 300 93
0 390.4 118.512 300 93
0 390.4 118.769 300 93
0 390.4 118.99 300 93
0 390.4 119.248 300 93
0 390.4 119.517 300 93
0 390.4 119.727 300 93
0 390.4 119.945 300 93
0 390.4 120.122 300 93
0 390.4 120.323 300 93
0 390.4 120.606 300 93
0 390.4 120.831 300 93
0 390.4 121.015 300 93
0 390.4 121.2 300 93
0 390.4 121.415 300 93
0 390.4 121.634 300 93
0 390.4 121.936 300 93
0 390.4 122.141 300 93
0 390.4 122.397 300 93
0 390.4 122.529 300 93
0 390.4 122.748 300 93
0 390.4 122.906 300 93
0 390.4 123.118 300 93
0 390.4 123.286 300 93
0 390.4 123.507 300 93
0 390.4 123.742 300 93
0 390.4 123.861 300 93
0 390.4 124.029 300 93
0 390.4 124.301 300 93
0 390.4 124.51 300 93
0 390.4 124.658 300 93
0 390.4 124.939 300 93
0 390.4 125.149 300 93
0 390.4 125.309 300 93
0 390.4 125.463 300 93
0 390.4 125.705 300 93
0 390.4 125.886 300 93
0 390.4 126.111 300 93
0 390.4 126.439 300 93
0 390.4 126.601 300 93
0 390.4 126.787 300 93
0 390.4 126.965 300 93
0 390.4 127.224 300 93
0 390.4 127.478 300 93
0 390.4 127.669 300 93
0 390.4 127.849 300 93
0 390.4 127.99 300 93
0 390.4 128.195 300 93
0 390.4 128.332 300 93
0 390.4 128.499 300 93
0 390.4 128.647 300 93
0 390.4 128.912 300 93
0 390.4 129.2 300 93
0 390.4 129.4 300 93
0 390.4 129.544 300 93
0 390.4 129.76 300 93
0 390.4 130.039 300 93
0 390.4 130.131 300 93
0 390.4 130.323 300 93
0 390.4 130.507 300 93
0 390.4 130.785 300 93
0 390.4 130.962 300 93
0 390.4 131.181 300 93
0 390.4 131.418 300 93
0 390.4 131.604 300 93
0 390.4 131.81 300 93
0 390.4 132.124 300 93
0 390.4 132.302 300 93
0 390.4 132.628 300 93
0 390.4 132.87 300 93
0 390.4 133.001 300 93
0 390.4 133.177 300 93
0 390.4 133.401 300 93
0 390.4 133.662 300 93
0 390.4 133.872 300 93
0 390.4 134.019 300 93
0 390.4 134.188 300 93
0 390.4 134.492 300 93
0 390.4 134.719 300 93
0 390.4 135.041 300 93
0 390.4 135.215 300 93
0 390.4 135.381 300 93
0 390.4 135.567 300 93
0 390.4 135.741 300 93
0 390.4 135.938 300 93
0 390.4 136.179 300 93
0 390.4 136.323 300 93
0 390.4 136.471 300 93
0 390.4 136.607 300 93
0 390.4 136.857 300 93
0 390.4 137.006 300 93
0 390.4 137.152 300 93
0 390.4 137.32 300 93
0 390.4 137.551 300 93
0 390.4 137.773 300 93
0 390.4 138.078 300 93
0 390.4 138.274 300 93
0 390.4 138.581 300 93
0 390.4 138.757 300 93
0 390.4 138.964 300 93
0 390.4 139.151 300 93
0 390.4 139.425 300 93
0 390.4 139.662 300 93
0 390.4 139.917 300 93
0 390.4 140.126 300 93
0 390.4 140.3 300 93
0 390.4 140.479 300 93
0 390.4 140.717 300 93
0 390.4 140.939 300 93
0 390.4 141.363 300 93
0 390.4 141.487 300 93
0 390.4 141.623 300 93
0 390.4 141.776 300 93
0 390.4 141.957 300 93
0 390.4 142.22 300 93
0 390.4 142.356 300 93
0 390.4 142.545 300 93
0 390.4 142.788 300 93
0 390.4 142.975 300 93
0 390.4 143.201 300 93
0 390.4 143.333 300 93
0 390.4 143.613 300 93
0 390.4 143.767 300 93
0 390.4 143.978 300 93
0 390.4 144.241 300 93
0 390.4 144.377 300 93
0 390.4 144.602 300 93
0 390.4 144.791 300 93
0 390.4 144.927 300 93
0 390.4 145.103 300 93
0 390.4 145.354 300 93
0 390.4 145.495 300 93
0 390.4 145.668 300 93
0 390.4 145.849 300 93
0 390.4 146.029 300 93
0 390.4 146.163 300 93
0 390.4 146.457 300 93
0 390.4 146.796 300 93
0 390.4 146.974 300 93
0 390.4 147.096 300 93
0 390.4 147.26 300 93
0 390.4 147.424 300 93
0 390.4 147.566 300 93
0 390.4 147.833 300 93
0 390.4 148.008 300 93
0 390.4 148.281 300 93
0 390.4 148.504 300 93
0 390.4 148.727 300 93
0 390.4 148.925 300 93
0 390.4 149.24 300 93
0 390.4 149.424 300 93
0 390.4 149.56 300 93
0 390.4 149.696 300 93
0 390.4 149.913 300 93
0 390.4 150.138 300 93
0 390.4 150.277 300 93
0 390.4 150.448 300 93
0 390.4 150.631 300 93
0 390.4 150.866 300 93
0 390.4 151.014 300 93
0 390.4 151.175 300 93
0 390.4 151.394 300 93
0 390.4 151.639 300 93
0 390.4 151.911 300 93
0 390.4 152.087 300 93
0 390.4 152.334 300 93
0 390.4 152.647 300 93
0 390.4 152.892 300 93
0 390.4 153.084 300 93
0 390.4 153.231 300 93
0 390.4 153.454 300 93
0 390.4 153.653 300 93
0 390.4 153.881 300 93
0 390.4 154.126 300 93
0 390.4 154.3 300 93
0 390.4 154.569 300 93
0 390.4 154.833 300 93
0 390.4 155.169 300 93
0 390.4 155.467 300 93
0 390.4 155.69 300 93
0 390.4 155.867 300 93
0 390.4 156.091 300 93
0 390.4 156.342 300 93
0 390.4 156.624 300 93
0 390.4 156.794 300 93
0 390.4 156.993 300 93
0 390.4 157.294 300 93
0 390.4 157.543 300 93
0 390.4 157.771 300 93
0 390.4 157.978 300 93
0 390.4 158.248 300 93
0 390.4 158.474 300 93
0 390.4 158.667 300 93
0 390.4 158.844 300 93
0 390.4 159.129 300 93
0 390.4 159.392 300 93
0 390.4 159.532 300 93
0 390.4 159.694 300 93
0 390.4 159.877 300 93
0 390.4 160.068 300 93
0 390.4 160.207 300 93
0 390.4 160.488 300 93
0 390.4 160.624 300 93
0 390.4 160.934 300 93
0 390.4 161.128 300 93
0 390.4 161.43 300 93
0 390.4 161.57 300 93
0 390.4 161.834 300 93
0 390.4 162.067 300 93
0 390.4 162.31 300 93
0 390.4 162.601 300 93
0 390.4 162.807 300 93
0 390.4 162.944 300 93
0 390.4 163.112 300 93
0 390.4 163.245 300 93
0 390.4 163.582 300 93
0 390.4 163.708 300 93
0 390.4 163.921 300 93
0 390.4 164.069 300 93
0 390.4 164.232 300 93
0 390.4 164.409 300 93
0 390.4 164.597 300 93
0 390.4 164.783 300 93
0 390.4 165.08 300 93
0 390.4 165.327 300 93
0 390.4 165.456 300 93
0 390.4 165.633 300 93
0 390.4 165.96 300 93
0 390.4 166.263 300 93
0 390.4 166.533 300 93
0 390.4 166.704 300 93
0 390.4 166.871 300 93
0 390.4 167.044 300 93
0 390.4 167.172 300 93
0 390.4 167.515 300 93
0 390.4 167.711 300 93
0 390.4 167.92 300 93
0 390.4 168.257 300 93
0 390.4 168.403 300 93
0 390.4 168.62 300 93
0 390.4 168.838 300 93
0 390.4 169.047 300 93
0 390.4 169.346 300 93
0 390.4 169.476 300 93
0 390.4 169.651 300 93
0 390.4 169.776 300 93
0 390.4 170.027 300 93
0 390.4 170.296 300 93
0 390.4 170.507 300 93
0 390.4 170.752 300 93
0 390.4 170.984 300 93
0 390.4 171.215 300 93
0 390.4 171.437 300 93
0 390.4 171.672 300 93
0 390.4 171.875 300 93
0 390.4 172.051 300 93
0 390.4 172.279 300 93
0 390.4 172.588 300 93
0 390.4 172.801 300 93
0 390.4 172.991 300 93
0 390.4 173.209 300 93
0 390.4 173.387 300 93
0 390.4 173.648 300 93
0 390.4 173.829 300 93
0 390.4 174.133 300 93
0 390.4 174.331 300 93
0 390.4 174.487 300 93
0 390.4 174.636 300 93
0 390.4 174.756 300 93
0 390.4 174.932 300 93
0 390.4 175.193 300 93
0 390.4 175.456 300 93
0 390.4 175.608 300 93
0 390.4 175.745 300 93
0 390.4 176.022 300 93
0 390.4 176.208 300 93
0 390.4 176.349 300 93
0 390.4 176.526 300 93
0 390.4 176.743 300 93
0 390.4 176.953 300 93
0 390.4 177.156 300 93
0 390.4 177.333 300 93
0 390.4 177.554 300 93
0 390.4 177.779 300 93
0 390.4 178.023 300 93
0 390.4 178.192 300 93
0 390.4 178.454 300 93
0 390.4 178.696 300 93
0 390.4 178.838 300 93
0 390.4 178.958 300 93
0 390.4 179.248 300 93
0 390.4 179.436 300 93
0 390.4 179.734 300 93
0 390.4 179.969 300 93
0 390.4 180.109 300 93
0 390.4 180.249 300 93
0 390.4 180.43 300 93
0 390.4 180.647 300 93
0 390.4 180.821 300 93
0 390.4 181.003 300 93
0 390.4 181.23 300 93
0 390.4 181.483 300 93
0 390.4 181.683 300 93
0 390.4 182.066 300 93
0 390.4 182.404 300 93
0 390.4 182.684 300 93
0 390.4 182.92 300 93
0 390.4 183.118 300 93
0 390.4 183.358 300 93
0 390.4 183.575 300 93
0 390.4 183.827 300 93
0 390.4 184.017 300 93
0 390.4 184.232 300 93
0 390.4 184.486 300 93
0 390.4 184.614 300 93
0 390.4 184.768 300 93
0 390.4 184.959 300 93
0 390.4 185.105 300 93
0 390.4 185.305 300 93
0 390.4 185.604 300 93
0 390.4 185.735 300 93
0 390.4 185.914 300 93
0 390.4 186.21 300 93
0 390.4 186.433 300 93
0 390.4 186.717 300 93
0 390.4 186.961 300 93
0 390.4 187.153 300 93
0 390.4 187.319 300 93
0 390.4 187.489 300 93
0 390.4 187.808 300 93
0 390.4 188.087 300 93
0 390.4 188.267 300 93
0 390.4 188.433 300 93
0 390.4 188.691 300 93
0 390.4 188.907 300 93
0 390.4 189.117 300 93
0 390.4 189.233 300 93
0 390.4 189.355 300 93
0 390.4 189.472 300 93
0 390.4 189.597 300 93
0 390.4 189.753 300 93
0 390.4 189.852 300 93
0 390.4 189.973 300 93
0 390.4 190.083 300 93
0 390.4 190.308 300 93
0 390.4 190.458 300 93
0 390.4 190.666 300 93
0 390.4 190.805 300 93
0 390.4 190.922 300 93
0 390.4 191.051 300 93
0 390.4 191.243 300 93
0 390.4 191.375 300 93
0 390.4 191.778 300 93
0 390.4 191.95 300 93
0 390.4 192.248 300 93
0 390.4 192.374 300 93
0 390.4 192.604 300 93
0 390.4 192.834 300 93
0 390.4 193.071 300 93
0 390.4 193.397 300 93
0 390.4 193.543 300 93
0 390.4 193.753 300 93
0 390.4 193.952 300 93
0 390.4 194.104 300 93
0 390.4 194.261 300 93
0 390.4 194.433 300 93
0 390.4 194.561 300 93
0 390.4 194.699 300 93
0 390.4 194.832 300 93
0 390.4 195.023 300 93
0 390.4 195.168 300 93
0 390.4 195.284 300 93
0 390.4 195.549 300 93
0 390.4 195.854 300 93
0 390.4 196.06 300 93
0 390.4 196.387 300 93
0 390.4 196.6 300 93
0 390.4 196.88 300 93
0 390.4 197.106 300 93
0 390.4 197.312 300 93
0 390.4 197.528 300 93
0 390.4 197.738 300 93
0 390.4 197.911 300 93
0 390.4 198.065 300 93
0 390.4 198.24 300 93
0 390.4 198.477 300 93
0 390.4 198.814 300 93
0 390.4 199.028 300 93
0 390.4 199.228 300 93
0 390.4 199.355 300 93
0 390.4 199.481 300 93
0 390.4 199.65 300 93
0 390.4 199.928 300 93
0 390.4 200.193 300 93
0 390.4 200.412 300 93
0 390.4 200.599 300 93
0 390.4 200.859 300 93
0 390.4 201.25 300 93
0 390.4 201.483 300 93
0 390.4 201.609 300 93
0 390.4 201.95 300 93
0 390.4 202.292 300 93
0 390.4 202.487 300 93
0 390.4 202.602 300 93
0 390.4 202.734 300 93
0 390.4 202.934 300 93
0 390.4 203.071 300 93
0 390.4 203.232 300 93
0 390.4 203.427 300 93
0 390.4 203.572 300 93
0 390.4 203.839 300 93
0 390.4 204.03 300 93
0 390.4 204.239 300 93
0 390.4 204.414 300 93
0 390.4 204.632 300 93
0 390.4 204.982 300 93
0 390.4 205.12 300 93
0 390.4 205.363 300 93
0 390.4 205.506 300 93
0 390.4 205.884 300 93
0 390.4 206.023 300 93
0 390.4 206.19 300 93
0 390.4 206.416 300 93
0 390.4 206.634 300 93
0 390.4 206.924 300 93
0 390.4 207.153 300 93
0 390.4 207.343 300 93
0 390.4 207.592 300 93
0 390.4 207.745 300 93
0 390.4 207.911 300 93
0 390.4 208.102 300 93
0 390.4 208.293 300 93
0 390.4 208.545 300 93
0 390.4 208.773 300 93
0 390.4 208.925 300 93
0 390.4 209.145 300 93
0 390.4 209.285 300 93
0 390.4 209.471 300 93
0 390.4 209.693 300 93
0 390.4 209.889 300 93
0 390.4 210.158 300 93
0 390.4 210.377 300 93
0 390.4 210.665 300 93
0 390.4 211.085 300 93
0 390.4 211.334 300 93
0 390.4 211.552 300 93
0 390.4 211.734 300 93
0 390.4 211.874 300 93
0 390.4 212.024 300 93
0 390.4 212.173 300 93
0 390.4 212.507 300 93
0 390.4 212.677 300 93
0 390.4 212.865 300 93
0 390.4 213.3 300 93
0 390.4 213.607 300 93
0 390.4 213.806 300 93
0 390.4 214.015 300 93
0 390.4 214.293 300 93
0 390.4 214.53 300 93
0 390.4 214.772 300 93
0 390.4 215.186 300 93
0 390.4 215.359 300 93
0 390.4 215.603 300 93
0 390.4 215.759 300 93
0 390.4 215.962 300 93
0 390.4 216.152 300 93
0 390.4 216.34 300 93
0 390.4 216.524 300 93
0 390.4 216.703 300 93
0 390.4 216.894 300 93
0 390.4 217.126 300 93
0 390.4 217.299 300 93
0 390.4 217.645 300 93
0 390.4 217.774 300 93
0 390.4 217.962 300 93
0 390.4 218.192 300 93
0 390.4 218.342 300 93
0 390.4 218.643 300 93
0 390.4 218.791 300 93
0 390.4 218.984 300 93
0 390.4 219.13 300 93
0 390.4 219.397 300 93
0 390.4 219.593 300 93
0 390.4 219.785 300 93
0 390.4 220.1 300 93
0 390.4 220.277 300 93
0 390.4 220.632 300 93
0 390.4 220.828 300 93
0 390.4 221 300 93
0 390.4 221.18 300 93
0 390.4 221.408 300 93
0 390.4 221.548 300 93
0 390.4 221.806 300 93
0 390.4 221.966 300 93
0 390.4 222.271 300 93
0 390.4 222.505 300 93
0 390.4 222.72 300 93
0 390.4 222.958 300 93
0 390.4 223.152 300 93
0 390.4 223.318 300 93
0 390.4 223.518 300 93
0 390.4 223.73 300 93
0 390.4 223.943 300 93
0 390.4 224.153 300 93
0 390.4 224.369 300 93
0 390.4 224.658 300 93
0 390.4 225.099 300 93
0 390.4 225.229 300 93
0 390.4 225.405 300 93
0 390.4 225.53 300 93
0 390.4 225.824 300 93
0 390.4 225.995 300 93
0 390.4 226.169 300 93
0 390.4 226.364 300 93
0 390.4 226.534 300 93
0 390.4 226.76 300 93
0 390.4 226.977 300 93
0 390.4 227.207 300 93
0 390.4 227.413 300 93
0 390.4 227.622 300 93
0 390.4 227.791 300 93
0 390.4 227.981 300 93
0 390.4 228.15 300 93
0 390.4 228.349 300 93
0 390.4 228.563 300 93
0 390.4 228.744 300 93
0 390.4 228.832 300 93
0 390.4 228.96 300 93
0 390.4 229.072 300 93
0 390.4 229.247 300 93
0 390.4 229.396 300 93
0 390.4 229.647 300 93
0 390.4 229.906 300 93
0 390.4 230.122 300 93
0 390.4 230.331 300 93
0 390.4 230.542 300 93
0 390.4 230.803 300 93
0 390.4 231.017 300 93
0 390.4 231.27 300 93
0 390.4 231.401 300 93
0 390.4 231.772 300 93
0 390.4 231.958 300 93
0 390.4 232.179 300 93
0 390.4 232.376 300 93
0 390.4 232.554 300 93
0 390.4 232.764 300 93
0 390.4 232.948 300 93
0 390.4 233.167 300 93
0 390.4 233.34 300 93
0 390.4 233.526 300 93
0 390.4 233.724 300 93
0 390.4 233.848 300 93
0 390.4 234.057 300 93
0 390.4 234.179 300 93
0 390.4 234.363 300 93
0 390.4 234.581 300 93
0 390.4 234.871 300 93
0 390.4 235.06 300 93
0 390.4 235.195 300 93
0 390.4 235.336 300 93
0 390.4 235.481 300 93
0 390.4 235.653 300 93
0 390.4 235.965 300 93
0 390.4 236.182 300 93
0 390.4 236.322 300 93
0 390.4 236.488 300 93
0 390.4 236.753 300 93
0 390.4 236.889 300 93
0 390.4 237.171 300 93
0 390.4 237.316 300 93
0 390.4 237.493 300 93
0 390.4 237.863 300 93
0 390.4 238.052 300 93
0 390.4 238.292 300 93
0 390.4 238.464 300 93
0 390.4 238.753 300 93
0 390.4 238.885 300 93
0 390.4 239.108 300 93
0 390.4 239.366 300 93
0 390.4 239.656 300 93
0 390.4 239.935 300 93
0 390.4 240.124 300 93
0 390.4 240.522 300 93
0 390.4 240.676 300 93
0 390.4 240.819 300 93
0 390.4 240.992 300 93
0 390.4 241.207 300 93
0 390.4 241.436 300 93
0 390.4 241.634 300 93
0 390.4 241.932 300 93
0 390.4 242.232 300 93
0 390.4 242.634 300 93
0 390.4 242.782 300 93
0 390.4 243.021 300 93
0 390.4 243.288 300 93
0 390.4 243.641 300 93
0 390.4 243.907 300 93
0 390.4 244.058 300 93
0 390.4 244.347 300 93
0 390.4 244.569 300 93
0 390.4 244.849 300 93
0 390.4 245.09 300 93
0 390.4 245.315 300 93
0 390.4 245.52 300 93
0 390.4 245.756 300 93
0 390.4 245.976 300 93
0 390.4 246.106 300 93
0 390.4 246.343 300 93
0 390.4 246.586 300 93
0 390.4 246.71 300 93
0 390.4 246.893 300 93
0 390.4 247.067 300 93
0 390.4 247.279 300 93
0 390.4 247.616 300 93
0 390.4 247.803 300 93
0 390.4 248.019 300 93
0 390.4 248.282 300 93
0 390.4 248.542 300 93
0 390.4 248.796 300 93
0 390.4 249.084 300 93
0 390.4 249.31 300 93
0 390.4 249.55 300 93
0 390.4 249.811 300 93
0 390.4 250.064 300 93
0 390.4 250.283 300 93
0 390.4 250.452 300 93
0 390.4 250.643 300 93
0 390.4 250.858 300 93
0 390.4 251.113 300 93
0 390.4 251.324 300 93
0 390.4 251.545 300 93
0 390.4 251.715 300 93
0 390.4 251.958 300 93
0 390.4 252.164 300 93
0 390.4 252.332 300 93
0 390.4 252.598 300 93
0 390.4 252.769 300 93
0 390.4 252.902 300 93
0 390.4 253.126 300 93
0 390.4 253.304 300 93
0 390.4 253.518 300 93
0 390.4 253.64 300 93
0 390.4 253.885 300 93
0 390.4 254.264 300 93
0 390.4 254.495 300 93
0 390.4 254.622 300 93
0 390.4 254.883 300 93
0 390.4 255.045 300 93
0 390.4 255.244 300 93
0 390.4 255.369 300 93
0 390.4 255.511 300 93
0 390.4 255.706 300 93
0 390.4 255.913 300 93
0 390.4 256.038 300 93
0 390.4 256.257 300 93
0 390.4 256.433 300 93
0 390.4 256.639 300 93
0 390.4 256.854 300 93
0 390.4 256.983 300 93
0 390.4 257.306 300 93
0 390.4 257.426 300 93
0 390.4 257.571 300 93
0 390.4 257.742 300 93
0 390.4 257.961 300 93
0 390.4 258.256 300 93
0 390.4 258.481 300 93
0 390.4 258.639 300 93
0 390.4 258.801 300 93
0 390.4 258.945 300 93
0 390.4 259.124 300 93
0 390.4 259.355 300 93
0 390.4 259.55 300 93
0 390.4 259.808 300 93
0 390.4 260.07 300 93
0 390.4 260.321 300 93
0 390.4 260.529 300 93
0 390.4 260.706 300 93
0 390.4 260.979 300 93
0 390.4 261.11 300 93
0 390.4 261.307 300 93
0 390.4 261.449 300 93
0 390.4 261.618 300 93
0 390.4 261.848 300 93
0 390.4 262.067 300 93
0 390.4 262.253 300 93
0 390.4 262.428 300 93
0 390.4 262.725 300 93
0 390.4 262.923 300 93
0 390.4 263.052 300 93
0 390.4 263.233 300 93
0 390.4 263.407 300 93
0 390.4 263.676 300 93
0 390.4 264.031 300 93
0 390.4 264.2 300 93
0 390.4 264.429 300 93
0 390.4 264.595 300 93
0 390.4 264.783 300 93
0 390.4 264.953 300 93
0 390.4 265.309 300 93
0 390.4 265.59 300 93
0 390.4 265.842 300 93
0 390.4 266.035 300 93
0 390.4 266.201 300 93
0 390.4 266.346 300 93
0 390.4 266.604 300 93
0 390.4 266.77 300 93
0 390.4 266.902 300 93
0 390.4 267.122 300 93
0 390.4 267.278 300 93
0 390.4 267.507 300 93
0 390.4 267.773 300 93
0 390.4 267.991 300 93
0 390.4 268.11 300 93
0 390.4 268.254 300 93
0 390.4 268.401 300 93
0 390.4 268.517 300 93
0 390.4 268.67 300 93
0 390.4 268.817 300 93
0 390.4 268.985 300 93
0 390.4 269.248 300 93
0 390.4 269.373 300 93
0 390.4 269.539 300 93
0 390.4 269.795 300 93
0 390.4 270.028 300 93
0 390.4 270.158 300 93
0 390.4 270.357 300 93
0 390.4 270.446 300 93
0 390.4 270.602 300 93
0 390.4 270.758 300 93
0 390.4 270.964 300 93
0 390.4 271.163 300 93
0 390.4 271.356 300 93
0 390.4 271.48 300 93
0 390.4 271.697 300 93
0 390.4 271.911 300 93
0 390.4 272.075 300 93
0 390.4 272.21 300 93
0 390.4 272.376 300 93
0 390.4 272.55 300 93
0 390.4 272.842 300 93
0 390.4 273.152 300 93
0 390.4 273.336 300 93
0 390.4 273.568 300 93
0 390.4 273.83 300 93
0 390.4 273.951 300 93
0 390.4 274.155 300 93
0 390.4 274.368 300 93
0 390.4 274.586 300 93
0 390.4 274.813 300 93
0 390.4 274.956 300 93
0 390.4 275.121 300 93
0 390.4 275.338 300 93
0 390.4 275.471 300 93
0 390.4 275.644 300 93
0 390.4 275.864 300 93
0 390.4 276.184 300 93
0 390.4 276.374 300 93
0 390.4 276.625 300 93
0 390.4 276.957 300 93
0 390.4 277.215 300 93
0 390.4 277.392 300 93
0 390.4 277.598 300 93
0 390.4 277.921 300 93
0 390.4 278.224 300 93
0 390.4 278.472 300 93
0 390.4 278.779 300 93
0 390.4 279.001 300 93
0 390.4 279.227 300 93
0 390.4 279.4 300 93
0 390.4 279.627 300 93
0 390.4 279.889 300 93
0 390.4 280.052 300 93
0 390.4 280.284 300 93
0 390.4 280.472 300 93
0 390.4 280.623 300 93
0 390.4 280.888 300 93
0 390.4 281.097 300 93
0 390.4 281.31 300 93
0 390.4 281.486 300 93
0 390.4 281.725 300 93
0 390.4 281.932 300 93
0 390.4 282.177 300 93
0 390.4 282.374 300 93
0 390.4 282.551 300 93
0 390.4 282.78 300 93
0 390.4 282.997 300 93
0 390.4 283.13 300 93
0 390.4 283.384 300 93
0 390.4 283.542 300 93
0 390.4 283.679 300 93
0 390.4 283.881 300 93
0 390.4 284.084 300 93
0 390.4 284.291 300 93
0 390.4 284.624 300 93
0 390.4 284.912 300 93
0 390.4 285.071 300 93
0 390.4 285.233 300 93
0 390.4 285.488 300 93
0 390.4 285.701 300 93
0 390.4 285.838 300 93
0 390.4 286.025 300 93
0 390.4 286.254 300 93
0 390.4 286.37 300 93
0 390.4 286.53 300 93
0 390.4 286.69 300 93
0 390.4 286.931 300 93
0 390.4 287.103 300 93
0 390.4 287.287 300 93
0 390.4 287.51 300 93
0 390.4 287.645 300 93
0 390.4 287.889 300 93
0 390.4 288.02 300 93
0 390.4 288.204 300 93
0 390.4 288.379 300 93
0 390.4 288.63 300 93
0 390.4 288.818 300 93
0 390.4 289.004 300 93
0 390.4 289.305 300 93
0 390.4 289.476 300 93
0 390.4 289.706 300 93
0 390.4 289.956 300 93
0 390.4 290.126 300 93
0 390.4 290.291 300 93
0 390.4 290.434 300 93
0 390.4 290.607 300 93
0 390.4 290.809 300 93
0 390.4 291.031 300 93
0 390.4 291.214 300 93
0 390.4 291.508 300 93
0 390.4 291.714 300 93
0 390.4 291.893 300 93
0 390.4 292.174 300 93
0 390.4 292.349 300 93
0 390.4 292.508 300 93
0 390.4 292.663 300 93
0 390.4 292.791 300 93
0 390.4 293.003 300 93
0 390.4 293.257 300 93
0 390.4 293.449 300 93
0 390.4 293.586 300 93
0 390.4 293.804 300 93
0 390.4 293.929 300 93
0 390.4 294.137 300 93
0 390.4 294.417 300 93
0 390.4 294.587 300 93
0 390.4 294.71 300 93
0 390.4 294.962 300 93
0 390.4 295.252 300 93
0 390.4 295.474 300 93
0 390.4 295.603 300 93
0 390.4 295.851 300 93
0 390.4 296.14 300 93
0 390.4 296.269 300 93
0 390.4 296.423 300 93
0 390.4 296.607 300 93
0 390.4 296.803 300 93
0 390.4 297.017 300 93
0 390.4 297.191 300 93
0 390.4 297.368 300 93
0 390.4 297.574 300 93
0 390.4 297.767 300 93
0 390.4 298.121 300 93
0 390.4 298.33 300 93
0 390.4 298.518 300 93
0 390.4 298.719 300 93
0 390.4 298.879 300 93
0 390.4 298.99 300 93
0 390.4 299.235 300 93
0 390.4 299.402 300 93
0 390.4 299.57 300 93
0 390.4 299.744 300 93
0 390.4 299.948 300 93
0 390.4 300.107 300 93
0 390.4 300.275 300 93
0 390.4 300.439 300 93
0 390.4 300.765 300 93
0 390.4 300.959 300 93
0 390.4 301.119 300 93
0 390.4 301.299 300 93
0 390.4 301.512 300 93
0 390.4 301.798 300 93
0 390.4 301.909 300 93
0 390.4 302.08 300 93
0 390.4 302.214 300 93
0 390.4 302.338 300 93
0 390.4 302.462 300 93
0 390.4 302.709 300 93
0 390.4 302.874 300 93
0 390.4 303.127 300 93
0 390.4 303.349 300 93
0 390.4 303.562 300 93
0 390.4 303.722 300 93
0 390.4 303.899 300 93
0 390.4 304.092 300 93
0 390.4 304.328 300 93
0 390.4 304.511 300 93
0 390.4 304.756 300 93
0 390.4 304.879 300 93
0 390.4 305.083 300 93
0 390.4 305.274 300 93
0 390.4 305.413 300 93
0 390.4 305.646 300 93
0 390.4 305.902 300 93
0 390.4 306.155 300 93
0 390.4 306.315 300 93
0 390.4 306.452 300 93
0 390.4 306.591 300 93
0 390.4 306.799 300 93
0 390.4 306.962 300 93
0 390.4 307.132 300 93
0 390.4 307.296 300 93
0 390.4 307.441 300 93
0 390.4 307.679 300 93
0 390.4 307.809 300 93
0 390.4 307.981 300 93
0 390.4 308.132 300 93
0 390.4 308.403 300 93
0 390.4 308.653 300 93
0 390.4 308.784 300 93
0 390.4 309.115 300 93
0 390.4 309.299 300 93
0 390.4 309.503 300 93
0 390.4 309.74 300 93
0 390.4 309.874 300 93
0 390.4 310.015 300 93
0 390.4 310.24 300 93
0 390.4 310.37 300 93
0 390.4 310.494 300 93
0 390.4 310.7 300 93
0 390.4 310.966 300 93
0 390.4 311.167 300 93
0 390.4 311.418 300 93
0 390.4 311.612 300 93
0 390.4 311.776 300 93
0 390.4 311.995 300 93
0 390.4 312.162 300 93
0 390.4 312.34 300 93
0 390.4 312.582 300 93
0 390.4 312.789 300 93
0 390.4 312.985 300 93
0 390.4 313.239 300 93
0 390.4 313.454 300 93
0 390.4 313.623 300 93
0 390.4 313.834 300 93
0 390.4 314.031 300 93
0 390.4 314.228 300 93
0 390.4 314.435 300 93
0 390.4 314.668 300 93
0 390.4 314.797 300 93
0 390.4 315.034 300 93
0 390.4 315.2 300 93
0 390.4 315.424 300 93
0 390.4 315.617 300 93
0 390.4 315.783 300 93
0 390.4 315.902 300 93
0 390.4 316.135 300 93
0 390.4 316.365 300 93
0 390.4 316.521 300 93
0 390.4 316.887 300 93
0 390.4 317.136 300 93
0 390.4 317.34 300 93
0 390.4 317.477 300 93
0 390.4 317.607 300 93
0 390.4 317.776 300 93
0 390.4 317.894 300 93
0 390.4 318.084 300 93
0 390.4 318.339 300 93
0 390.4 318.521 300 93
0 390.4 318.83 300 93
0 390.4 319.004 300 93
0 390.4 319.195 300 93
0 390.4 319.448 300 93
0 390.4 319.612 300 93
0 390.4 319.804 300 93
0 390.4 319.978 300 93
0 390.4 320.154 300 93
0 390.4 320.321 300 93
0 390.4 320.594 300 93
0 390.4 320.815 300 93
0 390.4 320.991 300 93
0 390.4 321.114 300 93
0 390.4 321.325 300 93
0 390.4 321.491 300 93
0 390.4 321.779 300 93
0 390.4 322.054 300 93
0 390.4 322.255 300 93
0 390.4 322.427 300 93
0 390.4 322.646 300 93
0 390.4 322.81 300 93
0 390.4 323.044 300 93
0 390.4 323.214 300 93
0 390.4 323.453 300 93
0 390.4 323.595 300 93
0 390.4 323.86 300 93
0 390.4 324.03 300 93
0 390.4 324.213 300 93
0 390.4 324.392 300 93
0 390.4 324.646 300 93
0 390.4 324.801 300 93
0 390.4 325.131 300 93
0 390.4 325.265 300 93
0 390.4 325.493 300 93
0 390.4 325.744 300 93
0 390.4 325.921 300 93
0 390.4 326.159 300 93
0 390.4 326.376 300 93
0 390.4 326.592 300 93
0 390.4 326.866 300 93
0 390.4 327.036 300 93
0 390.4 327.234 300 93
0 390.4 327.436 300 93
0 390.4 327.591 300 93
0 390.4 327.839 300 93
0 390.4 328.081 300 93
0 390.4 328.243 300 93
0 390.4 328.363 300 93
0 390.4 328.647 300 93
0 390.4 328.859 300 93
0 390.4 329.111 300 93
0 390.4 329.287 300 93
0 390.4 329.518 300 93
0 390.4 329.695 300 93
0 390.4 329.976 300 93
0 390.4 330.103 300 93
0 390.4 330.22 300 93
0 390.4 330.343 300 93
0 390.4 330.529 300 93
0 390.4 330.789 300 93
0 390.4 330.935 300 93
0 390.4 331.078 300 93
0 390.4 331.328 300 93
0 390.4 331.476 300 93
0 390.4 331.723 300 93
0 390.4 331.921 300 93
0 390.4 332.078 300 93
0 390.4 332.255 300 93
0 390.4 332.519 300 93
0 390.4 332.743 300 93
0 390.4 332.947 300 93
0 390.4 333.201 300 93
0 390.4 333.358 300 93
0 390.4 333.496 300 93
0 390.4 333.809 300 93
0 390.4 333.979 300 93
0 390.4 334.212 300 93
0 390.4 334.362 300 93
0 390.4 334.627 300 93
0 390.4 334.819 300 93
0 390.4 334.99 300 93
0 390.4 335.095 300 93
0 390.4 335.26 300 93
0 390.4 335.527 300 93
0 390.4 335.729 300 93
0 390.4 335.902 300 93
0 390.4 336.086 300 93
0 390.4 336.338 300 93
0 390.4 336.53 300 93
0 390.4 336.669 300 93
0 390.4 336.832 300 93
0 390.4 337.068 300 93
0 390.4 337.225 300 93
0 390.4 337.387 300 93
0 390.4 337.552 300 93
0 390.4 337.684 300 93
0 390.4 337.897 300 93
0 390.4 338.14 300 93
0 390.4 338.279 300 93
0 390.4 338.489 300 93
0 390.4 338.623 300 93
0 390.4 338.824 300 93
0 390.4 338.989 300 93
0 390.4 339.163 300 93
0 390.4 339.376 300 93
0 390.4 339.623 300 93
0 390.4 339.828 300 93
0 390.4 339.991 300 93
0 390.4 340.173 300 93
0 390.4 340.364 300 93
0 390.4 340.61 300 93
0 390.4 340.794 300 93
0 390.4 340.926 300 93
0 390.4 341.124 300 93
0 390.4 341.33 300 93
0 390.4 341.461 300 93
0 390.4 341.714 300 93
0 390.4 341.867 300 93
0 390.4 342.042 300 93
0 390.4 342.172 300 93
0 390.4 342.335 300 93
0 390.4 342.689 300 93
0 390.4 342.999 300 93
0 390.4 343.239 300 93
0 390.4 343.413 300 93
0 390.4 343.625 300 93
0 390.4 343.795 300 93
0 390.4 343.92 300 93
0 390.4 344.091 300 93
0 390.4 344.265 300 93
0 390.4 344.485 300 93
0 390.4 344.661 300 93
0 390.4 344.789 300 93
0 390.4 344.959 300 93
0 390.4 345.09 300 93
0 390.4 345.229 300 93
0 390.4 345.366 300 93
0 390.4 345.494 300 93
0 390.4 345.649 300 93
0 390.4 345.862 300 93
0 390.4 346.099 300 93
0 390.4 346.387 300 93
0 390.4 346.601 300 93
0 390.4 346.722 300 93
0 390.4 347.022 300 93
0 390.4 347.183 300 93
0 390.4 347.497 300 93
0 390.4 347.787 300 93
0 390.4 347.919 300 93
0 390.4 348.18 300 93
0 390.4 348.305 300 93
0 390.4 348.476 300 93
0 390.4 348.65 300 93
0 390.4 348.857 300 93
0 390.4 349.106 300 93
0 390.4 349.445 300 93
0 390.4 349.684 300 93
0 390.4 349.859 300 93
0 390.4 350.187 300 93
0 390.4 350.375 300 93
0 390.4 350.553 300 93
0 390.4 350.688 300 93
0 390.4 350.859 300 93
0 390.4 351.081 300 93
0 390.4 351.331 300 93
0 390.4 351.662 300 93
0 390.4 351.815 300 93
0 390.4 352.059 300 93
0 390.4 352.28 300 93
0 390.4 352.544 300 93
0 390.4 352.77 300 93
0 390.4 353.038 300 93
0 390.4 353.247 300 93
0 390.4 353.385 300 93
0 390.4 353.555 300 93
0 390.4 353.757 300 93
0 390.4 353.987 300 93
0 390.4 354.208 300 93
0 390.4 354.336 300 93
0 390.4 354.578 300 93
0 390.4 354.714 300 93
0 390.4 354.95 300 93
0 390.4 355.091 300 93
0 390.4 355.279 300 93
0 390.4 355.515 300 93
0 390.4 355.728 300 93
0 390.4 355.949 300 93
0 390.4 356.249 300 93
0 390.4 356.392 300 93
0 390.4 356.561 300 93
0 390.4 356.696 300 93
0 390.4 356.884 300 93
0 390.4 357.112 300 93
0 390.4 357.291 300 93
0 390.4 357.553 300 93
0 390.4 357.713 300 93
0 390.4 357.88 300 93
0 390.4 358.08 300 93
0 390.4 358.25 300 93
0 390.4 358.416 300 93
0 390.4 358.605 300 93
0 390.4 358.831 300 93
0 390.4 359.005 300 93
0 390.4 359.187 300 93
0 390.4 359.405 300 93
0 390.4 359.541 300 93
0 390.4 359.677 300 93
0 390.4 359.858 300 93
0 390.4 360.028 300 93
0 390.4 360.232 300 93
0 390.4 360.467 300 93
0 390.4 360.69 300 93
0 390.4 360.935 300 93
0 390.4 361.156 300 93
0 390.4 361.284 300 93
0 390.4 361.426 300 93
0 390.4 361.61 300 93
0 390.4 361.926 300 93
0 390.4 362.24 300 93
0 390.4 362.41 300 93
0 390.4 362.63 300 93
0 390.4 362.856 300 93
0 390.4 363.089 300 93
0 390.4 363.263 300 93
0 390.4 363.501 300 93
0 390.4 363.679 300 93
0 390.4 363.976 300 93
0 390.4 364.207 300 93
0 390.4 364.39 300 93
0 390.4 364.614 300 93
0 390.4 364.793 300 93
0 390.4 364.97 300 93
0 390.4 365.23 300 93
0 390.4 365.496 300 93
0 390.4 365.714 300 93
0 390.4 365.847 300 93
0 390.4 366.043 300 93
0 390.4 366.266 300 93
0 390.4 366.445 300 93
0 390.4 366.625 300 93
0 390.4 366.81 300 93
0 390.4 366.998 300 93
0 390.4 367.346 300 93
0 390.4 367.565 300 93
0 390.4 367.686 300 93
0 390.4 367.948 300 93
0 390.4 368.213 300 93
0 390.4 368.391 300 93
0 390.4 368.522 300 93
0 390.4 368.664 300 93
0 390.4 368.809 300 93
0 390.4 369.103 300 93
0 390.4 369.332 300 93
0 390.4 369.493 300 93
0 390.4 369.831 300 93
0 390.4 370.002 300 93
0 390.4 370.404 300 93
0 390.4 370.614 300 93
0 390.4 370.889 300 93
0 390.4 371.073 300 93
0 390.4 371.325 300 93
0 390.4 371.527 300 93
0 390.4 371.66 300 93
0 390.4 371.783 300 93
0 390.4 371.942 300 93
0 390.4 372.069 300 93
0 390.4 372.257 300 93
0 390.4 372.581 300 93
0 390.4 372.752 300 93
0 390.4 372.973 300 93
0 390.4 373.219 300 93
0 390.4 373.394 300 93
0 390.4 373.576 300 93
0 390.4 373.718 300 93
0 390.4 374.001 300 93
0 390.4 374.262 300 93
0 390.4 374.442 300 93
0 390.4 374.801 300 93
0 390.4 375.12 300 93
0 390.4 375.374 300 93
0 390.4 375.572 300 93
0 390.4 375.749 300 93
0 390.4 376.049 300 93
0 390.4 376.189 300 93
0 390.4 376.366 300 93
0 390.4 376.587 300 93
0 390.4 376.732 300 93
0 390.4 376.988 300 93
0 390.4 377.11 300 93
0 390.4 377.392 300 93
0 390.4 377.619 300 93
0 390.4 377.889 300 93
0 390.4 378.105 300 93
0 390.4 378.34 300 93
0 390.4 378.547 300 93
0 390.4 378.654 300 93
0 390.4 378.847 300 93
0 390.4 379.1 300 93
0 390.4 379.327 300 93
0 390.4 379.554 300 93
0 390.4 379.784 300 93
0 390.4 379.976 300 93
0 390.4 380.241 300 93
0 390.4 380.461 300 93
0 390.4 380.637 300 93
0 390.4 380.805 300 93
0 390.4 380.977 300 93
0 390.4 381.121 300 93
0 390.4 381.419 300 93
0 390.4 381.588 300 93
0 390.4 381.855 300 93
0 390.4 382.057 300 93
0 390.4 382.41 300 93
0 390.4 382.558 300 93
0 390.4 382.829 300 93
0 390.4 383.087 300 93
0 390.4 383.273 300 93
0 390.4 383.406 300 93
0 390.4 383.687 300 93
0 390.4 383.953 300 93
0 390.4 384.084 300 93
0 390.4 384.207 300 93
0 390.4 384.443 300 93
0 390.4 384.75 300 93
0 390.4 384.971 300 93
0 390.4 385.241 300 93
0 390.4 385.509 300 93
0 390.4 385.702 300 93
0 390.4 385.842 300 93
0 390.4 386.068 300 93
0 390.4 386.253 300 93
0 390.4 386.477 300 93
0 390.4 386.794 300 93
0 390.4 386.971 300 93
0 390.4 387.176 300 93
0 390.4 387.372 300 93
0 390.4 387.513 300 93
0 390.4 387.745 300 93
0 390.4 387.932 300 93
0 390.4 388.074 300 93
0 390.4 388.212 300 93
0 390.4 388.471 300 93
0 390.4 388.702 300 93
0 390.4 388.879 300 93
0 390.4 389.183 300 93
0 390.4 389.391 300 93
0 390.4 389.577 300 93
0 390.4 389.802 300 93
0 390.4 389.931 300 93
0 390.4 390.113 300 93
0 390.4 390.342 300 93
0 390.4 390.472 300 93
0 390.4 390.731 300 93
0 390.4 390.967 300 93
0 390.4 391.135 300 93
0 390.4 391.487 300 93
0 390.4 391.66 300 93
0 390.4 391.797 300 93
0 390.4 392.062 300 93
0 390.4 392.308 300 93
0 390.4 392.448 300 93
0 390.4 392.618 300 93
0 390.4 392.908 300 93
0 390.4 393.08 300 93
0 390.4 393.261 300 93
0 390.4 393.472 300 93
0 390.4 393.691 300 93
0 390.4 393.862 300 93
0 390.4 394.006 300 93
0 390.4 394.194 300 93
0 390.4 394.329 300 93
0 390.4 394.564 300 93
0 390.4 394.732 300 93
0 390.4 394.865 300 93
0 390.4 394.986 300 93
0 390.4 395.188 300 93
0 390.4 395.387 300 93
0 390.4 395.641 300 93
0 390.4 395.85 300 93
0 390.4 396.118 300 93
0 390.4 396.29 300 93
0 390.4 396.518 300 93
0 390.4 396.735 300 93
0 390.4 396.95 300 93
0 390.4 397.162 300 93
0 390.4 397.412 300 93
0 390.4 397.583 300 93
0 390.4 397.732 300 93
0 390.4 397.853 300 93
0 390.4 398.106 300 93
0 390.4 398.252 300 93
0 390.4 398.413 300 93
0 390.4 398.779 300 93
0 390.4 399.003 300 93
0 390.4 399.173 300 93
0 390.4 399.38 300 93
0 390.4 399.551 300 93
0 390.4 399.873 300 93
0 390.4 400.102 300 93
0 390.4 400.322 300 93
0 390.4 400.541 300 93
0 390.4 400.762 300 93
0 390.4 400.999 300 93
0 390.4 401.135 300 93
0 390.4 401.392 300 93
0 390.4 401.515 300 93
0 390.4 401.745 300 93
0 390.4 401.98 300 93
0 390.4 402.173 300 93
0 390.4 402.493 300 93
0 390.4 402.823 300 93
0 390.4 403.019 300 93
0 390.4 403.192 300 93
0 390.4 403.349 300 93
0 390.4 403.465 300 93
0 390.4 403.559 300 93
0 390.4 403.69 300 93
0 390.4 403.88 300 93
0 390.4 404.028 300 93
0 390.4 404.197 300 93
0 390.4 404.375 300 93
0 390.4 404.614 300 93
0 390.4 404.8 300 93
0 390.4 404.967 300 93
0 390.4 405.141 300 93
0 390.4 405.37 300 93
0 390.4 405.693 300 93
0 390.4 405.864 300 93
0 390.4 406.135 300 93
0 390.4 406.289 300 93
0 390.4 406.514 300 93
0 390.4 406.697 300 93
0 390.4 406.949 300 93
0 390.4 407.159 300 93
0 390.4 407.335 300 93
0 390.4 407.522 300 93
0 390.4 407.689 300 93
0 390.4 407.877 300 93
0 390.4 408.107 300 93
0 390.4 408.353 300 93
0 390.4 408.565 300 93
0 390.4 408.735 300 93
0 390.4 409.051 300 93
0 390.4 409.278 300 93
0 390.4 409.494 300 93
0 390.4 409.671 300 93
0 390.4 409.897 300 93
0 390.4 410.13 300 93
0 390.4 410.352 300 93
0 390.4 410.499 300 93
0 390.4 410.744 300 93
0 390.4 410.932 300 93
0 390.4 411.236 300 93
0 390.4 411.531 300 93
0 390.4 411.863 300 93
0 390.4 412.087 300 93
0 390.4 412.237 300 93
0 390.4 412.483 300 93
0 390.4 412.795 300 93
0 390.4 413.006 300 93
0 390.4 413.233 300 93
0 390.4 413.469 300 93
0 390.4 413.699 300 93
0 390.4 413.936 300 93
0 390.4 414.149 300 93
0 390.4 414.389 300 93
0 390.4 414.547 300 93
0 390.4 414.774 300 93
0 390.4 415.012 300 93
0 390.4 415.201 300 93
0 390.4 415.359 300 93
0 390.4 415.556 300 93
0 390.4 415.763 300 93
0 390.4 415.987 300 93
0 390.4 416.16 300 93
0 390.4 416.348 300 93
0 390.4 416.486 300 93
0 390.4 416.654 300 93
0 390.4 416.803 300 93
0 390.4 417.09 300 93
0 390.4 417.245 300 93
0 390.4 417.627 300 93
0 390.4 417.924 300 93
0 390.4 418.183 300 93
0 390.4 418.59 300 93
0 390.4 418.771 300 93
0 390.4 419.012 300 93
0 390.4 419.218 300 93
0 390.4 419.481 300 93
0 390.4 419.728 300 93
0 390.4 419.859 300 93
0 390.4 420.026 300 93
0 390.4 420.212 300 93
0 390.4 420.411 300 93
0 390.4 420.632 300 93
0 390.4 420.823 300 93
0 390.4 420.956 300 93
0 390.4 421.252 300 93
0 390.4 421.524 300 93
0 390.4 421.734 300 93
0 390.4 421.859 300 93
0 390.4 422.023 300 93
0 390.4 422.343 300 93
0 390.4 422.517 300 93
0 390.4 422.686 300 93
0 390.4 422.925 300 93
0 390.4 423.179 300 93
0 390.4 423.399 300 93
0 390.4 423.659 300 93
0 390.4 423.823 300 93
0 390.4 424.112 300 93
0 390.4 424.329 300 93
0 390.4 424.572 300 93
0 390.4 424.724 300 93
0 390.4 424.92 300 93
0 390.4 425.11 300 93
0 390.4 425.279 300 93
0 390.4 425.492 300 93
0 390.4 425.715 300 93
0 390.4 425.994 300 93
0 390.4 426.215 300 93
0 390.4 426.483 300 93
0 390.4 426.693 300 93
0 390.4 426.872 300 93
0 390.4 427.113 300 93
0 390.4 427.342 300 93
0 390.4 427.561 300 93
0 390.4 427.728 300 93
0 390.4 427.902 300 93
0 390.4 428.086 300 93
0 390.4 428.27 300 93
0 390.4 428.447 300 93
0 390.4 428.678 300 93
0 390.4 428.899 300 93
0 390.4 429.101 300 93
0 390.4 429.396 300 93
0 390.4 429.58 300 93
0 390.4 429.714 300 93
0 390.4 429.898 300 93
0 390.4 430.126 300 93
0 390.4 430.306 300 93
0 390.4 430.529 300 93
0 390.4 430.774 300 93
0 390.4 430.968 300 93
0 390.4 431.141 300 93
0 390.4 431.385 300 93
0 390.4 431.621 300 93
0 390.4 431.847 300 93
0 390.4 432.013 300 93
0 390.4 432.202 300 93
0 390.4 432.326 300 93
0 390.4 432.461 300 93
0 390.4 432.669 300 93
0 390.4 432.841 300 93
0 390.4 433.011 300 93
0 390.4 433.283 300 93
0 390.4 433.524 300 93
0 390.4 433.683 300 93
0 390.4 433.954 300 93
0 390.4 434.23 300 93
0 390.4 434.363 300 93
0 390.4 434.542 300 93
0 390.4 434.754 300 93
0 390.4 434.987 300 93
0 390.4 435.243 300 93
0 390.4 435.472 300 93
0 390.4 435.714 300 93
0 390.4 436.002 300 93
0 390.4 436.263 300 93
0 390.4 436.562 300 93
0 390.4 436.836 300 93
0 390.4 437.034 300 93
0 390.4 437.278 300 93
0 390.4 437.564 300 93
0 390.4 437.742 300 93
0 390.4 438.07 300 93
0 390.4 438.351 300 93
0 390.4 438.618 300 93
0 390.4 438.847 300 93
0 390.4 439.174 300 93
0 390.4 439.392 300 93
0 390.4 439.593 300 93
0 390.4 439.855 300 93
0 390.4 440.072 300 93
0 390.4 440.279 300 93
0 390.4 440.756 300 93
0 390.4 440.966 300 93
0 390.4 441.203 300 93
0 390.4 441.367 300 93
0 390.4 441.605 300 93
0 390.4 441.834 300 93
0 390.4 442.053 300 93
0 390.4 442.295 300 93
0 390.4 442.623 300 93
0 390.4 442.846 300 93
0 390.4 443.208 300 93
0 390.4 443.371 300 93
0 390.4 443.65 300 93
0 390.4 443.805 300 93
0 390.4 444.081 300 93
0 390.4 444.424 300 93
0 390.4 444.678 300 93
0 390.4 444.955 300 93
0 390.4 445.153 300 93
0 390.4 445.395 300 93
0 390.4 445.669 300 93
0 390.4 445.86 300 93
0 390.4 446.106 300 93
0 390.4 446.348 300 93
0 390.4 446.495 300 93
0 390.4 446.713 300 93
0 390.4 446.901 300 93
0 390.4 447.109 300 93
0 390.4 447.313 300 93
0 390.4 447.499 300 93
0 390.4 447.656 300 93
0 390.4 447.994 300 93
0 390.4 448.3 300 93
0 390.4 448.632 300 93
0 390.4 448.832 300 93
0 390.4 449.071 300 93
0 390.4 449.226 300 93
0 390.4 449.446 300 93
0 390.4 449.668 300 93
0 390.4 449.896 300 93
0 390.4 450.247 300 93
0 390.4 450.559 300 93
0 390.4 450.772 300 93
0 390.4 450.976 300 93
0 390.4 451.228 300 93
0 390.4 451.415 300 93
0 390.4 451.682 300 93
0 390.4 451.946 300 93
0 390.4 452.207 300 93
0 390.4 452.464 300 93
0 390.4 452.66 300 93
0 390.4 452.873 300 93
0 390.4 453.056 300 93
0 390.4 453.238 300 93
0 390.4 453.441 300 93
0 390.4 453.769 300 93
0 390.4 454.075 300 93
0 390.4 454.222 300 93
0 390.4 454.66 300 93
0 390.4 454.821 300 93
0 390.4 455.024 300 93
0 390.4 455.236 300 93
0 390.4 455.414 300 93
0 390.4 455.506 300 93
0 390.4 455.78 300 93
0 390.4 455.943 300 93
0 390.4 456.085 300 93
0 390.4 456.268 300 93
0 390.4 456.406 300 93
0 390.4 456.572 300 93
0 390.4 456.758 300 93
0 390.4 456.946 300 93
0 390.4 457.056 300 93
0 390.4 457.232 300 93
0 390.4 457.455 300 93
0 390.4 457.687 300 93
0 390.4 457.813 300 93
0 390.4 458.032 300 93
0 390.4 458.183 300 93
0 390.4 458.338 300 93
0 390.4 458.571 300 93
0 390.4 458.77 300 93
0 390.4 458.959 300 93
0 390.4 459.165 300 93
0 390.4 459.381 300 93
0 390.4 459.573 300 93
0 390.4 459.802 300 93
0 390.4 459.952 300 93
0 390.4 460.096 300 93
0 390.4 460.402 300 93
0 390.4 460.66 300 93
0 390.4 460.832 300 93
0 390.4 461.067 300 93
0 390.4 461.287 300 93
0 390.4 461.487 300 93
0 390.4 461.617 300 93
0 390.4 461.896 300 93
0 390.4 462.144 300 93
0 390.4 462.418 300 93
0 390.4 462.554 300 93
0 390.4 462.77 300 93
0 390.4 463.065 300 93
0 390.4 463.257 300 93
0 390.4 463.536 300 93
0 390.4 463.729 300 93
0 390.4 463.95 300 93
0 390.4 464.191 300 93
0 390.4 464.386 300 93
0 390.4 464.665 300 93
0 390.4 464.862 300 93
0 390.4 465.014 300 93
0 390.4 465.276 300 93
0 390.4 465.413 300 93
0 390.4 465.632 300 93
0 390.4 465.769 300 93
0 390.4 466.035 300 93
0 390.4 466.174 300 93
0 390.4 466.376 300 93
0 390.4 466.601 300 93
0 390.4 466.918 300 93
0 390.4 467.07 300 93
0 390.4 467.227 300 93
0 390.4 467.52 300 93
0 390.4 467.784 300 93
0 390.4 467.977 300 93
0 390.4 468.199 300 93
0 390.4 468.357 300 93
0 390.4 468.591 300 93
0 390.4 468.985 300 93
0 390.4 469.186 300 93
0 390.4 469.488 300 93
0 390.4 469.615 300 93
0 390.4 469.881 300 93
0 390.4 470.032 300 93
0 390.4 470.265 300 93
0 390.4 470.531 300 93
0 390.4 470.815 300 93
0 390.4 470.993 300 93
0 390.4 471.181 300 93
0 390.4 471.51 300 93
0 390.4 471.696 300 93
0 390.4 472.049 300 93
0 390.4 472.277 300 93
0 390.4 472.555 300 93
0 390.4 472.794 300 93
0 390.4 473.006 300 93
0 390.4 473.203 300 93
0 390.4 473.349 300 93
0 390.4 473.703 300 93
0 390.4 473.852 300 93
0 390.4 474.021 300 93
0 390.4 474.174 300 93
0 390.4 474.505 300 93
0 390.4 474.743 300 93
0 390.4 474.981 300 93
0 390.4 475.219 300 93
0 390.4 475.576 300 93
0 390.4 475.831 300 93
0 390.4 476.027 300 93
0 390.4 476.252 300 93
0 390.4 476.55 300 93
0 390.4 476.865 300 93
0 390.4 476.996 300 93
0 390.4 477.211 300 93
0 390.4 477.447 300 93
0 390.4 477.613 300 93
0 390.4 477.836 300 93
0 390.4 478.209 300 93
0 390.4 478.552 300 93
0 390.4 478.737 300 93
0 390.4 478.981 300 93
0 390.4 479.167 300 93
0 390.4 479.359 300 93
0 390.4 479.52 300 93
0 390.4 479.754 300 93
0 390.4 479.938 300 93
0 390.4 480.135 300 93
0 390.4 480.344 300 93
0 390.4 480.487 300 93
0 390.4 480.824 300 93
0 390.4 481.08 300 93
0 390.4 481.287 300 93
0 390.4 481.466 300 93
0 390.4 481.641 300 93
0 390.4 481.908 300 93
0 390.4 482.157 300 93
0 390.4 482.397 300 93
0 390.4 482.593 300 93
0 390.4 482.744 300 93
0 390.4 482.981 300 93
0 390.4 483.192 300 93
0 390.4 483.344 300 93
0 390.4 483.574 300 93
0 390.4 483.811 300 93
0 390.4 484.086 300 93
0 390.4 484.318 300 93
0 390.4 484.456 300 93
0 390.4 484.643 300 93
0 390.4 484.894 300 93
0 390.4 485.124 300 93
0 390.4 485.373 300 93
0 390.4 485.547 300 93
0 390.4 485.711 300 93
0 390.4 485.979 300 93
0 390.4 486.297 300 93
0 390.4 486.564 300 93
0 390.4 486.862 300 93
0 390.4 487.053 300 93
0 390.4 487.173 300 93
0 390.4 487.39 300 93
0 390.4 487.596 300 93
0 390.4 487.857 300 93
0 390.4 488.003 300 93
0 390.4 488.148 300 93
0 390.4 488.43 300 93
0 390.4 488.585 300 93
0 390.4 488.819 300 93
0 390.4 489.045 300 93
0 390.4 489.201 300 93
0 390.4 489.537 300 93
0 390.4 489.718 300 93
0 390.4 489.921 300 93
0 390.4 490.158 300 93
0 390.4 490.504 300 93
0 390.4 490.707 300 93
0 390.4 490.888 300 93
0 390.4 491.19 300 93
0 390.4 491.481 300 93
0 390.4 491.704 300 93
0 390.4 491.816 300 93
0 390.4 492.016 300 93
0 390.4 492.199 300 93
0 390.4 492.417 300 93
0 390.4 492.689 300 93
0 390.4 492.931 300 93
0 390.4 493.194 300 93
0 390.4 493.459 300 93
0 390.4 493.691 300 93
0 390.4 493.924 300 93
0 390.4 494.065 300 93
0 390.4 494.206 300 93
0 390.4 494.446 300 93
0 390.4 494.596 300 93
0 390.4 494.874 300 93
0 390.4 495.088 300 93
0 390.4 495.368 300 93
0 390.4 495.573 300 93
0 390.4 495.798 300 93
0 390.4 495.951 300 93
0 390.4 496.087 300 93
0 390.4 496.292 300 93
0 390.4 496.512 300 93
0 390.4 496.689 300 93
0 390.4 496.881 300 93
0 390.4 497.063 300 93
0 390.4 497.315 300 93
0 390.4 497.49 300 93
0 390.4 497.794 300 93
0 390.4 498.018 300 93
0 390.4 498.181 300 93
0 390.4 498.434 300 93
0 390.4 498.74 300 93
0 390.4 498.989 300 93
0 390.4 499.188 300 93
0 390.4 499.444 300 93
0 390.4 499.759 300 93
0 390.4 500.08 300 93
0 390.4 500.201 300 93
0 390.4 500.398 300 93
0 390.4 500.613 300 93
0 390.4 500.868 300 93
0 390.4 501.009 300 93
0 390.4 501.308 300 93
0 390.4 501.481 300 93
0 390.4 501.711 300 93
0 390.4 501.859 300 93
0 390.4 502.04 300 93
0 390.4 502.203 300 93
0 390.4 502.458 300 93
0 390.4 502.643 300 93
0 390.4 502.876 300 93
0 390.4 503.064 300 93
0 390.4 503.432 300 93
0 390.4 503.666 300 93
0 390.4 503.853 300 93
0 390.4 504.041 300 93
0 390.4 504.18 300 93
0 390.4 504.366 300 93
0 390.4 504.672 300 93
0 390.4 504.768 300 93
0 390.4 505.093 300 93
0 390.4 505.424 300 93
0 390.4 505.767 300 93
0 390.4 505.995 300 93
0 390.4 506.191 300 93
0 390.4 506.381 300 93
0 390.4 506.625 300 93
0 390.4 506.856 300 93
0 390.4 507.132 300 93
0 390.4 507.436 300 93
0 390.4 507.688 300 93
0 390.4 507.911 300 93
0 390.4 508.188 300 93
0 390.4 508.331 300 93
0 390.4 508.624 300 93
0 390.4 508.901 300 93
0 390.4 509.086 300 93
0 390.4 509.371 300 93
0 390.4 509.649 300 93
0 390.4 509.936 300 93
0 390.4 510.177 300 93
0 390.4 510.503 300 93
0 390.4 510.694 300 93
0 390.4 510.876 300 93
0 390.4 511.198 300 93
0 390.4 511.415 300 93
0 390.4 511.675 300 93
0 390.4 511.939 300 93
0 390.4 512.125 300 93
0 390.4 512.325 300 93
0 390.4 512.535 300 93
0 390.4 512.677 300 93
0 390.4 512.858 300 93
0 390.4 512.984 300 93
0 390.4 513.3 300 93
0 390.4 513.698 300 93
0 390.4 513.935 300 93
0 390.4 514.212 300 93
0 390.4 514.456 300 93
0 390.4 514.7 300 93
0 390.4 514.97 300 93
0 390.4 515.196 300 93
0 390.4 515.486 300 93
0 390.4 515.658 300 93
0 390.4 515.956 300 93
0 390.4 516.182 300 93
0 390.4 516.424 300 93
0 390.4 516.776 300 93
0 390.4 517.006 300 93
0 390.4 517.249 300 93
0 390.4 517.482 300 93
0 390.4 517.791 300 93
0 390.4 517.971 300 93
0 390.4 518.279 300 93
0 390.4 518.422 300 93
0 390.4 518.668 300 93
0 390.4 519.027 300 93
0 390.4 519.285 300 93
0 390.4 519.445 300 93
0 390.4 519.75 300 93
0 390.4 519.97 300 93
0 390.4 520.233 300 93
0 390.4 520.399 300 93
0 390.4 520.57 300 93
0 390.4 520.846 300 93
0 390.4 521.207 300 93
0 390.4 521.436 300 93
0 390.4 521.616 300 93
0 390.4 521.796 300 93
0 390.4 521.921 300 93
0 390.4 522.269 300 93
0 390.4 522.61 300 93
0 390.4 522.771 300 93
0 390.4 522.915 300 93
0 390.4 523.065 300 93
0 390.4 523.27 300 93
0 390.4 523.42 300 93
0 390.4 523.691 300 93
0 390.4 523.935 300 93
0 390.4 524.167 300 93
0 390.4 524.472 300 93
0 390.4 524.612 300 93
0 390.4 524.763 300 93
0 390.4 524.911 300 93
0 390.4 525.325 300 93
0 390.4 525.547 300 93
0 390.4 525.811 300 93
0 390.4 526.126 300 93
0 390.4 526.353 300 93
0 390.4 526.576 300 93
0 390.4 526.775 300 93
0 390.4 527.316 300 93
0 390.4 527.624 300 93
0 390.4 527.912 300 93
0 390.4 528.187 300 93
0 390.4 528.508 300 93
0 390.4 528.833 300 93
0 390.4 529.302 300 93
0 390.4 529.58 300 93
0 390.4 529.787 300 93
0 390.4 530.101 300 93
0 390.4 530.32 300 93
0 390.4 530.686 300 93
0 390.4 531.008 300 93
0 390.4 531.269 300 93
0 390.4 531.593 300 93
0 390.4 532.112 300 93
0 390.4 532.38 300 93
0 390.4 532.642 300 93
0 390.4 533.047 300 93
0 390.4 533.253 300 93
0 390.4 533.481 300 93
0 390.4 533.858 300 93
0 390.4 534.054 300 93
0 390.4 534.285 300 93
0 390.4 534.587 300 93
0 390.4 534.86 300 93
0 390.4 535.034 300 93
0 390.4 535.277 300 93
0 390.4 535.779 300 93
0 390.4 536.07 300 93
0 390.4 536.48 300 93
0 390.4 536.742 300 93
0 390.4 536.924 300 93
0 390.4 537.208 300 93
0 390.4 537.41 300 93
0 390.4 537.682 300 93
0 390.4 538.09 300 93
0 390.4 538.342 300 93
0 390.4 538.695 300 93
0 390.4 539.111 300 93
0 390.4 539.368 300 93
0 390.4 539.641 300 93
0 390.4 539.947 300 93
0 390.4 540.264 300 93
0 390.4 540.454 300 93
0 390.4 540.661 300 93
0 390.4 541.037 300 93
0 390.4 541.325 300 93
0 390.4 541.517 300 93
0 390.4 541.862 300 93
0 390.4 542.089 300 93
0 390.4 542.292 300 93
0 390.4 542.606 300 93
0 390.4 542.873 300 93
0 390.4 543.144 300 93
0 390.4 543.437 300 93
0 390.4 543.617 300 93
0 390.4 543.952 300 93
0 390.4 544.32 300 93
0 390.4 544.695 300 93
0 390.4 544.989 300 93
0 390.4 545.277 300 93
0 390.4 545.759 300 93
0 390.4 546.016 300 93
0 390.4 546.199 300 93
0 390.4 546.506 300 93
0 390.4 546.883 300 93
0 390.4 547.12 300 93
0 390.4 547.425 300 93
0 390.4 547.674 300 93
0 390.4 548.003 300 93
0 390.4 548.204 300 93
0 390.4 548.312 300 93
0 390.4 548.47 300 93
0 390.4 548.634 300 93
0 390.4 548.739 300 93
0 390.4 548.864 300 93
0 390.4 549.027 300 93
0 390.4 549.159 300 93
0 390.4 549.256 300 93
0 390.4 549.351 300 93
0 390.4 549.475 300 93
0 390.4 549.693 300 93
0 390.4 549.827 300 93
0 390.4 549.957 300 93
0 390.4 550.082 300 93
0 390.4 550.175 300 93
0 390.4 550.367 300 93
0 390.4 550.514 300 93
0 390.4 550.676 300 93
0 390.4 550.799 300 93
0 390.4 550.994 300 93
0 390.4 551.132 300 93
0 390.4 551.238 300 93
0 390.4 551.328 300 93
0 390.4 551.511 300 93
0 390.4 551.599 300 93
0 390.4 551.731 300 93
0 390.4 551.856 300 93
0 390.4 551.996 300 93
0 390.4 552.081 300 93
0 390.4 552.255 300 93
0 390.4 552.356 300 93
0 390.4 552.515 300 93
0 390.4 552.716 300 93
0 390.4 552.831 300 93
0 390.4 553.006 300 93
0 390.4 553.315 300 93
0 390.4 553.583 300 93
0 390.4 553.732 300 93
0 390.4 553.917 300 93
0 390.4 554.102 300 93
0 390.4 554.26 300 93
0 390.4 554.511 300 93
0 390.4 554.73 300 93
0 390.4 554.927 300 93
0 390.4 555.308 300 93
0 390.4 555.554 300 93
0 390.4 555.831 300 93
0 390.4 555.999 300 93
0 390.4 556.207 300 93
0 390.4 556.387 300 93
0 390.4 556.536 300 93
0 390.4 556.67 300 93
0 390.4 556.921 300 93
0 390.4 557.217 300 93
0 390.4 557.645 300 93
0 390.4 557.799 300 93
0 390.4 557.955 300 93
0 390.4 558.268 300 93
0 390.4 558.444 300 93
0 390.4 558.747 300 93
0 390.4 559.125 300 93
0 390.4 559.301 300 93
0 390.4 559.429 300 93
0 390.4 559.664 300 93
0 390.4 559.825 300 93
0 390.4 560.008 300 93
0 390.4 560.192 300 93
0 390.4 560.422 300 93
0 390.4 560.692 300 93
0 390.4 560.876 300 93
0 390.4 561.091 300 93
0 390.4 561.289 300 93
0 390.4 561.423 300 93
0 390.4 561.665 300 93
0 390.4 561.881 300 93
0 390.4 562.1 300 93
0 390.4 562.243 300 93
0 390.4 562.452 300 93
0 390.4 562.669 300 93
0 390.4 562.954 300 93
0 390.4 563.251 300 93
0 390.4 563.375 300 93
0 390.4 563.593 300 93
0 390.4 563.738 300 93
0 390.4 563.881 300 93
0 390.4 564.171 300 93
0 390.4 564.32 300 93
0 390.4 564.516 300 93
0 390.4 564.754 300 93
0 390.4 564.998 300 93
0 390.4 565.299 300 93
0 390.4 565.481 300 93
0 390.4 565.652 300 93
0 390.4 565.99 300 93
0 390.4 566.244 300 93
0 390.4 566.429 300 93
0 390.4 566.569 300 93
0 390.4 566.657 300 93
0 390.4 566.748 300 93
0 390.4 566.975 300 93
0 390.4 567.085 300 93
0 390.4 567.196 300 93
0 390.4 567.449 300 93
0 390.4 567.569 300 93
0 390.4 567.683 300 93
0 390.4 567.807 300 93
0 390.4 567.922 300 93
0 390.4 568.106 300 93
0 390.4 568.238 300 93
0 390.4 568.425 300 93
0 390.4 568.578 300 93
0 390.4 568.732 300 93
0 390.4 568.873 300 93
0 390.4 569.029 300 93
0 390.4 569.159 300 93
0 390.4 569.355 300 93
0 390.4 569.456 300 93
0 390.4 569.563 300 93
0 390.4 569.726 300 93
0 390.4 569.926 300 93
0 390.4 570.096 300 93
0 390.4 570.185 300 93
0 390.4 570.393 300 93
0 390.4 570.538 300 93
0 390.4 570.659 300 93
0 390.4 570.86 300 93
0 390.4 570.966 300 93
0 390.4 571.103 300 93
0 390.4 571.252 300 93
0 390.4 571.397 300 93
0 390.4 571.559 300 93
0 390.4 571.662 300 93
0 390.4 571.808 300 93
0 390.4 571.983 300 93
0 390.4 572.1 300 93
0 390.4 572.303 300 93
0 390.4 572.424 300 93
0 390.4 572.584 300 93
0 390.4 572.742 300 93
0 390.4 572.891 300 93
0 390.4 573.057 300 93
0 390.4 573.209 300 93
0 390.4 573.348 300 93
0 390.4 573.46 300 93
0 390.4 573.604 300 93
0 390.4 573.69 300 93
0 390.4 573.817 300 93
0 390.4 574.026 300 93
0 390.4 574.12 300 93
0 390.4 574.326 300 93
0 390.4 574.451 300 93
0 390.4 574.598 300 93
0 390.4 574.743 300 93
0 390.4 574.98 300 93
0 390.4 575.073 300 93
0 390.4 575.195 300 93
0 390.4 575.359 300 93
0 390.4 575.458 300 93
0 390.4 575.608 300 93
0 390.4 575.772 300 93
0 390.4 575.95 300 93
0 390.4 576.076 300 93
0 390.4 576.234 300 93
0 390.4 576.392 300 93
0 390.4 576.562 300 93
0 390.4 576.792 300 93
0 390.4 576.919 300 93
0 390.4 577.048 300 93
0 390.4 577.194 300 93
0 390.4 577.397 300 93
0 390.4 577.517 300 93
0 390.4 577.599 300 93
0 390.4 577.767 300 93
0 390.4 577.886 300 93
0 390.4 577.981 300 93
0 390.4 578.105 300 93
0 390.4 578.225 300 93
0 390.4 578.367 300 93
0 390.4 578.543 300 93
0 390.4 578.662 300 93
0 390.4 578.849 300 93
0 390.4 578.99 300 93
0 390.4 579.189 300 93
0 390.4 579.565 300 93
0 390.4 579.76 300 93
0 390.4 579.932 300 93
0 390.4 580.13 300 93
0 390.4 580.282 300 93
0 390.4 580.514 300 93
0 390.4 580.766 300 93
0 390.4 581.038 300 93
0 390.4 581.216 300 93
0 390.4 581.455 300 93
0 390.4 581.722 300 93
0 390.4 582.158 300 93
0 390.4 582.391 300 93
0 390.4 582.74 300 93
0 390.4 582.894 300 93
0 390.4 583.075 300 93
0 390.4 583.288 300 93
0 390.4 583.506 300 93
0 390.4 583.709 300 93
0 390.4 584.013 300 93
0 390.4 584.21 300 93
0 390.4 584.4 300 93
0 390.4 584.567 300 93
0 390.4 584.693 300 93
0 390.4 584.824 300 93
0 390.4 585.074 300 93
0 390.4 585.233 300 93
0 390.4 585.441 300 93
0 390.4 585.62 300 93
0 390.4 585.856 300 93
0 390.4 586.009 300 93
0 390.4 586.178 300 93
0 390.4 586.405 300 93
0 390.4 586.735 300 93
0 390.4 586.914 300 93
0 390.4 587.085 300 93
0 390.4 587.229 300 93
0 390.4 587.361 300 93
0 390.4 587.585 300 93
0 390.4 587.892 300 93
0 390.4 588.075 300 93
0 390.4 588.266 300 93
0 390.4 588.55 300 93
0 390.4 588.814 300 93
0 390.4 588.993 300 93
0 390.4 589.171 300 93
0 390.4 589.359 300 93
0 390.4 589.512 300 93
0 390.4 589.65 300 93
0 390.4 589.814 300 93
0 390.4 589.998 300 93
0 390.4 590.229 300 93
0 390.4 590.437 300 93
0 390.4 590.574 300 93
0 390.4 590.848 300 93
0 390.4 591.121 300 93
0 390.4 591.454 300 93
0 390.4 591.769 300 93
0 390.4 592.124 300 93
0 390.4 592.32 300 93
0 390.4 592.481 300 93
0 390.4 592.612 300 93
0 390.4 592.845 300 93
0 390.4 593.128 300 93
0 390.4 593.35 300 93
0 390.4 593.708 300 93
0 390.4 593.877 300 93
0 390.4 594.243 300 93
0 390.4 594.485 300 93
0 390.4 594.723 300 93
0 390.4 594.918 300 93
0 390.4 595.156 300 93
0 390.4 595.312 300 93
0 390.4 595.475 300 93
0 390.4 595.709 300 93
0 390.4 595.891 300 93
0 390.4 596.201 300 93
0 390.4 596.375 300 93
0 390.4 596.613 300 93
0 390.4 596.835 300 93
0 390.4 597.217 300 93
0 390.4 597.555 300 93
0 390.4 597.777 300 93
0 390.4 597.956 300 93
0 390.4 598.206 300 93
0 390.4 598.485 300 93
0 390.4 598.694 300 93
0 390.4 598.927 300 93
0 390.4 599.261 300 93
0 390.4 599.392 300 93
0 390.4 599.586 300 93
0 390.4 599.736 300 93
0 390.4 599.975 300 93
0 390.4 600.248 300 93
0 390.4 600.451 300 93
0 390.4 600.658 300 93
0 390.4 601.064 300 93
0 390.4 601.527 300 93
0 390.4 601.696 300 93
0 390.4 602.056 300 93
0 390.4 602.305 300 93
0 390.4 602.612 300 93
0 390.4 602.844 300 93
0 390.4 603.009 300 93
0 390.4 603.187 300 93
0 390.4 603.464 300 93
0 390.4 603.703 300 93
0 390.4 604.082 300 93
0 390.4 604.391 300 93
0 390.4 604.747 300 93
0 390.4 605.093 300 93
0 390.4 605.387 300 93
0 390.4 605.626 300 93
0 390.4 605.816 300 93
0 390.4 605.956 300 93
0 390.4 606.081 300 93
0 390.4 606.182 300 93
0 390.4 606.324 300 93
0 390.4 606.547 300 93
0 390.4 606.691 300 93
0 390.4 606.844 300 93
0 390.4 607.061 300 93
0 390.4 607.305 300 93
0 390.4 607.505 300 93
0 390.4 607.644 300 93
0 390.4 607.745 300 93
0 390.4 607.865 300 93
0 390.4 608.006 300 93
0 390.4 608.17 300 93
0 390.4 608.37 300 93
0 390.4 608.594 300 93
0 390.4 608.718 300 93
0 390.4 608.905 300 93
0 390.4 609.18 300 93
0 390.4 609.425 300 93
0 390.4 609.567 300 93
0 390.4 609.737 300 93
0 390.4 609.897 300 93
0 390.4 610.044 300 93
0 390.4 610.181 300 93
0 390.4 610.375 300 93
0 390.4 610.535 300 93
0 390.4 610.712 300 93
0 390.4 610.863 300 93
0 390.4 611.059 300 93
0 390.4 611.212 300 93
0 390.4 611.489 300 93
0 390.4 611.696 300 93
0 390.4 611.909 300 93
0 390.4 612.06 300 93
0 390.4 612.2 300 93
0 390.4 612.342 300 93
0 390.4 612.486 300 93
0 390.4 612.686 300 93
0 390.4 612.782 300 93
0 390.4 612.951 300 93
0 390.4 613.124 300 93
0 390.4 613.256 300 93
0 390.4 613.349 300 93
0 390.4 613.477 300 93
0 390.4 613.6 300 93
0 390.4 613.702 300 93
0 390.4 613.814 300 93
0 390.4 613.939 300 93
0 390.4 614.068 300 93
0 390.4 614.215 300 93
0 390.4 614.338 300 93
0 390.4 614.493 300 93
0 390.4 614.621 300 93
0 390.4 614.778 300 93
0 390.4 614.978 300 93
0 390.4 615.1 300 93
0 390.4 615.325 300 93
0 390.4 615.608 300 93
0 390.4 615.854 300 93
0 390.4 616.01 300 93
0 390.4 616.389 300 93
0 390.4 616.618 300 93
0 390.4 616.759 300 93
0 390.4 616.99 300 93
0 390.4 617.384 300 93
0 390.4 617.615 300 93
0 390.4 617.855 300 93
0 390.4 618.009 300 93
0 390.4 618.405 300 93
0 390.4 618.638 300 93
0 390.4 618.803 300 93
0 390.4 619.02 300 93
0 390.4 619.458 300 93
0 390.4 619.628 300 93
0 390.4 619.888 300 93
0 390.4 620.081 300 93
0 390.4 620.248 300 93
0 390.4 620.408 300 93
0 390.4 620.65 300 93
0 390.4 620.906 300 93
0 390.4 621.168 300 93
0 390.4 621.372 300 93
0 390.4 621.584 300 93
0 390.4 621.712 300 93
0 390.4 622.02 300 93
0 390.4 622.373 300 93
0 390.4 622.614 300 93
0 390.4 622.812 300 93
0 390.4 623.048 300 93
0 390.4 623.48 300 93
0 390.4 623.681 300 93
0 390.4 623.918 300 93
0 390.4 624.215 300 93
0 390.4 624.581 300 93
0 390.4 624.725 300 93
0 390.4 624.961 300 93
0 390.4 625.167 300 93
0 390.4 625.387 300 93
0 390.4 625.601 300 93
0 390.4 625.757 300 93
0 390.4 626.058 300 93
0 390.4 626.378 300 93
0 390.4 626.594 300 93
0 390.4 626.789 300 93
0 390.4 627.03 300 93
0 390.4 627.305 300 93
0 390.4 627.665 300 93
0 390.4 627.806 300 93
0 390.4 627.969 300 93
0 390.4 628.192 300 93
0 390.4 628.497 300 93
0 390.4 628.869 300 93
0 390.4 629.064 300 93
0 390.4 629.4 300 93
0 390.4 629.601 300 93
0 390.4 629.896 300 93
0 390.4 630.172 300 93
0 390.4 630.398 300 93
0 390.4 630.586 300 93
0 390.4 630.791 300 93
0 390.4 631.062 300 93
0 390.4 631.404 300 93
0 390.4 631.579 300 93
0 390.4 631.858 300 93
0 390.4 632.03 300 93
0 390.4 632.366 300 93
0 390.4 632.559 300 93
0 390.4 632.76 300 93
0 390.4 632.99 300 93
0 390.4 633.231 300 93
0 390.4 633.43 300 93
0 390.4 633.658 300 93
0 390.4 633.884 300 93
0 390.4 634.201 300 93
0 390.4 634.381 300 93
0 390.4 634.642 300 93
0 390.4 634.833 300 93
0 390.4 635.054 300 93
0 390.4 635.289 300 93
0 390.4 635.557 300 93
0 390.4 635.77 300 93
0 390.4 636.079 300 93
0 390.4 636.399 300 93
0 390.4 636.734 300 93
0 390.4 636.978 300 93
0 390.4 637.142 300 93
0 390.4 637.392 300 93
0 390.4 637.583 300 93
0 390.4 637.854 300 93
0 390.4 638.058 300 93
0 390.4 638.235 300 93
0 390.4 638.497 300 93
0 390.4 638.899 300 93
0 390.4 639.068 300 93
0 390.4 639.25 300 93
0 390.4 639.587 300 93
0 390.4 639.85 300 93
0 390.4 640.115 300 93
0 390.4 640.261 300 93
0 390.4 640.539 300 93
0 390.4 640.85 300 93
0 390.4 641.136 300 93
0 390.4 641.355 300 93
0 390.4 641.537 300 93
0 390.4 641.769 300 93
0 390.4 641.915 300 93
0 390.4 642.054 300 93
0 390.4 642.227 300 93
0 390.4 642.479 300 93
0 390.4 642.635 300 93
0 390.4 642.819 300 93
0 390.4 643.109 300 93
0 390.4 643.292 300 93
0 390.4 643.511 300 93
0 390.4 643.701 300 93
0 390.4 643.963 300 93
0 390.4 644.13 300 93
0 390.4 644.261 300 93
0 390.4 644.547 300 93
0 390.4 644.687 300 93
0 390.4 644.973 300 93
0 390.4 645.171 300 93
0 390.4 645.418 300 93
0 390.4 645.613 300 93
0 390.4 645.84 300 93
0 390.4 646.049 300 93
0 390.4 646.299 300 93
0 390.4 646.503 300 93
0 390.4 646.727 300 93
0 390.4 646.955 300 93
0 390.4 647.168 300 93
0 390.4 647.365 300 93
0 390.4 647.718 300 93
0 390.4 647.89 300 93
0 390.4 648.026 300 93
0 390.4 648.18 300 93
0 390.4 648.456 300 93
0 390.4 648.585 300 93
0 390.4 648.78 300 93
0 390.4 649.036 300 93
0 390.4 649.217 300 93
0 390.4 649.452 300 93
0 390.4 649.644 300 93
0 390.4 649.917 300 93
0 390.4 650.072 300 93
0 390.4 650.352 300 93
0 390.4 650.652 300 93
0 390.4 651.006 300 93
0 390.4 651.19 300 93
0 390.4 651.463 300 93
0 390.4 651.694 300 93
0 390.4 651.858 300 93
0 390.4 652.126 300 93
0 390.4 652.285 300 93
0 390.4 652.542 300 93
0 390.4 652.75 300 93
0 390.4 652.923 300 93
0 390.4 653.118 300 93
0 390.4 653.257 300 93
0 390.4 653.432 300 93
0 390.4 653.565 300 93
0 390.4 653.802 300 93
0 390.4 654.04 300 93
0 390.4 654.241 300 93
0 390.4 654.555 300 93
0 390.4 654.837 300 93
0 390.4 655.04 300 93
0 390.4 655.293 300 93
0 390.4 655.475 300 93
0 390.4 655.611 300 93
0 390.4 655.796 300 93
0 390.4 655.996 300 93
0 390.4 656.152 300 93
0 390.4 656.298 300 93
0 390.4 656.555 300 93
0 390.4 656.951 300 93
0 390.4 657.16 300 93
0 390.4 657.486 300 93
0 390.4 657.696 300 93
0 390.4 657.922 300 93
0 390.4 658.157 300 93
0 390.4 658.403 300 93
0 390.4 658.653 300 93
0 390.4 658.928 300 93
0 390.4 659.104 300 93
0 390.4 659.324 300 93
0 390.4 659.547 300 93
0 390.4 659.684 300 93
0 390.4 660.001 300 93
0 390.4 660.352 300 93
0 390.4 660.58 300 93
0 390.4 660.759 300 93
0 390.4 660.964 300 93
0 390.4 661.155 300 93
0 390.4 661.331 300 93
0 390.4 661.762 300 93
0 390.4 662.043 300 93
0 390.4 662.256 300 93
0 390.4 662.492 300 93
0 390.4 662.705 300 93
0 390.4 662.89 300 93
0 390.4 663.056 300 93
0 390.4 663.293 300 93
0 390.4 663.624 300 93
0 390.4 663.862 300 93
0 390.4 664.062 300 93
0 390.4 664.32 300 93
0 390.4 664.591 300 93
0 390.4 664.742 300 93
0 390.4 664.931 300 93
0 390.4 665.165 300 93
0 390.4 665.287 300 93
0 390.4 665.471 300 93
0 390.4 665.768 300 93
0 390.4 665.923 300 93
0 390.4 666.144 300 93
0 390.4 666.293 300 93
0 390.4 666.69 300 93
0 390.4 666.897 300 93
0 390.4 667.179 300 93
0 390.4 667.36 300 93
0 390.4 667.493 300 93
0 390.4 667.693 300 93
0 390.4 667.931 300 93
0 390.4 668.144 300 93
0 390.4 668.37 300 93
0 390.4 668.63 300 93
0 390.4 668.84 300 93
0 390.4 669.086 300 93
0 390.4 669.321 300 93
0 390.4 669.658 300 93
0 390.4 669.836 300 93
0 390.4 670.112 300 93
0 390.4 670.286 300 93
0 390.4 670.549 300 93
0 390.4 670.827 300 93
0 390.4 671.072 300 93
0 390.4 671.305 300 93
0 390.4 671.646 300 93
0 390.4 671.946 300 93
0 390.4 672.214 300 93
0 390.4 672.429 300 93
0 390.4 672.709 300 93
0 390.4 672.935 300 93
0 390.4 673.19 300 93
0 390.4 673.337 300 93
0 390.4 673.588 300 93
0 390.4 673.826 300 93
0 390.4 673.952 300 93
0 390.4 674.078 300 93
0 390.4 674.274 300 93
0 390.4 674.382 300 93
0 390.4 674.566 300 93
0 390.4 674.71 300 93
0 390.4 674.815 300 93
0 390.4 674.954 300 93
0 390.4 675.049 300 93
0 390.4 675.19 300 93
0 390.4 675.278 300 93
0 390.4 675.449 300 93
0 390.4 675.536 300 93
0 390.4 675.682 300 93
0 390.4 675.787 300 93
0 390.4 676.054 300 93
0 390.4 676.235 300 93
0 390.4 676.51 300 93
0 390.4 676.906 300 93
0 390.4 677.065 300 93
0 390.4 677.367 300 93
0 390.4 677.587 300 93
0 390.4 677.841 300 93
0 390.4 678.066 300 93
0 390.4 678.22 300 93
0 390.4 678.342 300 93
0 390.4 678.685 300 93
0 390.4 678.944 300 93
0 390.4 679.161 300 93
0 390.4 679.416 300 93
0 390.4 679.524 300 93
0 390.4 679.634 300 93
0 390.4 679.758 300 93
0 390.4 679.959 300 93
0 390.4 680.064 300 93
0 390.4 680.231 300 93
0 390.4 680.36 300 93
0 390.4 680.725 300 93
0 390.4 681.102 300 93
0 390.4 681.405 300 93
0 390.4 681.778 300 93
0 390.4 682.024 300 93
0 390.4 682.253 300 93
0 390.4 682.482 300 93
0 390.4 682.666 300 93
0 390.4 683.049 300 93
0 390.4 683.243 300 93
0 390.4 683.442 300 93
0 390.4 683.589 300 93
0 390.4 683.855 300 93
0 390.4 684.027 300 93
0 390.4 684.264 300 93
0 390.4 684.469 300 93
0 390.4 684.612 300 93
0 390.4 684.762 300 93
0 390.4 684.989 300 93
0 390.4 685.385 300 93
0 390.4 685.65 300 93
0 390.4 685.94 300 93
0 390.4 686.118 300 93
0 390.4 686.373 300 93
0 390.4 686.542 300 93
0 390.4 686.68 300 93
0 390.4 686.913 300 93
0 390.4 687.193 300 93
0 390.4 687.467 300 93
0 390.4 687.776 300 93
0 390.4 688.026 300 93
0 390.4 688.239 300 93
0 390.4 688.539 300 93
0 390.4 688.808 300 93
0 390.4 689.063 300 93
0 390.4 689.275 300 93
0 390.4 689.507 300 93
0 390.4 689.695 300 93
0 390.4 689.854 300 93
0 390.4 690.045 300 93
0 390.4 690.274 300 93
0 390.4 690.467 300 93
0 390.4 690.673 300 93
0 390.4 690.896 300 93
0 390.4 691.185 300 93
0 390.4 691.384 300 93
0 390.4 692.036 300 93
0 390.4 692.381 300 93
0 390.4 692.564 300 93
0 390.4 692.781 300 93
0 390.4 692.954 300 93
0 390.4 693.166 300 93
0 390.4 693.352 300 93
0 390.4 693.525 300 93
0 390.4 693.753 300 93
0 390.4 693.89 300 93
0 390.4 694.027 300 93
0 390.4 694.166 300 93
0 390.4 694.368 300 93
0 390.4 694.665 300 93
0 390.4 694.86 300 93
0 390.4 694.976 300 93
0 390.4 695.155 300 93
0 390.4 695.337 300 93
0 390.4 695.47 300 93
0 390.4 695.727 300 93
0 390.4 695.917 300 93
0 390.4 696.04 300 93
0 390.4 696.305 300 93
0 390.4 696.478 300 93
0 390.4 696.651 300 93
0 390.4 696.883 300 93
0 390.4 697.206 300 93
0 390.4 697.401 300 93
0 390.4 697.556 300 93
0 390.4 697.691 300 93
0 390.4 697.819 300 93
0 390.4 697.95 300 93
0 390.4 698.14 300 93
0 390.4 698.291 300 93
0 390.4 698.443 300 93
0 390.4 698.614 300 93
0 390.4 698.848 300 93
0 390.4 699.122 300 93
0 390.4 699.311 300 93
0 390.4 699.551 300 93
0 390.4 699.822 300 93
0 390.4 699.993 300 93
0 390.4 700.24 300 93
0 390.4 700.401 300 93
0 390.4 700.604 300 93
0 390.4 700.805 300 93
0 390.4 700.996 300 93
0 390.4 701.139 300 93
0 390.4 701.397 300 93
0 390.4 701.618 300 93
0 390.4 701.883 300 93
0 390.4 702.029 300 93
0 390.4 702.153 300 93
0 390.4 702.404 300 93
0 390.4 702.606 300 93
0 390.4 702.782 300 93
0 390.4 702.971 300 93
0 390.4 703.16 300 93
0 390.4 703.314 300 93
0 390.4 703.495 300 93
0 390.4 703.718 300 93
0 390.4 703.927 300 93
0 390.4 704.114 300 93
0 390.4 704.261 300 93
0 390.4 704.403 300 93
0 390.4 704.643 300 93
0 390.4 704.906 300 93
0 390.4 705.085 300 93
0 390.4 705.233 300 93
0 390.4 705.412 300 93
0 390.4 705.716 300 93
0 390.4 705.902 300 93
0 390.4 706.138 300 93
0 390.4 706.337 300 93
0 390.4 706.556 300 93
0 390.4 706.782 300 93
0 390.4 707.018 300 93
0 390.4 707.191 300 93
0 390.4 707.459 300 93
0 390.4 707.625 300 93
0 390.4 707.809 300 93
0 390.4 708.048 300 93
0 390.4 708.275 300 93
0 390.4 708.581 300 93
0 390.4 708.774 300 93
0 390.4 708.99 300 93
0 390.4 709.175 300 93
0 390.4 709.396 300 93
0 390.4 709.699 300 93
0 390.4 709.887 300 93
0 390.4 710.205 300 93
0 390.4 710.495 300 93
0 390.4 710.637 300 93
0 390.4 710.858 300 93
0 390.4 711.144 300 93
0 390.4 711.291 300 93
0 390.4 711.477 300 93
0 390.4 711.709 300 93
0 390.4 711.806 300 93
0 390.4 712.088 300 93
0 390.4 712.376 300 93
0 390.4 712.54 300 93
0 390.4 712.809 300 93
0 390.4 712.999 300 93
0 390.4 713.299 300 93
0 390.4 713.478 300 93
0 390.4 713.625 300 93
0 390.4 713.925 300 93
0 390.4 714.112 300 93
0 390.4 714.343 300 93
0 390.4 714.494 300 93
0 390.4 714.738 300 93
0 390.4 714.923 300 93
0 390.4 715.165 300 93
0 390.4 715.304 300 93
0 390.4 715.507 300 93
0 390.4 715.659 300 93
0 390.4 715.828 300 93
0 390.4 716.161 300 93
0 390.4 716.357 300 93
0 390.4 716.547 300 93
0 390.4 716.789 300 93
0 390.4 717.098 300 93
0 390.4 717.279 300 93
0 390.4 717.553 300 93
0 390.4 717.87 300 93
0 390.4 718.105 300 93
0 390.4 718.343 300 93
0 390.4 718.532 300 93
0 390.4 718.692 300 93
0 390.4 718.933 300 93
0 390.4 719.182 300 93
0 390.4 719.384 300 93
0 390.4 719.529 300 93
0 390.4 719.746 300 93
0 390.4 720.014 300 93
0 390.4 720.144 300 93
0 390.4 720.378 300 93
0 390.4 720.605 300 93
0 390.4 720.816 300 93
0 390.4 720.985 300 93
0 390.4 721.13 300 93
0 390.4 721.393 300 93
0 390.4 721.545 300 93
0 390.4 721.672 300 93
0 390.4 721.914 300 93
0 390.4 722.05 300 93
0 390.4 722.241 300 93
0 390.4 722.573 300 93
0 390.4 722.761 300 93
0 390.4 723.113 300 93
0 390.4 723.241 300 93
0 390.4 723.614 300 93
0 390.4 723.949 300 93
0 390.4 724.129 300 93
0 390.4 724.446 300 93
0 390.4 724.736 300 93
0 390.4 724.868 300 93
0 390.4 725.084 300 93
0 390.4 725.272 300 93
0 390.4 725.551 300 93
0 390.4 725.736 300 93
0 390.4 725.928 300 93
0 390.4 726.173 300 93
0 390.4 726.4 300 93
0 390.4 726.666 300 93
0 390.4 726.906 300 93
0 390.4 727.209 300 93
0 390.4 727.361 300 93
0 390.4 727.565 300 93
0 390.4 727.811 300 93
0 390.4 728.034 300 93
0 390.4 728.312 300 93
0 390.4 728.457 300 93
0 390.4 728.722 300 93
0 390.4 728.863 300 93
0 390.4 728.999 300 93
0 390.4 729.317 300 93
0 390.4 729.505 300 93
0 390.4 729.714 300 93
0 390.4 729.962 300 93
0 390.4 730.188 300 93
0 390.4 730.423 300 93
0 390.4 730.565 300 93
0 390.4 730.901 300 93
0 390.4 731.128 300 93
0 390.4 731.394 300 93
0 390.4 731.536 300 93
0 390.4 731.761 300 93
0 390.4 731.935 300 93
0 390.4 732.09 300 93
0 390.4 732.286 300 93
0 390.4 732.556 300 93
0 390.4 732.823 300 93
0 390.4 733.107 300 93
0 390.4 733.316 300 93
0 390.4 733.519 300 93
0 390.4 733.752 300 93
0 390.4 733.978 300 93
0 390.4 734.165 300 93
0 390.4 734.344 300 93
0 390.4 734.517 300 93
0 390.4 734.786 300 93
0 390.4 734.98 300 93
0 390.4 735.247 300 93
0 390.4 735.477 300 93
0 390.4 735.863 300 93
0 390.4 735.978 300 93
0 390.4 736.2 300 93
0 390.4 736.499 300 93
0 390.4 736.631 300 93
0 390.4 736.858 300 93
0 390.4 737.044 300 93
0 390.4 737.205 300 93
0 390.4 737.425 300 93
0 390.4 737.682 300 93
0 390.4 737.965 300 93
0 390.4 738.22 300 93
0 390.4 738.427 300 93
0 390.4 738.561 300 93
0 390.4 738.679 300 93
0 390.4 738.816 300 93
0 390.4 739.015 300 93
0 390.4 739.31 300 93
0 390.4 739.447 300 93
0 390.4 739.667 300 93
0 390.4 740.026 300 93
0 390.4 740.251 300 93
0 390.4 740.37 300 93
0 390.4 740.572 300 93
0 390.4 740.768 300 93
0 390.4 740.948 300 93
0 390.4 741.15 300 93
0 390.4 741.385 300 93
0 390.4 741.724 300 93
0 390.4 741.946 300 93
0 390.4 742.292 300 93
0 390.4 742.485 300 93
0 390.4 742.623 300 93
0 390.4 742.771 300 93
0 390.4 743.045 300 93
0 390.4 743.222 300 93
0 390.4 743.45 300 93
0 390.4 743.629 300 93
0 390.4 743.923 300 93
0 390.4 744.133 300 93
0 390.4 744.28 300 93
0 390.4 744.525 300 93
0 390.4 744.808 300 93
0 390.4 745.089 300 93
0 390.4 745.277 300 93
0 390.4 745.508 300 93
0 390.4 745.715 300 93
0 390.4 745.926 300 93
0 390.4 746.271 300 93
0 390.4 746.504 300 93
0 390.4 746.674 300 93
0 390.4 746.897 300 93
0 390.4 747.028 300 93
0 390.4 747.27 300 93
0 390.4 747.39 300 93
0 390.4 747.657 300 93
0 390.4 747.798 300 93
0 390.4 748.075 300 93
0 390.4 748.331 300 93
0 390.4 748.548 300 93
0 390.4 748.694 300 93
0 390.4 748.957 300 93
0 390.4 749.168 300 93
0 390.4 749.449 300 93
0 390.4 749.719 300 93
0 390.4 749.957 300 93
0 390.4 750.213 300 93
0 390.4 750.45 300 93
0 390.4 750.699 300 93
0 390.4 751.14 300 93
0 390.4 751.33 300 93
0 390.4 751.478 300 93
0 390.4 751.731 300 93
0 390.4 752.062 300 93
0 390.4 752.25 300 93
0 390.4 752.47 300 93
0 390.4 752.735 300 93
0 390.4 752.926 300 93
0 390.4 753.158 300 93
0 390.4 753.441 300 93
0 390.4 753.588 300 93
0 390.4 753.767 300 93
0 390.4 754.054 300 93
0 390.4 754.302 300 93
0 390.4 754.437 300 93
0 390.4 754.608 300 93
0 390.4 754.795 300 93
0 390.4 754.976 300 93
0 390.4 755.131 300 93
0 390.4 755.417 300 93
0 390.4 755.659 300 93
0 390.4 755.857 300 93
0 390.4 756.006 300 93
0 390.4 756.233 300 93
0 390.4 756.596 300 93
0 390.4 756.888 300 93
0 390.4 757.076 300 93
0 390.4 757.212 300 93
0 390.4 757.401 300 93
0 390.4 757.54 300 93
0 390.4 757.892 300 93
0 390.4 758.215 300 93
0 390.4 758.362 300 93
0 390.4 758.605 300 93
0 390.4 758.81 300 93
0 390.4 759.003 300 93
0 390.4 759.211 300 93
0 390.4 759.347 300 93
0 390.4 759.533 300 93
0 390.4 759.682 300 93
0 390.4 759.896 300 93
0 390.4 760.162 300 93
0 390.4 760.372 300 93
0 390.4 760.664 300 93
0 390.4 760.872 300 93
0 390.4 761.062 300 93
0 390.4 761.325 300 93
0 390.4 761.492 300 93
0 390.4 761.826 300 93
0 390.4 762.112 300 93
0 390.4 762.271 300 93
0 390.4 762.472 300 93
0 390.4 762.71 300 93
0 390.4 762.996 300 93
0 390.4 763.284 300 93
0 390.4 763.435 300 93
0 390.4 763.752 300 93
0 390.4 764.03 300 93
0 390.4 764.257 300 93
0 390.4 764.546 300 93
0 390.4 764.732 300 93
0 390.4 764.943 300 93
0 390.4 765.25 300 93
0 390.4 765.445 300 93
0 390.4 765.612 300 93
0 390.4 765.788 300 93
0 390.4 766.097 300 93
0 390.4 766.298 300 93
0 390.4 766.566 300 93
0 390.4 766.728 300 93
0 390.4 767.098 300 93
0 390.4 767.284 300 93
0 390.4 767.43 300 93
0 390.4 767.608 300 93
0 390.4 767.836 300 93
0 390.4 768.031 300 93
0 390.4 768.244 300 93
0 390.4 768.391 300 93
0 390.4 768.687 300 93
0 390.4 768.931 300 93
0 390.4 769.229 300 93
0 390.4 769.465 300 93
0 390.4 769.85 300 93
0 390.4 770.049 300 93
0 390.4 770.226 300 93
0 390.4 770.461 300 93
0 390.4 770.598 300 93
0 390.4 770.778 300 93
0 390.4 770.945 300 93
0 390.4 771.144 300 93
0 390.4 771.335 300 93
0 390.4 771.578 300 93
0 390.4 771.853 300 93
0 390.4 772.17 300 93
0 390.4 772.459 300 93
0 390.4 772.641 300 93
0 390.4 772.863 300 93
0 390.4 773.037 300 93
0 390.4 773.391 300 93
0 390.4 773.587 300 93
0 390.4 774.112 300 93
0 390.4 774.381 300 93
0 390.4 774.525 300 93
0 390.4 774.764 300 93
0 390.4 775.056 300 93
0 390.4 775.334 300 93
0 390.4 775.516 300 93
0 390.4 775.706 300 93
0 390.4 775.969 300 93
0 390.4 776.13 300 93
0 390.4 776.345 300 93
0 390.4 776.564 300 93
0 390.4 776.825 300 93
0 390.4 777.09 300 93
0 390.4 777.245 300 93
0 390.4 777.421 300 93
0 390.4 777.655 300 93
0 390.4 777.96 300 93
0 390.4 778.147 300 93
0 390.4 778.365 300 93
0 390.4 778.636 300 93
0 390.4 778.822 300 93
0 390.4 779.165 300 93
0 390.4 779.378 300 93
0 390.4 779.533 300 93
0 390.4 779.759 300 93
0 390.4 779.996 300 93
0 390.4 780.141 300 93
0 390.4 780.496 300 93
0 390.4 780.713 300 93
0 390.4 780.953 300 93
0 390.4 781.154 300 93
0 390.4 781.396 300 93
0 390.4 781.719 300 93
0 390.4 781.918 300 93
0 390.4 782.26 300 93
0 390.4 782.516 300 93
0 390.4 782.884 300 93
0 390.4 783.018 300 93
0 390.4 783.179 300 93
0 390.4 783.308 300 93
0 390.4 783.465 300 93
0 390.4 783.698 300 93
0 390.4 783.935 300 93
0 390.4 784.144 300 93
0 390.4 784.291 300 93
0 390.4 784.499 300 93
0 390.4 784.773 300 93
0 390.4 784.981 300 93
0 390.4 785.216 300 93
0 390.4 785.391 300 93
0 390.4 785.525 300 93
0 390.4 785.7 300 93
0 390.4 785.881 300 93
0 390.4 786.042 300 93
0 390.4 786.326 300 93
0 390.4 786.499 300 93
0 390.4 786.737 300 93
0 390.4 787.172 300 93
0 390.4 787.47 300 93
0 390.4 787.698 300 93
0 390.4 787.92 300 93
0 390.4 788.305 300 93
0 390.4 788.569 300 93
0 390.4 788.787 300 93
0 390.4 788.963 300 93
0 390.4 789.165 300 93
0 390.4 789.41 300 93
0 390.4 789.582 300 93
0 390.4 789.716 300 93
0 390.4 789.898 300 93
0 390.4 790.07 300 93
0 390.4 790.333 300 93
0 390.4 790.69 300 93
0 390.4 790.874 300 93
0 390.4 791.059 300 93
0 390.4 791.338 300 93
0 390.4 791.553 300 93
0 390.4 791.689 300 93
0 390.4 791.909 300 93
0 390.4 792.224 300 93
0 390.4 792.421 300 93
0 390.4 792.753 300 93
0 390.4 792.98 300 93
0 390.4 793.318 300 93
0 390.4 793.494 300 93
0 390.4 793.668 300 93
0 390.4 793.884 300 93
0 390.4 794.014 300 93
0 390.4 794.133 300 93
0 390.4 794.276 300 93
0 390.4 794.455 300 93
0 390.4 794.609 300 93
0 390.4 794.768 300 93
0 390.4 794.976 300 93
0 390.4 795.071 300 93
0 390.4 795.227 300 93
0 390.4 795.458 300 93
0 390.4 795.621 300 93
0 390.4 795.78 300 93
0 390.4 795.931 300 93
0 390.4 796.08 300 93
0 390.4 796.276 300 93
0 390.4 796.403 300 93
0 390.4 796.551 300 93
0 390.4 796.687 300 93
0 390.4 796.826 300 93
0 390.4 796.945 300 93
0 390.4 797.058 300 93
0 390.4 797.179 300 93
0 390.4 797.345 300 93
0 390.4 797.459 300 93
0 390.4 797.583 300 93
0 390.4 797.703 300 93
0 390.4 797.833 300 93
0 390.4 797.949 300 93
0 390.4 798.09 300 93
0 390.4 798.184 300 93
0 390.4 798.268 300 93
0 390.4 798.352 300 93
0 390.4 798.537 300 93
0 390.4 798.689 300 93
0 390.4 798.784 300 93
0 390.4 798.913 300 93
0 390.4 799.01 300 93
0 390.4 799.116 300 93
0 390.4 799.197 300 93
0 390.4 799.314 300 93
0 390.4 799.432 300 93
0 390.4 799.544 300 93
0 390.4 799.657 300 93
0 390.4 799.789 300 93
0 390.4 799.926 300 93
