0.000326 71.200000 71.200000
1.000329 71.200000 71.200000
2.000333 71.200000 71.200000
3.000333 71.200000 71.200000
4.000334 71.200000 71.200000
5.000334 71.200000 71.200000
6.000346 71.200000 71.200000
7.000348 71.200000 71.200000
8.000350 71.200000 71.200000
9.000354 71.200000 71.200000
10.000371 71.200000 71.200000
11.000371 71.200000 71.200000
12.000371 71.200000 71.200000
13.000372 71.200000 71.200000
14.000373 71.200000 71.200000
15.000377 71.200000 71.200000
16.000378 71.200000 71.200000
17.000382 71.200000 71.200000
18.000413 71.200000 71.200000
19.000414 71.200000 71.200000
20.000414 71.200000 71.200000
21.000424 71.200000 71.200000
22.000440 71.200000 71.200000
23.000441 71.200000 71.200000
24.000441 71.200000 71.200000
25.000441 71.200000 71.200000
26.000442 71.200000 71.200000
27.000446 71.200000 71.200000
28.000455 71.200000 71.200000
29.000466 71.200000 71.200000
30.000472 71.200000 71.200000
31.000533 71.200000 71.200000
32.000536 71.200000 71.200000
33.000547 71.200000 71.200000
34.000555 71.200000 71.200000
35.000560 71.200000 71.200000
36.000566 71.200000 71.200000
37.000571 71.200000 71.200000
38.000576 71.200000 71.200000
39.000582 71.200000 71.200000
40.000583 71.200000 71.200000
41.000583 71.200000 71.200000
42.000589 71.200000 71.200000
43.000592 71.200000 71.200000
44.000596 71.200000 71.200000
45.000597 71.200000 71.200000
46.000605 71.200000 71.200000
47.000605 71.200000 71.200000
48.000605 71.200000 71.200000
49.000605 71.200000 71.200000
50.000608 71.200000 71.200000
51.000608 71.200000 71.200000
52.000609 71.200000 71.200000
53.000612 71.200000 71.200000
54.000618 71.200000 71.200000
55.000620 71.200000 71.200000
56.000620 71.200000 71.200000
57.000625 71.200000 71.200000
58.000625 71.200000 71.200000
59.000629 71.200000 71.200000
60.000629 71.200000 71.200000
61.000629 71.200000 71.200000
62.000633 71.200000 71.200000
63.000637 71.200000 71.200000
64.000658 71.200000 71.200000
65.000660 71.200000 71.200000
66.000664 71.200000 71.200000
67.000664 71.200000 71.200000
68.000665 71.200000 71.200000
69.000666 71.200000 71.200000
70.000722 71.200000 71.200000
71.000722 71.200000 71.200000
72.000724 71.200000 71.200000
73.000725 71.200000 71.200000
74.000728 71.200000 71.200000
75.000732 71.200000 71.200000
76.000742 71.200000 71.200000
77.000742 71.200000 71.200000
78.000742 71.200000 71.200000
79.000743 71.200000 71.200000
80.000743 71.200000 71.200000
81.000753 71.200000 71.200000
82.000755 71.200000 71.200000
83.000757 71.200000 71.200000
84.000757 71.200000 71.200000
85.000758 71.200000 71.200000
86.000758 71.200000 71.200000
87.000758 71.200000 71.200000
88.000758 71.200000 71.200000
89.000762 71.200000 71.200000
90.000762 71.200000 71.200000
91.000762 71.200000 71.200000
92.000762 71.200000 71.200000
93.000764 71.200000 71.200000
94.000766 71.200000 71.200000
95.000766 71.200000 71.200000
96.000770 71.200000 71.200000
97.000773 71.200000 71.200000
98.000774 71.200000 71.200000
99.000776 71.200000 71.200000
100.000776 71.200000 71.200000
101.000777 71.200000 71.200000
102.000782 71.200000 71.200000
103.000782 71.200000 71.200000
104.000782 71.200000 71.200000
105.000855 71.200000 71.200000
106.000862 71.200000 71.200000
107.000862 71.200000 71.200000
108.000863 71.200000 71.200000
109.000863 71.200000 71.200000
110.000865 71.200000 71.200000
111.000868 71.200000 71.200000
112.000871 71.200000 71.200000
113.000879 71.200000 71.200000
114.000879 71.200000 71.200000
115.000900 71.200000 71.200000
116.000901 71.200000 71.200000
117.000901 71.200000 71.200000
118.000905 71.200000 71.200000
119.000906 71.200000 71.200000
120.000910 71.200000 71.200000
121.000910 71.200000 71.200000
122.000912 71.200000 71.200000
123.000916 71.200000 71.200000
124.000916 71.200000 71.200000
125.000916 71.200000 71.200000
126.000920 71.200000 71.200000
127.000923 71.200000 71.200000
128.000924 71.200000 71.200000
129.000925 71.200000 71.200000
130.000925 71.200000 71.200000
131.000925 71.200000 71.200000
132.000926 71.200000 71.200000
133.000928 71.200000 71.200000
134.000928 71.200000 71.200000
135.000928 71.200000 71.200000
136.000934 71.200000 71.200000
137.000935 71.200000 71.200000
138.000935 71.200000 71.200000
139.000935 71.200000 71.200000
140.000945 71.200000 71.200000
141.000945 71.200000 71.200000
142.000952 71.200000 71.200000
143.000956 71.200000 71.200000
144.000959 71.200000 71.200000
145.000973 71.200000 71.200000
146.000973 71.200000 71.200000
147.000976 71.200000 71.200000
148.001006 71.200000 71.200000
149.001007 71.200000 71.200000
150.001010 71.200000 71.200000
151.001010 71.200000 71.200000
152.001013 71.200000 71.200000
153.001013 71.200000 71.200000
154.001013 71.200000 71.200000
155.001013 71.200000 71.200000
156.001013 71.200000 71.200000
157.001013 71.200000 71.200000
158.001049 71.200000 71.200000
159.001049 71.200000 71.200000
160.001049 71.200000 71.200000
161.001049 71.200000 71.200000
162.001065 71.200000 71.200000
163.001065 71.200000 71.200000
164.001065 71.200000 71.200000
165.001070 71.200000 71.200000
166.001070 71.200000 71.200000
167.001070 71.200000 71.200000
168.001071 71.200000 71.200000
169.001072 71.200000 71.200000
170.001073 71.200000 71.200000
171.001074 71.200000 71.200000
172.001081 71.200000 71.200000
173.001081 71.200000 71.200000
174.001081 71.200000 71.200000
175.001082 71.200000 71.200000
176.001087 71.200000 71.200000
177.001087 71.200000 71.200000
178.001089 71.200000 71.200000
179.001090 71.200000 71.200000
180.001093 71.200000 71.200000
181.001094 71.200000 71.200000
182.001094 71.200000 71.200000
183.001098 71.200000 71.200000
184.001169 71.200000 71.200000
185.001171 71.200000 71.200000
186.001171 71.200000 71.200000
187.001171 71.200000 71.200000
188.001171 71.200000 71.200000
189.001175 71.200000 71.200000
190.001177 71.200000 71.200000
191.001177 71.200000 71.200000
192.001179 71.200000 71.200000
193.001179 71.200000 71.200000
194.001180 71.200000 71.200000
195.001186 71.200000 71.200000
196.001186 71.200000 71.200000
197.001190 71.200000 71.200000
198.001194 71.200000 71.200000
199.001205 71.200000 71.200000
200.001208 71.200000 71.200000
201.001209 71.200000 71.200000
202.001210 71.200000 71.200000
203.001212 71.200000 71.200000
204.001212 71.200000 71.200000
205.001213 71.200000 71.200000
206.001216 71.200000 71.200000
207.001218 71.200000 71.200000
208.001218 71.200000 71.200000
209.001218 71.200000 71.200000
210.001219 71.200000 71.200000
211.001220 71.200000 71.200000
212.001220 71.200000 71.200000
213.001227 71.200000 71.200000
214.001227 71.200000 71.200000
215.001227 71.200000 71.200000
216.001243 71.200000 71.200000
217.001243 71.200000 71.200000
218.001244 71.200000 71.200000
219.001245 71.200000 71.200000
220.001246 71.200000 71.200000
221.001248 71.200000 71.200000
222.001248 71.200000 71.200000
223.001248 71.200000 71.200000
224.001248 71.200000 71.200000
225.001250 71.200000 71.200000
226.001251 71.200000 71.200000
227.001301 71.200000 71.200000
228.001304 71.200000 71.200000
229.001304 71.200000 71.200000
230.001312 71.200000 71.200000
231.001313 71.200000 71.200000
232.001313 71.200000 71.200000
233.001326 71.200000 71.200000
234.001330 71.200000 71.200000
235.001331 71.200000 71.200000
236.001331 71.200000 71.200000
237.001347 71.200000 71.200000
238.001355 71.200000 71.200000
239.001355 71.200000 71.200000
240.001356 71.200000 71.200000
241.001359 71.200000 71.200000
242.001404 71.200000 71.200000
243.001406 71.200000 71.200000
244.001414 71.200000 71.200000
245.001415 71.200000 71.200000
246.001415 71.200000 71.200000
247.001429 71.200000 71.200000
248.001446 71.200000 71.200000
249.001446 71.200000 71.200000
250.001446 71.200000 71.200000
251.001446 71.200000 71.200000
252.001446 71.200000 71.200000
253.001447 71.200000 71.200000
254.001448 71.200000 71.200000
255.001452 71.200000 71.200000
256.001459 71.200000 71.200000
257.001461 71.200000 71.200000
258.001464 71.200000 71.200000
259.001466 71.200000 71.200000
260.001467 71.200000 71.200000
261.001468 71.200000 71.200000
262.001469 71.200000 71.200000
263.001471 71.200000 71.200000
264.001475 71.200000 71.200000
265.001475 71.200000 71.200000
266.001479 71.200000 71.200000
267.001480 71.200000 71.200000
268.001495 71.200000 71.200000
269.001499 71.200000 71.200000
270.001505 71.200000 71.200000
271.001505 71.200000 71.200000
272.001509 71.200000 71.200000
273.001509 71.200000 71.200000
274.001513 71.200000 71.200000
275.001564 71.200000 71.200000
276.001568 71.200000 71.200000
277.001568 71.200000 71.200000
278.001569 71.200000 71.200000
279.001570 71.200000 71.200000
280.001574 71.200000 71.200000
281.001576 71.200000 71.200000
282.001578 71.200000 71.200000
283.001632 71.200000 71.200000
284.001638 71.200000 71.200000
285.001640 71.200000 71.200000
286.001640 71.200000 71.200000
287.001641 71.200000 71.200000
288.001642 71.200000 71.200000
289.001644 71.200000 71.200000
290.001645 71.200000 71.200000
291.001645 71.200000 71.200000
292.001648 71.200000 71.200000
293.001650 71.200000 71.200000
294.001651 71.200000 71.200000
295.001651 71.200000 71.200000
296.001653 71.200000 71.200000
297.001653 71.200000 71.200000
298.001655 71.200000 71.200000
299.001655 71.200000 71.200000
300.001656 71.200000 71.200000
301.001667 71.200000 71.200000
302.001667 71.200000 71.200000
303.001667 71.200000 71.200000
304.001667 71.200000 71.200000
305.001668 71.200000 71.200000
306.001668 71.200000 71.200000
307.001668 71.200000 71.200000
308.001672 71.200000 71.200000
309.001672 71.200000 71.200000
310.001708 71.200000 71.200000
311.001708 71.200000 71.200000
312.001710 71.200000 71.200000
313.001710 71.200000 71.200000
314.001741 71.200000 71.200000
315.001741 71.200000 71.200000
316.001769 71.200000 71.200000
317.001769 71.200000 71.200000
318.001770 71.200000 71.200000
319.001788 71.200000 71.200000
320.001788 71.200000 71.200000
321.001793 71.200000 71.200000
322.001805 71.200000 71.200000
323.001805 71.200000 71.200000
324.001809 71.200000 71.200000
325.001810 71.200000 71.200000
326.001819 71.200000 71.200000
327.001819 71.200000 71.200000
328.001825 71.200000 71.200000
329.001828 71.200000 71.200000
330.001828 71.200000 71.200000
331.001829 71.200000 71.200000
332.001838 71.200000 71.200000
333.001838 71.200000 71.200000
334.001841 71.200000 71.200000
335.001850 71.200000 71.200000
336.001852 71.200000 71.200000
337.001855 71.200000 71.200000
338.001855 71.200000 71.200000
339.001855 71.200000 71.200000
340.001855 71.200000 71.200000
341.001856 71.200000 71.200000
342.001857 71.200000 71.200000
343.001865 71.200000 71.200000
344.001867 71.200000 71.200000
345.001877 71.200000 71.200000
346.001880 71.200000 71.200000
347.001883 71.200000 71.200000
348.001884 71.200000 71.200000
349.001884 71.200000 71.200000
350.001885 71.200000 71.200000
351.001885 71.200000 71.200000
352.001885 71.200000 71.200000
353.001886 71.200000 71.200000
354.001887 71.200000 71.200000
355.001957 71.200000 71.200000
356.001962 71.200000 71.200000
357.001962 71.200000 71.200000
358.001969 71.200000 71.200000
359.001969 71.200000 71.200000
360.001970 71.200000 71.200000
361.001973 71.200000 71.200000
362.002000 71.200000 71.200000
363.002001 71.200000 71.200000
364.002004 71.200000 71.200000
365.002004 71.200000 71.200000
366.002011 71.200000 71.200000
367.002012 71.200000 71.200000
368.002012 71.200000 71.200000
369.002016 71.200000 71.200000
370.002016 71.200000 71.200000
371.002017 71.200000 71.200000
372.002018 71.200000 71.200000
373.002023 71.200000 71.200000
374.002026 71.200000 71.200000
375.002028 71.200000 71.200000
376.002031 71.200000 71.200000
377.002031 71.200000 71.200000
378.002032 71.200000 71.200000
379.002033 71.200000 71.200000
380.002097 71.200000 71.200000
381.002098 71.200000 71.200000
382.002102 71.200000 71.200000
383.002111 71.200000 71.200000
384.002131 71.200000 71.200000
385.002172 71.200000 71.200000
386.002176 71.200000 71.200000
387.002176 71.200000 71.200000
388.002176 71.200000 71.200000
389.002176 71.200000 71.200000
390.002176 71.200000 71.200000
391.002236 71.200000 71.200000
392.002260 71.200000 71.200000
393.002271 71.200000 71.200000
394.002278 71.200000 71.200000
395.002288 71.200000 71.200000
396.002335 71.200000 71.200000
397.002340 71.200000 71.200000
398.002347 71.200000 71.200000
399.002348 71.200000 71.200000
400.002349 71.200000 71.200000
401.002358 71.200000 71.200000
402.002364 71.200000 71.200000
403.002370 71.200000 71.200000
404.002401 71.200000 71.200000
405.002401 71.200000 71.200000
406.002409 71.200000 71.200000
407.002410 71.200000 71.200000
408.002410 71.200000 71.200000
409.002410 71.200000 71.200000
410.002423 71.200000 71.200000
411.002424 71.200000 71.200000
412.002461 71.200000 71.200000
413.002469 71.200000 71.200000
414.002472 71.200000 71.200000
415.002495 71.200000 71.200000
416.002497 71.200000 71.200000
417.002497 71.200000 71.200000
418.002497 71.200000 71.200000
419.002505 71.200000 71.200000
420.002505 71.200000 71.200000
421.002505 71.200000 71.200000
422.002505 71.200000 71.200000
423.002508 71.200000 71.200000
424.002508 71.200000 71.200000
425.002508 71.200000 71.200000
426.002510 71.200000 71.200000
427.002510 71.200000 71.200000
428.002511 71.200000 71.200000
429.002513 71.200000 71.200000
430.002521 71.200000 71.200000
431.002524 71.200000 71.200000
432.002526 71.200000 71.200000
433.002531 71.200000 71.200000
434.002559 71.200000 71.200000
435.002560 71.200000 71.200000
436.002560 71.200000 71.200000
437.002574 71.200000 71.200000
438.002577 71.200000 71.200000
439.002581 71.200000 71.200000
440.002616 71.200000 71.200000
441.002616 71.200000 71.200000
442.002616 71.200000 71.200000
443.002617 71.200000 71.200000
444.002618 71.200000 71.200000
445.002621 71.200000 71.200000
446.002623 71.200000 71.200000
447.002636 71.200000 71.200000
448.002636 71.200000 71.200000
449.002636 71.200000 71.200000
450.002636 71.200000 71.200000
451.002649 71.200000 71.200000
452.002660 71.200000 71.200000
453.002660 71.200000 71.200000
454.002660 71.200000 71.200000
455.002660 71.200000 71.200000
456.002662 71.200000 71.200000
457.002663 71.200000 71.200000
458.002663 71.200000 71.200000
459.002663 71.200000 71.200000
460.002663 71.200000 71.200000
461.002668 71.200000 71.200000
462.002671 71.200000 71.200000
463.002671 71.200000 71.200000
464.002683 71.200000 71.200000
465.002685 71.200000 71.200000
466.002685 71.200000 71.200000
467.002685 71.200000 71.200000
468.002690 71.200000 71.200000
469.002691 71.200000 71.200000
470.002691 71.200000 71.200000
471.002695 71.200000 71.200000
472.002701 71.200000 71.200000
473.002701 71.200000 71.200000
474.002704 71.200000 71.200000
475.002706 71.200000 71.200000
476.002706 71.200000 71.200000
477.002707 71.200000 71.200000
478.002711 71.200000 71.200000
479.002711 71.200000 71.200000
480.002712 71.200000 71.200000
481.002712 71.200000 71.200000
482.002713 71.200000 71.200000
483.002716 71.200000 71.200000
484.002719 71.200000 71.200000
485.002721 71.200000 71.200000
486.002729 71.200000 71.200000
487.002784 71.200000 71.200000
488.002784 71.200000 71.200000
489.002785 71.200000 71.200000
490.002797 71.200000 71.200000
491.002846 71.200000 71.200000
492.002852 71.200000 71.200000
493.002886 71.200000 71.200000
494.002887 71.200000 71.200000
495.002888 71.200000 71.200000
496.002894 71.200000 71.200000
497.002895 71.200000 71.200000
498.002897 71.200000 71.200000
499.002902 71.200000 71.200000
500.002903 71.200000 71.200000
501.002905 71.200000 71.200000
502.002905 71.200000 71.200000
503.002920 71.200000 71.200000
504.002931 71.200000 71.200000
505.002932 71.200000 71.200000
506.002933 71.200000 71.200000
507.002934 71.200000 71.200000
508.002937 71.200000 71.200000
509.002940 71.200000 71.200000
510.002944 71.200000 71.200000
511.002944 71.200000 71.200000
512.002946 71.200000 71.200000
513.002953 71.200000 71.200000
514.002953 71.200000 71.200000
515.002953 71.200000 71.200000
516.002953 71.200000 71.200000
517.002954 71.200000 71.200000
518.002954 71.200000 71.200000
519.002956 71.200000 71.200000
520.002957 71.200000 71.200000
521.002958 71.200000 71.200000
522.002958 71.200000 71.200000
523.002958 71.200000 71.200000
524.002958 71.200000 71.200000
525.002959 71.200000 71.200000
526.002959 71.200000 71.200000
527.002959 71.200000 71.200000
528.002961 71.200000 71.200000
529.002969 71.200000 71.200000
530.002972 71.200000 71.200000
531.002975 71.200000 71.200000
532.002979 71.200000 71.200000
533.002979 71.200000 71.200000
534.002982 71.200000 71.200000
535.002994 71.200000 71.200000
536.003016 71.200000 71.200000
537.003026 71.200000 71.200000
538.003029 71.200000 71.200000
539.003030 71.200000 71.200000
540.003030 71.200000 71.200000
541.003031 71.200000 71.200000
542.003042 71.200000 71.200000
543.003042 71.200000 71.200000
544.003046 71.200000 71.200000
545.003046 71.200000 71.200000
546.003046 71.200000 71.200000
547.003077 71.200000 71.200000
548.003080 71.200000 71.200000
549.003083 71.200000 71.200000
550.003086 71.200000 71.200000
551.003089 71.200000 71.200000
552.003089 71.200000 71.200000
553.003095 71.200000 71.200000
554.003097 71.200000 71.200000
555.003109 71.200000 71.200000
556.003109 71.200000 71.200000
557.003109 71.200000 71.200000
558.003110 71.200000 71.200000
559.003116 71.200000 71.200000
560.003120 71.200000 71.200000
561.003120 71.200000 71.200000
562.003123 71.200000 71.200000
563.003123 71.200000 71.200000
564.003126 71.200000 71.200000
565.003126 71.200000 71.200000
566.003127 71.200000 71.200000
567.003127 71.200000 71.200000
568.003127 71.200000 71.200000
569.003188 71.200000 71.200000
570.003190 71.200000 71.200000
571.003194 71.200000 71.200000
572.003236 71.200000 71.200000
573.003239 71.200000 71.200000
574.003239 71.200000 71.200000
575.003241 71.200000 71.200000
576.003300 71.200000 71.200000
577.003305 71.200000 71.200000
578.003306 71.200000 71.200000
579.003308 71.200000 71.200000
580.003308 71.200000 71.200000
581.003309 71.200000 71.200000
582.003311 71.200000 71.200000
583.003319 71.200000 71.200000
584.003323 71.200000 71.200000
585.003336 71.200000 71.200000
586.003338 71.200000 71.200000
587.003338 71.200000 71.200000
588.003340 71.200000 71.200000
589.003341 71.200000 71.200000
590.003341 71.200000 71.200000
591.003370 71.200000 71.200000
592.003372 71.200000 71.200000
593.003375 71.200000 71.200000
594.003376 71.200000 71.200000
595.003376 71.200000 71.200000
596.003376 71.200000 71.200000
597.003376 71.200000 71.200000
598.003378 71.200000 71.200000
599.003381 71.200000 71.200000
600.003383 71.200000 71.200000
601.003385 71.200000 71.200000
602.003386 71.200000 71.200000
603.003390 71.200000 71.200000
604.003397 71.200000 71.200000
605.003399 71.200000 71.200000
606.003400 71.200000 71.200000
607.003401 71.200000 71.200000
608.003401 71.200000 71.200000
609.003403 71.200000 71.200000
610.003403 71.200000 71.200000
611.003405 71.200000 71.200000
612.003451 71.200000 71.200000
613.003452 71.200000 71.200000
614.003452 71.200000 71.200000
615.003452 71.200000 71.200000
616.003455 71.200000 71.200000
617.003459 71.200000 71.200000
618.003472 71.200000 71.200000
619.003475 71.200000 71.200000
620.003488 71.200000 71.200000
621.003495 71.200000 71.200000
622.003495 71.200000 71.200000
623.003495 71.200000 71.200000
624.003495 71.200000 71.200000
625.003499 71.200000 71.200000
626.003499 71.200000 71.200000
627.003499 71.200000 71.200000
628.003500 71.200000 71.200000
629.003500 71.200000 71.200000
630.003501 71.200000 71.200000
631.003501 71.200000 71.200000
632.003503 71.200000 71.200000
633.003504 71.200000 71.200000
634.003515 71.200000 71.200000
635.003515 71.200000 71.200000
636.003515 71.200000 71.200000
637.003515 71.200000 71.200000
638.003523 71.200000 71.200000
639.003523 71.200000 71.200000
640.003551 71.200000 71.200000
641.003552 71.200000 71.200000
642.003554 71.200000 71.200000
643.003556 71.200000 71.200000
644.003556 71.200000 71.200000
645.003559 71.200000 71.200000
646.003561 71.200000 71.200000
647.003568 71.200000 71.200000
648.003568 71.200000 71.200000
649.003569 71.200000 71.200000
650.003571 71.200000 71.200000
651.003577 71.200000 71.200000
652.003582 71.200000 71.200000
653.003584 71.200000 71.200000
654.003588 71.200000 71.200000
655.003599 71.200000 71.200000
656.003601 71.200000 71.200000
657.003601 71.200000 71.200000
658.003612 71.200000 71.200000
659.003612 71.200000 71.200000
660.003626 71.200000 71.200000
661.003626 71.200000 71.200000
662.003626 71.200000 71.200000
663.003626 71.200000 71.200000
664.003626 71.200000 71.200000
665.003627 71.200000 71.200000
666.003627 71.200000 71.200000
667.003629 71.200000 71.200000
668.003631 71.200000 71.200000
669.003632 71.200000 71.200000
670.003636 71.200000 71.200000
671.003637 71.200000 71.200000
672.003639 71.200000 71.200000
673.003673 71.200000 71.200000
674.003673 71.200000 71.200000
675.003673 71.200000 71.200000
676.003675 71.200000 71.200000
677.003675 71.200000 71.200000
678.003675 71.200000 71.200000
679.003686 71.200000 71.200000
680.003689 71.200000 71.200000
681.003718 71.200000 71.200000
682.003722 71.200000 71.200000
683.003731 71.200000 71.200000
684.003734 71.200000 71.200000
685.003734 71.200000 71.200000
686.003734 71.200000 71.200000
687.003734 71.200000 71.200000
688.003739 71.200000 71.200000
689.003741 71.200000 71.200000
690.003745 71.200000 71.200000
691.003745 71.200000 71.200000
692.003748 71.200000 71.200000
693.003774 71.200000 71.200000
694.003775 71.200000 71.200000
695.003775 71.200000 71.200000
696.003775 71.200000 71.200000
697.003777 71.200000 71.200000
698.003822 71.200000 71.200000
699.003822 71.200000 71.200000
700.003833 71.200000 71.200000
701.003833 71.200000 71.200000
702.003841 71.200000 71.200000
703.003841 71.200000 71.200000
704.003841 71.200000 71.200000
705.003841 71.200000 71.200000
706.003843 71.200000 71.200000
707.003845 71.200000 71.200000
708.003845 71.200000 71.200000
709.003845 71.200000 71.200000
710.003845 71.200000 71.200000
711.003848 71.200000 71.200000
712.003848 71.200000 71.200000
713.003858 71.200000 71.200000
714.003859 71.200000 71.200000
715.003896 71.200000 71.200000
716.003899 71.200000 71.200000
717.003903 71.200000 71.200000
718.003903 71.200000 71.200000
719.003903 71.200000 71.200000
720.003906 71.200000 71.200000
721.003908 71.200000 71.200000
722.003911 71.200000 71.200000
723.003923 71.200000 71.200000
724.003924 71.200000 71.200000
725.003926 71.200000 71.200000
726.003931 71.200000 71.200000
727.003937 71.200000 71.200000
728.003937 71.200000 71.200000
729.003940 71.200000 71.200000
730.003940 71.200000 71.200000
731.003946 71.200000 71.200000
732.003946 71.200000 71.200000
733.003954 71.200000 71.200000
734.003956 71.200000 71.200000
735.003958 71.200000 71.200000
736.003962 71.200000 71.200000
737.003964 71.200000 71.200000
738.003964 71.200000 71.200000
739.003965 71.200000 71.200000
740.003978 71.200000 71.200000
741.003979 71.200000 71.200000
742.003980 71.200000 71.200000
743.003981 71.200000 71.200000
744.004002 71.200000 71.200000
745.004002 71.200000 71.200000
746.004003 71.200000 71.200000
747.004004 71.200000 71.200000
748.004011 71.200000 71.200000
749.004013 71.200000 71.200000
750.004016 71.200000 71.200000
751.004017 71.200000 71.200000
752.004025 71.200000 71.200000
753.004025 71.200000 71.200000
754.004033 71.200000 71.200000
755.004033 71.200000 71.200000
756.004034 71.200000 71.200000
757.004038 71.200000 71.200000
758.004039 71.200000 71.200000
759.004043 71.200000 71.200000
760.004044 71.200000 71.200000
761.004045 71.200000 71.200000
762.004046 71.200000 71.200000
763.004046 71.200000 71.200000
764.004084 71.200000 71.200000
765.004086 71.200000 71.200000
766.004086 71.200000 71.200000
767.004097 71.200000 71.200000
768.004097 71.200000 71.200000
769.004097 71.200000 71.200000
770.004129 71.200000 71.200000
771.004130 71.200000 71.200000
772.004130 71.200000 71.200000
773.004133 71.200000 71.200000
774.004139 71.200000 71.200000
775.004143 71.200000 71.200000
776.004144 71.200000 71.200000
777.004144 71.200000 71.200000
778.004145 71.200000 71.200000
779.004149 71.200000 71.200000
780.004149 71.200000 71.200000
781.004150 71.200000 71.200000
782.004162 71.200000 71.200000
783.004162 71.200000 71.200000
784.004166 71.200000 71.200000
785.004169 71.200000 71.200000
786.004169 71.200000 71.200000
787.004171 71.200000 71.200000
788.004171 71.200000 71.200000
789.004171 71.200000 71.200000
790.004173 71.200000 71.200000
791.004199 71.200000 71.200000
792.004206 71.200000 71.200000
793.004206 71.200000 71.200000
794.004206 71.200000 71.200000
795.004206 71.200000 71.200000
796.004208 71.200000 71.200000
797.004208 71.200000 71.200000
798.004208 71.200000 71.200000
799.004215 71.200000 71.200000
