34.976720 498.800000 498.800000
36.314786 498.800000 498.800000
37.579532 498.800000 493.200000
38.627970 493.200000 493.200000
40.741665 493.200000 493.200000
42.650356 493.200000 493.200000
43.980785 493.200000 370.000000
45.176288 370.000000 370.000000
46.725170 370.000000 370.000000
47.789197 370.000000 370.000000
49.105818 370.000000 370.000000
50.351101 370.000000 370.000000
51.534438 370.000000 370.000000
52.763911 370.000000 370.000000
53.853335 370.000000 370.000000
55.049503 370.000000 370.000000
56.828052 370.000000 370.000000
57.872020 370.000000 370.000000
59.334728 370.000000 370.000000
60.372850 370.000000 319.600000
62.745077 319.600000 319.600000
63.997585 319.600000 308.400000
65.362586 308.400000 308.400000
66.933575 308.400000 308.400000
68.053280 308.400000 308.400000
69.368058 308.400000 308.400000
71.786619 308.400000 308.400000
73.964997 308.400000 308.400000
76.309793 308.400000 308.400000
78.596743 308.400000 308.400000
80.028783 308.400000 302.800000
81.476472 302.800000 302.800000
84.871061 297.200000 297.200000
86.429024 297.200000 297.200000
87.441502 297.200000 297.200000
89.191991 297.200000 297.200000
91.214436 297.200000 297.200000
93.635938 297.200000 297.200000
96.089109 297.200000 297.200000
97.151533 297.200000 297.200000
98.466813 297.200000 297.200000
99.885634 297.200000 297.200000
101.084388 297.200000 297.200000
102.418157 297.200000 297.200000
103.538633 297.200000 297.200000
104.739842 297.200000 297.200000
106.746428 297.200000 297.200000
107.748271 297.200000 297.200000
108.881825 297.200000 297.200000
110.316172 297.200000 297.200000
111.368188 297.200000 297.200000
112.438084 297.200000 297.200000
113.913893 297.200000 297.200000
115.710923 297.200000 297.200000
117.514814 297.200000 297.200000
118.754928 297.200000 297.200000
120.795809 297.200000 297.200000
122.611887 297.200000 297.200000
123.733147 297.200000 297.200000
125.386483 297.200000 297.200000
127.185086 291.600000 291.600000
128.497175 291.600000 291.600000
129.569352 291.600000 291.600000
130.725667 291.600000 291.600000
132.841550 291.600000 291.600000
135.051282 291.600000 291.600000
136.207270 291.600000 291.600000
137.745644 291.600000 291.600000
138.745946 291.600000 291.600000
139.899642 291.600000 291.600000
140.939432 291.600000 291.600000
142.161018 291.600000 291.600000
143.233707 291.600000 291.600000
144.235543 291.600000 291.600000
146.087295 291.600000 291.600000
147.240850 291.600000 291.600000
148.730309 291.600000 291.600000
150.586835 291.600000 291.600000
151.912455 291.600000 291.600000
153.170226 291.600000 291.600000
155.134590 291.600000 291.600000
157.044750 291.600000 291.600000
158.089382 291.600000 291.600000
159.283950 291.600000 291.600000
161.006379 291.600000 291.600000
162.490997 291.600000 291.600000
163.688126 291.600000 291.600000
164.999359 291.600000 291.600000
166.025604 291.600000 291.600000
167.534672 291.600000 291.600000
168.671315 291.600000 291.600000
170.191223 291.600000 291.600000
171.842531 291.600000 291.600000
172.930927 291.600000 291.600000
174.634836 291.600000 291.600000
176.047351 291.600000 291.600000
177.476818 291.600000 291.600000
178.477823 291.600000 291.600000
179.910400 291.600000 291.600000
181.908727 291.600000 291.600000
182.928676 291.600000 291.600000
184.213108 291.600000 291.600000
185.269251 291.600000 291.600000
186.293079 291.600000 291.600000
188.733633 291.600000 291.600000
190.544101 291.600000 291.600000
192.591313 291.600000 291.600000
193.792463 291.600000 291.600000
195.240718 291.600000 291.600000
196.694608 291.600000 291.600000
198.032217 291.600000 291.600000
199.392842 291.600000 291.600000
200.479960 291.600000 291.600000
202.216289 291.600000 291.600000
204.242028 291.600000 291.600000
206.183648 291.600000 291.600000
208.375464 291.600000 291.600000
209.977122 291.600000 291.600000
211.007341 291.600000 291.600000
212.342642 291.600000 291.600000
213.384777 291.600000 291.600000
244.061650 291.600000 487.600000
245.388554 291.600000 487.600000
247.447701 291.600000 403.600000
249.129439 291.600000 403.600000
250.284737 291.600000 403.600000
251.602264 291.600000 403.600000
253.772777 291.600000 403.600000
254.907413 291.600000 403.600000
256.062998 291.600000 403.600000
257.129550 291.600000 398.000000
258.301704 291.600000 398.000000
259.776249 291.600000 398.000000
260.953164 291.600000 398.000000
262.048552 291.600000 398.000000
263.838194 291.600000 398.000000
264.957803 291.600000 398.000000
266.612083 291.600000 398.000000
268.014609 291.600000 398.000000
269.147201 291.600000 398.000000
270.156322 291.600000 398.000000
271.711581 291.600000 398.000000
272.884277 291.600000 398.000000
274.349479 291.600000 398.000000
275.386446 291.600000 398.000000
277.248059 291.600000 398.000000
278.336431 291.600000 398.000000
280.590588 291.600000 364.400000
283.079155 291.600000 364.400000
285.008171 291.600000 336.400000
286.302872 291.600000 336.400000
287.961246 291.600000 336.400000
289.128145 291.600000 336.400000
291.024836 291.600000 336.400000
292.378292 291.600000 321.600000
293.654507 291.600000 321.600000
294.771481 291.600000 321.600000
296.555675 291.600000 319.600000
297.558183 291.600000 319.600000
299.176293 291.600000 319.600000
300.632148 291.600000 319.600000
301.865238 291.600000 319.600000
303.472887 291.600000 319.600000
304.846265 291.600000 319.600000
305.858385 291.600000 319.600000
307.030074 291.600000 319.600000
308.268727 291.600000 319.600000
309.346641 291.600000 319.600000
310.441669 291.600000 319.600000
311.606575 291.600000 319.600000
313.143367 291.600000 319.600000
314.933302 291.600000 319.600000
316.219430 291.600000 319.600000
318.155494 291.600000 319.600000
319.549674 291.600000 316.000000
321.253607 291.600000 316.000000
322.334759 291.600000 316.000000
323.514109 291.600000 316.000000
325.309317 291.600000 316.000000
326.599525 291.600000 316.000000
327.991771 291.600000 316.000000
330.440473 291.600000 316.000000
332.039799 291.600000 314.000000
334.276550 291.600000 314.000000
336.055167 291.600000 314.000000
337.371799 291.600000 314.000000
339.598314 291.600000 314.000000
341.184322 291.600000 314.000000
342.453740 291.600000 314.000000
344.797584 291.600000 314.000000
346.432618 291.600000 314.000000
347.663419 291.600000 314.000000
348.968965 291.600000 314.000000
350.775934 291.600000 314.000000
352.018248 291.600000 314.000000
353.886718 291.600000 314.000000
356.211133 291.600000 314.000000
357.294782 291.600000 314.000000
358.749525 291.600000 314.000000
360.750672 291.600000 314.000000
361.971750 291.600000 314.000000
363.165260 291.600000 314.000000
364.254322 291.600000 314.000000
365.327269 291.600000 314.000000
366.605713 291.600000 314.000000
368.399848 291.600000 314.000000
369.520653 291.600000 314.000000
371.602398 291.600000 314.000000
373.970486 291.600000 314.000000
375.084842 291.600000 314.000000
376.737890 291.600000 314.000000
377.817339 291.600000 314.000000
379.535102 291.600000 314.000000
381.787079 291.600000 314.000000
383.103761 291.600000 314.000000
384.141637 291.600000 314.000000
385.345825 291.600000 314.000000
387.028969 291.600000 314.000000
388.305826 291.600000 314.000000
390.699421 291.600000 314.000000
392.957807 291.600000 314.000000
394.090664 291.600000 314.000000
395.143577 291.600000 314.000000
396.941488 291.600000 314.000000
398.143191 291.600000 314.000000
399.143751 291.600000 314.000000
400.195075 291.600000 314.000000
401.745851 291.600000 314.000000
402.912658 291.600000 314.000000
404.239446 291.600000 314.000000
406.367475 291.600000 314.000000
407.866950 291.600000 314.000000
409.045918 291.600000 314.000000
410.662810 291.600000 314.000000
412.968355 291.600000 314.000000
415.156593 291.600000 314.000000
416.291122 291.600000 314.000000
417.958013 291.600000 314.000000
420.042383 291.600000 314.000000
421.050626 291.600000 314.000000
422.555963 291.600000 314.000000
424.889151 291.600000 314.000000
426.961701 291.600000 314.000000
428.384289 291.600000 314.000000
430.944886 291.600000 314.000000
432.564923 291.600000 314.000000
433.664389 291.600000 314.000000
434.727306 291.600000 314.000000
435.919440 291.600000 314.000000
437.116413 291.600000 314.000000
440.081458 291.600000 314.000000
442.627335 291.600000 314.000000
445.164856 291.600000 314.000000
478.398222 291.600000 482.000000
479.739459 291.600000 482.000000
480.878390 291.600000 482.000000
481.994684 291.600000 431.600000
483.492617 291.600000 431.600000
484.558092 291.600000 431.600000
487.258568 291.600000 426.000000
488.294968 291.600000 426.000000
489.681013 291.600000 426.000000
491.499364 291.600000 414.800000
493.044471 291.600000 414.800000
494.227268 291.600000 414.800000
495.700914 291.600000 414.800000
497.635127 291.600000 414.800000
499.105067 291.600000 358.800000
500.518378 291.600000 358.800000
501.711098 291.600000 358.800000
503.091197 291.600000 358.800000
504.445634 291.600000 358.800000
506.922662 291.600000 358.800000
508.943138 291.600000 358.800000
510.363699 291.600000 325.200000
512.785210 291.600000 325.200000
514.233588 291.600000 314.000000
515.280587 291.600000 314.000000
516.781598 291.600000 314.000000
517.908769 291.600000 314.000000
519.536619 291.600000 314.000000
520.609772 291.600000 314.000000
521.931107 291.600000 314.000000
523.323299 291.600000 314.000000
524.396162 291.600000 314.000000
526.033886 291.600000 314.000000
527.365537 291.600000 314.000000
528.917816 291.600000 314.000000
531.088887 291.600000 314.000000
533.098064 291.600000 314.000000
534.523795 291.600000 308.400000
536.509836 291.600000 308.400000
537.840601 291.600000 302.800000
539.751698 291.600000 302.800000
541.126689 291.600000 297.200000
543.376726 291.600000 297.200000
544.462562 291.600000 297.200000
546.036129 291.600000 297.200000
547.193970 291.600000 297.200000
548.328729 291.600000 297.200000
549.857378 291.600000 297.200000
551.057882 291.600000 297.200000
552.196061 291.600000 297.200000
553.719253 291.600000 297.200000
554.854953 291.600000 297.200000
555.910247 291.600000 297.200000
557.731684 291.600000 297.200000
559.041219 291.600000 297.200000
560.918267 291.600000 297.200000
562.294159 291.600000 297.200000
563.390984 291.600000 297.200000
564.938392 291.600000 297.200000
566.351598 291.600000 297.200000
567.484433 291.600000 297.200000
569.008083 291.600000 297.200000
570.280502 291.600000 297.200000
571.406508 291.600000 297.200000
572.406697 291.600000 297.200000
573.562549 291.600000 297.200000
575.159035 291.600000 297.200000
576.302816 291.600000 297.200000
577.376036 291.600000 297.200000
578.501803 291.600000 297.200000
579.686638 291.600000 297.200000
581.514043 291.600000 297.200000
582.805514 291.600000 297.200000
583.862578 291.600000 297.200000
585.474059 291.600000 297.200000
586.582220 291.600000 297.200000
588.491762 291.600000 297.200000
589.703688 291.600000 297.200000
590.731918 291.600000 297.200000
591.959238 291.600000 297.200000
593.283835 291.600000 297.200000
594.577546 291.600000 297.200000
596.018436 291.600000 297.200000
597.211713 291.600000 297.200000
598.331161 291.600000 297.200000
599.366507 291.600000 297.200000
601.120644 291.600000 297.200000
602.699503 291.600000 297.200000
603.894438 291.600000 297.200000
606.566279 291.600000 297.200000
607.856475 291.600000 297.200000
609.116590 291.600000 297.200000
610.189905 291.600000 297.200000
611.370051 291.600000 297.200000
612.459402 291.600000 297.200000
613.573699 291.600000 297.200000
614.854889 291.600000 297.200000
615.904130 291.600000 297.200000
617.037164 291.600000 297.200000
618.481654 291.600000 297.200000
619.628859 291.600000 297.200000
621.244445 291.600000 297.200000
622.644408 291.600000 297.200000
623.966094 291.600000 297.200000
625.364426 291.600000 297.200000
626.513349 291.600000 297.200000
627.643323 291.600000 297.200000
629.292717 291.600000 297.200000
630.636717 291.600000 297.200000
632.201871 291.600000 297.200000
633.255406 291.600000 297.200000
634.620255 291.600000 297.200000
635.811680 291.600000 297.200000
637.653730 291.600000 297.200000
638.917358 291.600000 297.200000
640.505006 291.600000 297.200000
642.754556 291.600000 297.200000
674.714070 291.600000 504.400000
676.096587 291.600000 504.400000
677.381409 291.600000 504.400000
678.685688 291.600000 431.600000
679.985408 291.600000 431.600000
681.248794 291.600000 431.600000
682.450457 291.600000 426.000000
684.332237 291.600000 426.000000
685.457394 291.600000 426.000000
686.757830 291.600000 426.000000
687.900304 291.600000 426.000000
689.129760 291.600000 426.000000
690.150584 291.600000 426.000000
692.195290 291.600000 426.000000
693.600361 291.600000 426.000000
695.212136 291.600000 426.000000
696.428296 291.600000 426.000000
698.149804 291.600000 426.000000
699.398394 291.600000 426.000000
701.092734 291.600000 426.000000
702.858367 291.600000 400.000000
704.884841 291.600000 400.000000
706.498125 291.600000 336.400000
708.640367 291.600000 336.400000
710.007346 291.600000 314.000000
711.578352 291.600000 314.000000
712.650721 291.600000 314.000000
713.895878 291.600000 314.000000
715.472573 291.600000 314.000000
716.595177 291.600000 314.000000
718.499466 291.600000 314.000000
719.550949 291.600000 314.000000
721.145033 291.600000 314.000000
722.607164 291.600000 314.000000
723.691497 291.600000 314.000000
724.794322 291.600000 314.000000
725.906349 291.600000 314.000000
728.211532 291.600000 314.000000
729.340422 291.600000 314.000000
730.468813 291.600000 314.000000
732.404594 291.600000 314.000000
733.440820 291.600000 314.000000
734.588106 291.600000 314.000000
736.193210 291.600000 314.000000
737.549540 291.600000 314.000000
739.467824 291.600000 314.000000
741.796469 291.600000 308.400000
742.864444 291.600000 308.400000
744.422647 291.600000 308.400000
745.562500 291.600000 308.400000
746.759857 291.600000 308.400000
747.809082 291.600000 308.400000
749.352893 291.600000 308.400000
750.451059 291.600000 308.400000
751.521071 291.600000 308.400000
752.617209 291.600000 308.400000
753.717124 291.600000 308.400000
755.681271 291.600000 308.400000
756.830888 291.600000 308.400000
758.483370 291.600000 308.400000
759.672035 291.600000 308.400000
760.771084 291.600000 308.400000
762.001648 291.600000 308.400000
763.667091 291.600000 308.400000
765.203623 291.600000 304.800000
766.418379 291.600000 304.800000
767.559668 291.600000 304.800000
768.638401 291.600000 304.800000
769.702551 291.600000 304.800000
772.104583 291.600000 304.800000
773.247927 291.600000 302.800000
775.709409 291.600000 302.800000
777.472929 291.600000 302.800000
778.537246 291.600000 302.800000
780.967927 291.600000 302.800000
782.159078 291.600000 302.800000
783.630240 291.600000 302.800000
784.752612 291.600000 302.800000
786.283212 291.600000 302.800000
788.778908 291.600000 302.800000
790.986040 291.600000 302.800000
792.241821 291.600000 302.800000
793.339548 291.600000 302.800000
794.862317 291.600000 302.800000
796.311769 291.600000 302.800000
797.597610 291.600000 302.800000
798.632066 291.600000 302.800000
799.653677 291.600000 302.800000
