0 579.2 0.437543 300 0
0 573.6 0.568478 0
0 568 0.762039 0
0 564.4 0.98199 0
0 392.4 1.26678 2
0 375.6 1.70749 3
0 330.8 2.02301 3
0 314 2.82343 10
0 302.8 3.03584 10
0 291.6 4.3993 23
0 286 4.66354 23
0 280.4 6.02302 23
0 280.4 10.2566 300 79
0 280.4 19.2735 300 80
0 276.8 20.8534 80
0 269.2 21.0567 80
0 269.2 24.5374 300 80
0 269.2 32.603 300 80
0 269.2 43.8733 300 80
0 263.6 52.6663 80
0 263.6 59.5205 300 80
0 263.6 70.2726 300 80
0 263.6 84.0928 300 80
0 263.6 96.6153 300 84
0 258 104.56 84
0 252.4 105.705 84
0 241.2 106.895 84
0 241.2 111.682 300 84
0 241.2 123.761 300 84
0 241.2 134.413 300 84
0 241.2 141.03 300 84
0 241.2 151.923 300 84
0 241.2 160.493 300 84
0 241.2 173.851 300 84
0 241.2 185.879 300 89
0 241.2 197.329 300 89
0 241.2 210.783 300 89
0 241.2 221.095 300 89
0 241.2 229.51 300 89
0 241.2 240.284 300 89
0 241.2 251.667 300 89
0 241.2 260.323 300 89
0 241.2 270.48 300 89
0 241.2 282.285 300 89
0 241.2 294.67 300 89
0 241.2 303.412 300 89
0 241.2 312.959 300 89
0 241.2 322.292 300 89
0 241.2 330.698 300 89
0 241.2 338.895 300 89
0 241.2 347.192 300 89
0 241.2 355.858 300 89
0 241.2 364.28 300 89
0 241.2 375.203 300 89
0 241.2 385.846 300 89
0 241.2 394.672 300 89
0 241.2 402.969 300 89
0 241.2 413.82 300 89
0 241.2 422.37 300 89
0 241.2 429.982 300 89
0 241.2 436.781 300 89
0 241.2 445.774 300 89
0 241.2 456.217 300 89
0 241.2 465.367 300 89
0 241.2 475.633 300 89
0 241.2 485.228 300 89
0 241.2 496.069 300 89
0 241.2 506.574 300 89
0 241.2 517.431 300 89
0 241.2 526.871 300 89
0 241.2 534.633 300 89
0 241.2 542.256 300 89
0 241.2 552.953 300 89
0 241.2 562.557 300 89
0 241.2 574.405 300 89
0 241.2 585.164 300 89
0 241.2 595.049 300 89
0 241.2 602.341 300 89
0 241.2 610.35 300 89
0 241.2 618.938 300 89
0 241.2 627.101 300 89
0 241.2 633.054 300 89
0 241.2 642.615 300 89
0 241.2 650.817 300 89
0 241.2 661.51 300 89
0 241.2 669.974 300 89
0 241.2 679.607 300 89
0 241.2 686.385 300 89
0 241.2 693.855 300 89
0 241.2 705.486 300 89
0 241.2 713.93 300 89
0 241.2 725.364 300 89
0 241.2 734.587 300 89
0 241.2 739.707 300 89
0 241.2 751.291 300 89
0 241.2 756.846 300 89
0 241.2 764.757 300 89
0 241.2 773.006 300 89
0 241.2 783.819 300 89
0 241.2 791.515 300 89
0 241.2 799.404 300 89
