0.437831 579.200000 579.200000
1.453263 392.400000 392.400000
2.488417 330.800000 330.800000
3.506145 302.800000 302.800000
4.540213 291.600000 291.600000
5.541936 286.000000 286.000000
6.559642 280.400000 280.400000
7.560470 280.400000 280.400000
8.634494 280.400000 280.400000
9.651710 280.400000 280.400000
10.656630 280.400000 564.400000
11.659043 280.400000 319.600000
12.674321 280.400000 319.600000
13.685854 280.400000 302.800000
14.702725 280.400000 291.600000
15.724199 280.400000 286.000000
16.726583 280.400000 286.000000
17.760215 280.400000 286.000000
18.773517 280.400000 286.000000
19.776601 280.400000 336.400000
20.854079 276.800000 276.800000
21.859006 269.200000 269.200000
22.863621 269.200000 269.200000
23.934505 269.200000 269.200000
24.940568 269.200000 568.000000
25.947948 269.200000 375.600000
26.961501 269.200000 280.400000
27.968574 269.200000 274.800000
28.987847 269.200000 274.800000
29.990260 269.200000 274.800000
31.019139 269.200000 274.800000
32.047748 269.200000 274.800000
33.076312 269.200000 573.600000
34.096241 269.200000 319.600000
35.128762 269.200000 299.200000
36.286052 269.200000 297.200000
37.297948 269.200000 269.200000
38.308915 269.200000 269.200000
39.309319 269.200000 269.200000
40.334039 269.200000 269.200000
41.337285 269.200000 269.200000
42.340559 269.200000 269.200000
43.351180 269.200000 269.200000
44.352868 269.200000 570.000000
45.366120 269.200000 564.400000
46.403022 269.200000 342.000000
47.426172 269.200000 291.600000
48.477516 269.200000 286.000000
49.479231 269.200000 286.000000
50.499788 269.200000 274.800000
51.504143 269.200000 274.800000
52.549297 269.200000 263.600000
53.551786 263.600000 263.600000
54.584352 263.600000 263.600000
55.675980 263.600000 263.600000
56.725793 263.600000 263.600000
57.755238 263.600000 263.600000
58.786271 263.600000 263.600000
59.806814 263.600000 573.600000
60.819908 263.600000 314.000000
61.847673 263.600000 291.600000
62.853909 263.600000 280.400000
63.880705 263.600000 269.200000
64.905836 263.600000 269.200000
65.918230 263.600000 269.200000
66.929356 263.600000 269.200000
67.991389 263.600000 269.200000
68.993961 263.600000 269.200000
70.273894 263.600000 573.600000
71.292611 263.600000 568.000000
72.309481 263.600000 467.200000
73.363324 263.600000 377.600000
74.382489 263.600000 286.000000
75.390436 263.600000 280.400000
76.405991 263.600000 280.400000
77.427724 263.600000 280.400000
78.498685 263.600000 280.400000
79.523895 263.600000 272.800000
80.548948 263.600000 272.800000
81.589157 263.600000 272.800000
82.595006 263.600000 272.800000
83.629467 263.600000 272.800000
84.650975 263.600000 568.000000
85.688270 263.600000 342.000000
86.709957 263.600000 314.000000
87.725549 263.600000 314.000000
88.766417 263.600000 280.400000
89.796110 263.600000 269.200000
90.863301 263.600000 269.200000
91.904872 263.600000 269.200000
92.912131 263.600000 269.200000
93.916337 263.600000 269.200000
94.925258 263.600000 269.200000
95.987667 263.600000 269.200000
97.005419 263.600000 573.600000
98.014081 263.600000 336.400000
99.026273 263.600000 302.800000
100.087712 263.600000 297.200000
101.133245 263.600000 297.200000
102.148489 263.600000 297.200000
103.152173 263.600000 274.800000
104.191691 263.600000 263.600000
105.195865 258.000000 258.000000
106.209836 252.400000 252.400000
107.213900 241.200000 241.200000
108.235034 241.200000 241.200000
109.236051 241.200000 241.200000
110.308456 241.200000 241.200000
111.311640 241.200000 241.200000
112.338466 241.200000 558.800000
113.363114 241.200000 375.600000
114.365385 241.200000 375.600000
115.377943 241.200000 289.600000
116.409027 241.200000 280.400000
117.424577 241.200000 280.400000
118.485174 241.200000 274.800000
119.488270 241.200000 274.800000
120.514244 241.200000 274.800000
121.531897 241.200000 274.800000
122.534241 241.200000 274.800000
123.762359 241.200000 584.800000
124.767362 241.200000 360.800000
125.799253 241.200000 342.000000
126.830739 241.200000 330.800000
127.837701 241.200000 280.400000
128.886404 241.200000 261.600000
129.902275 241.200000 258.000000
130.903226 241.200000 258.000000
131.914331 241.200000 258.000000
132.944250 241.200000 258.000000
133.964885 241.200000 258.000000
134.997904 241.200000 568.000000
136.006519 241.200000 353.200000
137.024653 241.200000 269.200000
138.025826 241.200000 269.200000
139.045164 241.200000 269.200000
140.068265 241.200000 269.200000
141.090955 241.200000 573.600000
142.145614 241.200000 358.800000
143.159708 241.200000 353.200000
144.160938 241.200000 297.200000
145.207539 241.200000 291.600000
146.281298 241.200000 280.400000
147.287819 241.200000 269.200000
148.296944 241.200000 269.200000
149.329076 241.200000 269.200000
150.329115 241.200000 269.200000
151.380085 241.200000 269.200000
152.384389 241.200000 573.600000
153.396208 241.200000 325.200000
154.401900 241.200000 280.400000
155.431366 241.200000 246.800000
156.434416 241.200000 244.800000
157.473634 241.200000 244.800000
158.483012 241.200000 244.800000
159.508309 241.200000 244.800000
160.548020 241.200000 579.200000
161.594745 241.200000 336.400000
162.622653 241.200000 308.400000
163.623987 241.200000 291.600000
164.637267 241.200000 280.400000
165.708280 241.200000 274.800000
166.713408 241.200000 269.200000
167.779232 241.200000 269.200000
168.853557 241.200000 263.600000
169.868679 241.200000 263.600000
170.870766 241.200000 263.600000
171.874008 241.200000 263.600000
172.891046 241.200000 263.600000
173.982892 241.200000 575.600000
174.990046 241.200000 319.600000
175.995226 241.200000 308.400000
177.037353 241.200000 302.800000
178.090674 241.200000 297.200000
179.112355 241.200000 297.200000
180.117467 241.200000 291.600000
181.133031 241.200000 291.600000
182.152744 241.200000 291.600000
183.171227 241.200000 291.600000
184.187846 241.200000 291.600000
185.198453 241.200000 291.600000
186.232855 241.200000 573.600000
187.257836 241.200000 433.600000
188.268173 241.200000 297.200000
189.269626 241.200000 280.400000
190.308022 241.200000 272.800000
191.310248 241.200000 269.200000
192.316345 241.200000 269.200000
193.323955 241.200000 269.200000
194.354998 241.200000 269.200000
195.369110 241.200000 269.200000
196.372139 241.200000 269.200000
197.374491 241.200000 584.800000
198.377923 241.200000 489.600000
199.412483 241.200000 358.800000
200.482442 241.200000 330.800000
201.496504 241.200000 280.400000
202.496598 241.200000 278.400000
203.520963 241.200000 274.800000
204.526349 241.200000 274.800000
205.535016 241.200000 269.200000
206.537736 241.200000 269.200000
207.539614 241.200000 269.200000
208.568629 241.200000 269.200000
209.606633 241.200000 269.200000
210.784159 241.200000 579.200000
211.812066 241.200000 330.800000
212.829655 241.200000 302.800000
213.849304 241.200000 269.200000
214.851016 241.200000 269.200000
215.859486 241.200000 269.200000
216.865111 241.200000 269.200000
217.891661 241.200000 267.200000
218.899082 241.200000 267.200000
219.919469 241.200000 267.200000
221.096058 241.200000 579.200000
222.105252 241.200000 444.800000
223.126314 241.200000 420.400000
224.149228 241.200000 302.800000
225.183265 241.200000 280.400000
226.214005 241.200000 280.400000
227.229805 241.200000 280.400000
228.260548 241.200000 280.400000
229.510472 241.200000 584.800000
230.523688 241.200000 439.200000
231.536260 241.200000 302.800000
232.582630 241.200000 297.200000
233.597601 241.200000 278.400000
234.603909 241.200000 272.800000
235.609958 241.200000 272.800000
236.632272 241.200000 272.800000
237.656111 241.200000 272.800000
238.678310 241.200000 272.800000
239.693822 241.200000 272.800000
240.733007 241.200000 568.000000
241.792584 241.200000 497.200000
242.836021 241.200000 302.800000
243.843514 241.200000 280.400000
244.889978 241.200000 274.800000
245.890637 241.200000 274.800000
246.911692 241.200000 269.200000
247.916562 241.200000 269.200000
248.938761 241.200000 269.200000
249.945596 241.200000 269.200000
251.002581 241.200000 269.200000
252.039810 241.200000 573.600000
253.059947 241.200000 325.200000
254.068148 241.200000 280.400000
255.076560 241.200000 269.200000
256.105356 241.200000 269.200000
257.145594 241.200000 269.200000
258.148320 241.200000 269.200000
259.161480 241.200000 269.200000
260.324345 241.200000 579.200000
261.354498 241.200000 302.800000
262.422252 241.200000 286.000000
263.431196 241.200000 274.800000
264.469223 241.200000 269.200000
265.478080 241.200000 258.000000
266.487990 241.200000 258.000000
267.524859 241.200000 258.000000
268.526417 241.200000 258.000000
269.530564 241.200000 258.000000
270.565989 241.200000 581.200000
271.615947 241.200000 403.600000
272.616745 241.200000 392.400000
273.629330 241.200000 314.000000
274.641121 241.200000 291.600000
275.709635 241.200000 280.400000
276.740738 241.200000 252.400000
277.741797 241.200000 252.400000
278.760050 241.200000 252.400000
279.779655 241.200000 252.400000
280.802948 241.200000 252.400000
281.894982 241.200000 252.400000
282.934053 241.200000 573.600000
283.975581 241.200000 491.600000
284.998384 241.200000 297.200000
286.020735 241.200000 286.000000
287.033255 241.200000 276.800000
288.042230 241.200000 276.800000
289.047119 241.200000 276.800000
290.050125 241.200000 274.800000
291.070134 241.200000 274.800000
292.099592 241.200000 274.800000
293.118669 241.200000 274.800000
294.120928 241.200000 274.800000
295.140261 241.200000 416.800000
296.141419 241.200000 319.600000
297.184592 241.200000 319.600000
298.207366 241.200000 286.000000
299.212624 241.200000 269.200000
300.228867 241.200000 269.200000
301.237777 241.200000 269.200000
302.257448 241.200000 269.200000
303.413658 241.200000 573.600000
304.454697 241.200000 542.000000
305.462893 241.200000 358.800000
306.474659 241.200000 297.200000
307.500777 241.200000 263.600000
308.523563 241.200000 263.600000
309.536899 241.200000 263.600000
310.539945 241.200000 263.600000
311.541129 241.200000 263.600000
312.547899 241.200000 263.600000
313.565375 241.200000 568.000000
314.615081 241.200000 325.200000
315.618268 241.200000 291.600000
316.643132 241.200000 291.600000
317.663779 241.200000 269.200000
318.680168 241.200000 269.200000
319.681693 241.200000 269.200000
320.703063 241.200000 269.200000
321.718851 241.200000 269.200000
322.721451 241.200000 568.000000
323.760738 241.200000 469.200000
324.791032 241.200000 381.200000
325.845561 241.200000 297.200000
326.851724 241.200000 274.800000
327.879589 241.200000 274.800000
328.896194 241.200000 274.800000
329.919040 241.200000 274.800000
330.933861 241.200000 568.000000
331.984441 241.200000 383.200000
332.986882 241.200000 286.000000
334.038557 241.200000 261.600000
335.042275 241.200000 261.600000
336.052329 241.200000 261.600000
337.078194 241.200000 261.600000
338.085873 241.200000 261.600000
339.091211 241.200000 579.200000
340.100511 241.200000 308.400000
341.157979 241.200000 291.600000
342.170258 241.200000 269.200000
343.173348 241.200000 263.600000
344.180386 241.200000 263.600000
345.186555 241.200000 263.600000
346.205925 241.200000 263.600000
347.219047 241.200000 596.000000
348.223667 241.200000 330.800000
349.228644 241.200000 308.400000
350.269095 241.200000 308.400000
351.296989 241.200000 274.800000
352.357184 241.200000 272.800000
353.360770 241.200000 272.800000
354.362588 241.200000 272.800000
355.381647 241.200000 272.800000
356.407256 241.200000 484.000000
357.419841 241.200000 342.000000
358.452430 241.200000 269.200000
359.454508 241.200000 269.200000
360.455970 241.200000 269.200000
361.477327 241.200000 269.200000
362.491353 241.200000 269.200000
363.492686 241.200000 269.200000
364.514940 241.200000 579.200000
365.550706 241.200000 377.600000
366.560354 241.200000 370.000000
367.591557 241.200000 308.400000
368.611175 241.200000 269.200000
369.620744 241.200000 269.200000
370.658915 241.200000 263.600000
371.669409 241.200000 263.600000
372.681542 241.200000 263.600000
373.688905 241.200000 263.600000
374.715778 241.200000 263.600000
375.763894 241.200000 456.000000
376.788015 241.200000 319.600000
377.790795 241.200000 314.000000
378.826633 241.200000 314.000000
379.829843 241.200000 286.000000
380.831289 241.200000 280.400000
381.872629 241.200000 280.400000
382.885121 241.200000 280.400000
383.898934 241.200000 280.400000
384.955434 241.200000 280.400000
385.987040 241.200000 573.600000
387.050287 241.200000 439.200000
388.070357 241.200000 319.600000
389.078943 241.200000 319.600000
390.150511 241.200000 308.400000
391.174390 241.200000 308.400000
392.176898 241.200000 308.400000
393.224133 241.200000 308.400000
394.239725 241.200000 308.400000
395.367463 241.200000 472.800000
396.386057 241.200000 336.400000
397.387015 241.200000 278.400000
398.406246 241.200000 261.600000
399.410072 241.200000 256.000000
400.430934 241.200000 256.000000
401.433135 241.200000 256.000000
402.457417 241.200000 256.000000
403.502022 241.200000 568.000000
404.573171 241.200000 416.800000
405.594266 241.200000 314.000000
406.604148 241.200000 286.000000
407.614089 241.200000 274.800000
408.638608 241.200000 269.200000
409.671116 241.200000 269.200000
410.690140 241.200000 269.200000
411.695233 241.200000 269.200000
412.741054 241.200000 269.200000
413.821774 241.200000 579.200000
414.872140 241.200000 444.800000
415.903202 241.200000 442.800000
416.917993 241.200000 314.000000
417.953814 241.200000 274.800000
418.975353 241.200000 274.800000
419.982967 241.200000 274.800000
421.006036 241.200000 274.800000
422.012473 241.200000 274.800000
423.020110 241.200000 553.200000
424.025346 241.200000 347.600000
425.027002 241.200000 336.400000
426.040000 241.200000 297.200000
427.047612 241.200000 297.200000
428.049118 241.200000 297.200000
429.107334 241.200000 297.200000
430.148382 241.200000 570.000000
431.160065 241.200000 330.800000
432.165502 241.200000 308.400000
433.183556 241.200000 286.000000
434.221764 241.200000 286.000000
435.223034 241.200000 286.000000
436.265219 241.200000 286.000000
437.299389 241.200000 484.000000
438.354629 241.200000 302.800000
439.358641 241.200000 291.600000
440.384616 241.200000 274.800000
441.389681 241.200000 274.800000
442.399403 241.200000 274.800000
443.400689 241.200000 274.800000
444.409128 241.200000 274.800000
445.420270 241.200000 274.800000
446.425063 241.200000 568.000000
447.445711 241.200000 325.200000
448.469989 241.200000 308.400000
449.501439 241.200000 297.200000
450.506796 241.200000 286.000000
451.531714 241.200000 256.000000
452.542072 241.200000 256.000000
453.587313 241.200000 256.000000
454.633210 241.200000 256.000000
455.647324 241.200000 256.000000
456.695266 241.200000 579.200000
457.758287 241.200000 519.600000
458.783796 241.200000 342.000000
459.784408 241.200000 297.200000
460.836841 241.200000 280.400000
461.907751 241.200000 280.400000
462.921586 241.200000 280.400000
463.924752 241.200000 280.400000
464.933945 241.200000 280.400000
465.990292 241.200000 358.800000
467.027123 241.200000 342.000000
468.033130 241.200000 263.600000
469.101072 241.200000 263.600000
470.126187 241.200000 263.600000
471.130211 241.200000 258.000000
472.152349 241.200000 258.000000
473.213965 241.200000 258.000000
474.229039 241.200000 258.000000
475.243354 241.200000 258.000000
476.251394 241.200000 568.000000
477.314247 241.200000 300.800000
478.388843 241.200000 297.200000
479.392726 241.200000 297.200000
480.397123 241.200000 280.400000
481.410018 241.200000 280.400000
482.416387 241.200000 280.400000
483.467079 241.200000 280.400000
484.468687 241.200000 280.400000
485.491105 241.200000 579.200000
486.520546 241.200000 302.800000
487.539385 241.200000 297.200000
488.550732 241.200000 286.000000
489.561694 241.200000 261.600000
490.564769 241.200000 261.600000
491.584995 241.200000 258.000000
492.599363 241.200000 258.000000
493.622356 241.200000 258.000000
494.641965 241.200000 258.000000
495.658600 241.200000 258.000000
496.685375 241.200000 562.400000
497.734866 241.200000 338.400000
498.815731 241.200000 286.000000
499.828315 241.200000 263.600000
500.833058 241.200000 258.000000
501.883707 241.200000 256.000000
502.915681 241.200000 256.000000
503.928999 241.200000 256.000000
504.965692 241.200000 256.000000
505.989434 241.200000 256.000000
507.003449 241.200000 545.600000
508.023597 241.200000 420.400000
509.042777 241.200000 302.800000
510.060381 241.200000 297.200000
511.130377 241.200000 286.000000
512.144998 241.200000 280.400000
513.158904 241.200000 280.400000
514.172766 241.200000 280.400000
515.196531 241.200000 280.400000
516.201747 241.200000 280.400000
517.433186 241.200000 579.200000
518.481413 241.200000 336.400000
519.493783 241.200000 325.200000
520.578711 241.200000 314.000000
521.587035 241.200000 269.200000
522.600520 241.200000 269.200000
523.683896 241.200000 269.200000
524.708657 241.200000 269.200000
525.712707 241.200000 269.200000
526.872660 241.200000 579.200000
527.874208 241.200000 308.400000
528.880880 241.200000 291.600000
529.888651 241.200000 280.400000
530.899566 241.200000 278.400000
531.972426 241.200000 278.400000
532.991824 241.200000 278.400000
533.994524 241.200000 278.400000
535.059344 241.200000 568.000000
536.091128 241.200000 360.800000
537.091394 241.200000 360.800000
538.103011 241.200000 291.600000
539.108494 241.200000 274.800000
540.113322 241.200000 274.800000
541.116579 241.200000 274.800000
542.256983 241.200000 601.600000
543.258057 241.200000 338.400000
544.282097 241.200000 308.400000
545.299919 241.200000 291.600000
546.318075 241.200000 280.400000
547.363949 241.200000 269.200000
548.378424 241.200000 267.200000
549.391739 241.200000 263.600000
550.401863 241.200000 263.600000
551.412333 241.200000 263.600000
552.416598 241.200000 263.600000
553.425600 241.200000 568.000000
554.432258 241.200000 330.800000
555.440087 241.200000 297.200000
556.447443 241.200000 291.600000
557.450094 241.200000 289.600000
558.460339 241.200000 289.600000
559.483185 241.200000 289.600000
560.494322 241.200000 289.600000
561.524438 241.200000 289.600000
562.558768 241.200000 575.600000
563.599285 241.200000 519.600000
564.628437 241.200000 308.400000
565.634659 241.200000 280.400000
566.639990 241.200000 274.800000
567.653239 241.200000 274.800000
568.679107 241.200000 269.200000
569.738050 241.200000 269.200000
570.768287 241.200000 269.200000
571.777377 241.200000 269.200000
572.782211 241.200000 269.200000
573.851640 241.200000 269.200000
574.927023 241.200000 566.000000
575.943874 241.200000 319.600000
576.954844 241.200000 308.400000
577.970984 241.200000 286.000000
578.976728 241.200000 286.000000
579.988576 241.200000 272.800000
580.994060 241.200000 263.600000
582.003231 241.200000 263.600000
583.007246 241.200000 263.600000
584.015961 241.200000 263.600000
585.165849 241.200000 579.200000
586.167129 241.200000 353.200000
587.215719 241.200000 291.600000
588.232396 241.200000 286.000000
589.233412 241.200000 280.400000
590.248220 241.200000 280.400000
591.248347 241.200000 278.400000
592.254317 241.200000 278.400000
593.257999 241.200000 278.400000
594.267858 241.200000 278.400000
595.273196 241.200000 573.600000
596.291730 241.200000 347.600000
597.343790 241.200000 286.000000
598.354995 241.200000 280.400000
599.403296 241.200000 280.400000
600.459292 241.200000 280.400000
601.461444 241.200000 280.400000
602.479423 241.200000 579.200000
603.495928 241.200000 314.000000
604.568324 241.200000 297.200000
605.570698 241.200000 280.400000
606.608502 241.200000 267.200000
607.612994 241.200000 267.200000
608.616266 241.200000 267.200000
609.652511 241.200000 267.200000
610.712342 241.200000 573.600000
611.713396 241.200000 450.400000
612.721064 241.200000 364.400000
613.760843 241.200000 308.400000
614.774736 241.200000 308.400000
615.780151 241.200000 297.200000
616.785911 241.200000 297.200000
617.820527 241.200000 297.200000
618.939622 241.200000 575.600000
619.990635 241.200000 446.800000
621.019595 241.200000 291.600000
622.026130 241.200000 291.600000
623.039905 241.200000 286.000000
624.058297 241.200000 286.000000
625.066686 241.200000 286.000000
626.093352 241.200000 286.000000
627.102487 241.200000 579.200000
628.120210 241.200000 400.000000
629.123936 241.200000 269.200000
630.126230 241.200000 258.000000
631.137074 241.200000 258.000000
632.141122 241.200000 258.000000
633.143881 241.200000 579.200000
634.148884 241.200000 456.000000
635.157606 241.200000 297.200000
636.162062 241.200000 297.200000
637.168965 241.200000 280.400000
638.169921 241.200000 274.800000
639.227942 241.200000 274.800000
640.290370 241.200000 274.800000
641.351533 241.200000 274.800000
642.616643 241.200000 579.200000
643.622611 241.200000 353.200000
644.646596 241.200000 308.400000
645.658666 241.200000 291.600000
646.684817 241.200000 286.000000
647.696963 241.200000 286.000000
648.715354 241.200000 286.000000
649.724547 241.200000 286.000000
650.817801 241.200000 579.200000
651.824963 241.200000 353.200000
652.839317 241.200000 336.400000
653.844389 241.200000 297.200000
654.857994 241.200000 291.600000
655.868709 241.200000 286.000000
656.880520 241.200000 286.000000
657.890634 241.200000 286.000000
658.895169 241.200000 286.000000
659.902045 241.200000 286.000000
660.919643 241.200000 286.000000
661.931602 241.200000 525.200000
662.964110 241.200000 291.600000
664.028630 241.200000 286.000000
665.045511 241.200000 286.000000
666.050895 241.200000 280.400000
667.064452 241.200000 274.800000
668.121422 241.200000 274.800000
669.122250 241.200000 274.800000
670.135458 241.200000 573.600000
671.177176 241.200000 330.800000
672.236411 241.200000 308.400000
673.239872 241.200000 291.600000
674.259808 241.200000 272.800000
675.272095 241.200000 269.200000
676.272852 241.200000 269.200000
677.284268 241.200000 269.200000
678.287147 241.200000 269.200000
679.302070 241.200000 269.200000
680.329742 241.200000 400.000000
681.373688 241.200000 297.200000
682.399721 241.200000 272.800000
683.431494 241.200000 272.800000
684.455482 241.200000 272.800000
685.488191 241.200000 272.800000
686.506281 241.200000 573.600000
687.522314 241.200000 344.000000
688.529466 241.200000 319.600000
689.551828 241.200000 263.600000
690.580152 241.200000 263.600000
691.581721 241.200000 263.600000
692.589504 241.200000 263.600000
693.606335 241.200000 263.600000
694.622735 241.200000 568.000000
695.690878 241.200000 291.600000
696.760364 241.200000 246.800000
697.764592 241.200000 246.800000
698.766588 241.200000 246.800000
699.802966 241.200000 246.800000
700.816092 241.200000 246.800000
701.826026 241.200000 244.800000
702.836469 241.200000 244.800000
703.840335 241.200000 244.800000
704.872688 241.200000 244.800000
705.915995 241.200000 568.000000
706.937965 241.200000 297.200000
707.964458 241.200000 280.400000
708.980447 241.200000 269.200000
709.992547 241.200000 269.200000
711.001212 241.200000 269.200000
712.029382 241.200000 269.200000
713.037552 241.200000 269.200000
714.044306 241.200000 584.800000
715.049384 241.200000 377.600000
716.069872 241.200000 319.600000
717.070925 241.200000 297.200000
718.073300 241.200000 297.200000
719.075654 241.200000 280.400000
720.104513 241.200000 269.200000
721.106816 241.200000 269.200000
722.111155 241.200000 267.200000
723.166474 241.200000 267.200000
724.187402 241.200000 267.200000
725.365768 241.200000 579.200000
726.379303 241.200000 336.400000
727.420991 241.200000 280.400000
728.439401 241.200000 274.800000
729.444468 241.200000 274.800000
730.458388 241.200000 269.200000
731.460736 241.200000 269.200000
732.477785 241.200000 269.200000
733.540172 241.200000 269.200000
734.587980 241.200000 575.600000
735.624225 241.200000 308.400000
736.647389 241.200000 286.000000
737.659645 241.200000 274.800000
738.671243 241.200000 274.800000
739.707392 241.200000 575.600000
740.725703 241.200000 433.600000
741.763010 241.200000 360.800000
742.765558 241.200000 286.000000
743.770680 241.200000 286.000000
744.782822 241.200000 280.400000
745.817770 241.200000 278.400000
746.824448 241.200000 278.400000
747.838779 241.200000 274.800000
748.862194 241.200000 274.800000
749.884415 241.200000 274.800000
750.904493 241.200000 274.800000
751.904755 241.200000 498.800000
752.957376 241.200000 280.400000
753.978235 241.200000 263.600000
754.991489 241.200000 263.600000
756.009202 241.200000 263.600000
757.010245 241.200000 573.600000
758.029275 241.200000 472.800000
759.031185 241.200000 342.000000
760.036203 241.200000 291.600000
761.091637 241.200000 280.400000
762.115379 241.200000 280.400000
763.164097 241.200000 280.400000
764.164313 241.200000 280.400000
765.171196 241.200000 489.600000
766.172154 241.200000 280.400000
767.203362 241.200000 280.400000
768.208787 241.200000 269.200000
769.220286 241.200000 261.600000
770.231981 241.200000 261.600000
771.244419 241.200000 261.600000
772.268315 241.200000 261.600000
773.310127 241.200000 573.600000
774.316756 241.200000 364.400000
775.323982 241.200000 308.400000
776.324777 241.200000 286.000000
777.326024 241.200000 280.400000
778.327891 241.200000 280.400000
779.349540 241.200000 274.800000
780.360435 241.200000 274.800000
781.390778 241.200000 274.800000
782.400056 241.200000 274.800000
783.447462 241.200000 274.800000
784.449126 241.200000 489.600000
785.498430 241.200000 414.800000
786.542812 241.200000 347.600000
787.549673 241.200000 274.800000
788.557582 241.200000 274.800000
789.560909 241.200000 274.800000
790.573338 241.200000 274.800000
791.587057 241.200000 573.600000
792.605809 241.200000 467.200000
793.674294 241.200000 302.800000
794.708815 241.200000 302.800000
795.725183 241.200000 286.000000
796.754929 241.200000 286.000000
797.789685 241.200000 286.000000
798.810534 241.200000 286.000000
799.814831 241.200000 536.400000
