0.389775 573.600000 573.600000
1.410790 534.400000 534.400000
2.465428 297.200000 297.200000
3.466051 291.600000 291.600000
4.512566 280.400000 280.400000
5.538914 280.400000 280.400000
6.558759 280.400000 280.400000
7.600497 280.400000 280.400000
8.609806 280.400000 568.000000
9.620229 280.400000 364.400000
10.620893 280.400000 342.000000
11.636411 280.400000 286.000000
12.639917 274.800000 274.800000
13.650227 269.200000 269.200000
14.679788 269.200000 269.200000
15.692246 269.200000 269.200000
16.699089 269.200000 568.000000
17.706588 269.200000 308.400000
18.742311 269.200000 280.400000
19.743581 269.200000 274.800000
20.761911 269.200000 274.800000
21.767160 269.200000 274.800000
22.883055 269.200000 579.200000
23.960704 269.200000 484.000000
24.987749 269.200000 297.200000
26.005960 269.200000 280.400000
27.030334 269.200000 280.400000
28.039508 269.200000 280.400000
29.042069 269.200000 280.400000
30.083688 269.200000 573.600000
31.105399 269.200000 353.200000
32.122158 269.200000 274.800000
33.143213 269.200000 274.800000
34.165461 269.200000 274.800000
35.231123 252.400000 252.400000
36.252492 250.400000 250.400000
37.253052 250.400000 250.400000
38.262413 250.400000 250.400000
39.268851 246.800000 246.800000
40.292729 246.800000 246.800000
41.298786 246.800000 246.800000
42.313204 246.800000 246.800000
43.339331 246.800000 246.800000
44.398790 246.800000 573.600000
45.452489 246.800000 366.400000
46.491684 246.800000 366.400000
47.511382 246.800000 291.600000
48.532014 246.800000 291.600000
49.551089 246.800000 274.800000
50.617333 246.800000 274.800000
51.647633 246.800000 274.800000
52.650685 246.800000 274.800000
53.663801 246.800000 274.800000
54.805027 246.800000 590.400000
55.829591 246.800000 568.000000
56.837870 246.800000 336.400000
57.847352 246.800000 325.200000
58.850883 246.800000 284.000000
59.861434 246.800000 278.400000
60.877541 246.800000 278.400000
61.883906 246.800000 278.400000
62.885497 246.800000 278.400000
63.930580 246.800000 573.600000
64.943747 246.800000 319.600000
65.979258 246.800000 302.800000
66.995650 246.800000 297.200000
68.002990 246.800000 291.600000
69.058766 246.800000 286.000000
70.063290 246.800000 286.000000
71.072013 246.800000 280.400000
72.085790 246.800000 280.400000
73.102975 246.800000 280.400000
74.104129 246.800000 280.400000
75.128116 246.800000 280.400000
76.143109 246.800000 579.200000
77.147929 246.800000 403.600000
78.154644 246.800000 403.600000
79.218491 246.800000 302.800000
80.220944 246.800000 302.800000
81.235155 246.800000 286.000000
82.245307 246.800000 286.000000
83.269700 246.800000 286.000000
84.274510 246.800000 286.000000
85.297045 246.800000 579.200000
86.313564 246.800000 422.400000
87.313765 246.800000 314.000000
88.376460 246.800000 269.200000
89.392261 246.800000 269.200000
90.411328 246.800000 263.600000
91.412987 246.800000 263.600000
92.443069 246.800000 263.600000
93.558427 246.800000 584.800000
94.573895 246.800000 297.200000
95.613119 246.800000 297.200000
96.624398 246.800000 274.800000
97.634595 246.800000 261.600000
98.641825 246.800000 258.000000
99.700888 246.800000 258.000000
100.732257 246.800000 258.000000
101.754513 246.800000 258.000000
102.778847 246.800000 258.000000
103.790857 246.800000 573.600000
104.818211 246.800000 489.600000
105.873699 246.800000 286.000000
106.890634 246.800000 274.800000
107.895379 246.800000 256.000000
108.900087 246.800000 252.400000
109.911285 246.800000 252.400000
110.912639 246.800000 252.400000
111.988742 246.800000 252.400000
112.989763 246.800000 512.000000
114.039190 246.800000 302.800000
115.089249 246.800000 269.200000
116.114140 246.800000 269.200000
117.136254 246.800000 269.200000
118.176426 246.800000 263.600000
119.186341 246.800000 263.600000
120.195393 246.800000 263.600000
121.239036 246.800000 263.600000
122.347802 246.800000 579.200000
123.399130 246.800000 433.600000
124.404484 246.800000 308.400000
125.414560 246.800000 302.800000
126.428909 246.800000 297.200000
127.464547 246.800000 297.200000
128.512415 246.800000 297.200000
129.532691 246.800000 297.200000
130.540238 246.800000 297.200000
131.541283 246.800000 573.600000
132.543244 246.800000 469.200000
133.572365 246.800000 368.000000
134.572766 246.800000 302.800000
135.579697 246.800000 286.000000
136.580271 246.800000 286.000000
137.583570 246.800000 278.400000
138.617612 246.800000 274.800000
139.633880 246.800000 274.800000
140.645420 246.800000 274.800000
141.651171 246.800000 274.800000
142.656014 246.800000 573.600000
143.656291 246.800000 562.400000
144.657087 246.800000 495.200000
145.659605 246.800000 280.400000
146.670010 246.800000 280.400000
147.673462 246.800000 269.200000
148.735673 246.800000 269.200000
149.747010 246.800000 269.200000
150.932683 246.800000 579.200000
151.961509 246.800000 291.600000
152.989182 246.800000 269.200000
154.025754 246.800000 258.000000
155.037752 246.800000 252.400000
156.086654 246.800000 252.400000
157.125113 246.800000 252.400000
158.153808 246.800000 252.400000
159.378203 246.800000 573.600000
160.419295 246.800000 523.200000
161.447341 246.800000 314.000000
162.464837 246.800000 280.400000
163.469779 246.800000 269.200000
164.504400 246.800000 269.200000
165.508522 246.800000 269.200000
166.531233 246.800000 269.200000
167.574942 246.800000 375.600000
168.576688 246.800000 347.600000
169.606755 246.800000 286.000000
170.617892 246.800000 286.000000
171.619173 246.800000 286.000000
172.630435 246.800000 286.000000
173.670141 246.800000 286.000000
174.755950 246.800000 377.600000
175.767551 246.800000 360.800000
176.813572 246.800000 291.600000
177.835074 246.800000 280.400000
178.840414 246.800000 278.400000
179.889012 246.800000 278.400000
180.905082 246.800000 274.800000
181.906558 246.800000 274.800000
182.908014 246.800000 274.800000
183.925759 246.800000 274.800000
185.026470 246.800000 584.800000
186.031167 246.800000 422.400000
187.046115 246.800000 308.400000
188.059102 246.800000 297.200000
189.064008 246.800000 272.800000
190.069126 246.800000 269.200000
191.080962 246.800000 269.200000
192.112830 246.800000 269.200000
193.128352 246.800000 269.200000
194.139303 246.800000 269.200000
195.148255 246.800000 269.200000
196.165987 246.800000 573.600000
197.205375 246.800000 314.000000
198.234829 246.800000 314.000000
199.250155 246.800000 274.800000
200.259624 246.800000 274.800000
201.272879 246.800000 274.800000
202.280847 246.800000 274.800000
203.285305 246.800000 562.400000
204.323381 246.800000 325.200000
205.361744 246.800000 286.000000
206.371469 246.800000 263.600000
207.373147 246.800000 263.600000
208.396817 246.800000 263.600000
209.402978 246.800000 263.600000
210.413842 246.800000 562.400000
211.413962 246.800000 302.800000
212.429195 246.800000 291.600000
213.436322 246.800000 291.600000
214.489059 246.800000 280.400000
215.491939 246.800000 280.400000
216.503581 246.800000 280.400000
217.554636 246.800000 280.400000
218.603609 246.800000 280.400000
219.715319 246.800000 573.600000
220.735544 246.800000 366.400000
221.755287 246.800000 319.600000
222.767594 246.800000 319.600000
223.785333 246.800000 286.000000
224.788481 246.800000 280.400000
225.796531 246.800000 274.800000
226.812413 246.800000 274.800000
227.860034 246.800000 274.800000
228.910349 246.800000 586.800000
229.929542 246.800000 416.800000
231.005324 246.800000 302.800000
232.010887 246.800000 302.800000
233.016864 246.800000 274.800000
234.045332 246.800000 274.800000
235.059551 246.800000 274.800000
236.094936 246.800000 274.800000
237.108033 246.800000 274.800000
238.123443 246.800000 573.600000
239.165028 246.800000 431.600000
240.181216 246.800000 347.600000
241.217260 246.800000 280.400000
242.226801 246.800000 274.800000
243.227986 246.800000 269.200000
244.235738 246.800000 269.200000
245.251861 246.800000 269.200000
246.307762 246.800000 269.200000
247.312962 246.800000 269.200000
248.329416 246.800000 514.000000
249.385597 246.800000 302.800000
250.391003 246.800000 272.800000
251.405489 246.800000 272.800000
252.425044 246.800000 272.800000
253.425920 246.800000 272.800000
254.552190 246.800000 584.800000
255.561690 246.800000 523.200000
256.628665 246.800000 291.600000
257.650152 246.800000 284.000000
258.658921 246.800000 284.000000
259.675496 246.800000 272.800000
260.712326 246.800000 272.800000
261.717953 246.800000 272.800000
262.772011 246.800000 272.800000
263.790538 246.800000 472.800000
264.803907 246.800000 342.000000
265.839150 246.800000 297.200000
266.842314 246.800000 286.000000
267.874339 246.800000 280.400000
268.895490 246.800000 280.400000
269.914847 246.800000 280.400000
270.918755 246.800000 280.400000
271.970900 246.800000 280.400000
272.994050 246.800000 573.600000
274.001690 246.800000 403.600000
275.036665 246.800000 347.600000
276.084952 246.800000 302.800000
277.149825 246.800000 272.800000
278.182335 246.800000 272.800000
279.188645 246.800000 272.800000
280.199087 246.800000 272.800000
281.205149 246.800000 573.600000
282.259211 246.800000 416.800000
283.259979 246.800000 297.200000
284.272543 246.800000 274.800000
285.295945 246.800000 274.800000
286.298190 246.800000 274.800000
287.306498 246.800000 274.800000
288.310781 246.800000 274.800000
289.366958 246.800000 579.200000
290.371564 246.800000 523.200000
291.378196 246.800000 308.400000
292.423788 246.800000 302.800000
293.445128 246.800000 302.800000
294.519759 246.800000 280.400000
295.531891 246.800000 269.200000
296.560797 246.800000 269.200000
297.688585 246.800000 584.800000
298.729103 246.800000 291.600000
299.743023 246.800000 286.000000
300.747169 246.800000 286.000000
301.775151 246.800000 280.400000
302.800298 246.800000 274.800000
303.803156 246.800000 263.600000
304.809217 246.800000 263.600000
305.835797 246.800000 263.600000
306.860038 246.800000 263.600000
307.894259 246.800000 263.600000
308.940056 246.800000 263.600000
309.949324 246.800000 568.000000
310.999644 246.800000 336.400000
312.057362 246.800000 291.600000
313.112860 246.800000 274.800000
314.174068 246.800000 269.200000
315.191973 246.800000 269.200000
316.208369 246.800000 269.200000
317.213109 246.800000 269.200000
318.222635 246.800000 568.000000
319.265044 246.800000 459.600000
320.291587 246.800000 280.400000
321.292105 246.800000 274.800000
322.295531 246.800000 274.800000
323.298492 246.800000 274.800000
324.320095 246.800000 274.800000
325.330014 246.800000 274.800000
326.364124 246.800000 573.600000
327.364393 246.800000 353.200000
328.374523 246.800000 286.000000
329.389697 246.800000 286.000000
330.406517 246.800000 286.000000
331.432395 246.800000 286.000000
332.683524 246.800000 579.200000
333.703819 246.800000 500.800000
334.761078 246.800000 302.800000
335.768653 246.800000 278.400000
336.798687 246.800000 274.800000
337.844265 246.800000 274.800000
338.849258 246.800000 269.200000
339.857026 246.800000 269.200000
340.859815 246.800000 269.200000
341.862718 246.800000 269.200000
343.050055 246.800000 573.600000
344.072747 246.800000 342.000000
345.076850 246.800000 291.600000
346.140535 246.800000 280.400000
347.205042 246.800000 280.400000
348.345327 246.800000 601.600000
349.361420 246.800000 573.600000
350.426854 246.800000 325.200000
351.489468 246.800000 314.000000
352.496135 246.800000 269.200000
353.564612 246.800000 263.600000
354.575530 246.800000 261.600000
355.596540 246.800000 261.600000
356.643660 246.800000 261.600000
357.650309 246.800000 261.600000
358.669296 246.800000 568.000000
359.703416 246.800000 302.800000
360.721085 246.800000 291.600000
361.738843 246.800000 278.400000
362.744389 246.800000 278.400000
363.750916 246.800000 278.400000
364.768344 246.800000 278.400000
365.780287 246.800000 568.000000
366.783645 246.800000 375.600000
367.814473 246.800000 308.400000
368.818140 246.800000 291.600000
369.828800 246.800000 286.000000
370.829377 246.800000 286.000000
371.869569 246.800000 286.000000
373.104454 246.800000 573.600000
374.126585 246.800000 336.400000
375.141675 246.800000 274.800000
376.154140 246.800000 258.000000
377.164821 246.800000 258.000000
378.170297 246.800000 258.000000
379.369617 246.800000 590.400000
380.370649 246.800000 405.600000
381.386872 246.800000 308.400000
382.452213 246.800000 263.600000
383.453023 246.800000 263.600000
384.464078 246.800000 263.600000
385.469462 246.800000 263.600000
386.683695 246.800000 584.800000
387.690710 246.800000 325.200000
388.720354 246.800000 319.600000
389.723562 246.800000 269.200000
390.740565 246.800000 258.000000
391.745963 246.800000 258.000000
392.748387 246.800000 258.000000
393.763819 246.800000 258.000000
394.814135 246.800000 568.000000
395.817395 246.800000 364.400000
396.824511 246.800000 358.800000
397.830810 246.800000 280.400000
398.846516 246.800000 274.800000
399.900465 246.800000 269.200000
400.902973 246.800000 269.200000
401.903844 246.800000 269.200000
402.923464 246.800000 269.200000
403.956364 246.800000 579.200000
404.992826 246.800000 336.400000
405.999386 246.800000 314.000000
407.002873 246.800000 314.000000
408.073821 246.800000 291.600000
409.088279 246.800000 291.600000
410.106645 246.800000 291.600000
411.135412 246.800000 291.600000
412.171317 246.800000 573.600000
413.194205 246.800000 439.200000
414.196761 246.800000 297.200000
415.245956 246.800000 280.400000
416.285279 246.800000 272.800000
417.301838 246.800000 272.800000
418.307190 246.800000 272.800000
419.366110 246.800000 272.800000
420.381279 246.800000 272.800000
421.608943 246.800000 579.200000
422.657001 246.800000 336.400000
423.678337 246.800000 308.400000
424.693311 246.800000 286.000000
425.694657 246.800000 269.200000
426.706059 246.800000 269.200000
427.715286 246.800000 269.200000
428.769579 246.800000 269.200000
429.823132 246.800000 269.200000
431.029239 246.800000 579.200000
432.061127 246.800000 330.800000
433.077709 246.800000 308.400000
434.081525 246.800000 286.000000
435.136958 246.800000 278.400000
436.153333 246.800000 278.400000
437.172013 246.800000 274.800000
438.181312 246.800000 274.800000
439.215944 246.800000 274.800000
440.232377 246.800000 274.800000
441.249721 246.800000 319.600000
442.251883 246.800000 269.200000
443.263234 246.800000 258.000000
444.293553 246.800000 258.000000
445.295197 246.800000 258.000000
446.570139 246.800000 584.800000
447.578519 246.800000 375.600000
448.582105 246.800000 286.000000
449.589641 246.800000 286.000000
450.635654 246.800000 280.400000
451.644747 246.800000 274.800000
452.663642 246.800000 272.800000
453.702294 246.800000 269.200000
454.767062 246.800000 269.200000
455.779068 246.800000 269.200000
456.808277 246.800000 269.200000
457.838590 246.800000 392.400000
458.851151 246.800000 330.800000
459.860887 246.800000 286.000000
460.876250 246.800000 286.000000
461.876713 246.800000 286.000000
462.878593 246.800000 286.000000
463.894433 246.800000 286.000000
464.903544 246.800000 573.600000
465.934257 246.800000 428.000000
466.963945 246.800000 319.600000
467.970287 246.800000 297.200000
468.977475 246.800000 286.000000
469.984386 246.800000 286.000000
471.027006 246.800000 286.000000
472.099554 246.800000 286.000000
473.142297 246.800000 330.800000
474.156838 246.800000 330.800000
475.157102 246.800000 330.800000
476.192241 246.800000 297.200000
477.193017 246.800000 280.400000
478.196876 246.800000 278.400000
479.212099 246.800000 278.400000
480.219148 246.800000 278.400000
481.220279 246.800000 278.400000
482.269203 246.800000 467.200000
483.277150 246.800000 325.200000
484.302227 246.800000 302.800000
485.325713 246.800000 280.400000
486.335578 246.800000 280.400000
487.357232 246.800000 280.400000
488.412191 246.800000 274.800000
489.417325 246.800000 274.800000
490.422491 246.800000 274.800000
491.449749 246.800000 274.800000
492.457497 246.800000 274.800000
493.469561 246.800000 575.600000
494.536436 246.800000 297.200000
495.542769 246.800000 286.000000
496.560283 246.800000 286.000000
497.570975 246.800000 286.000000
498.581660 246.800000 284.000000
499.639977 246.800000 284.000000
500.650840 246.800000 284.000000
501.665143 246.800000 284.000000
502.767241 246.800000 573.600000
503.810605 246.800000 375.600000
504.813161 246.800000 327.200000
505.879992 246.800000 325.200000
506.902274 246.800000 280.400000
507.931564 246.800000 269.200000
508.932893 246.800000 267.200000
509.945132 246.800000 267.200000
510.963857 246.800000 267.200000
512.028125 246.800000 267.200000
513.078135 246.800000 601.600000
514.117730 246.800000 342.000000
515.127366 246.800000 314.000000
516.130780 246.800000 314.000000
517.199600 246.800000 269.200000
518.223199 246.800000 267.200000
519.247931 246.800000 267.200000
520.313039 246.800000 267.200000
521.316228 246.800000 267.200000
522.367094 246.800000 267.200000
523.394435 246.800000 568.000000
524.410091 246.800000 308.400000
525.437676 246.800000 302.800000
526.446601 246.800000 286.000000
527.451432 246.800000 286.000000
528.457029 246.800000 274.800000
529.465394 246.800000 274.800000
530.465818 246.800000 274.800000
531.625420 246.800000 579.200000
532.626969 246.800000 456.000000
533.640850 246.800000 314.000000
534.668419 246.800000 297.200000
535.681697 246.800000 297.200000
536.686857 246.800000 297.200000
537.718817 246.800000 297.200000
538.785250 246.800000 297.200000
539.794546 246.800000 291.600000
540.798556 246.800000 291.600000
541.809023 246.800000 291.600000
542.821678 246.800000 584.800000
543.855284 246.800000 375.600000
544.923700 246.800000 347.600000
545.965550 246.800000 291.600000
546.977219 246.800000 280.400000
548.015755 246.800000 278.400000
549.037360 246.800000 278.400000
550.046206 246.800000 278.400000
551.048565 246.800000 278.400000
552.056433 246.800000 278.400000
553.078975 246.800000 278.400000
554.092164 246.800000 568.000000
555.107066 246.800000 347.600000
556.181333 246.800000 288.000000
557.191876 246.800000 288.000000
558.208536 246.800000 274.800000
559.251971 246.800000 269.200000
560.266124 246.800000 269.200000
561.270650 246.800000 269.200000
562.281690 246.800000 269.200000
563.295715 246.800000 269.200000
564.571633 246.800000 581.200000
565.648958 246.800000 484.000000
566.671071 246.800000 353.200000
567.687164 246.800000 319.600000
568.687881 246.800000 286.000000
569.728083 246.800000 280.400000
570.738553 246.800000 280.400000
571.753877 246.800000 280.400000
572.759642 246.800000 280.400000
573.783660 246.800000 280.400000
574.929690 246.800000 579.200000
575.947297 246.800000 472.800000
576.952980 246.800000 377.600000
577.997424 246.800000 291.600000
579.001245 246.800000 291.600000
580.019190 246.800000 291.600000
581.046811 246.800000 269.200000
582.066633 246.800000 267.200000
583.075930 246.800000 267.200000
584.083269 246.800000 267.200000
585.101222 246.800000 267.200000
586.125165 246.800000 267.200000
587.168678 246.800000 562.400000
588.172719 246.800000 302.800000
589.178396 246.800000 291.600000
590.248278 246.800000 286.000000
591.251638 246.800000 280.400000
592.278604 246.800000 280.400000
593.288973 246.800000 280.400000
594.306327 246.800000 280.400000
595.329511 246.800000 573.600000
596.402356 246.800000 500.800000
597.413888 246.800000 297.200000
598.467605 246.800000 286.000000
599.474848 246.800000 280.400000
600.484182 246.800000 280.400000
601.499030 246.800000 280.400000
602.507590 246.800000 280.400000
603.516394 246.800000 280.400000
604.528212 246.800000 571.600000
605.547426 246.800000 364.400000
606.550445 246.800000 330.800000
607.552082 246.800000 325.200000
608.553623 246.800000 314.000000
609.560474 246.800000 280.400000
610.586569 246.800000 274.800000
611.605804 246.800000 274.800000
612.615724 246.800000 274.800000
613.663224 246.800000 274.800000
614.694001 246.800000 568.000000
615.714824 246.800000 308.400000
616.780708 246.800000 274.800000
617.813973 246.800000 269.200000
618.824930 246.800000 269.200000
619.879733 246.800000 258.000000
620.889817 246.800000 258.000000
621.904824 246.800000 258.000000
622.943003 246.800000 258.000000
623.951586 246.800000 258.000000
624.966906 246.800000 584.800000
626.013704 246.800000 336.400000
627.017555 246.800000 291.600000
628.025378 246.800000 274.800000
629.076781 246.800000 274.800000
630.100834 246.800000 269.200000
631.108076 246.800000 269.200000
632.127589 246.800000 269.200000
633.334248 246.800000 596.000000
634.362467 246.800000 375.600000
635.383414 246.800000 308.400000
636.384805 246.800000 291.600000
637.451638 246.800000 284.000000
638.454102 246.800000 284.000000
639.468289 246.800000 284.000000
640.681905 246.800000 579.200000
641.707791 246.800000 433.600000
642.731331 246.800000 308.400000
643.746031 246.800000 286.000000
644.785624 246.800000 286.000000
645.801604 246.800000 286.000000
646.836179 246.800000 579.200000
647.858162 246.800000 562.400000
648.888457 246.800000 330.800000
649.907543 246.800000 269.200000
650.959215 246.800000 261.600000
651.977341 246.800000 261.600000
652.981160 246.800000 261.600000
654.041995 246.800000 261.600000
655.070347 246.800000 261.600000
656.088534 246.800000 562.400000
657.133503 246.800000 325.200000
658.146308 246.800000 291.600000
659.210777 246.800000 274.800000
660.241533 246.800000 269.200000
661.252376 246.800000 267.200000
662.253381 246.800000 263.600000
663.253527 246.800000 261.600000
664.320444 246.800000 261.600000
665.326367 246.800000 261.600000
666.331768 246.800000 261.600000
667.353040 246.800000 573.600000
668.424076 246.800000 342.000000
669.435165 246.800000 286.000000
670.458871 246.800000 274.800000
671.476131 246.800000 274.800000
672.476937 246.800000 274.800000
673.514548 246.800000 274.800000
674.533792 246.800000 274.800000
675.547459 246.800000 579.200000
676.549421 246.800000 330.800000
677.581138 246.800000 325.200000
678.591014 246.800000 300.800000
679.611005 246.800000 286.000000
680.614862 246.800000 269.200000
681.638587 246.800000 269.200000
682.672682 246.800000 269.200000
683.704291 246.800000 269.200000
684.747152 246.800000 573.600000
685.770759 246.800000 342.000000
686.796403 246.800000 325.200000
687.822734 246.800000 280.400000
688.844273 246.800000 280.400000
689.898945 246.800000 280.400000
690.910774 246.800000 280.400000
691.946329 246.800000 568.000000
692.957317 246.800000 467.200000
693.977399 246.800000 302.800000
694.985475 246.800000 291.600000
696.000980 246.800000 274.800000
697.011164 246.800000 274.800000
698.017675 246.800000 269.200000
699.017922 246.800000 269.200000
700.032868 246.800000 269.200000
701.083144 246.800000 269.200000
702.089582 246.800000 269.200000
703.464071 246.800000 635.200000
704.478758 246.800000 370.000000
705.515356 246.800000 336.400000
706.531244 246.800000 302.800000
707.533667 246.800000 269.200000
708.558202 246.800000 269.200000
709.558927 246.800000 269.200000
710.559444 246.800000 263.600000
711.582857 246.800000 263.600000
712.589771 246.800000 263.600000
713.590825 246.800000 263.600000
714.604424 246.800000 263.600000
715.618994 246.800000 568.000000
716.624408 246.800000 347.600000
717.669149 246.800000 347.600000
718.686009 246.800000 269.200000
719.733689 246.800000 267.200000
720.745001 246.800000 267.200000
721.750478 246.800000 263.600000
722.756529 246.800000 263.600000
723.763900 246.800000 261.600000
724.765660 246.800000 261.600000
725.767387 246.800000 261.600000
726.775471 246.800000 261.600000
727.961616 246.800000 573.600000
729.008573 246.800000 486.000000
730.035195 246.800000 342.000000
731.050257 246.800000 336.400000
732.073885 246.800000 269.200000
733.077084 246.800000 269.200000
734.083187 246.800000 269.200000
735.087385 246.800000 269.200000
736.092637 246.800000 269.200000
737.127745 246.800000 269.200000
738.357225 246.800000 596.000000
739.367931 246.800000 528.800000
740.399556 246.800000 297.200000
741.400186 246.800000 286.000000
742.404953 246.800000 286.000000
743.405598 246.800000 286.000000
744.420566 246.800000 286.000000
745.447559 246.800000 568.000000
746.481419 246.800000 291.600000
747.494786 246.800000 280.400000
748.506400 246.800000 280.400000
749.539543 246.800000 280.400000
750.602343 246.800000 280.400000
751.883869 246.800000 579.200000
752.890789 246.800000 319.600000
753.900418 246.800000 302.800000
754.947593 246.800000 263.600000
755.952839 246.800000 256.000000
756.957258 246.800000 256.000000
757.975799 246.800000 256.000000
759.084050 246.800000 573.600000
760.086221 246.800000 353.200000
761.096987 246.800000 310.400000
762.103575 246.800000 286.000000
763.120478 246.800000 252.400000
764.122416 246.800000 252.400000
765.132953 246.800000 252.400000
766.157026 246.800000 252.400000
767.189323 246.800000 375.600000
768.239031 246.800000 286.000000
769.256290 246.800000 286.000000
770.297296 246.800000 274.800000
771.299108 246.800000 274.800000
772.312070 246.800000 274.800000
773.323161 246.800000 274.800000
774.331392 246.800000 573.600000
775.359332 246.800000 403.600000
776.398284 246.800000 332.800000
777.455536 246.800000 280.400000
778.467949 246.800000 274.800000
779.494741 246.800000 269.200000
780.496227 246.800000 269.200000
781.496408 246.800000 269.200000
782.502278 246.800000 269.200000
783.513338 246.800000 269.200000
784.525239 246.800000 269.200000
785.566678 246.800000 573.600000
786.568121 246.800000 336.400000
787.578316 246.800000 336.400000
788.638867 246.800000 314.000000
789.661982 246.800000 291.600000
790.682126 246.800000 280.400000
791.694927 246.800000 274.800000
792.696641 246.800000 269.200000
793.705791 246.800000 269.200000
794.717036 246.800000 269.200000
795.836317 246.800000 579.200000
796.888769 246.800000 381.200000
797.906657 246.800000 347.600000
798.914701 246.800000 272.800000
799.921598 246.800000 269.200000
