0.000322 71.200000 71.200000
1.000326 71.200000 71.200000
2.000329 71.200000 71.200000
3.000334 71.200000 71.200000
4.000339 71.200000 71.200000
5.000342 71.200000 71.200000
6.000342 71.200000 71.200000
7.000344 71.200000 71.200000
8.000348 71.200000 71.200000
9.000354 71.200000 71.200000
10.000354 71.200000 71.200000
11.000354 71.200000 71.200000
12.000358 71.200000 71.200000
13.000358 71.200000 71.200000
14.000365 71.200000 71.200000
15.000415 71.200000 71.200000
16.000416 71.200000 71.200000
17.000425 71.200000 71.200000
18.000437 71.200000 71.200000
19.000437 71.200000 71.200000
20.000438 71.200000 71.200000
21.000446 71.200000 71.200000
22.000447 71.200000 71.200000
23.000455 71.200000 71.200000
24.000456 71.200000 71.200000
25.000457 71.200000 71.200000
26.000459 71.200000 71.200000
27.000459 71.200000 71.200000
28.000460 71.200000 71.200000
29.000460 71.200000 71.200000
30.000460 71.200000 71.200000
31.000460 71.200000 71.200000
32.000490 71.200000 71.200000
33.000490 71.200000 71.200000
34.000491 71.200000 71.200000
35.000495 71.200000 71.200000
36.000495 71.200000 71.200000
37.000502 71.200000 71.200000
38.000502 71.200000 71.200000
39.000502 71.200000 71.200000
40.000503 71.200000 71.200000
41.000504 71.200000 71.200000
42.000504 71.200000 71.200000
43.000506 71.200000 71.200000
44.000506 71.200000 71.200000
45.000507 71.200000 71.200000
46.000516 71.200000 71.200000
47.000519 71.200000 71.200000
48.000519 71.200000 71.200000
49.000521 71.200000 71.200000
50.000524 71.200000 71.200000
51.000525 71.200000 71.200000
52.000529 71.200000 71.200000
53.000538 71.200000 71.200000
54.000548 71.200000 71.200000
55.000548 71.200000 71.200000
56.000559 71.200000 71.200000
57.000641 71.200000 71.200000
58.000641 71.200000 71.200000
59.000647 71.200000 71.200000
60.000652 71.200000 71.200000
61.000654 71.200000 71.200000
62.000660 71.200000 71.200000
63.000664 71.200000 71.200000
64.000664 71.200000 71.200000
65.000664 71.200000 71.200000
66.000671 71.200000 71.200000
67.000671 71.200000 71.200000
68.000683 71.200000 71.200000
69.000686 71.200000 71.200000
70.000688 71.200000 71.200000
71.000688 71.200000 71.200000
72.000689 71.200000 71.200000
73.000693 71.200000 71.200000
74.000693 71.200000 71.200000
75.000727 71.200000 71.200000
76.000727 71.200000 71.200000
77.000728 71.200000 71.200000
78.000731 71.200000 71.200000
79.000733 71.200000 71.200000
80.000733 71.200000 71.200000
81.000733 71.200000 71.200000
82.000735 71.200000 71.200000
83.000746 71.200000 71.200000
84.000746 71.200000 71.200000
85.000747 71.200000 71.200000
86.000747 71.200000 71.200000
87.000756 71.200000 71.200000
88.000758 71.200000 71.200000
89.000760 71.200000 71.200000
90.000762 71.200000 71.200000
91.000773 71.200000 71.200000
92.000775 71.200000 71.200000
93.000778 71.200000 71.200000
94.000779 71.200000 71.200000
95.000779 71.200000 71.200000
96.000782 71.200000 71.200000
97.000783 71.200000 71.200000
98.000793 71.200000 71.200000
99.000795 71.200000 71.200000
100.000795 71.200000 71.200000
101.000798 71.200000 71.200000
102.000804 71.200000 71.200000
103.000807 71.200000 71.200000
104.000815 71.200000 71.200000
105.000860 71.200000 71.200000
106.000860 71.200000 71.200000
107.000861 71.200000 71.200000
108.000863 71.200000 71.200000
109.000864 71.200000 71.200000
110.000864 71.200000 71.200000
111.000864 71.200000 71.200000
112.000864 71.200000 71.200000
113.000864 71.200000 71.200000
114.000864 71.200000 71.200000
115.000868 71.200000 71.200000
116.000868 71.200000 71.200000
117.000879 71.200000 71.200000
118.000881 71.200000 71.200000
119.000925 71.200000 71.200000
120.000971 71.200000 71.200000
121.000979 71.200000 71.200000
122.000992 71.200000 71.200000
123.001002 71.200000 71.200000
124.001002 71.200000 71.200000
125.001009 71.200000 71.200000
126.001017 71.200000 71.200000
127.001018 71.200000 71.200000
128.001020 71.200000 71.200000
129.001021 71.200000 71.200000
130.001023 71.200000 71.200000
131.001023 71.200000 71.200000
132.001033 71.200000 71.200000
133.001037 71.200000 71.200000
134.001044 71.200000 71.200000
135.001046 71.200000 71.200000
136.001048 71.200000 71.200000
137.001049 71.200000 71.200000
138.001087 71.200000 71.200000
139.001087 71.200000 71.200000
140.001088 71.200000 71.200000
141.001090 71.200000 71.200000
142.001136 71.200000 71.200000
143.001142 71.200000 71.200000
144.001142 71.200000 71.200000
145.001147 71.200000 71.200000
146.001147 71.200000 71.200000
147.001153 71.200000 71.200000
148.001154 71.200000 71.200000
149.001154 71.200000 71.200000
150.001200 71.200000 71.200000
151.001203 71.200000 71.200000
152.001205 71.200000 71.200000
153.001208 71.200000 71.200000
154.001210 71.200000 71.200000
155.001214 71.200000 71.200000
156.001220 71.200000 71.200000
157.001220 71.200000 71.200000
158.001221 71.200000 71.200000
159.001268 71.200000 71.200000
160.001273 71.200000 71.200000
161.001278 71.200000 71.200000
162.001284 71.200000 71.200000
163.001288 71.200000 71.200000
164.001291 71.200000 71.200000
165.001291 71.200000 71.200000
166.001291 71.200000 71.200000
167.001295 71.200000 71.200000
168.001307 71.200000 71.200000
169.001307 71.200000 71.200000
170.001310 71.200000 71.200000
171.001358 71.200000 71.200000
172.001358 71.200000 71.200000
173.001363 71.200000 71.200000
174.001363 71.200000 71.200000
175.001369 71.200000 71.200000
176.001413 71.200000 71.200000
177.001418 71.200000 71.200000
178.001418 71.200000 71.200000
179.001419 71.200000 71.200000
180.001419 71.200000 71.200000
181.001460 71.200000 71.200000
182.001464 71.200000 71.200000
183.001465 71.200000 71.200000
184.001473 71.200000 71.200000
185.001476 71.200000 71.200000
186.001476 71.200000 71.200000
187.001480 71.200000 71.200000
188.001484 71.200000 71.200000
189.001485 71.200000 71.200000
190.001487 71.200000 71.200000
191.001488 71.200000 71.200000
192.001553 71.200000 71.200000
193.001553 71.200000 71.200000
194.001556 71.200000 71.200000
195.001556 71.200000 71.200000
196.001556 71.200000 71.200000
197.001556 71.200000 71.200000
198.001598 71.200000 71.200000
199.001601 71.200000 71.200000
200.001605 71.200000 71.200000
201.001631 71.200000 71.200000
202.001631 71.200000 71.200000
203.001632 71.200000 71.200000
204.001633 71.200000 71.200000
205.001636 71.200000 71.200000
206.001651 71.200000 71.200000
207.001651 71.200000 71.200000
208.001663 71.200000 71.200000
209.001663 71.200000 71.200000
210.001666 71.200000 71.200000
211.001666 71.200000 71.200000
212.001667 71.200000 71.200000
213.001674 71.200000 71.200000
214.001687 71.200000 71.200000
215.001691 71.200000 71.200000
216.001691 71.200000 71.200000
217.001704 71.200000 71.200000
218.001704 71.200000 71.200000
219.001704 71.200000 71.200000
220.001704 71.200000 71.200000
221.001705 71.200000 71.200000
222.001706 71.200000 71.200000
223.001712 71.200000 71.200000
224.001712 71.200000 71.200000
225.001715 71.200000 71.200000
226.001719 71.200000 71.200000
227.001719 71.200000 71.200000
228.001733 71.200000 71.200000
229.001736 71.200000 71.200000
230.001737 71.200000 71.200000
231.001773 71.200000 71.200000
232.001774 71.200000 71.200000
233.001803 71.200000 71.200000
234.001803 71.200000 71.200000
235.001803 71.200000 71.200000
236.001824 71.200000 71.200000
237.001859 71.200000 71.200000
238.001859 71.200000 71.200000
239.001866 71.200000 71.200000
240.001869 71.200000 71.200000
241.001871 71.200000 71.200000
242.001872 71.200000 71.200000
243.001880 71.200000 71.200000
244.001881 71.200000 71.200000
245.001884 71.200000 71.200000
246.001890 71.200000 71.200000
247.001893 71.200000 71.200000
248.001893 71.200000 71.200000
249.001895 71.200000 71.200000
250.001895 71.200000 71.200000
251.001906 71.200000 71.200000
252.001910 71.200000 71.200000
253.001913 71.200000 71.200000
254.001914 71.200000 71.200000
255.001914 71.200000 71.200000
256.001916 71.200000 71.200000
257.001916 71.200000 71.200000
258.001916 71.200000 71.200000
259.001916 71.200000 71.200000
260.001919 71.200000 71.200000
261.001920 71.200000 71.200000
262.001976 71.200000 71.200000
263.001977 71.200000 71.200000
264.001978 71.200000 71.200000
265.002013 71.200000 71.200000
266.002013 71.200000 71.200000
267.002017 71.200000 71.200000
268.002021 71.200000 71.200000
269.002022 71.200000 71.200000
270.002022 71.200000 71.200000
271.002023 71.200000 71.200000
272.002026 71.200000 71.200000
273.002026 71.200000 71.200000
274.002027 71.200000 71.200000
275.002029 71.200000 71.200000
276.002029 71.200000 71.200000
277.002035 71.200000 71.200000
278.002037 71.200000 71.200000
279.002055 71.200000 71.200000
280.002057 71.200000 71.200000
281.002057 71.200000 71.200000
282.002057 71.200000 71.200000
283.002070 71.200000 71.200000
284.002070 71.200000 71.200000
285.002078 71.200000 71.200000
286.002088 71.200000 71.200000
287.002092 71.200000 71.200000
288.002092 71.200000 71.200000
289.002092 71.200000 71.200000
290.002093 71.200000 71.200000
291.002093 71.200000 71.200000
292.002141 71.200000 71.200000
293.002142 71.200000 71.200000
294.002142 71.200000 71.200000
295.002143 71.200000 71.200000
296.002146 71.200000 71.200000
297.002208 71.200000 71.200000
298.002222 71.200000 71.200000
299.002226 71.200000 71.200000
300.002226 71.200000 71.200000
301.002226 71.200000 71.200000
302.002227 71.200000 71.200000
303.002227 71.200000 71.200000
304.002240 71.200000 71.200000
305.002240 71.200000 71.200000
306.002240 71.200000 71.200000
307.002240 71.200000 71.200000
308.002269 71.200000 71.200000
309.002272 71.200000 71.200000
310.002273 71.200000 71.200000
311.002280 71.200000 71.200000
312.002281 71.200000 71.200000
313.002284 71.200000 71.200000
314.002293 71.200000 71.200000
315.002299 71.200000 71.200000
316.002299 71.200000 71.200000
317.002299 71.200000 71.200000
318.002309 71.200000 71.200000
319.002321 71.200000 71.200000
320.002323 71.200000 71.200000
321.002353 71.200000 71.200000
322.002353 71.200000 71.200000
323.002357 71.200000 71.200000
324.002358 71.200000 71.200000
325.002358 71.200000 71.200000
326.002367 71.200000 71.200000
327.002367 71.200000 71.200000
328.002368 71.200000 71.200000
329.002376 71.200000 71.200000
330.002379 71.200000 71.200000
331.002382 71.200000 71.200000
332.002382 71.200000 71.200000
333.002382 71.200000 71.200000
334.002386 71.200000 71.200000
335.002388 71.200000 71.200000
336.002388 71.200000 71.200000
337.002388 71.200000 71.200000
338.002389 71.200000 71.200000
339.002431 71.200000 71.200000
340.002431 71.200000 71.200000
341.002435 71.200000 71.200000
342.002435 71.200000 71.200000
343.002440 71.200000 71.200000
344.002446 71.200000 71.200000
345.002449 71.200000 71.200000
346.002449 71.200000 71.200000
347.002452 71.200000 71.200000
348.002454 71.200000 71.200000
349.002457 71.200000 71.200000
350.002491 71.200000 71.200000
351.002496 71.200000 71.200000
352.002496 71.200000 71.200000
353.002498 71.200000 71.200000
354.002498 71.200000 71.200000
355.002498 71.200000 71.200000
356.002499 71.200000 71.200000
357.002508 71.200000 71.200000
358.002508 71.200000 71.200000
359.002510 71.200000 71.200000
360.002520 71.200000 71.200000
361.002520 71.200000 71.200000
362.002530 71.200000 71.200000
363.002530 71.200000 71.200000
364.002534 71.200000 71.200000
365.002536 71.200000 71.200000
366.002537 71.200000 71.200000
367.002537 71.200000 71.200000
368.002543 71.200000 71.200000
369.002545 71.200000 71.200000
370.002550 71.200000 71.200000
371.002550 71.200000 71.200000
372.002551 71.200000 71.200000
373.002552 71.200000 71.200000
374.002552 71.200000 71.200000
375.002558 71.200000 71.200000
376.002561 71.200000 71.200000
377.002571 71.200000 71.200000
378.002571 71.200000 71.200000
379.002574 71.200000 71.200000
380.002581 71.200000 71.200000
381.002582 71.200000 71.200000
382.002582 71.200000 71.200000
383.002582 71.200000 71.200000
384.002582 71.200000 71.200000
385.002599 71.200000 71.200000
386.002603 71.200000 71.200000
387.002603 71.200000 71.200000
388.002603 71.200000 71.200000
389.002609 71.200000 71.200000
390.002609 71.200000 71.200000
391.002649 71.200000 71.200000
392.002652 71.200000 71.200000
393.002655 71.200000 71.200000
394.002655 71.200000 71.200000
395.002655 71.200000 71.200000
396.002655 71.200000 71.200000
397.002655 71.200000 71.200000
398.002655 71.200000 71.200000
399.002655 71.200000 71.200000
400.002655 71.200000 71.200000
401.002656 71.200000 71.200000
402.002692 71.200000 71.200000
403.002696 71.200000 71.200000
404.002698 71.200000 71.200000
405.002704 71.200000 71.200000
406.002716 71.200000 71.200000
407.002727 71.200000 71.200000
408.002728 71.200000 71.200000
409.002741 71.200000 71.200000
410.002741 71.200000 71.200000
411.002746 71.200000 71.200000
412.002753 71.200000 71.200000
413.002754 71.200000 71.200000
414.002754 71.200000 71.200000
415.002758 71.200000 71.200000
416.002758 71.200000 71.200000
417.002759 71.200000 71.200000
418.002759 71.200000 71.200000
419.002759 71.200000 71.200000
420.002765 71.200000 71.200000
421.002769 71.200000 71.200000
422.002780 71.200000 71.200000
423.002780 71.200000 71.200000
424.002780 71.200000 71.200000
425.002818 71.200000 71.200000
426.002818 71.200000 71.200000
427.002828 71.200000 71.200000
428.002828 71.200000 71.200000
429.002868 71.200000 71.200000
430.002868 71.200000 71.200000
431.002873 71.200000 71.200000
432.002874 71.200000 71.200000
433.002875 71.200000 71.200000
434.002878 71.200000 71.200000
435.002878 71.200000 71.200000
436.002880 71.200000 71.200000
437.002881 71.200000 71.200000
438.002888 71.200000 71.200000
439.002914 71.200000 71.200000
440.002924 71.200000 71.200000
441.002925 71.200000 71.200000
442.002939 71.200000 71.200000
443.002939 71.200000 71.200000
444.002947 71.200000 71.200000
445.002947 71.200000 71.200000
446.002947 71.200000 71.200000
447.002947 71.200000 71.200000
448.002948 71.200000 71.200000
449.002962 71.200000 71.200000
450.002967 71.200000 71.200000
451.002970 71.200000 71.200000
452.002973 71.200000 71.200000
453.002973 71.200000 71.200000
454.002975 71.200000 71.200000
455.002975 71.200000 71.200000
456.002977 71.200000 71.200000
457.002979 71.200000 71.200000
458.002981 71.200000 71.200000
459.002982 71.200000 71.200000
460.002988 71.200000 71.200000
461.002994 71.200000 71.200000
462.002996 71.200000 71.200000
463.002996 71.200000 71.200000
464.002997 71.200000 71.200000
465.002997 71.200000 71.200000
466.003024 71.200000 71.200000
467.003024 71.200000 71.200000
468.003028 71.200000 71.200000
469.003028 71.200000 71.200000
470.003029 71.200000 71.200000
471.003033 71.200000 71.200000
472.003034 71.200000 71.200000
473.003034 71.200000 71.200000
474.003035 71.200000 71.200000
475.003041 71.200000 71.200000
476.003051 71.200000 71.200000
477.003058 71.200000 71.200000
478.003060 71.200000 71.200000
479.003072 71.200000 71.200000
480.003072 71.200000 71.200000
481.003072 71.200000 71.200000
482.003074 71.200000 71.200000
483.003076 71.200000 71.200000
484.003082 71.200000 71.200000
485.003083 71.200000 71.200000
486.003119 71.200000 71.200000
487.003120 71.200000 71.200000
488.003120 71.200000 71.200000
489.003120 71.200000 71.200000
490.003120 71.200000 71.200000
491.003162 71.200000 71.200000
492.003162 71.200000 71.200000
493.003163 71.200000 71.200000
494.003204 71.200000 71.200000
495.003204 71.200000 71.200000
496.003254 71.200000 71.200000
497.003260 71.200000 71.200000
498.003261 71.200000 71.200000
499.003261 71.200000 71.200000
500.003261 71.200000 71.200000
501.003261 71.200000 71.200000
502.003273 71.200000 71.200000
503.003273 71.200000 71.200000
504.003277 71.200000 71.200000
505.003278 71.200000 71.200000
506.003309 71.200000 71.200000
507.003343 71.200000 71.200000
508.003352 71.200000 71.200000
509.003353 71.200000 71.200000
510.003356 71.200000 71.200000
511.003356 71.200000 71.200000
512.003357 71.200000 71.200000
513.003357 71.200000 71.200000
514.003359 71.200000 71.200000
515.003362 71.200000 71.200000
516.003374 71.200000 71.200000
517.003374 71.200000 71.200000
518.003407 71.200000 71.200000
519.003407 71.200000 71.200000
520.003407 71.200000 71.200000
521.003410 71.200000 71.200000
522.003411 71.200000 71.200000
523.003411 71.200000 71.200000
524.003424 71.200000 71.200000
525.003428 71.200000 71.200000
526.003435 71.200000 71.200000
527.003443 71.200000 71.200000
528.003458 71.200000 71.200000
529.003458 71.200000 71.200000
530.003458 71.200000 71.200000
531.003462 71.200000 71.200000
532.003462 71.200000 71.200000
533.003462 71.200000 71.200000
534.003462 71.200000 71.200000
535.003462 71.200000 71.200000
536.003462 71.200000 71.200000
537.003485 71.200000 71.200000
538.003505 71.200000 71.200000
539.003505 71.200000 71.200000
540.003506 71.200000 71.200000
541.003507 71.200000 71.200000
542.003509 71.200000 71.200000
543.003517 71.200000 71.200000
544.003517 71.200000 71.200000
545.003519 71.200000 71.200000
546.003519 71.200000 71.200000
547.003520 71.200000 71.200000
548.003520 71.200000 71.200000
549.003520 71.200000 71.200000
550.003521 71.200000 71.200000
551.003524 71.200000 71.200000
552.003526 71.200000 71.200000
553.003529 71.200000 71.200000
554.003531 71.200000 71.200000
555.003531 71.200000 71.200000
556.003544 71.200000 71.200000
557.003547 71.200000 71.200000
558.003565 71.200000 71.200000
559.003573 71.200000 71.200000
560.003573 71.200000 71.200000
561.003573 71.200000 71.200000
562.003576 71.200000 71.200000
563.003576 71.200000 71.200000
564.003576 71.200000 71.200000
565.003582 71.200000 71.200000
566.003584 71.200000 71.200000
567.003586 71.200000 71.200000
568.003594 71.200000 71.200000
569.003601 71.200000 71.200000
570.003605 71.200000 71.200000
571.003627 71.200000 71.200000
572.003631 71.200000 71.200000
573.003631 71.200000 71.200000
574.003634 71.200000 71.200000
575.003635 71.200000 71.200000
576.003645 71.200000 71.200000
577.003645 71.200000 71.200000
578.003648 71.200000 71.200000
579.003649 71.200000 71.200000
580.003649 71.200000 71.200000
581.003656 71.200000 71.200000
582.003656 71.200000 71.200000
583.003658 71.200000 71.200000
584.003660 71.200000 71.200000
585.003663 71.200000 71.200000
586.003663 71.200000 71.200000
587.003664 71.200000 71.200000
588.003664 71.200000 71.200000
589.003674 71.200000 71.200000
590.003688 71.200000 71.200000
591.003688 71.200000 71.200000
592.003688 71.200000 71.200000
593.003692 71.200000 71.200000
594.003703 71.200000 71.200000
595.003704 71.200000 71.200000
596.003704 71.200000 71.200000
597.003704 71.200000 71.200000
598.003713 71.200000 71.200000
599.003724 71.200000 71.200000
600.003724 71.200000 71.200000
601.003728 71.200000 71.200000
602.003728 71.200000 71.200000
603.003734 71.200000 71.200000
604.003735 71.200000 71.200000
605.003746 71.200000 71.200000
606.003750 71.200000 71.200000
607.003760 71.200000 71.200000
608.003760 71.200000 71.200000
609.003760 71.200000 71.200000
610.003761 71.200000 71.200000
611.003769 71.200000 71.200000
612.003806 71.200000 71.200000
613.003806 71.200000 71.200000
614.003811 71.200000 71.200000
615.003811 71.200000 71.200000
616.003818 71.200000 71.200000
617.003824 71.200000 71.200000
618.003828 71.200000 71.200000
619.003831 71.200000 71.200000
620.003833 71.200000 71.200000
621.003837 71.200000 71.200000
622.003875 71.200000 71.200000
623.003943 71.200000 71.200000
624.003944 71.200000 71.200000
625.003948 71.200000 71.200000
626.003948 71.200000 71.200000
627.003950 71.200000 71.200000
628.003955 71.200000 71.200000
629.003956 71.200000 71.200000
630.003964 71.200000 71.200000
631.003966 71.200000 71.200000
632.003968 71.200000 71.200000
633.003971 71.200000 71.200000
634.003971 71.200000 71.200000
635.003977 71.200000 71.200000
636.003977 71.200000 71.200000
637.003987 71.200000 71.200000
638.003990 71.200000 71.200000
639.003993 71.200000 71.200000
640.003993 71.200000 71.200000
641.003993 71.200000 71.200000
642.003993 71.200000 71.200000
643.003993 71.200000 71.200000
644.003993 71.200000 71.200000
645.003996 71.200000 71.200000
646.003997 71.200000 71.200000
647.003998 71.200000 71.200000
648.003998 71.200000 71.200000
649.004000 71.200000 71.200000
650.004001 71.200000 71.200000
651.004001 71.200000 71.200000
652.004001 71.200000 71.200000
653.004009 71.200000 71.200000
654.004009 71.200000 71.200000
655.004009 71.200000 71.200000
656.004013 71.200000 71.200000
657.004016 71.200000 71.200000
658.004017 71.200000 71.200000
659.004018 71.200000 71.200000
660.004018 71.200000 71.200000
661.004024 71.200000 71.200000
662.004026 71.200000 71.200000
663.004048 71.200000 71.200000
664.004050 71.200000 71.200000
665.004051 71.200000 71.200000
666.004052 71.200000 71.200000
667.004056 71.200000 71.200000
668.004063 71.200000 71.200000
669.004064 71.200000 71.200000
670.004065 71.200000 71.200000
671.004065 71.200000 71.200000
672.004073 71.200000 71.200000
673.004073 71.200000 71.200000
674.004075 71.200000 71.200000
675.004077 71.200000 71.200000
676.004077 71.200000 71.200000
677.004077 71.200000 71.200000
678.004077 71.200000 71.200000
679.004082 71.200000 71.200000
680.004090 71.200000 71.200000
681.004092 71.200000 71.200000
682.004092 71.200000 71.200000
683.004096 71.200000 71.200000
684.004105 71.200000 71.200000
685.004105 71.200000 71.200000
686.004111 71.200000 71.200000
687.004112 71.200000 71.200000
688.004115 71.200000 71.200000
689.004115 71.200000 71.200000
690.004116 71.200000 71.200000
691.004117 71.200000 71.200000
692.004117 71.200000 71.200000
693.004117 71.200000 71.200000
694.004119 71.200000 71.200000
695.004141 71.200000 71.200000
696.004144 71.200000 71.200000
697.004174 71.200000 71.200000
698.004174 71.200000 71.200000
699.004174 71.200000 71.200000
700.004174 71.200000 71.200000
701.004176 71.200000 71.200000
702.004177 71.200000 71.200000
703.004178 71.200000 71.200000
704.004181 71.200000 71.200000
705.004181 71.200000 71.200000
706.004181 71.200000 71.200000
707.004181 71.200000 71.200000
708.004181 71.200000 71.200000
709.004183 71.200000 71.200000
710.004183 71.200000 71.200000
711.004197 71.200000 71.200000
712.004238 71.200000 71.200000
713.004250 71.200000 71.200000
714.004250 71.200000 71.200000
715.004252 71.200000 71.200000
716.004263 71.200000 71.200000
717.004263 71.200000 71.200000
718.004264 71.200000 71.200000
719.004275 71.200000 71.200000
720.004276 71.200000 71.200000
721.004276 71.200000 71.200000
722.004279 71.200000 71.200000
723.004282 71.200000 71.200000
724.004284 71.200000 71.200000
725.004284 71.200000 71.200000
726.004288 71.200000 71.200000
727.004289 71.200000 71.200000
728.004291 71.200000 71.200000
729.004291 71.200000 71.200000
730.004291 71.200000 71.200000
731.004292 71.200000 71.200000
732.004292 71.200000 71.200000
733.004298 71.200000 71.200000
734.004299 71.200000 71.200000
735.004299 71.200000 71.200000
736.004299 71.200000 71.200000
737.004300 71.200000 71.200000
738.004303 71.200000 71.200000
739.004303 71.200000 71.200000
740.004303 71.200000 71.200000
741.004303 71.200000 71.200000
742.004303 71.200000 71.200000
743.004310 71.200000 71.200000
744.004356 71.200000 71.200000
745.004358 71.200000 71.200000
746.004359 71.200000 71.200000
747.004392 71.200000 71.200000
748.004394 71.200000 71.200000
749.004394 71.200000 71.200000
750.004407 71.200000 71.200000
751.004407 71.200000 71.200000
752.004407 71.200000 71.200000
753.004409 71.200000 71.200000
754.004409 71.200000 71.200000
755.004415 71.200000 71.200000
756.004415 71.200000 71.200000
757.004418 71.200000 71.200000
758.004418 71.200000 71.200000
759.004421 71.200000 71.200000
760.004423 71.200000 71.200000
761.004423 71.200000 71.200000
762.004423 71.200000 71.200000
763.004425 71.200000 71.200000
764.004426 71.200000 71.200000
765.004434 71.200000 71.200000
766.004434 71.200000 71.200000
767.004434 71.200000 71.200000
768.004439 71.200000 71.200000
769.004442 71.200000 71.200000
770.004452 71.200000 71.200000
771.004454 71.200000 71.200000
772.004464 71.200000 71.200000
773.004465 71.200000 71.200000
774.004469 71.200000 71.200000
775.004478 71.200000 71.200000
776.004483 71.200000 71.200000
777.004497 71.200000 71.200000
778.004497 71.200000 71.200000
779.004501 71.200000 71.200000
780.004503 71.200000 71.200000
781.004504 71.200000 71.200000
782.004517 71.200000 71.200000
783.004517 71.200000 71.200000
784.004517 71.200000 71.200000
785.004526 71.200000 71.200000
786.004530 71.200000 71.200000
787.004530 71.200000 71.200000
788.004537 71.200000 71.200000
789.004540 71.200000 71.200000
790.004541 71.200000 71.200000
791.004541 71.200000 71.200000
792.004542 71.200000 71.200000
793.004546 71.200000 71.200000
794.004549 71.200000 71.200000
795.004550 71.200000 71.200000
796.004557 71.200000 71.200000
797.004561 71.200000 71.200000
798.004561 71.200000 71.200000
799.004562 71.200000 71.200000
