0 601.6 0.35976 300 0
0 584.8 0.487965 1
0 573.6 0.630591 1
0 439.2 0.811515 2
0 360.8 1.32618 14
0 308.4 1.91673 14
0 302.8 2.04752 14
0 280.4 2.23789 14
0 274.8 2.4615 14
0 269.2 2.61604 14
0 269.2 5.84647 300 76
0 269.2 12.2951 300 83
0 269.2 21.5039 300 83
0 269.2 27.2618 300 83
0 267.2 29.3815 83
0 263.6 29.7274 83
0 263.6 33.6557 300 83
0 263.6 38.1152 300 83
0 263.6 49.1115 300 84
0 263.6 61.0144 300 87
0 263.6 70.4687 300 87
0 263.6 79.6355 300 87
0 263.6 89.8026 300 89
0 263.6 99.8319 300 89
0 263.6 108.46 300 89
0 263.6 116.65 300 89
0 263.6 123.41 300 89
0 263.6 132.415 300 89
0 263.6 139.44 300 89
0 263.6 147.496 300 89
0 263.6 154.594 300 89
0 263.6 161.008 300 89
0 263.6 169.627 300 89
0 263.6 179.177 300 89
0 263.6 186.532 300 89
0 263.6 194.286 300 89
0 263.6 200.768 300 89
0 263.6 207.046 300 89
0 263.6 212.096 300 89
0 252.4 215.013 89
0 252.4 218.181 300 89
0 252.4 226.526 300 89
0 252.4 232.36 300 89
0 252.4 241.455 300 89
0 252.4 251.201 300 89
0 252.4 258.326 300 89
0 252.4 265.942 300 89
0 252.4 271.878 300 89
0 252.4 281.368 300 89
0 252.4 289.672 300 89
0 252.4 300.087 300 89
0 252.4 309.236 300 89
0 252.4 320.788 300 89
0 252.4 330.419 300 89
0 252.4 341.647 300 89
0 252.4 350.699 300 89
0 252.4 358.92 300 89
0 252.4 368.695 300 89
0 252.4 378.625 300 89
0 252.4 384.26 300 89
0 252.4 392.402 300 89
0 252.4 401.446 300 89
0 252.4 411.477 300 89
0 252.4 422.131 300 89
0 252.4 432.084 300 89
0 252.4 439.442 300 89
0 252.4 449.304 300 89
0 252.4 456.411 300 89
0 252.4 467.446 300 89
0 252.4 476.889 300 89
0 252.4 487.978 300 89
0 246.8 497.12 89
0 246.8 501.699 300 89
0 246.8 507.559 300 89
0 246.8 514.907 300 89
0 246.8 522.228 300 89
0 246.8 532.342 300 89
0 246.8 541.81 300 89
0 246.8 550.112 300 89
0 246.8 559.526 300 89
0 246.8 569.806 300 89
0 246.8 582.752 300 89
0 235.6 588.18 89
0 235.6 592.822 300 89
0 235.6 599.801 300 89
0 235.6 607.556 300 89
0 235.6 615.165 300 89
0 235.6 626.029 300 89
0 235.6 635.719 300 89
0 235.6 646.233 300 89
0 235.6 654.521 300 89
0 235.6 665.721 300 89
0 235.6 676.596 300 89
0 235.6 686.529 300 89
0 235.6 697.747 300 89
0 235.6 706.845 300 89
0 235.6 714.245 300 89
0 235.6 723.436 300 89
0 235.6 731.847 300 89
0 235.6 739.434 300 89
0 235.6 750.066 300 89
0 235.6 761.266 300 89
0 235.6 769.508 300 89
0 235.6 778.24 300 89
0 235.6 785.306 300 89
0 235.6 792.239 300 89
0 235.6 796.222 300 89
