0 581.2 0.387319 300 0
0 573.6 0.499298 0
0 568 0.672546 1
0 433.6 0.872733 1
0 400 1.07568 1
0 375.6 1.25935 1
0 372 1.61073 4
0 366.4 1.82337 4
0 308.4 2.33651 10
0 302.8 3.12858 10
0 291.6 3.32524 10
0 286 3.51063 10
0 280.4 4.53973 19
0 274.8 4.95552 19
0 274.8 10.1143 300 83
0 269.2 12.7864 83
0 263.6 13.0777 83
0 258 13.2557 83
0 258 17.0198 300 83
0 258 26.4542 300 83
0 258 36.878 300 83
0 258 46.7227 300 83
0 258 56.4688 300 83
0 258 68.5127 300 83
0 258 79.0856 300 83
0 258 91.6806 300 83
0 258 99.2497 300 83
0 258 108.654 300 83
0 258 119.837 300 83
0 256 124.253 83
0 252.4 124.521 83
0 252.4 128.901 300 89
0 252.4 137.481 300 89
0 252.4 144.167 300 89
0 252.4 150.615 300 89
0 252.4 158.736 300 89
0 252.4 167.092 300 89
0 252.4 173.127 300 89
0 252.4 182.954 300 89
0 252.4 192.102 300 89
0 252.4 200.011 300 89
0 252.4 206.988 300 89
0 252.4 214.347 300 89
0 252.4 222.731 300 89
0 252.4 229.26 300 89
0 252.4 237.142 300 89
0 252.4 244.566 300 89
0 252.4 252.819 300 89
0 252.4 262.741 300 89
0 252.4 269.951 300 89
0 252.4 278.666 300 89
0 252.4 287.204 300 89
0 252.4 296.315 300 89
0 252.4 306.582 300 89
0 252.4 317.608 300 89
0 252.4 326.935 300 89
0 252.4 336.166 300 89
0 252.4 343.45 300 89
0 252.4 350.819 300 89
0 252.4 360.055 300 89
0 252.4 368.762 300 89
0 252.4 377.016 300 89
0 252.4 384.564 300 89
0 252.4 393.501 300 89
0 252.4 402.938 300 89
0 252.4 411.684 300 89
0 252.4 421.962 300 89
0 252.4 431.688 300 89
0 252.4 443.859 300 89
0 252.4 454.499 300 89
0 252.4 464.526 300 89
0 252.4 474.919 300 89
0 252.4 486.499 300 89
0 252.4 499.445 300 89
0 252.4 507.301 300 89
0 252.4 515.836 300 89
0 252.4 528.1 300 89
0 252.4 537.653 300 89
0 252.4 547.641 300 89
0 252.4 557.426 300 89
0 252.4 565.708 300 89
0 252.4 574.395 300 89
0 252.4 584.305 300 89
0 252.4 593.746 300 89
0 252.4 601.401 300 89
0 252.4 608.498 300 89
0 252.4 616.698 300 89
0 252.4 625.545 300 89
0 252.4 635.129 300 89
0 252.4 645.837 300 89
0 252.4 653.306 300 89
0 252.4 662.696 300 89
0 252.4 671.476 300 89
0 252.4 682.263 300 89
0 252.4 691.469 300 89
0 252.4 700.718 300 89
0 252.4 711.15 300 89
0 252.4 721.04 300 89
0 252.4 730.958 300 89
0 252.4 739.548 300 89
0 252.4 747.82 300 89
0 252.4 755.935 300 89
0 252.4 765.298 300 89
0 252.4 777.702 300 89
0 252.4 783.855 300 89
0 252.4 794.974 300 89
0 252.4 799.879 300 89
