0.412449 581.200000 581.200000
1.431083 500.800000 500.800000
2.441669 366.400000 366.400000
3.486067 280.400000 280.400000
4.492685 280.400000 280.400000
5.517468 269.200000 269.200000
6.521913 269.200000 269.200000
7.535073 269.200000 269.200000
8.540122 269.200000 269.200000
9.548272 269.200000 269.200000
10.549686 269.200000 269.200000
11.570357 269.200000 489.600000
12.634439 269.200000 330.800000
13.643571 269.200000 274.800000
14.661664 269.200000 269.200000
15.684128 269.200000 269.200000
16.758085 269.200000 269.200000
17.775523 269.200000 269.200000
18.921288 269.200000 579.200000
19.930798 269.200000 330.800000
20.995803 269.200000 286.000000
22.000431 269.200000 280.400000
23.001466 269.200000 274.800000
24.009506 269.200000 274.800000
25.014930 269.200000 274.800000
26.026343 269.200000 274.800000
27.035446 269.200000 556.800000
28.036395 269.200000 332.800000
29.084235 269.200000 291.600000
30.085989 269.200000 280.400000
31.126213 269.200000 280.400000
32.161327 269.200000 280.400000
33.164170 269.200000 280.400000
34.172138 269.200000 280.400000
35.198275 269.200000 607.200000
36.220585 269.200000 478.400000
37.231581 269.200000 308.400000
38.238037 269.200000 308.400000
39.244942 269.200000 291.600000
40.279599 269.200000 278.400000
41.309492 269.200000 274.800000
42.327726 269.200000 274.800000
43.363029 269.200000 274.800000
44.364663 269.200000 274.800000
45.386235 269.200000 274.800000
46.394151 269.200000 568.000000
47.398134 269.200000 347.600000
48.446750 269.200000 308.400000
49.451364 269.200000 302.800000
50.460604 269.200000 302.800000
51.477978 269.200000 286.000000
52.480632 269.200000 280.400000
53.492798 269.200000 280.400000
54.494367 269.200000 280.400000
55.673649 269.200000 601.600000
56.677074 269.200000 386.800000
57.700506 269.200000 291.600000
58.704264 269.200000 274.800000
59.716663 269.200000 274.800000
60.717674 269.200000 274.800000
61.752390 269.200000 274.800000
62.755804 269.200000 274.800000
63.774068 269.200000 274.800000
64.784748 269.200000 571.600000
65.792112 269.200000 392.400000
66.792695 269.200000 358.800000
67.830241 269.200000 302.800000
68.883869 269.200000 286.000000
69.885567 269.200000 286.000000
70.902804 269.200000 286.000000
71.907237 269.200000 286.000000
72.933226 269.200000 286.000000
73.953429 269.200000 568.000000
75.021448 269.200000 336.400000
76.031924 269.200000 314.000000
77.044211 269.200000 286.000000
78.044270 269.200000 280.400000
79.094549 269.200000 280.400000
80.094729 269.200000 269.200000
81.125440 269.200000 269.200000
82.150168 269.200000 269.200000
83.322011 269.200000 573.600000
84.336050 269.200000 478.400000
85.345141 269.200000 358.800000
86.366063 269.200000 297.200000
87.372502 269.200000 286.000000
88.382642 263.600000 263.600000
89.388852 258.000000 258.000000
90.405352 258.000000 258.000000
91.416405 258.000000 258.000000
92.475714 258.000000 258.000000
93.491304 258.000000 342.000000
94.508744 258.000000 342.000000
95.513582 258.000000 291.600000
96.514377 258.000000 291.600000
97.517040 258.000000 291.600000
98.529592 258.000000 280.400000
99.561279 258.000000 272.800000
100.572390 258.000000 272.800000
101.588302 258.000000 272.800000
102.595916 258.000000 272.800000
103.655482 258.000000 579.200000
104.660990 258.000000 564.400000
105.670548 258.000000 297.200000
106.684705 246.800000 246.800000
107.691621 246.800000 246.800000
108.698241 246.800000 246.800000
109.876382 246.800000 607.200000
110.947547 246.800000 400.000000
112.009063 246.800000 319.600000
113.009086 246.800000 319.600000
114.039126 246.800000 302.800000
115.057262 246.800000 280.400000
116.063977 246.800000 278.400000
117.064849 246.800000 278.400000
118.099159 246.800000 278.400000
119.115673 246.800000 278.400000
120.178259 246.800000 274.800000
121.195684 246.800000 274.800000
122.208586 246.800000 274.800000
123.218974 246.800000 274.800000
124.260434 246.800000 568.000000
125.324227 246.800000 336.400000
126.327044 246.800000 280.400000
127.331698 246.800000 274.800000
128.356265 246.800000 269.200000
129.375447 246.800000 269.200000
130.379654 246.800000 269.200000
131.675982 246.800000 573.600000
132.736877 246.800000 536.400000
133.744008 246.800000 291.600000
134.751758 246.800000 286.000000
135.765688 246.800000 274.800000
136.772593 246.800000 272.800000
137.807191 246.800000 272.800000
138.838424 246.800000 272.800000
139.840203 246.800000 272.800000
140.843777 246.800000 581.200000
141.844785 246.800000 330.800000
142.873402 246.800000 314.000000
143.884223 246.800000 314.000000
144.915451 246.800000 280.400000
145.930552 246.800000 280.400000
146.944336 246.800000 278.400000
147.950647 246.800000 278.400000
148.959571 246.800000 278.400000
149.979870 246.800000 278.400000
150.985155 246.800000 562.400000
151.987732 246.800000 291.600000
152.993649 246.800000 286.000000
153.996756 246.800000 280.400000
155.018103 246.800000 274.800000
156.018694 246.800000 274.800000
157.031801 246.800000 274.800000
158.041742 246.800000 274.800000
159.053875 246.800000 274.800000
160.074371 246.800000 573.600000
161.145791 246.800000 484.000000
162.150487 246.800000 297.200000
163.152051 246.800000 297.200000
164.167188 246.800000 291.600000
165.172443 246.800000 286.000000
166.190932 246.800000 286.000000
167.201853 246.800000 286.000000
168.228440 246.800000 286.000000
169.273077 246.800000 286.000000
170.301496 246.800000 514.000000
171.312889 246.800000 327.200000
172.321134 246.800000 286.000000
173.321178 246.800000 274.800000
174.323723 246.800000 274.800000
175.327602 246.800000 274.800000
176.329524 246.800000 274.800000
177.333868 246.800000 342.000000
178.336483 246.800000 291.600000
179.348493 246.800000 263.600000
180.366569 246.800000 263.600000
181.384693 246.800000 263.600000
182.446289 246.800000 258.000000
183.473133 246.800000 258.000000
184.494589 246.800000 258.000000
185.540007 246.800000 258.000000
186.806451 246.800000 579.200000
187.853776 246.800000 375.600000
188.855342 246.800000 347.600000
189.896202 246.800000 286.000000
190.914167 246.800000 267.200000
191.936624 246.800000 267.200000
192.960357 246.800000 263.600000
193.969617 246.800000 263.600000
194.984865 246.800000 263.600000
195.987259 246.800000 263.600000
196.997713 246.800000 579.200000
198.014451 246.800000 444.800000
199.031692 246.800000 314.000000
200.095064 246.800000 286.000000
201.145677 246.800000 280.400000
202.211531 246.800000 274.800000
203.211899 246.800000 274.800000
204.243565 246.800000 274.800000
205.265039 246.800000 274.800000
206.289300 246.800000 274.800000
207.300912 246.800000 523.200000
208.312810 246.800000 319.600000
209.326179 246.800000 297.200000
210.365210 246.800000 274.800000
211.382550 246.800000 263.600000
212.388183 246.800000 263.600000
213.401618 246.800000 263.600000
214.403252 246.800000 263.600000
215.410073 246.800000 263.600000
216.420957 246.800000 568.000000
217.479000 246.800000 394.400000
218.490355 246.800000 274.800000
219.503658 246.800000 263.600000
220.515128 246.800000 263.600000
221.564420 246.800000 263.600000
222.614511 246.800000 263.600000
223.626594 246.800000 400.000000
224.650305 246.800000 325.200000
225.655429 246.800000 291.600000
226.709420 246.800000 274.800000
227.774263 246.800000 274.800000
228.788809 246.800000 274.800000
229.807491 246.800000 274.800000
230.821471 246.800000 411.200000
231.824037 246.800000 308.400000
232.833622 246.800000 289.600000
233.838693 246.800000 286.000000
234.847695 246.800000 286.000000
235.856056 246.800000 286.000000
236.857602 246.800000 286.000000
237.875037 246.800000 478.400000
238.901970 246.800000 314.000000
239.953879 246.800000 302.800000
240.980031 246.800000 286.000000
241.985022 246.800000 278.400000
243.006629 246.800000 274.800000
244.009274 246.800000 274.800000
245.026181 246.800000 274.800000
246.253872 246.800000 584.800000
247.311715 246.800000 325.200000
248.337445 246.800000 291.600000
249.405097 246.800000 280.400000
250.419367 246.800000 280.400000
251.429818 246.800000 274.800000
252.446190 246.800000 274.800000
253.456782 246.800000 274.800000
254.461162 246.800000 272.800000
255.461941 246.800000 272.800000
256.476535 246.800000 272.800000
257.495672 246.800000 272.800000
258.521038 246.800000 575.600000
259.535562 246.800000 460.000000
260.544703 246.800000 349.600000
261.558601 246.800000 308.400000
262.620852 246.800000 308.400000
263.648593 246.800000 280.400000
264.660983 246.800000 280.400000
265.688424 246.800000 274.800000
266.720220 246.800000 274.800000
267.756575 246.800000 274.800000
268.772248 246.800000 274.800000
269.774521 246.800000 573.600000
270.785308 246.800000 353.200000
271.804288 246.800000 308.400000
272.805658 246.800000 297.200000
273.808140 246.800000 274.800000
274.861124 246.800000 274.800000
275.875716 246.800000 274.800000
276.875907 246.800000 274.800000
277.877649 246.800000 274.800000
278.918031 246.800000 478.400000
279.923863 246.800000 364.400000
280.945746 246.800000 308.400000
281.949884 246.800000 291.600000
282.957989 246.800000 269.200000
283.964923 246.800000 269.200000
284.980785 246.800000 269.200000
285.991855 246.800000 269.200000
287.017547 246.800000 579.200000
288.047304 246.800000 566.000000
289.063240 246.800000 319.600000
290.082763 246.800000 314.000000
291.110392 246.800000 280.400000
292.127589 246.800000 280.400000
293.132346 246.800000 280.400000
294.158202 246.800000 280.400000
295.177411 246.800000 280.400000
296.208082 246.800000 280.400000
297.235010 246.800000 568.000000
298.236988 246.800000 314.000000
299.280048 246.800000 286.000000
300.328253 246.800000 280.400000
301.356150 246.800000 269.200000
302.356562 246.800000 261.600000
303.375108 246.800000 261.600000
304.380703 246.800000 261.600000
305.402987 246.800000 261.600000
306.413140 246.800000 261.600000
307.482587 246.800000 519.600000
308.547211 246.800000 308.400000
309.581715 246.800000 286.000000
310.597983 246.800000 286.000000
311.613608 246.800000 286.000000
312.672127 246.800000 280.400000
313.682609 246.800000 280.400000
314.697011 246.800000 280.400000
315.718777 246.800000 280.400000
316.730625 246.800000 568.000000
317.735150 246.800000 344.000000
318.772598 246.800000 291.600000
319.785019 246.800000 280.400000
320.800384 246.800000 280.400000
321.825935 246.800000 280.400000
322.847247 246.800000 280.400000
323.890558 246.800000 579.200000
324.902939 246.800000 472.800000
325.930006 246.800000 302.800000
326.999914 246.800000 280.400000
328.026259 246.800000 274.800000
329.032383 246.800000 269.200000
330.037985 246.800000 269.200000
331.066878 246.800000 269.200000
332.068039 246.800000 269.200000
333.081090 246.800000 568.000000
334.102479 246.800000 302.800000
335.102704 246.800000 291.600000
336.111937 246.800000 280.400000
337.133107 246.800000 280.400000
338.140016 246.800000 274.800000
339.141770 246.800000 274.800000
340.206440 246.800000 274.800000
341.215070 246.800000 274.800000
342.235168 246.800000 489.600000
343.254179 246.800000 342.000000
344.272483 246.800000 280.400000
345.291075 246.800000 274.800000
346.291522 246.800000 269.200000
347.343986 246.800000 269.200000
348.367793 246.800000 269.200000
349.375526 246.800000 269.200000
350.460034 246.800000 579.200000
351.470156 246.800000 562.400000
352.478618 246.800000 302.800000
353.547337 246.800000 302.800000
354.551499 246.800000 280.400000
355.553623 246.800000 269.200000
356.561510 246.800000 263.600000
357.576466 246.800000 263.600000
358.583272 246.800000 263.600000
359.595320 246.800000 263.600000
360.757259 246.800000 579.200000
361.777292 246.800000 502.800000
362.804362 246.800000 291.600000
363.814301 246.800000 280.400000
364.837349 246.800000 274.800000
365.844673 246.800000 269.200000
366.902457 246.800000 269.200000
367.904324 246.800000 269.200000
368.909857 246.800000 269.200000
369.936451 246.800000 566.000000
370.957092 246.800000 319.600000
371.976328 246.800000 319.600000
372.989551 246.800000 280.400000
373.995622 246.800000 274.800000
375.002845 246.800000 274.800000
376.003129 246.800000 274.800000
377.006998 246.800000 274.800000
378.012482 246.800000 274.800000
379.065338 246.800000 568.000000
380.066609 246.800000 431.600000
381.134472 246.800000 314.000000
382.175342 246.800000 291.600000
383.237503 246.800000 291.600000
384.255766 246.800000 291.600000
385.266829 246.800000 291.600000
386.273933 246.800000 291.600000
387.501552 246.800000 579.200000
388.531986 246.800000 528.800000
389.546652 246.800000 428.000000
390.606059 246.800000 280.400000
391.626638 246.800000 274.800000
392.637477 246.800000 274.800000
393.675171 246.800000 269.200000
394.689048 246.800000 269.200000
395.697052 246.800000 269.200000
396.700364 246.800000 269.200000
397.713898 246.800000 269.200000
398.904490 246.800000 575.600000
399.918655 246.800000 536.400000
400.943911 246.800000 355.200000
402.000774 246.800000 347.600000
403.034264 246.800000 291.600000
404.057777 246.800000 286.000000
405.132441 246.800000 284.000000
406.134521 246.800000 284.000000
407.138023 246.800000 280.400000
408.225767 246.800000 280.400000
409.231849 246.800000 280.400000
410.285949 246.800000 280.400000
411.302956 246.800000 280.400000
412.354135 246.800000 581.200000
413.405027 246.800000 551.200000
414.415715 246.800000 336.400000
415.420848 246.800000 330.800000
416.447039 246.800000 302.800000
417.473112 246.800000 291.600000
418.508170 246.800000 280.400000
419.512073 246.800000 263.600000
420.518369 246.800000 263.600000
421.524332 246.800000 263.600000
422.552864 246.800000 263.600000
423.620315 246.800000 263.600000
424.676297 246.800000 584.800000
425.686952 246.800000 444.800000
426.699909 246.800000 314.000000
427.699961 246.800000 286.000000
428.720201 246.800000 274.800000
429.722079 246.800000 274.800000
430.775851 246.800000 274.800000
431.800103 246.800000 274.800000
432.820342 246.800000 579.200000
433.864227 246.800000 489.600000
434.882003 246.800000 325.200000
435.907985 246.800000 286.000000
436.913109 246.800000 274.800000
437.935310 246.800000 272.800000
438.935372 246.800000 267.200000
439.936454 246.800000 267.200000
440.943684 246.800000 267.200000
441.945428 246.800000 267.200000
442.999556 246.800000 267.200000
444.067582 246.800000 489.600000
445.138181 246.800000 325.200000
446.143864 246.800000 319.600000
447.164082 246.800000 286.000000
448.178599 246.800000 274.800000
449.211165 246.800000 274.800000
450.232223 246.800000 274.800000
451.240536 246.800000 274.800000
452.260754 246.800000 274.800000
453.273173 246.800000 274.800000
454.332048 246.800000 536.400000
455.336718 246.800000 349.600000
456.344288 246.800000 330.800000
457.387985 246.800000 280.400000
458.388183 246.800000 280.400000
459.459333 246.800000 269.200000
460.462119 246.800000 269.200000
461.467924 246.800000 269.200000
462.490266 246.800000 269.200000
463.520124 246.800000 269.200000
464.525422 246.800000 573.600000
465.570342 246.800000 398.000000
466.587978 246.800000 297.200000
467.613587 246.800000 297.200000
468.613685 246.800000 280.400000
469.617266 246.800000 263.600000
470.643131 246.800000 263.600000
471.649167 246.800000 263.600000
472.687114 246.800000 263.600000
473.693938 246.800000 579.200000
474.700982 246.800000 558.800000
475.710307 246.800000 314.000000
476.727097 246.800000 286.000000
477.745231 246.800000 286.000000
478.771537 246.800000 252.400000
479.852790 246.800000 252.400000
480.923754 246.800000 246.800000
481.997572 246.800000 246.800000
483.007481 246.800000 246.800000
484.060168 246.800000 246.800000
485.087874 246.800000 573.600000
486.117117 246.800000 536.400000
487.128426 246.800000 330.800000
488.153658 246.800000 297.200000
489.157177 246.800000 280.400000
490.169133 246.800000 280.400000
491.172692 246.800000 278.400000
492.185788 246.800000 278.400000
493.234119 246.800000 278.400000
494.286378 246.800000 278.400000
495.469246 246.800000 579.200000
496.469540 246.800000 355.200000
497.478542 246.800000 280.400000
498.498148 246.800000 280.400000
499.559482 246.800000 274.800000
500.581671 246.800000 269.200000
501.586859 246.800000 269.200000
502.602455 246.800000 269.200000
503.616728 246.800000 269.200000
504.649316 246.800000 269.200000
505.671212 246.800000 381.200000
506.685775 246.800000 302.800000
507.706055 246.800000 297.200000
508.722379 246.800000 297.200000
509.729155 246.800000 297.200000
510.776249 246.800000 519.600000
511.816485 246.800000 297.200000
512.829117 246.800000 297.200000
513.857662 246.800000 280.400000
514.860590 246.800000 280.400000
515.872608 246.800000 280.400000
516.880597 246.800000 280.400000
517.885432 246.800000 280.400000
518.936262 246.800000 570.000000
519.982366 246.800000 338.400000
520.998026 246.800000 308.400000
521.999391 246.800000 280.400000
523.002968 246.800000 269.200000
524.014576 246.800000 269.200000
525.060512 246.800000 269.200000
526.075168 246.800000 269.200000
527.086392 246.800000 573.600000
528.098593 246.800000 386.800000
529.117783 246.800000 314.000000
530.118260 246.800000 291.600000
531.141435 246.800000 286.000000
532.153348 246.800000 286.000000
533.166224 246.800000 286.000000
534.177015 246.800000 286.000000
535.178066 246.800000 286.000000
536.201069 246.800000 568.000000
537.237018 246.800000 430.000000
538.324980 246.800000 314.000000
539.337774 246.800000 297.200000
540.355100 246.800000 286.000000
541.366190 246.800000 286.000000
542.374565 246.800000 286.000000
543.391235 246.800000 286.000000
544.516713 246.800000 579.200000
545.535106 246.800000 484.000000
546.543842 246.800000 302.800000
547.553730 246.800000 302.800000
548.561877 246.800000 286.000000
549.578149 246.800000 286.000000
550.583587 246.800000 286.000000
551.593030 246.800000 286.000000
552.606421 246.800000 286.000000
553.699331 246.800000 439.200000
554.716857 246.800000 308.400000
555.735501 246.800000 280.400000
556.742427 246.800000 278.400000
557.746924 246.800000 274.800000
558.777356 246.800000 274.800000
559.845200 246.800000 274.800000
560.863102 246.800000 274.800000
561.945095 246.800000 573.600000
562.963709 246.800000 353.200000
564.002160 246.800000 302.800000
565.016945 246.800000 280.400000
566.023043 246.800000 280.400000
567.059259 246.800000 246.800000
568.061447 246.800000 246.800000
569.112124 246.800000 246.800000
570.128236 246.800000 246.800000
571.148449 246.800000 246.800000
572.169542 246.800000 584.800000
573.187464 246.800000 330.800000
574.191890 246.800000 330.800000
575.204985 246.800000 297.200000
576.218240 246.800000 274.800000
577.244996 246.800000 274.800000
578.262313 246.800000 274.800000
579.307187 246.800000 274.800000
580.316106 246.800000 274.800000
581.346074 246.800000 319.600000
582.348458 246.800000 302.800000
583.363025 246.800000 274.800000
584.377353 246.800000 269.200000
585.379840 246.800000 269.200000
586.409411 246.800000 269.200000
587.417112 246.800000 269.200000
588.443706 246.800000 269.200000
589.469599 246.800000 568.000000
590.571946 246.800000 394.400000
591.594352 246.800000 286.000000
592.601272 246.800000 280.400000
593.606491 246.800000 280.400000
594.606997 246.800000 280.400000
595.615122 246.800000 280.400000
596.635638 246.800000 280.400000
597.964045 246.800000 579.200000
599.049349 246.800000 570.000000
600.060129 246.800000 377.600000
601.124019 246.800000 302.800000
602.126314 246.800000 297.200000
603.129834 246.800000 286.000000
604.130026 246.800000 286.000000
605.140551 246.800000 286.000000
606.186882 246.800000 286.000000
607.192983 246.800000 286.000000
608.221062 246.800000 286.000000
609.265771 246.800000 334.400000
610.286174 246.800000 297.200000
611.305893 246.800000 297.200000
612.337714 246.800000 286.000000
613.339934 246.800000 274.800000
614.428704 246.800000 274.800000
615.442569 246.800000 274.800000
616.453370 246.800000 274.800000
617.473586 246.800000 274.800000
618.591731 246.800000 540.000000
619.634709 246.800000 325.200000
620.648723 246.800000 308.400000
621.788448 246.800000 269.200000
622.790151 246.800000 263.600000
623.862590 246.800000 263.600000
624.894932 246.800000 252.400000
625.901493 246.800000 252.400000
626.910449 246.800000 252.400000
627.926282 246.800000 252.400000
628.992223 246.800000 573.600000
630.029806 246.800000 375.600000
631.102239 246.800000 330.800000
632.142772 246.800000 291.600000
633.142866 246.800000 280.400000
634.146234 246.800000 274.800000
635.154378 246.800000 274.800000
636.168862 246.800000 274.800000
637.169710 246.800000 274.800000
638.178636 246.800000 274.800000
639.187270 246.800000 274.800000
640.299377 246.800000 577.200000
641.320722 246.800000 364.400000
642.357144 246.800000 286.000000
643.372150 246.800000 274.800000
644.376179 246.800000 274.800000
645.387579 246.800000 274.800000
646.398017 246.800000 274.800000
647.574793 246.800000 607.200000
648.601317 246.800000 347.600000
649.605027 246.800000 286.000000
650.687146 246.800000 272.800000
651.705679 246.800000 263.600000
652.712286 246.800000 258.000000
653.718737 246.800000 258.000000
654.734355 246.800000 258.000000
655.768584 246.800000 258.000000
656.784716 246.800000 258.000000
657.838596 246.800000 258.000000
658.862230 246.800000 573.600000
659.889062 246.800000 405.600000
660.893861 246.800000 297.200000
661.914288 246.800000 280.400000
662.934325 246.800000 269.200000
663.954592 246.800000 269.200000
665.028852 246.800000 269.200000
666.058893 246.800000 269.200000
667.097129 246.800000 269.200000
668.122752 246.800000 579.200000
669.167313 246.800000 302.800000
670.196753 246.800000 297.200000
671.203248 246.800000 286.000000
672.234609 246.800000 258.000000
673.260946 246.800000 258.000000
674.272571 246.800000 258.000000
675.299330 246.800000 258.000000
676.307776 246.800000 258.000000
677.314659 246.800000 258.000000
678.327472 246.800000 562.400000
679.328885 246.800000 319.600000
680.343716 246.800000 308.400000
681.346156 246.800000 308.400000
682.348702 246.800000 286.000000
683.349157 246.800000 286.000000
684.375512 246.800000 286.000000
685.382045 246.800000 286.000000
686.389662 246.800000 284.000000
687.393711 246.800000 280.400000
688.469033 246.800000 280.400000
689.535805 246.800000 274.800000
690.546715 246.800000 274.800000
691.550291 246.800000 274.800000
692.581110 246.800000 274.800000
693.873143 246.800000 579.200000
694.924899 246.800000 381.200000
695.977845 246.800000 344.000000
696.988441 246.800000 342.000000
697.992161 246.800000 286.000000
699.038476 246.800000 280.400000
700.050464 246.800000 280.400000
701.101737 246.800000 280.400000
702.115379 246.800000 579.200000
703.133546 246.800000 484.000000
704.149947 246.800000 386.800000
705.157530 246.800000 286.000000
706.174932 246.800000 280.400000
707.237282 246.800000 278.400000
708.242875 246.800000 278.400000
709.249837 246.800000 278.400000
710.252558 246.800000 278.400000
711.300492 246.800000 545.600000
712.305984 246.800000 353.200000
713.310589 246.800000 272.800000
714.371115 246.800000 258.000000
715.380255 241.200000 241.200000
716.390108 235.600000 235.600000
717.412260 235.600000 235.600000
718.430886 235.600000 235.600000
719.452980 235.600000 235.600000
720.457349 235.600000 235.600000
721.475166 235.600000 573.600000
722.481890 235.600000 439.200000
723.483554 235.600000 325.200000
724.494102 235.600000 325.200000
725.569325 235.600000 295.200000
726.585813 235.600000 291.600000
727.591247 235.600000 291.600000
728.600925 235.600000 291.600000
729.660756 235.600000 291.600000
730.715572 235.600000 291.600000
731.770354 235.600000 291.600000
732.793502 235.600000 573.600000
733.814898 235.600000 319.600000
734.815995 235.600000 319.600000
735.828677 235.600000 269.200000
736.843090 235.600000 269.200000
737.887647 235.600000 258.000000
738.926911 235.600000 258.000000
739.999150 235.600000 258.000000
741.014497 235.600000 258.000000
742.040500 235.600000 573.600000
743.043307 235.600000 353.200000
744.077347 235.600000 310.400000
745.079578 235.600000 291.600000
746.089573 235.600000 272.800000
747.106133 235.600000 269.200000
748.114008 235.600000 269.200000
749.115588 235.600000 267.200000
750.127338 235.600000 267.200000
751.136306 235.600000 267.200000
752.142023 235.600000 267.200000
753.153161 235.600000 568.000000
754.155175 235.600000 467.200000
755.197236 235.600000 327.200000
756.232220 235.600000 297.200000
757.291039 235.600000 297.200000
758.321216 235.600000 286.000000
759.332839 235.600000 286.000000
760.368724 235.600000 286.000000
761.385194 235.600000 286.000000
762.461881 235.600000 286.000000
763.532459 235.600000 495.200000
764.541120 235.600000 325.200000
765.561590 235.600000 286.000000
766.571786 235.600000 241.200000
767.578785 235.600000 241.200000
768.592262 235.600000 241.200000
769.593350 235.600000 241.200000
770.654616 235.600000 241.200000
771.663770 235.600000 241.200000
772.672250 235.600000 568.000000
773.679482 235.600000 330.800000
774.691522 235.600000 319.600000
775.713876 235.600000 319.600000
776.717058 235.600000 302.800000
777.723968 235.600000 302.800000
778.725753 235.600000 302.800000
779.740568 235.600000 302.800000
780.784296 235.600000 302.800000
781.791437 235.600000 302.800000
782.839645 235.600000 573.600000
783.840049 235.600000 353.200000
784.853484 235.600000 319.600000
785.862872 235.600000 319.600000
786.886732 235.600000 302.800000
787.893861 235.600000 280.400000
788.924104 235.600000 280.400000
789.933690 235.600000 274.800000
790.941831 235.600000 274.800000
791.960819 235.600000 274.800000
792.971101 235.600000 274.800000
793.982023 235.600000 274.800000
794.986256 235.600000 274.800000
795.995387 235.600000 330.800000
796.999528 235.600000 286.000000
798.002449 235.600000 280.400000
799.029957 235.600000 274.800000
