35.882626 504.400000 504.400000
37.308564 504.400000 504.400000
38.454062 504.400000 409.200000
39.532294 409.200000 409.200000
41.588102 409.200000 409.200000
42.764807 409.200000 403.600000
44.122562 403.600000 403.600000
45.653353 403.600000 403.600000
47.155732 403.600000 400.000000
48.270077 400.000000 400.000000
49.746651 400.000000 400.000000
51.984979 400.000000 400.000000
53.567122 400.000000 400.000000
54.923935 400.000000 400.000000
56.630132 400.000000 400.000000
57.785432 400.000000 394.400000
58.830682 394.400000 394.400000
60.525438 394.400000 394.400000
61.720926 394.400000 347.600000
62.740003 347.600000 347.600000
64.441533 347.600000 347.600000
65.785991 347.600000 330.800000
66.798041 330.800000 330.800000
68.281914 330.800000 330.800000
70.342459 330.800000 330.800000
71.421869 330.800000 330.800000
72.594089 330.800000 330.800000
74.215707 314.000000 314.000000
76.345704 314.000000 314.000000
78.295053 314.000000 314.000000
79.507068 314.000000 308.400000
80.649240 308.400000 308.400000
82.404786 308.400000 308.400000
84.359544 308.400000 308.400000
85.659953 308.400000 304.800000
86.702755 304.800000 304.800000
88.099041 304.800000 304.800000
89.336781 304.800000 304.800000
90.461454 304.800000 304.800000
91.733887 304.800000 304.800000
92.913055 304.800000 304.800000
94.369808 304.800000 304.800000
95.592753 304.800000 304.800000
96.643048 304.800000 304.800000
98.607086 304.800000 304.800000
99.932105 304.800000 304.800000
101.475093 304.800000 304.800000
103.202122 304.800000 304.800000
104.283932 304.800000 304.800000
105.324227 304.800000 304.800000
106.404203 304.800000 304.800000
107.707022 304.800000 304.800000
109.153842 304.800000 304.800000
110.275004 304.800000 304.800000
111.547172 304.800000 304.800000
112.919971 304.800000 304.800000
114.033097 304.800000 304.800000
115.231463 304.800000 304.800000
117.244584 304.800000 304.800000
118.288431 304.800000 302.800000
119.367684 302.800000 302.800000
120.559002 302.800000 302.800000
122.550273 302.800000 302.800000
124.413162 302.800000 302.800000
125.571969 302.800000 302.800000
127.235952 302.800000 302.800000
128.635161 299.200000 299.200000
129.923182 299.200000 299.200000
131.552222 299.200000 299.200000
132.962709 297.200000 297.200000
134.185109 297.200000 297.200000
135.540248 297.200000 297.200000
136.701237 297.200000 297.200000
138.454433 297.200000 297.200000
139.723401 297.200000 297.200000
140.777246 297.200000 297.200000
141.809548 297.200000 297.200000
143.241200 297.200000 297.200000
145.045383 297.200000 297.200000
146.206752 297.200000 297.200000
147.351587 297.200000 297.200000
148.860983 297.200000 297.200000
149.960779 297.200000 297.200000
152.241634 297.200000 297.200000
153.256794 297.200000 297.200000
155.114732 297.200000 297.200000
156.221132 297.200000 297.200000
157.480198 297.200000 297.200000
158.531902 297.200000 297.200000
160.087905 297.200000 297.200000
161.264573 297.200000 297.200000
162.357039 297.200000 297.200000
163.546139 297.200000 297.200000
164.605056 297.200000 297.200000
165.658238 297.200000 297.200000
166.872947 297.200000 297.200000
168.241232 297.200000 297.200000
169.340507 297.200000 297.200000
170.440696 297.200000 297.200000
171.784585 297.200000 297.200000
173.565274 297.200000 297.200000
175.285210 297.200000 297.200000
176.551154 297.200000 297.200000
177.908884 297.200000 297.200000
179.309325 297.200000 297.200000
180.594739 297.200000 297.200000
181.614772 297.200000 297.200000
183.057696 297.200000 297.200000
185.153294 297.200000 297.200000
186.261338 297.200000 297.200000
187.625786 297.200000 297.200000
189.621153 297.200000 297.200000
190.900937 297.200000 297.200000
192.579304 297.200000 297.200000
194.123979 297.200000 297.200000
195.249650 297.200000 297.200000
196.670754 297.200000 297.200000
197.992453 297.200000 297.200000
199.165586 297.200000 297.200000
200.172091 297.200000 297.200000
201.489181 297.200000 297.200000
203.868869 297.200000 297.200000
240.710487 297.200000 504.400000
242.075999 297.200000 504.400000
243.545697 297.200000 470.800000
245.391685 297.200000 437.600000
246.644402 297.200000 420.400000
247.667197 297.200000 420.400000
249.261312 297.200000 420.400000
250.347926 297.200000 420.400000
251.686793 297.200000 420.400000
252.886765 297.200000 420.400000
254.297031 297.200000 420.400000
255.629273 297.200000 420.400000
256.943524 297.200000 420.400000
258.239888 297.200000 420.400000
260.000383 297.200000 420.400000
261.957726 297.200000 420.400000
263.131933 297.200000 342.000000
264.332554 297.200000 342.000000
265.640270 297.200000 342.000000
267.714715 297.200000 342.000000
269.302864 297.200000 342.000000
270.892031 297.200000 342.000000
272.265448 297.200000 342.000000
273.765631 297.200000 342.000000
275.093303 297.200000 342.000000
276.163235 297.200000 342.000000
278.323521 297.200000 342.000000
280.571865 297.200000 342.000000
281.754020 297.200000 319.600000
283.536406 297.200000 319.600000
284.824306 297.200000 314.000000
285.891419 297.200000 314.000000
287.250786 297.200000 314.000000
289.338877 297.200000 314.000000
290.787720 297.200000 314.000000
292.121773 297.200000 314.000000
293.689370 297.200000 314.000000
294.850740 297.200000 314.000000
297.218193 297.200000 314.000000
298.870423 297.200000 314.000000
299.950272 297.200000 314.000000
301.217979 297.200000 314.000000
302.375167 297.200000 314.000000
303.805654 297.200000 314.000000
305.770485 297.200000 314.000000
306.902649 297.200000 308.400000
307.923910 297.200000 308.400000
308.972554 297.200000 308.400000
310.180848 297.200000 308.400000
311.638683 297.200000 308.400000
312.750151 297.200000 304.800000
314.416451 297.200000 304.800000
315.571608 297.200000 304.800000
316.894129 297.200000 304.800000
317.933176 297.200000 304.800000
319.059400 297.200000 304.800000
321.077700 297.200000 304.800000
322.175865 297.200000 304.800000
323.337868 297.200000 304.800000
324.758523 297.200000 304.800000
325.950127 297.200000 304.800000
327.737903 297.200000 304.800000
329.180456 297.200000 304.800000
330.421369 297.200000 304.800000
331.994414 297.200000 304.800000
334.186121 297.200000 304.800000
336.061221 297.200000 304.800000
337.108945 297.200000 304.800000
338.191419 297.200000 304.800000
339.422319 297.200000 304.800000
341.434844 297.200000 304.800000
342.887207 297.200000 304.800000
344.078418 297.200000 304.800000
345.603113 297.200000 304.800000
346.643994 297.200000 304.800000
348.040030 297.200000 304.800000
349.482764 297.200000 304.800000
351.907241 297.200000 304.800000
353.842567 297.200000 304.800000
354.884801 297.200000 304.800000
356.330284 297.200000 304.800000
357.805569 297.200000 304.800000
358.961968 297.200000 304.800000
360.152159 297.200000 304.800000
362.118035 297.200000 304.800000
364.335705 297.200000 304.800000
366.052687 297.200000 304.800000
367.488723 297.200000 304.800000
369.062545 297.200000 304.800000
370.101493 297.200000 304.800000
371.667184 297.200000 304.800000
373.908044 297.200000 304.800000
374.992137 297.200000 304.800000
376.170972 297.200000 304.800000
377.242056 297.200000 304.800000
378.976563 297.200000 304.800000
380.855288 297.200000 304.800000
382.189023 297.200000 304.800000
383.401788 297.200000 304.800000
384.651556 297.200000 304.800000
385.883519 297.200000 304.800000
387.248389 297.200000 304.800000
389.273363 297.200000 304.800000
419.596447 297.200000 510.000000
421.040583 297.200000 510.000000
422.526261 297.200000 442.800000
423.881176 297.200000 426.000000
424.985341 297.200000 426.000000
426.251567 297.200000 426.000000
427.583754 297.200000 420.400000
428.938649 297.200000 420.400000
430.981377 297.200000 420.400000
432.993095 297.200000 420.400000
434.101001 297.200000 347.600000
435.301292 297.200000 347.600000
436.846793 297.200000 347.600000
437.910919 297.200000 347.600000
439.434518 297.200000 347.600000
440.996789 297.200000 347.600000
442.133570 297.200000 347.600000
443.227324 297.200000 347.600000
444.839944 297.200000 347.600000
446.782959 297.200000 347.600000
447.882338 297.200000 325.200000
449.263522 297.200000 325.200000
450.316244 297.200000 325.200000
451.904218 297.200000 325.200000
452.914631 297.200000 325.200000
454.108303 297.200000 325.200000
456.222819 297.200000 325.200000
457.951825 297.200000 325.200000
459.020289 297.200000 314.000000
460.362879 297.200000 314.000000
461.697844 297.200000 314.000000
463.766037 297.200000 314.000000
465.156357 297.200000 314.000000
466.433819 297.200000 314.000000
468.175726 297.200000 314.000000
469.583165 297.200000 314.000000
470.959011 297.200000 314.000000
472.445310 297.200000 314.000000
474.448656 297.200000 314.000000
475.599143 297.200000 297.200000
477.068088 297.200000 297.200000
479.451599 297.200000 297.200000
481.402040 297.200000 297.200000
483.355277 297.200000 297.200000
484.953380 297.200000 297.200000
487.027920 297.200000 297.200000
488.935681 297.200000 297.200000
490.882182 297.200000 297.200000
492.843452 297.200000 297.200000
494.797966 297.200000 297.200000
497.165298 297.200000 297.200000
499.080376 297.200000 297.200000
500.989025 297.200000 297.200000
502.014173 297.200000 297.200000
503.143200 297.200000 297.200000
504.666166 297.200000 297.200000
505.699602 297.200000 297.200000
506.897727 297.200000 297.200000
508.364062 297.200000 297.200000
509.793130 297.200000 297.200000
511.172869 297.200000 297.200000
512.366574 297.200000 297.200000
513.658986 297.200000 297.200000
514.883764 297.200000 297.200000
516.029984 297.200000 297.200000
517.487928 297.200000 297.200000
518.670160 297.200000 297.200000
519.883331 297.200000 297.200000
520.925468 297.200000 297.200000
522.397598 297.200000 297.200000
523.540461 297.200000 297.200000
524.851155 297.200000 297.200000
526.112495 297.200000 297.200000
527.181428 297.200000 297.200000
528.417632 297.200000 297.200000
530.523020 297.200000 297.200000
531.567673 297.200000 297.200000
532.585226 297.200000 297.200000
533.894944 297.200000 297.200000
535.190291 297.200000 297.200000
536.325141 297.200000 297.200000
537.816549 297.200000 297.200000
538.951007 297.200000 297.200000
540.708403 297.200000 297.200000
543.289593 297.200000 297.200000
544.764030 297.200000 297.200000
545.830541 297.200000 297.200000
546.893680 297.200000 297.200000
548.100438 297.200000 297.200000
549.615503 297.200000 297.200000
551.199014 297.200000 297.200000
553.275972 297.200000 297.200000
554.277468 297.200000 297.200000
555.504659 297.200000 297.200000
556.735865 297.200000 297.200000
558.280921 297.200000 297.200000
559.507585 297.200000 297.200000
560.873654 297.200000 297.200000
562.432848 297.200000 297.200000
563.558982 297.200000 297.200000
564.663485 297.200000 297.200000
565.893045 297.200000 297.200000
567.208457 297.200000 297.200000
568.412645 297.200000 297.200000
569.697899 297.200000 297.200000
609.609548 297.200000 504.400000
611.691757 297.200000 504.400000
612.871469 297.200000 403.600000
614.482072 297.200000 403.600000
615.734024 297.200000 398.000000
616.961855 297.200000 398.000000
619.219329 297.200000 398.000000
621.136068 297.200000 398.000000
622.193389 297.200000 325.200000
624.322675 297.200000 325.200000
625.410484 297.200000 319.600000
626.497902 297.200000 319.600000
628.087800 297.200000 319.600000
629.168800 297.200000 314.000000
630.313654 297.200000 314.000000
631.565608 297.200000 314.000000
632.849546 297.200000 314.000000
634.560515 297.200000 314.000000
635.817298 297.200000 314.000000
636.900447 297.200000 314.000000
638.314885 297.200000 314.000000
639.812293 297.200000 314.000000
640.837659 297.200000 314.000000
642.756584 297.200000 314.000000
643.991657 297.200000 314.000000
645.760891 297.200000 314.000000
646.908750 297.200000 314.000000
648.406095 297.200000 314.000000
650.172541 297.200000 314.000000
652.090337 297.200000 314.000000
653.400006 297.200000 306.400000
654.401675 297.200000 306.400000
655.519276 297.200000 306.400000
657.853037 297.200000 306.400000
659.001449 297.200000 299.200000
660.904846 297.200000 299.200000
662.095967 297.200000 299.200000
663.113438 297.200000 299.200000
664.689406 297.200000 299.200000
666.117077 297.200000 299.200000
667.178713 297.200000 299.200000
668.775423 297.200000 299.200000
669.975905 297.200000 299.200000
670.994886 297.200000 299.200000
672.289796 297.200000 299.200000
673.749428 297.200000 299.200000
674.763337 297.200000 299.200000
677.018616 297.200000 299.200000
678.130957 297.200000 297.200000
680.260569 297.200000 297.200000
682.359894 297.200000 297.200000
684.043748 297.200000 297.200000
685.046027 297.200000 297.200000
686.823433 297.200000 297.200000
687.842244 297.200000 297.200000
689.462694 297.200000 297.200000
690.507163 297.200000 297.200000
691.956673 297.200000 297.200000
694.225750 297.200000 297.200000
695.366554 297.200000 295.200000
696.453595 295.200000 295.200000
697.878884 295.200000 295.200000
698.910883 295.200000 295.200000
700.754135 295.200000 295.200000
701.924228 295.200000 295.200000
703.314168 295.200000 295.200000
705.598383 295.200000 295.200000
706.778629 295.200000 295.200000
707.778844 295.200000 295.200000
709.330237 295.200000 295.200000
710.384424 295.200000 295.200000
711.895252 295.200000 295.200000
712.925940 295.200000 295.200000
713.964458 295.200000 295.200000
715.762659 295.200000 295.200000
716.923002 295.200000 295.200000
717.945885 295.200000 295.200000
719.709363 295.200000 295.200000
721.303760 295.200000 295.200000
722.464100 295.200000 295.200000
723.935126 295.200000 295.200000
726.016749 295.200000 295.200000
727.635328 295.200000 295.200000
728.991976 295.200000 295.200000
730.220430 295.200000 295.200000
731.755546 295.200000 295.200000
734.004904 295.200000 295.200000
735.139994 295.200000 295.200000
736.549693 295.200000 295.200000
737.739478 295.200000 295.200000
739.357972 295.200000 295.200000
740.989040 295.200000 295.200000
742.037706 295.200000 295.200000
743.152495 295.200000 295.200000
744.216189 295.200000 295.200000
745.953308 295.200000 295.200000
748.128384 295.200000 295.200000
749.267437 295.200000 295.200000
751.160932 295.200000 295.200000
752.264005 295.200000 295.200000
753.646095 295.200000 295.200000
754.991592 295.200000 295.200000
756.757439 295.200000 295.200000
757.879853 295.200000 295.200000
758.886289 295.200000 295.200000
760.031313 295.200000 295.200000
761.547578 295.200000 295.200000
762.769327 295.200000 295.200000
764.228799 295.200000 295.200000
766.027928 295.200000 295.200000
767.200661 295.200000 295.200000
768.203205 295.200000 295.200000
769.794822 295.200000 295.200000
770.985727 295.200000 295.200000
772.766046 295.200000 295.200000
774.731310 295.200000 295.200000
776.720807 295.200000 295.200000
778.099101 295.200000 295.200000
780.294068 295.200000 295.200000
781.410718 295.200000 295.200000
782.431672 295.200000 295.200000
784.643522 295.200000 295.200000
785.762426 295.200000 295.200000
787.761034 295.200000 295.200000
789.788891 295.200000 295.200000
791.727856 295.200000 295.200000
792.823484 295.200000 295.200000
794.739085 295.200000 295.200000
796.132449 295.200000 295.200000
797.718819 295.200000 295.200000
798.793573 295.200000 295.200000
799.800091 295.200000 295.200000
820.790754 295.200000 476.400000
