38.935417 498.800000 498.800000
40.350062 498.800000 498.800000
41.734083 498.800000 498.800000
43.106346 498.800000 498.800000
44.665871 498.800000 498.800000
45.868052 498.800000 498.800000
48.207269 498.800000 498.800000
49.351172 498.800000 444.800000
50.521204 444.800000 444.800000
51.771213 444.800000 444.800000
52.874366 444.800000 444.800000
54.338725 444.800000 444.800000
55.528224 444.800000 442.800000
56.529669 442.800000 442.800000
57.736741 442.800000 442.800000
58.954016 442.800000 400.000000
60.262462 400.000000 400.000000
61.449494 400.000000 400.000000
63.488513 400.000000 400.000000
64.586274 400.000000 375.600000
65.756320 375.600000 375.600000
66.981907 375.600000 375.600000
68.506540 375.600000 375.600000
69.836034 375.600000 375.600000
71.090749 375.600000 375.600000
72.437823 375.600000 375.600000
74.088032 375.600000 375.600000
75.884307 375.600000 358.800000
77.364642 358.800000 358.800000
79.043374 358.800000 358.800000
80.603944 358.800000 327.200000
81.899022 327.200000 327.200000
83.547270 327.200000 327.200000
84.847801 327.200000 302.800000
85.948512 302.800000 302.800000
87.720282 302.800000 302.800000
89.136386 302.800000 302.800000
90.476920 302.800000 302.800000
92.671184 302.800000 302.800000
95.063647 302.800000 302.800000
96.089869 302.800000 302.800000
97.270691 302.800000 302.800000
98.783630 302.800000 302.800000
100.754124 302.800000 302.800000
102.818805 302.800000 302.800000
103.979081 302.800000 302.800000
105.506739 302.800000 302.800000
107.299992 302.800000 302.800000
108.666315 302.800000 302.800000
109.876755 302.800000 302.800000
111.332128 302.800000 302.800000
112.419487 302.800000 297.200000
113.822158 297.200000 297.200000
115.930092 297.200000 297.200000
117.803129 297.200000 297.200000
118.888504 297.200000 293.600000
120.137267 293.600000 293.600000
122.547235 293.600000 293.600000
124.435429 293.600000 293.600000
125.953779 293.600000 293.600000
127.148518 293.600000 293.600000
128.584928 293.600000 293.600000
129.592908 293.600000 293.600000
130.671820 293.600000 293.600000
132.154497 293.600000 293.600000
133.191611 293.600000 293.600000
134.643371 293.600000 293.600000
135.672566 293.600000 293.600000
138.087013 293.600000 293.600000
139.626901 293.600000 293.600000
141.641371 293.600000 293.600000
143.896552 293.600000 293.600000
145.435104 293.600000 293.600000
146.585252 293.600000 293.600000
148.153852 293.600000 293.600000
149.347609 293.600000 293.600000
150.416479 293.600000 293.600000
152.439193 293.600000 293.600000
153.442155 293.600000 293.600000
154.523188 293.600000 293.600000
156.000579 293.600000 293.600000
158.225922 293.600000 293.600000
160.089489 293.600000 293.600000
161.442100 293.600000 293.600000
162.698023 293.600000 293.600000
164.491849 293.600000 293.600000
165.919429 293.600000 293.600000
167.275766 293.600000 293.600000
168.394515 293.600000 293.600000
169.670489 293.600000 293.600000
170.977266 293.600000 293.600000
172.127997 293.600000 293.600000
173.419826 293.600000 293.600000
175.891024 293.600000 293.600000
177.859279 293.600000 293.600000
178.898996 293.600000 293.600000
180.082964 293.600000 293.600000
181.306792 293.600000 293.600000
182.443665 293.600000 293.600000
183.655015 293.600000 293.600000
185.224053 293.600000 293.600000
217.351632 293.600000 476.400000
218.539469 293.600000 476.400000
220.173727 293.600000 442.800000
221.632728 293.600000 442.800000
222.839439 293.600000 442.800000
224.300325 293.600000 442.800000
225.624403 293.600000 442.800000
226.767499 293.600000 442.800000
228.217798 293.600000 442.800000
229.308036 293.600000 360.800000
231.418160 293.600000 360.800000
232.768743 293.600000 360.800000
234.405703 293.600000 360.800000
235.564512 293.600000 314.000000
237.029990 293.600000 314.000000
238.243071 293.600000 314.000000
239.412696 293.600000 314.000000
240.872073 293.600000 314.000000
243.331660 293.600000 314.000000
244.383074 293.600000 314.000000
245.763443 293.600000 314.000000
247.607390 293.600000 314.000000
248.750406 293.600000 308.400000
250.263664 293.600000 308.400000
251.404774 293.600000 308.400000
252.812323 293.600000 308.400000
254.554507 293.600000 308.400000
255.696278 293.600000 308.400000
256.866172 293.600000 308.400000
258.412009 293.600000 308.400000
259.914236 293.600000 308.400000
261.274535 293.600000 308.400000
263.492310 293.600000 308.400000
265.747590 293.600000 308.400000
267.032391 293.600000 308.400000
268.315986 293.600000 308.400000
270.853930 293.600000 308.400000
272.119979 293.600000 306.400000
273.776133 293.600000 306.400000
275.141509 293.600000 297.200000
276.678548 293.600000 297.200000
278.058943 293.600000 297.200000
279.473418 293.600000 297.200000
281.552454 293.600000 297.200000
282.917761 293.600000 297.200000
284.845496 293.600000 297.200000
286.056139 293.600000 297.200000
287.297652 293.600000 297.200000
288.527958 293.600000 297.200000
289.546832 293.600000 297.200000
290.750339 293.600000 297.200000
292.179054 293.600000 297.200000
293.504967 293.600000 297.200000
294.997341 293.600000 297.200000
297.163605 293.600000 297.200000
299.384592 293.600000 297.200000
301.798864 293.600000 297.200000
304.393753 293.600000 297.200000
306.921190 293.600000 297.200000
308.522847 293.600000 297.200000
310.243799 293.600000 297.200000
311.290729 293.600000 297.200000
312.366602 293.600000 297.200000
313.435276 293.600000 297.200000
315.297742 293.600000 297.200000
316.484569 293.600000 297.200000
317.740449 293.600000 297.200000
320.033522 293.600000 297.200000
322.508776 293.600000 297.200000
324.018881 293.600000 297.200000
325.032093 293.600000 297.200000
326.859106 293.600000 297.200000
328.037638 293.600000 297.200000
329.191522 293.600000 297.200000
330.841096 293.600000 297.200000
332.295555 293.600000 297.200000
333.450462 293.600000 297.200000
334.477337 293.600000 297.200000
336.313223 293.600000 297.200000
338.501068 293.600000 297.200000
339.721269 293.600000 297.200000
340.766548 293.600000 297.200000
342.791783 293.600000 297.200000
343.896423 293.600000 297.200000
345.467755 293.600000 297.200000
347.666196 293.600000 297.200000
348.777666 293.600000 297.200000
350.352106 293.600000 297.200000
351.382459 293.600000 297.200000
352.897977 293.600000 297.200000
353.986818 293.600000 297.200000
355.658932 293.600000 297.200000
357.953877 293.600000 297.200000
360.511462 293.600000 297.200000
362.633287 293.600000 297.200000
364.635359 293.600000 297.200000
365.736892 293.600000 297.200000
367.564705 293.600000 297.200000
368.988747 293.600000 297.200000
370.778527 293.600000 297.200000
373.103978 293.600000 297.200000
374.421316 293.600000 297.200000
375.654039 293.600000 297.200000
377.165505 293.600000 297.200000
379.188301 293.600000 297.200000
408.276802 293.600000 498.800000
410.275621 293.600000 498.800000
411.347825 293.600000 409.200000
412.969164 293.600000 409.200000
414.786299 293.600000 409.200000
415.884656 293.600000 403.600000
417.092041 293.600000 403.600000
418.310953 293.600000 403.600000
419.491598 293.600000 403.600000
420.869260 293.600000 403.600000
423.166736 293.600000 403.600000
424.299369 293.600000 347.600000
425.934401 293.600000 347.600000
427.036778 293.600000 319.600000
428.464717 293.600000 319.600000
429.687041 293.600000 319.600000
430.815167 293.600000 319.600000
432.000197 293.600000 319.600000
434.224305 293.600000 319.600000
435.480537 293.600000 319.600000
436.734554 293.600000 319.600000
438.476421 293.600000 319.600000
439.630449 293.600000 319.600000
441.180131 293.600000 319.600000
442.272144 293.600000 319.600000
443.570432 293.600000 319.600000
444.703303 293.600000 319.600000
446.447722 293.600000 319.600000
448.596791 293.600000 319.600000
449.767088 293.600000 319.600000
450.788662 293.600000 319.600000
452.437813 293.600000 319.600000
453.575139 293.600000 319.600000
454.706443 293.600000 319.600000
457.396227 293.600000 319.600000
458.574735 293.600000 319.600000
459.612383 293.600000 319.600000
461.146871 293.600000 319.600000
463.148190 293.600000 319.600000
464.194882 293.600000 308.400000
465.775551 293.600000 308.400000
466.962978 293.600000 308.400000
469.071044 293.600000 308.400000
470.079084 293.600000 308.400000
471.329072 293.600000 308.400000
472.640520 293.600000 308.400000
473.894211 293.600000 308.400000
474.964948 293.600000 308.400000
476.372522 293.600000 308.400000
477.506238 293.600000 308.400000
478.645030 293.600000 308.400000
480.217971 293.600000 308.400000
481.334427 293.600000 302.800000
482.406624 293.600000 302.800000
483.943689 293.600000 302.800000
485.829395 293.600000 302.800000
487.194889 293.600000 302.800000
488.250523 293.600000 302.800000
489.630155 293.600000 302.800000
491.640349 293.600000 302.800000
493.090496 293.600000 302.800000
494.211016 293.600000 302.800000
495.768879 293.600000 302.800000
497.759477 293.600000 302.800000
499.680471 293.600000 302.800000
501.563595 293.600000 302.800000
503.527674 293.600000 302.800000
504.946269 293.600000 302.800000
506.259763 293.600000 302.800000
507.701332 293.600000 302.800000
508.728642 293.600000 302.800000
509.797184 293.600000 302.800000
511.096479 293.600000 302.800000
513.183937 293.600000 302.800000
514.457225 293.600000 302.800000
515.894016 293.600000 302.800000
517.865972 293.600000 302.800000
518.963575 293.600000 302.800000
520.477228 293.600000 302.800000
521.831010 293.600000 302.800000
523.714958 293.600000 302.800000
525.607146 293.600000 302.800000
526.693456 293.600000 302.800000
527.813702 293.600000 302.800000
529.260593 293.600000 302.800000
531.178651 293.600000 302.800000
532.291891 293.600000 302.800000
533.449642 293.600000 302.800000
534.989239 293.600000 302.800000
536.867761 293.600000 302.800000
537.942506 293.600000 302.800000
539.075535 293.600000 302.800000
540.335242 293.600000 302.800000
541.538885 293.600000 302.800000
543.020735 293.600000 302.800000
544.946120 293.600000 302.800000
545.976590 293.600000 302.800000
547.012511 293.600000 302.800000
548.258130 293.600000 302.800000
549.446712 293.600000 302.800000
550.600112 293.600000 302.800000
552.055066 293.600000 302.800000
553.071646 293.600000 302.800000
554.189866 293.600000 302.800000
555.665951 293.600000 302.800000
556.803697 293.600000 302.800000
558.104830 293.600000 302.800000
560.098859 293.600000 302.800000
561.247913 293.600000 302.800000
562.740954 293.600000 302.800000
563.867727 293.600000 302.800000
565.239408 293.600000 302.800000
567.011427 293.600000 302.800000
568.199288 293.600000 302.800000
569.218562 293.600000 302.800000
570.732097 293.600000 302.800000
571.903386 293.600000 302.800000
572.919646 293.600000 302.800000
574.435876 293.600000 302.800000
576.935760 293.600000 302.800000
578.913792 293.600000 302.800000
580.895571 293.600000 302.800000
582.968813 293.600000 302.800000
584.059955 293.600000 302.800000
585.223427 293.600000 302.800000
586.724508 293.600000 302.800000
589.078895 293.600000 302.800000
619.852061 293.600000 493.200000
620.943514 293.600000 493.200000
622.038330 293.600000 493.200000
623.116022 293.600000 470.800000
624.334754 293.600000 470.800000
625.586889 293.600000 431.600000
627.505593 293.600000 431.600000
628.539031 293.600000 431.600000
630.155663 293.600000 431.600000
631.313570 293.600000 431.600000
633.376016 293.600000 431.600000
634.522032 293.600000 394.400000
635.859082 293.600000 394.400000
637.448105 293.600000 394.400000
638.598501 293.600000 394.400000
640.774162 293.600000 394.400000
641.997377 293.600000 388.800000
643.534486 293.600000 388.800000
646.026352 293.600000 388.800000
647.423896 293.600000 388.800000
648.531415 293.600000 388.800000
649.792555 293.600000 388.800000
651.025336 293.600000 388.800000
652.433821 293.600000 388.800000
654.256769 293.600000 388.800000
655.644814 293.600000 383.200000
657.512575 293.600000 383.200000
658.657737 293.600000 319.600000
660.172848 293.600000 319.600000
662.697466 293.600000 319.600000
663.858333 293.600000 314.000000
666.318282 293.600000 314.000000
667.484910 293.600000 308.400000
669.307858 293.600000 308.400000
670.564542 293.600000 302.800000
672.881473 293.600000 302.800000
674.017765 293.600000 302.800000
675.305267 293.600000 302.800000
676.466970 293.600000 302.800000
677.973121 293.600000 302.800000
680.038522 293.600000 302.800000
681.236961 293.600000 302.800000
682.474265 293.600000 302.800000
683.789276 293.600000 302.800000
685.973432 293.600000 302.800000
687.371160 293.600000 302.800000
688.496595 293.600000 302.800000
690.106664 293.600000 302.800000
691.394511 293.600000 302.800000
692.709025 293.600000 302.800000
694.060119 293.600000 302.800000
695.221448 293.600000 302.800000
696.671751 293.600000 302.800000
698.846874 293.600000 302.800000
700.959945 293.600000 302.800000
702.997197 293.600000 302.800000
705.423516 293.600000 302.800000
707.530958 293.600000 302.800000
708.603209 293.600000 302.800000
709.910440 293.600000 302.800000
711.237116 293.600000 302.800000
712.310641 293.600000 302.800000
713.649729 293.600000 302.800000
714.909588 293.600000 302.800000
715.941507 293.600000 302.800000
717.529606 293.600000 302.800000
719.850028 293.600000 302.800000
721.857030 293.600000 302.800000
723.883529 293.600000 302.800000
724.912062 293.600000 302.800000
725.959981 293.600000 302.800000
727.365109 293.600000 302.800000
729.328220 293.600000 302.800000
730.517375 293.600000 302.800000
731.687951 293.600000 302.800000
733.286138 293.600000 302.800000
734.302183 293.600000 302.800000
735.878930 293.600000 302.800000
737.038990 293.600000 302.800000
738.668345 293.600000 302.800000
740.037351 293.600000 302.800000
742.085950 293.600000 302.800000
744.058927 293.600000 302.800000
746.496577 293.600000 302.800000
747.684998 293.600000 302.800000
749.054594 293.600000 302.800000
750.306912 293.600000 302.800000
751.795664 293.600000 302.800000
752.888062 293.600000 302.800000
754.217310 293.600000 302.800000
755.358422 293.600000 302.800000
756.849393 293.600000 302.800000
757.953468 293.600000 302.800000
759.272606 293.600000 302.800000
760.535246 293.600000 302.800000
761.699076 293.600000 302.800000
763.620859 293.600000 302.800000
793.907768 293.600000 498.800000
795.244685 293.600000 498.800000
797.466506 293.600000 498.800000
798.694195 293.600000 498.800000
799.897974 293.600000 498.800000
