0.016180 773.200000 773.200000
1.016369 390.400000 610.800000
2.016595 390.400000 496.800000
3.016709 390.400000 424.000000
4.017613 390.400000 767.600000
5.018323 390.400000 502.400000
6.018506 390.400000 521.200000
7.019002 390.400000 412.800000
8.021737 390.400000 762.000000
9.021794 390.400000 493.200000
10.022161 390.400000 543.600000
11.022990 390.400000 543.600000
12.023301 390.400000 452.000000
13.023627 390.400000 487.600000
14.024307 390.400000 452.000000
15.024382 390.400000 418.400000
16.024518 390.400000 418.400000
17.024951 390.400000 672.400000
18.025196 390.400000 435.200000
19.025707 390.400000 571.600000
20.025830 390.400000 418.400000
21.025883 390.400000 496.800000
22.026999 390.400000 672.400000
23.027549 390.400000 515.600000
24.030025 390.400000 582.800000
25.030313 390.400000 524.800000
26.033077 390.400000 773.200000
27.033356 390.400000 588.400000
28.036001 390.400000 515.600000
29.038411 390.400000 420.400000
30.038852 390.400000 566.000000
31.038956 390.400000 739.600000
32.039164 390.400000 454.000000
33.047280 390.400000 767.600000
34.047560 390.400000 560.400000
35.049853 390.400000 431.600000
36.051868 390.400000 538.000000
37.052046 390.400000 532.400000
38.054578 390.400000 532.400000
39.055660 390.400000 582.800000
40.056939 390.400000 773.200000
41.059525 390.400000 750.800000
42.060512 390.400000 582.800000
43.060744 390.400000 429.600000
44.061430 390.400000 465.200000
45.061636 390.400000 412.800000
46.061986 390.400000 412.800000
47.062938 390.400000 418.400000
48.063204 390.400000 543.600000
49.063906 390.400000 526.800000
50.063981 390.400000 468.800000
51.064204 390.400000 435.200000
52.065977 390.400000 465.200000
53.066382 390.400000 599.600000
54.066814 390.400000 465.200000
55.067342 390.400000 504.400000
56.067496 390.400000 521.200000
57.068707 390.400000 666.800000
58.068917 390.400000 655.600000
59.069042 390.400000 468.800000
60.069154 390.400000 437.200000
61.069269 390.400000 577.200000
62.069652 390.400000 508.000000
63.069675 390.400000 532.400000
64.069834 390.400000 474.400000
65.070428 390.400000 480.000000
66.070610 390.400000 412.800000
67.070701 390.400000 577.200000
68.071201 390.400000 672.400000
69.071216 390.400000 734.000000
70.071717 390.400000 498.800000
71.071901 390.400000 508.000000
72.073474 390.400000 756.400000
73.073816 390.400000 521.200000
74.073917 390.400000 498.800000
75.074202 390.400000 440.800000
76.074353 390.400000 468.800000
77.074843 390.400000 474.400000
78.074946 390.400000 560.400000
79.075057 390.400000 454.000000
80.075472 390.400000 463.200000
81.075477 390.400000 519.200000
82.075640 390.400000 487.600000
83.075809 390.400000 435.200000
84.075948 390.400000 485.600000
85.076188 390.400000 536.000000
86.076313 390.400000 549.200000
87.076782 390.400000 504.400000
88.077095 390.400000 504.400000
89.077261 390.400000 672.400000
90.077388 390.400000 440.800000
91.077574 390.400000 482.000000
92.077731 390.400000 418.400000
93.078117 390.400000 457.600000
94.078354 390.400000 463.200000
95.078393 390.400000 424.000000
96.080543 390.400000 418.400000
97.080807 390.400000 566.000000
98.081993 390.400000 767.600000
99.082554 390.400000 426.000000
100.082716 390.400000 474.400000
101.082855 390.400000 532.400000
102.083577 390.400000 485.600000
103.083863 390.400000 560.400000
104.085052 390.400000 543.600000
105.085515 390.400000 446.400000
106.085564 390.400000 463.200000
107.086356 390.400000 543.600000
108.086384 390.400000 655.600000
109.086810 390.400000 491.200000
110.089215 390.400000 554.800000
111.089373 390.400000 496.800000
112.089665 390.400000 655.600000
113.089781 390.400000 650.000000
114.090636 390.400000 597.600000
115.091157 390.400000 474.400000
116.091726 390.400000 762.000000
117.092372 390.400000 582.800000
118.093373 390.400000 524.800000
119.095404 390.400000 773.200000
120.096265 390.400000 508.000000
121.098580 390.400000 739.600000
122.098755 390.400000 496.800000
123.098907 390.400000 418.400000
124.099596 390.400000 496.800000
125.099888 390.400000 426.000000
126.100301 390.400000 638.800000
127.101748 390.400000 407.200000
128.101884 390.400000 412.800000
129.102312 390.400000 407.200000
130.103000 390.400000 482.000000
131.103282 390.400000 594.000000
132.103353 390.400000 440.800000
133.103863 390.400000 530.400000
134.106277 390.400000 582.800000
135.106309 390.400000 493.200000
136.106573 390.400000 508.000000
137.107480 390.400000 463.200000
138.108124 390.400000 448.400000
139.108233 390.400000 672.400000
140.108265 390.400000 446.400000
141.108498 390.400000 429.600000
142.108902 390.400000 454.000000
143.109286 390.400000 487.600000
144.111087 390.400000 582.800000
145.111455 390.400000 496.800000
146.117946 390.400000 773.200000
147.117946 390.400000 773.200000
148.118187 390.400000 582.800000
149.118750 390.400000 465.200000
150.118899 390.400000 491.200000
151.118956 390.400000 409.200000
152.119193 390.400000 515.600000
153.120990 390.400000 661.200000
154.123139 390.400000 580.800000
155.124150 390.400000 582.800000
156.124416 390.400000 767.600000
157.127164 390.400000 532.400000
158.128319 390.400000 594.000000
159.128464 390.400000 468.800000
160.129047 390.400000 457.600000
161.129194 390.400000 510.000000
162.129322 390.400000 552.800000
163.129372 390.400000 480.000000
164.129525 390.400000 554.800000
165.129888 390.400000 493.200000
166.130732 390.400000 418.400000
167.131026 390.400000 418.400000
168.131760 390.400000 543.600000
169.131969 390.400000 437.200000
170.132103 390.400000 485.600000
171.132357 390.400000 549.200000
172.133605 390.400000 778.800000
173.134068 390.400000 465.200000
174.134308 390.400000 412.800000
175.134664 390.400000 661.200000
176.134833 390.400000 526.800000
177.135017 390.400000 463.200000
178.135257 390.400000 571.600000
179.135272 390.400000 468.800000
180.135330 390.400000 734.000000
181.135714 390.400000 577.200000
182.135752 390.400000 407.200000
183.135880 390.400000 420.400000
184.136051 390.400000 437.200000
185.136656 390.400000 412.800000
186.136661 390.400000 554.800000
187.136776 390.400000 519.200000
188.137016 390.400000 454.000000
189.137548 390.400000 526.800000
190.138388 390.400000 577.200000
191.139278 390.400000 655.600000
192.140155 390.400000 412.800000
193.140527 390.400000 491.200000
194.140657 390.400000 448.400000
195.140742 390.400000 482.000000
196.140890 390.400000 396.000000
197.141096 390.400000 448.400000
198.141760 390.400000 418.400000
199.142104 390.400000 424.000000
200.142202 390.400000 524.800000
201.142356 390.400000 454.000000
202.142569 390.400000 429.600000
203.142836 390.400000 463.200000
204.143140 390.400000 560.400000
205.143662 390.400000 580.800000
206.143741 390.400000 401.600000
207.146030 390.400000 571.600000
208.146172 390.400000 487.600000
209.147079 390.400000 577.200000
210.147098 390.400000 429.600000
211.147226 390.400000 504.400000
212.147567 390.400000 470.800000
213.147631 390.400000 566.000000
214.149203 390.400000 463.200000
215.150584 390.400000 526.800000
216.151154 390.400000 463.200000
217.151872 390.400000 515.600000
218.152021 390.400000 424.000000
219.152712 390.400000 465.200000
220.153004 390.400000 538.000000
221.153444 390.400000 467.200000
222.155451 390.400000 694.800000
223.156410 390.400000 412.800000
224.156498 390.400000 530.400000
225.156668 390.400000 519.200000
226.157293 390.400000 543.600000
227.157328 390.400000 435.200000
228.157397 390.400000 418.400000
229.157445 390.400000 480.000000
230.158582 390.400000 521.200000
231.159448 390.400000 424.000000
232.159564 390.400000 465.200000
233.159756 390.400000 524.800000
234.161096 390.400000 594.000000
235.164609 390.400000 513.600000
236.165274 390.400000 476.400000
237.165286 390.400000 463.200000
238.165597 390.400000 409.200000
239.166948 390.400000 412.800000
240.168181 390.400000 622.000000
241.168371 390.400000 496.800000
242.168846 390.400000 446.400000
243.168932 390.400000 437.200000
244.169104 390.400000 446.400000
245.169281 390.400000 474.400000
246.169587 390.400000 418.400000
247.170281 390.400000 468.800000
248.170489 390.400000 482.000000
249.170774 390.400000 496.800000
250.171071 390.400000 644.400000
251.172994 390.400000 521.200000
252.173574 390.400000 666.800000
253.174137 390.400000 577.200000
254.174204 390.400000 429.600000
255.174330 390.400000 409.200000
256.174397 390.400000 424.000000
257.174434 390.400000 543.600000
258.174960 390.400000 424.000000
259.175196 390.400000 504.400000
260.175265 390.400000 468.800000
261.175417 390.400000 412.800000
262.175641 390.400000 482.000000
263.176362 390.400000 521.200000
264.176378 390.400000 482.000000
265.176846 390.400000 429.600000
266.178356 390.400000 435.200000
267.178475 390.400000 678.000000
268.178608 390.400000 552.800000
269.179133 390.400000 521.200000
270.179416 390.400000 452.000000
271.179492 390.400000 510.000000
272.179675 390.400000 508.000000
273.180492 390.400000 491.200000
274.181667 390.400000 476.400000
275.181910 390.400000 526.800000
276.182209 390.400000 429.600000
277.182952 390.400000 412.800000
278.183208 390.400000 418.400000
279.183222 390.400000 582.800000
280.183422 390.400000 566.000000
281.183527 390.400000 515.600000
282.183700 390.400000 588.400000
283.183732 390.400000 454.000000
284.184284 390.400000 552.800000
285.185304 390.400000 412.800000
286.188130 390.400000 487.600000
287.188842 390.400000 474.400000
288.188934 390.400000 493.200000
289.191156 390.400000 502.400000
290.191681 390.400000 513.600000
291.192231 390.400000 485.600000
292.192997 390.400000 429.600000
293.193318 390.400000 429.600000
294.194118 390.400000 521.200000
295.194498 390.400000 498.800000
296.194871 390.400000 457.600000
297.195183 390.400000 457.600000
298.195354 390.400000 571.600000
299.195448 390.400000 420.400000
300.196032 390.400000 513.600000
301.196514 390.400000 420.400000
302.197485 390.400000 543.600000
303.198535 390.400000 465.200000
304.198731 390.400000 582.800000
305.199992 390.400000 560.400000
306.200316 390.400000 496.800000
307.200495 390.400000 549.200000
308.200898 390.400000 412.800000
309.201050 390.400000 538.000000
310.201072 390.400000 448.400000
311.201756 390.400000 482.000000
312.203947 390.400000 440.800000
313.204782 390.400000 762.000000
314.204892 390.400000 440.800000
315.205031 390.400000 429.600000
316.205158 390.400000 440.800000
317.205164 390.400000 407.200000
318.205522 390.400000 627.600000
319.205938 390.400000 515.600000
320.206139 390.400000 519.200000
321.206407 390.400000 508.000000
322.206494 390.400000 519.200000
323.206798 390.400000 491.200000
324.207977 390.400000 739.600000
325.208459 390.400000 496.800000
326.208811 390.400000 532.400000
327.208991 390.400000 437.200000
328.209426 390.400000 446.400000
329.209996 390.400000 496.800000
330.210193 390.400000 418.400000
331.210499 390.400000 459.600000
332.210757 390.400000 491.200000
333.211519 390.400000 541.600000
334.214090 390.400000 554.800000
335.214275 390.400000 498.800000
336.214600 390.400000 440.800000
337.214874 390.400000 519.200000
338.215515 390.400000 412.800000
339.215857 390.400000 485.600000
340.216359 390.400000 633.200000
341.216472 390.400000 457.600000
342.217427 390.400000 418.400000
343.219351 390.400000 526.800000
344.219760 390.400000 599.600000
345.220192 390.400000 519.200000
346.220291 390.400000 510.000000
347.220705 390.400000 526.800000
348.221592 390.400000 532.400000
349.221696 390.400000 566.000000
350.221714 390.400000 577.200000
351.222611 390.400000 493.200000
352.222677 390.400000 440.800000
353.222854 390.400000 446.400000
354.222929 390.400000 457.600000
355.223085 390.400000 519.200000
356.223493 390.400000 566.000000
357.223715 390.400000 502.400000
358.224187 390.400000 541.600000
359.224263 390.400000 508.000000
360.224655 390.400000 521.200000
361.224992 390.400000 672.400000
362.227274 390.400000 773.200000
363.228104 390.400000 424.000000
364.229080 390.400000 773.200000
365.229703 390.400000 666.800000
366.231235 390.400000 429.600000
367.231904 390.400000 762.000000
368.233066 390.400000 526.800000
369.233097 390.400000 474.400000
370.233359 390.400000 470.800000
371.233552 390.400000 493.200000
372.233661 390.400000 502.400000
373.233859 390.400000 420.400000
374.233922 390.400000 454.000000
375.234174 390.400000 429.600000
376.234682 390.400000 420.400000
377.234932 390.400000 470.800000
378.235273 390.400000 566.000000
379.235605 390.400000 532.400000
380.235822 390.400000 745.200000
381.237407 390.400000 498.800000
382.238065 390.400000 661.200000
383.239433 390.400000 554.800000
384.239845 390.400000 480.000000
385.240401 390.400000 493.200000
386.240486 390.400000 496.800000
387.241311 390.400000 513.600000
388.242202 390.400000 437.200000
389.242246 390.400000 407.200000
390.242529 390.400000 420.400000
391.242908 390.400000 424.000000
392.242929 390.400000 457.600000
393.243061 390.400000 577.200000
394.249496 390.400000 773.200000
395.250910 390.400000 468.800000
396.250941 390.400000 435.200000
397.251428 390.400000 666.800000
398.256601 390.400000 767.600000
399.256825 390.400000 474.400000
400.257174 390.400000 622.000000
401.258925 390.400000 496.800000
402.259725 390.400000 418.400000
403.259839 390.400000 526.800000
404.260106 390.400000 452.000000
405.260791 390.400000 504.400000
406.261358 390.400000 424.000000
407.261571 390.400000 429.600000
408.263081 390.400000 571.600000
409.266089 390.400000 536.000000
410.266967 390.400000 571.600000
411.267388 390.400000 457.600000
412.268496 390.400000 412.800000
413.268625 390.400000 418.400000
414.268651 390.400000 773.200000
415.273305 390.400000 745.200000
416.273453 390.400000 474.400000
417.273520 390.400000 521.200000
418.273886 390.400000 594.000000
419.273894 390.400000 470.800000
420.274152 390.400000 521.200000
421.274465 390.400000 424.000000
422.275222 390.400000 750.800000
423.275597 390.400000 418.400000
424.275763 390.400000 493.200000
425.275908 390.400000 412.800000
426.275942 390.400000 459.600000
427.276408 390.400000 463.200000
428.277092 390.400000 666.800000
429.277123 390.400000 448.400000
430.277922 390.400000 655.600000
431.278169 390.400000 513.600000
432.278251 390.400000 480.000000
433.278797 390.400000 519.200000
434.279042 390.400000 549.200000
435.281250 390.400000 491.200000
436.281447 390.400000 474.400000
437.282386 390.400000 401.600000
438.282746 390.400000 666.800000
439.283917 390.400000 468.800000
440.283959 390.400000 571.600000
441.286466 390.400000 543.600000
442.286954 390.400000 566.000000
443.287473 390.400000 476.400000
444.288731 390.400000 521.200000
445.288821 390.400000 524.800000
446.289304 390.400000 485.600000
447.290517 390.400000 418.400000
448.290805 390.400000 515.600000
449.291048 390.400000 424.000000
450.291178 390.400000 424.000000
451.292088 390.400000 412.800000
452.292372 390.400000 412.800000
453.292732 390.400000 519.200000
454.292740 390.400000 538.000000
455.293334 390.400000 510.000000
456.293892 390.400000 409.200000
457.294262 390.400000 459.600000
458.294583 390.400000 672.400000
459.294918 390.400000 407.200000
460.295167 390.400000 424.000000
461.295549 390.400000 543.600000
462.295585 390.400000 470.800000
463.295629 390.400000 504.400000
464.295872 390.400000 407.200000
465.296141 390.400000 554.800000
466.296391 390.400000 734.000000
467.296684 390.400000 571.600000
468.297055 390.400000 452.000000
469.304890 390.400000 767.600000
470.305711 390.400000 582.800000
471.305895 390.400000 510.000000
472.306952 390.400000 554.800000
473.307400 390.400000 440.800000
474.307984 390.400000 431.600000
475.308726 390.400000 442.800000
476.309351 390.400000 498.800000
477.309950 390.400000 485.600000
478.310123 390.400000 566.000000
479.310311 390.400000 519.200000
480.310621 390.400000 468.800000
481.311513 390.400000 424.000000
482.311650 390.400000 412.800000
483.311968 390.400000 409.200000
484.312247 390.400000 424.000000
485.312892 390.400000 463.200000
486.313189 390.400000 566.000000
487.313472 390.400000 412.800000
488.313561 390.400000 412.800000
489.314985 390.400000 414.800000
490.315595 390.400000 420.400000
491.317576 390.400000 412.800000
492.317781 390.400000 666.800000
493.318431 390.400000 554.800000
494.318817 390.400000 773.200000
495.322648 390.400000 778.800000
496.322672 390.400000 429.600000
497.323690 390.400000 474.400000
498.324414 390.400000 418.400000
499.324457 390.400000 435.200000
500.325107 390.400000 599.600000
501.325439 390.400000 474.400000
502.334450 390.400000 767.600000
503.334528 390.400000 463.200000
504.334564 390.400000 468.800000
505.334815 390.400000 582.800000
506.334834 390.400000 452.000000
507.334907 390.400000 446.400000
508.335285 390.400000 465.200000
509.335878 390.400000 491.200000
510.336270 390.400000 418.400000
511.339729 390.400000 435.200000
512.340045 390.400000 554.800000
513.342699 390.400000 599.600000
514.343952 390.400000 418.400000
515.344076 390.400000 599.600000
516.344168 390.400000 440.800000
517.344211 390.400000 426.000000
518.345253 390.400000 480.000000
519.345517 390.400000 538.000000
520.350021 390.400000 784.400000
521.350243 390.400000 549.200000
522.350642 390.400000 418.400000
523.353486 390.400000 485.600000
524.353861 390.400000 502.400000
525.353865 390.400000 424.000000
526.354145 390.400000 622.000000
527.354463 390.400000 577.200000
528.355013 390.400000 457.600000
529.355304 390.400000 491.200000
530.355473 390.400000 407.200000
531.355677 390.400000 536.000000
532.355928 390.400000 515.600000
533.356176 390.400000 504.400000
534.356430 390.400000 577.200000
535.356469 390.400000 452.000000
536.357057 390.400000 552.800000
537.358363 390.400000 543.600000
538.360750 390.400000 431.600000
539.361147 390.400000 424.000000
540.364421 390.400000 532.400000
541.364930 390.400000 493.200000
542.365236 390.400000 420.400000
543.365876 390.400000 543.600000
544.366633 390.400000 431.600000
545.374033 390.400000 778.800000
546.374225 390.400000 549.200000
547.376081 390.400000 448.400000
548.376752 390.400000 482.000000
549.378415 390.400000 666.800000
550.378872 390.400000 487.600000
551.379408 390.400000 463.200000
552.380425 390.400000 566.000000
553.380457 390.400000 424.000000
554.381103 390.400000 407.200000
555.381335 390.400000 513.600000
556.381450 390.400000 773.200000
557.383014 390.400000 773.200000
558.383502 390.400000 519.200000
559.387913 390.400000 650.000000
560.388547 390.400000 409.200000
561.388977 390.400000 566.000000
562.389816 390.400000 588.400000
563.390251 390.400000 482.000000
564.390253 390.400000 459.600000
565.391012 390.400000 468.800000
566.391160 390.400000 412.800000
567.391359 390.400000 491.200000
568.391556 390.400000 508.000000
569.391697 390.400000 420.400000
570.392622 390.400000 586.400000
571.392643 390.400000 521.200000
572.392686 390.400000 571.600000
573.393223 390.400000 588.400000
574.393374 390.400000 504.400000
575.393745 390.400000 496.800000
576.395915 390.400000 457.600000
577.396059 390.400000 538.000000
578.396680 390.400000 510.000000
579.396769 390.400000 521.200000
580.397053 390.400000 429.600000
581.398375 390.400000 390.400000
582.398950 384.800000 429.600000
583.399251 384.800000 474.400000
584.399480 384.800000 594.000000
585.400770 384.800000 412.800000
586.401305 384.800000 470.800000
587.401518 384.800000 482.000000
588.401575 384.800000 510.000000
589.401674 384.800000 465.200000
590.402087 384.800000 773.200000
591.402211 384.800000 476.400000
592.403479 384.800000 566.000000
593.404122 384.800000 420.400000
594.404466 384.800000 482.000000
595.404796 384.800000 491.200000
596.405281 384.800000 431.600000
597.405598 384.800000 672.400000
598.405742 384.800000 661.200000
599.405813 384.800000 582.800000
600.405887 384.800000 491.200000
601.405911 384.800000 452.000000
602.406156 384.800000 412.800000
603.406567 384.800000 513.600000
604.406657 384.800000 538.000000
605.408117 384.800000 414.800000
606.408425 384.800000 424.000000
607.408766 384.800000 446.400000
608.409000 384.800000 554.800000
609.409082 384.800000 476.400000
610.409271 384.800000 496.800000
611.409324 384.800000 554.800000
612.409672 384.800000 519.200000
613.410165 384.800000 491.200000
614.410187 384.800000 407.200000
615.411888 384.800000 549.200000
616.412290 384.800000 485.600000
617.412417 384.800000 412.800000
618.413194 384.800000 496.800000
619.413293 384.800000 418.400000
620.414527 384.800000 412.800000
621.415300 384.800000 414.800000
622.415851 384.800000 582.800000
623.416233 384.800000 571.600000
624.416459 384.800000 532.400000
625.416516 384.800000 661.200000
626.416747 384.800000 549.200000
627.417551 384.800000 528.800000
628.417670 384.800000 424.000000
629.418015 384.800000 446.400000
630.418137 384.800000 560.400000
631.418714 384.800000 418.400000
632.419140 384.800000 457.600000
633.419327 384.800000 519.200000
634.419602 384.800000 502.400000
635.419933 384.800000 468.800000
636.421083 384.800000 532.400000
637.422474 384.800000 485.600000
638.422983 384.800000 424.000000
639.422999 384.800000 465.200000
640.423095 384.800000 480.000000
641.423311 384.800000 418.400000
642.423454 384.800000 435.200000
643.423825 384.800000 412.800000
644.424069 384.800000 465.200000
645.424248 384.800000 558.400000
646.427180 384.800000 493.200000
647.427448 384.800000 532.400000
648.429491 384.800000 498.800000
649.430516 384.800000 496.800000
650.430519 384.800000 515.600000
651.433946 384.800000 457.600000
652.433946 384.800000 482.000000
653.435692 384.800000 678.000000
654.436274 384.800000 424.000000
655.436862 384.800000 519.200000
656.437042 384.800000 666.800000
657.437514 384.800000 521.200000
658.439335 384.800000 526.800000
659.439717 384.800000 448.400000
660.440120 384.800000 446.400000
661.440208 384.800000 409.200000
662.441892 384.800000 599.600000
663.443045 384.800000 429.600000
664.443212 384.800000 566.000000
665.443861 384.800000 536.000000
666.444363 384.800000 510.000000
667.445624 384.800000 508.000000
668.446297 384.800000 459.600000
669.446450 384.800000 526.800000
670.446457 384.800000 429.600000
671.446813 384.800000 418.400000
672.447175 384.800000 424.000000
673.447416 384.800000 560.400000
674.447464 384.800000 470.800000
675.447959 384.800000 407.200000
676.448333 384.800000 407.200000
677.448891 384.800000 560.400000
678.451069 384.800000 532.400000
679.451910 384.800000 661.200000
680.451922 384.800000 424.000000
681.452834 384.800000 487.600000
682.453240 384.800000 566.000000
683.453250 384.800000 424.000000
684.454501 384.800000 767.600000
685.454632 384.800000 496.800000
686.454743 384.800000 424.000000
687.455287 384.800000 515.600000
688.455407 384.800000 429.600000
689.455667 384.800000 491.200000
690.455834 384.800000 515.600000
691.456341 384.800000 407.200000
692.456938 384.800000 504.400000
693.456999 384.800000 487.600000
694.458130 384.800000 465.200000
695.458515 384.800000 418.400000
696.458601 384.800000 452.000000
697.459586 384.800000 491.200000
698.459993 384.800000 496.800000
699.460096 384.800000 429.600000
700.460582 384.800000 418.400000
701.461358 384.800000 465.200000
702.461534 384.800000 554.800000
703.461802 384.800000 463.200000
704.462323 384.800000 554.800000
705.462887 384.800000 502.400000
706.463216 384.800000 493.200000
707.463285 384.800000 566.000000
708.463529 384.800000 407.200000
709.463640 384.800000 457.600000
710.464560 384.800000 448.400000
711.464835 384.800000 513.600000
712.465333 384.800000 560.400000
713.465651 384.800000 661.200000
714.465883 384.800000 476.400000
715.466047 384.800000 424.000000
716.466577 384.800000 510.000000
717.468501 384.800000 521.200000
718.468837 384.800000 485.600000
719.468955 384.800000 424.000000
720.469112 384.800000 552.800000
721.469363 384.800000 519.200000
722.469448 384.800000 459.600000
723.469763 384.800000 468.800000
724.470067 384.800000 463.200000
725.470441 384.800000 515.600000
726.470582 384.800000 454.000000
727.470786 384.800000 476.400000
728.471396 384.800000 778.800000
729.471792 384.800000 485.600000
730.472968 384.800000 418.400000
731.473139 384.800000 412.800000
732.473703 384.800000 424.000000
733.474001 384.800000 435.200000
734.474226 384.800000 468.800000
735.474478 384.800000 465.200000
736.474547 384.800000 465.200000
737.476133 384.800000 543.600000
738.476982 384.800000 459.600000
739.477803 384.800000 476.400000
740.478477 384.800000 521.200000
741.478600 384.800000 465.200000
742.478712 384.800000 424.000000
743.478907 384.800000 424.000000
744.479004 384.800000 435.200000
745.479184 384.800000 493.200000
746.480513 384.800000 457.600000
747.480958 384.800000 532.400000
748.481072 384.800000 440.800000
749.481122 384.800000 463.200000
750.481187 384.800000 407.200000
751.481357 384.800000 431.600000
752.481437 384.800000 558.400000
753.483964 384.800000 745.200000
754.484031 384.800000 487.600000
755.484399 384.800000 457.600000
756.484452 384.800000 424.000000
757.485596 384.800000 762.000000
758.486169 384.800000 498.800000
759.486491 384.800000 666.800000
760.488178 384.800000 515.600000
761.492096 384.800000 457.600000
762.492205 384.800000 504.400000
763.492628 384.800000 530.400000
764.492735 384.800000 582.800000
765.492920 384.800000 459.600000
766.492983 384.800000 470.800000
767.493370 384.800000 412.800000
768.493843 384.800000 532.400000
769.494139 384.800000 482.000000
770.494717 384.800000 409.200000
771.495261 384.800000 526.800000
772.495623 384.800000 418.400000
773.495803 384.800000 429.600000
774.497174 384.800000 519.200000
775.497626 384.800000 513.600000
776.498031 384.800000 446.400000
777.499089 384.800000 493.200000
778.499563 384.800000 519.200000
779.501319 384.800000 437.200000
780.501751 384.800000 457.600000
781.502217 384.800000 513.600000
782.502600 384.800000 543.600000
783.503778 384.800000 502.400000
784.505022 384.800000 457.600000
785.505816 384.800000 661.200000
786.506111 384.800000 508.000000
787.513314 384.800000 773.200000
788.513889 384.800000 480.000000
789.513955 384.800000 426.000000
790.513974 384.800000 491.200000
791.514408 384.800000 491.200000
792.515476 384.800000 470.800000
793.515620 384.800000 566.000000
794.515627 384.800000 526.800000
795.515885 384.800000 566.000000
796.516100 384.800000 571.600000
797.516115 384.800000 661.200000
798.520238 384.800000 700.400000
799.520533 384.800000 778.800000
