0 767.6 0.019348 300 0
0 745.2 0.028857 1
0 530.4 0.039543 1
0 519.2 0.045921 1
0 515.6 0.064657 5
0 485.6 0.089493 9
0 485.6 0.244802 300 69
0 480 0.352753 69
0 435.2 0.372935 69
0 429.6 0.381387 69
0 429.6 0.521125 300 71
0 429.6 0.701339 300 71
0 429.6 0.835537 300 75
0 429.6 0.983276 300 75
0 429.6 1.13575 300 75
0 429.6 1.30659 300 75
0 429.6 1.46053 300 85
0 429.6 1.61529 300 85
0 429.6 1.77334 300 85
0 429.6 1.91938 300 85
0 401.6 2.0584 85
0 401.6 2.15728 300 85
0 401.6 2.33452 300 85
0 401.6 2.66118 300 85
0 401.6 2.92742 300 87
0 396 3.04085 87
0 396 3.13379 300 87
0 396 3.42604 300 87
0 396 3.64644 300 87
0 396 3.93547 300 87
0 396 4.21898 300 89
0 396 4.4416 300 89
0 396 4.71453 300 89
0 396 4.94179 300 89
0 396 5.27487 300 89
0 396 5.50347 300 89
0 396 5.68705 300 89
0 396 5.91396 300 89
0 396 6.18406 300 89
0 396 6.40098 300 89
0 396 6.56454 300 89
0 396 6.79711 300 89
0 396 6.98502 300 89
0 396 7.21975 300 89
0 396 7.38839 300 89
0 396 7.63526 300 89
0 396 7.89993 300 89
0 396 8.17595 300 89
0 396 8.43344 300 89
0 396 8.58143 300 89
0 396 8.72984 300 89
0 396 8.98422 300 89
0 396 9.23087 300 89
0 396 9.45917 300 89
0 396 9.67099 300 89
0 396 10.0099 300 89
0 396 10.2302 300 89
0 396 10.4792 300 89
0 396 10.7665 300 89
0 396 11.0809 300 89
0 396 11.2989 300 89
0 396 11.5888 300 89
0 396 11.8301 300 89
0 396 12.0068 300 89
0 396 12.2436 300 89
0 396 12.4333 300 89
0 396 12.7117 300 89
0 396 12.933 300 89
0 396 13.1552 300 89
0 396 13.3467 300 89
0 396 13.5242 300 89
0 396 13.7608 300 89
0 396 13.9939 300 89
0 396 14.3779 300 89
0 396 14.6363 300 89
0 396 15.0728 300 89
0 396 15.2352 300 89
0 396 15.41 300 89
0 396 15.5876 300 89
0 396 15.812 300 89
0 396 15.9796 300 89
0 396 16.1451 300 89
0 396 16.3717 300 89
0 396 16.6107 300 89
0 396 16.7812 300 89
0 396 17.0193 300 89
0 396 17.2909 300 89
0 396 17.5199 300 89
0 396 17.8088 300 89
0 396 18.1169 300 89
0 396 18.4386 300 89
0 396 18.6145 300 89
0 396 18.8629 300 89
0 396 19.1689 300 89
0 396 19.3378 300 89
0 396 19.5648 300 89
0 396 19.7356 300 89
0 396 19.9162 300 89
0 396 20.096 300 89
0 396 20.2631 300 89
0 396 20.3781 300 89
0 396 20.5959 300 89
0 396 20.8595 300 89
0 396 21.1025 300 89
0 396 21.3518 300 89
0 396 21.5848 300 89
0 396 21.8353 300 89
0 396 22.1149 300 89
0 396 22.4003 300 89
0 396 22.6124 300 89
0 396 22.8793 300 89
0 396 23.1167 300 89
0 396 23.4506 300 89
0 396 23.7915 300 89
0 396 24.0888 300 89
0 396 24.2606 300 89
0 396 24.4855 300 89
0 396 24.7985 300 89
0 396 25.2631 300 89
0 396 25.4823 300 89
0 396 25.9065 300 89
0 396 26.1463 300 89
0 396 26.4683 300 89
0 396 26.6417 300 89
0 396 26.8782 300 89
0 396 27.0855 300 89
0 396 27.3372 300 89
0 396 27.5729 300 89
0 396 27.8742 300 89
0 396 28.2321 300 89
0 396 28.4138 300 89
0 396 28.7133 300 89
0 396 29.0436 300 89
0 396 29.2672 300 89
0 396 29.611 300 89
0 396 29.7485 300 89
0 396 30.0996 300 89
0 396 30.3469 300 89
0 396 30.5634 300 89
0 396 30.9623 300 89
0 396 31.371 300 89
0 396 31.6077 300 89
0 396 31.8863 300 89
0 396 32.2903 300 89
0 396 32.5815 300 89
0 396 32.8108 300 89
0 396 33.1333 300 89
0 396 33.3633 300 89
0 396 33.6968 300 89
0 396 33.8708 300 89
0 396 34.2195 300 89
0 396 34.5162 300 89
0 396 34.8009 300 89
0 396 35.1952 300 89
0 396 35.4193 300 89
0 396 35.7426 300 89
0 396 36.0516 300 89
0 396 36.3949 300 89
0 396 36.7422 300 89
0 396 37.0918 300 89
0 396 37.32 300 89
0 396 37.4183 300 89
0 396 37.6834 300 89
0 396 37.8548 300 89
0 396 38.0412 300 89
0 396 38.2206 300 89
0 396 38.4656 300 89
0 396 38.6574 300 89
0 396 38.9017 300 89
0 396 39.1872 300 89
0 396 39.463 300 89
0 396 39.6074 300 89
0 396 39.7852 300 89
0 396 39.9039 300 89
0 396 40.0697 300 89
0 396 40.2244 300 89
0 396 40.3723 300 89
0 396 40.5148 300 89
0 396 40.7154 300 89
0 396 40.8923 300 89
0 396 40.9998 300 89
0 396 41.1437 300 89
0 396 41.2845 300 89
0 396 41.4351 300 89
0 396 41.5823 300 89
0 396 41.7916 300 89
0 396 41.95 300 89
0 396 42.1615 300 89
0 396 42.2796 300 89
0 396 42.4153 300 89
0 396 42.5596 300 89
0 396 42.7013 300 89
0 396 42.842 300 89
0 396 43.0177 300 89
0 396 43.1223 300 89
0 396 43.2625 300 89
0 396 43.5044 300 89
0 396 43.7202 300 89
0 396 43.8636 300 89
0 396 44.0972 300 89
0 396 44.2962 300 89
0 396 44.496 300 89
0 396 44.72 300 89
0 396 44.8718 300 89
0 396 45.0166 300 89
0 396 45.37 300 89
0 396 45.5894 300 89
0 396 45.7964 300 89
0 396 45.9531 300 89
0 396 46.1932 300 89
0 396 46.3487 300 89
0 396 46.5826 300 89
0 396 46.9094 300 89
0 396 47.0737 300 89
0 396 47.335 300 89
0 396 47.5233 300 89
0 396 47.6618 300 89
0 396 47.8206 300 89
0 396 48.0245 300 89
0 396 48.2339 300 89
0 396 48.3978 300 89
0 396 48.605 300 89
0 396 48.8384 300 89
0 396 48.946 300 89
0 396 49.1541 300 89
0 396 49.3132 300 89
0 396 49.4638 300 89
0 396 49.5769 300 89
0 396 49.6854 300 89
0 396 49.8278 300 89
0 396 49.9656 300 89
0 396 50.1398 300 89
0 396 50.3118 300 89
0 396 50.4908 300 89
0 396 50.6338 300 89
0 396 50.7348 300 89
0 396 50.906 300 89
0 396 51.058 300 89
0 396 51.1741 300 89
0 396 51.3422 300 89
0 396 51.5189 300 89
0 396 51.6333 300 89
0 396 51.8223 300 89
0 396 52.0623 300 89
0 396 52.3408 300 89
0 396 52.5403 300 89
0 396 52.8305 300 89
0 396 53.0081 300 89
0 396 53.252 300 89
0 396 53.5698 300 89
0 396 53.8818 300 89
0 396 54.0992 300 89
0 396 54.3817 300 89
0 396 54.6313 300 89
0 396 54.9365 300 89
0 396 55.2393 300 89
0 396 55.5517 300 89
0 396 55.713 300 89
0 396 55.874 300 89
0 396 56.0678 300 89
0 396 56.1722 300 89
0 396 56.3166 300 89
0 396 56.4694 300 89
0 396 56.6501 300 89
0 396 56.8306 300 89
0 396 56.9691 300 89
0 396 57.1682 300 89
0 396 57.2848 300 89
0 396 57.4019 300 89
0 396 57.6184 300 89
0 396 57.7606 300 89
0 396 57.9227 300 89
0 396 58.0851 300 89
0 396 58.3346 300 89
0 396 58.5241 300 89
0 396 58.7612 300 89
0 396 58.9327 300 89
0 396 59.1453 300 89
0 396 59.3613 300 89
0 396 59.5997 300 89
0 396 59.8163 300 89
0 396 60.1202 300 89
0 396 60.2698 300 89
0 396 60.4614 300 89
0 396 60.6692 300 89
0 396 60.8298 300 89
0 396 61.1193 300 89
0 396 61.3233 300 89
0 396 61.6648 300 89
0 396 61.893 300 89
0 396 62.1115 300 89
0 396 62.287 300 89
0 396 62.5389 300 89
0 396 62.7443 300 89
0 396 62.97 300 89
0 396 63.2901 300 89
0 396 63.5531 300 89
0 396 63.7856 300 89
0 396 64.0416 300 89
0 396 64.3218 300 89
0 396 64.5509 300 89
0 396 64.7106 300 89
0 396 64.982 300 89
0 396 65.2177 300 89
0 396 65.5488 300 89
0 396 65.7919 300 89
0 396 66.0777 300 89
0 396 66.2944 300 89
0 396 66.4639 300 89
0 396 66.6387 300 89
0 396 66.8993 300 89
0 396 67.2112 300 89
0 396 67.4969 300 89
0 396 67.7776 300 89
0 396 68.0286 300 89
0 396 68.2633 300 89
0 396 68.4708 300 89
0 396 68.7718 300 89
0 396 69.0829 300 89
0 396 69.2496 300 89
0 396 69.5328 300 89
0 396 69.9336 300 89
0 396 70.1744 300 89
0 396 70.4506 300 89
0 396 70.6117 300 89
0 396 70.8396 300 89
0 396 71.1366 300 89
0 396 71.3099 300 89
0 396 71.5651 300 89
0 396 71.8328 300 89
0 396 72.0383 300 89
0 396 72.2824 300 89
0 396 72.4577 300 89
0 396 72.6684 300 89
0 396 72.8366 300 89
0 396 72.9965 300 89
0 396 73.3223 300 89
0 396 73.5381 300 89
0 396 73.7528 300 89
0 396 73.9641 300 89
0 396 74.2876 300 89
0 396 74.6422 300 89
0 396 74.9249 300 89
0 396 75.1257 300 89
0 396 75.4146 300 89
0 396 75.6868 300 89
0 396 75.9265 300 89
0 396 76.2024 300 89
0 396 76.3632 300 89
0 396 76.573 300 89
0 396 76.8108 300 89
0 396 76.9893 300 89
0 396 77.2206 300 89
0 396 77.4301 300 89
0 396 77.6859 300 89
0 396 77.918 300 89
0 396 78.12 300 89
0 396 78.364 300 89
0 396 78.5676 300 89
0 396 78.8924 300 89
0 396 79.1115 300 89
0 396 79.3268 300 89
0 396 79.4885 300 89
0 396 79.6404 300 89
0 396 79.9165 300 89
0 396 80.0749 300 89
0 396 80.2509 300 89
0 396 80.51 300 89
0 396 80.6702 300 89
0 396 80.9537 300 89
0 396 81.1319 300 89
0 396 81.4415 300 89
0 396 81.616 300 89
0 396 81.8367 300 89
0 396 82.061 300 89
0 396 82.3166 300 89
0 396 82.4888 300 89
0 396 82.7521 300 89
0 396 83.058 300 89
0 396 83.2723 300 89
0 396 83.494 300 89
0 396 83.6492 300 89
0 396 83.9833 300 89
0 396 84.2228 300 89
0 396 84.4101 300 89
0 396 84.6925 300 89
0 396 84.9134 300 89
0 396 85.0732 300 89
0 396 85.2311 300 89
0 396 85.3892 300 89
0 396 85.6125 300 89
0 396 85.8918 300 89
0 396 86.2709 300 89
0 396 86.4689 300 89
0 396 86.7443 300 89
0 396 86.9949 300 89
0 396 87.3028 300 89
0 396 87.5542 300 89
0 396 87.8123 300 89
0 396 88.0303 300 89
0 396 88.1899 300 89
0 396 88.6185 300 89
0 396 88.8832 300 89
0 396 89.0642 300 89
0 396 89.2672 300 89
0 396 89.4793 300 89
0 396 89.6908 300 89
0 396 89.9138 300 89
0 396 90.1976 300 89
0 396 90.5856 300 89
0 396 90.7765 300 89
0 396 90.9926 300 89
0 396 91.1598 300 89
0 396 91.3849 300 89
0 396 91.5919 300 89
0 396 91.7955 300 89
0 396 91.9368 300 89
0 396 92.0888 300 89
0 396 92.3251 300 89
0 396 92.543 300 89
0 396 92.7135 300 89
0 396 93.0528 300 89
0 396 93.2761 300 89
0 396 93.5214 300 89
0 396 93.851 300 89
0 396 94.0045 300 89
0 396 94.2754 300 89
0 396 94.4403 300 89
0 396 94.6019 300 89
0 396 94.7621 300 89
0 396 94.906 300 89
0 396 95.117 300 89
0 396 95.3819 300 89
0 396 95.6452 300 89
0 396 96.0216 300 89
0 396 96.2849 300 89
0 396 96.4511 300 89
0 396 96.6667 300 89
0 396 96.8741 300 89
0 396 97.1072 300 89
0 396 97.416 300 89
0 396 97.5807 300 89
0 396 97.7889 300 89
0 396 98.0763 300 89
0 396 98.3506 300 89
0 396 98.5032 300 89
0 396 98.7585 300 89
0 396 98.9644 300 89
0 396 99.1216 300 89
0 396 99.2714 300 89
0 396 99.439 300 89
0 396 99.6956 300 89
0 396 99.8894 300 89
0 396 100.096 300 89
0 396 100.41 300 89
0 396 100.617 300 89
0 396 100.902 300 89
0 396 101.058 300 89
0 396 101.334 300 89
0 396 101.495 300 89
0 396 101.649 300 89
0 396 101.863 300 89
0 396 102.079 300 89
0 396 102.305 300 89
0 396 102.562 300 89
0 396 102.818 300 89
0 396 103.015 300 89
0 396 103.214 300 89
0 396 103.423 300 89
0 396 103.649 300 89
0 396 103.91 300 89
0 396 104.107 300 89
0 396 104.292 300 89
0 396 104.485 300 89
0 396 104.689 300 89
0 396 104.878 300 89
0 396 105.132 300 89
0 396 105.367 300 89
0 396 105.681 300 89
0 396 106.002 300 89
0 396 106.22 300 89
0 396 106.459 300 89
0 396 106.665 300 89
0 396 106.865 300 89
0 396 107.075 300 89
0 396 107.286 300 89
0 396 107.464 300 89
0 396 107.662 300 89
0 396 107.811 300 89
0 396 107.949 300 89
0 396 108.045 300 89
0 396 108.248 300 89
0 396 108.426 300 89
0 396 108.634 300 89
0 396 108.865 300 89
0 396 109.017 300 89
0 396 109.183 300 89
0 396 109.33 300 89
0 396 109.572 300 89
0 396 109.762 300 89
0 396 110.121 300 89
0 396 110.283 300 89
0 396 110.447 300 89
0 396 110.657 300 89
0 396 110.796 300 89
0 396 110.99 300 89
0 396 111.143 300 89
0 396 111.364 300 89
0 396 111.617 300 89
0 396 111.79 300 89
0 396 112.043 300 89
0 396 112.204 300 89
0 396 112.603 300 89
0 396 112.8 300 89
0 396 113.07 300 89
0 396 113.325 300 89
0 396 113.491 300 89
0 396 113.661 300 89
0 396 113.844 300 89
0 396 114.26 300 89
0 396 114.632 300 89
0 396 114.81 300 89
0 396 115.065 300 89
0 396 115.316 300 89
0 396 115.609 300 89
0 396 115.775 300 89
0 396 115.999 300 89
0 396 116.292 300 89
0 396 116.44 300 89
0 396 116.719 300 89
0 396 116.871 300 89
0 396 117.021 300 89
0 396 117.168 300 89
0 396 117.363 300 89
0 396 117.474 300 89
0 396 117.653 300 89
0 396 117.803 300 89
0 396 117.984 300 89
0 396 118.196 300 89
0 396 118.333 300 89
0 396 118.522 300 89
0 396 118.675 300 89
0 396 118.885 300 89
0 396 119.031 300 89
0 396 119.275 300 89
0 396 119.473 300 89
0 396 119.617 300 89
0 396 119.934 300 89
0 396 120.255 300 89
0 396 120.419 300 89
0 396 120.684 300 89
0 396 120.906 300 89
0 396 121.118 300 89
0 396 121.456 300 89
0 396 121.638 300 89
0 396 121.855 300 89
0 396 122.148 300 89
0 396 122.313 300 89
0 396 122.548 300 89
0 396 122.792 300 89
0 396 122.945 300 89
0 396 123.096 300 89
0 396 123.326 300 89
0 396 123.486 300 89
0 396 123.708 300 89
0 396 123.986 300 89
0 396 124.288 300 89
0 396 124.448 300 89
0 396 124.607 300 89
0 396 124.813 300 89
0 396 125.002 300 89
0 396 125.282 300 89
0 396 125.593 300 89
0 396 125.793 300 89
0 396 126.017 300 89
0 396 126.289 300 89
0 396 126.436 300 89
0 396 126.622 300 89
0 396 126.912 300 89
0 396 127.106 300 89
0 396 127.322 300 89
0 396 127.604 300 89
0 396 127.908 300 89
0 396 128.068 300 89
0 396 128.26 300 89
0 396 128.483 300 89
0 396 128.629 300 89
0 396 128.912 300 89
0 396 129.128 300 89
0 396 129.474 300 89
0 396 129.733 300 89
0 396 129.982 300 89
0 396 130.293 300 89
0 396 130.497 300 89
0 396 130.735 300 89
0 396 130.942 300 89
0 396 131.191 300 89
0 390.4 131.365 89
0 390.4 131.471 300 89
0 390.4 131.669 300 89
0 390.4 131.888 300 89
0 390.4 132.158 300 89
0 390.4 132.3 300 89
0 390.4 132.529 300 89
0 390.4 132.734 300 89
0 390.4 132.942 300 89
0 390.4 133.209 300 89
0 390.4 133.41 300 89
0 390.4 133.698 300 89
0 390.4 133.869 300 89
0 390.4 134.055 300 89
0 390.4 134.294 300 89
0 390.4 134.482 300 89
0 390.4 134.638 300 89
0 390.4 134.845 300 89
0 390.4 135.066 300 89
0 390.4 135.245 300 89
0 390.4 135.391 300 89
0 390.4 135.543 300 89
0 390.4 135.704 300 89
0 390.4 135.881 300 89
0 390.4 136.134 300 89
0 390.4 136.379 300 89
0 390.4 136.522 300 89
0 390.4 136.687 300 89
0 390.4 136.85 300 89
0 390.4 137.054 300 89
0 390.4 137.262 300 89
0 390.4 137.469 300 89
0 390.4 137.672 300 89
0 390.4 137.903 300 89
0 390.4 138.13 300 89
0 390.4 138.37 300 89
0 390.4 138.564 300 89
0 390.4 138.739 300 89
0 390.4 138.907 300 89
0 390.4 139.135 300 89
0 390.4 139.361 300 89
0 390.4 139.632 300 89
0 390.4 139.886 300 89
0 390.4 140.142 300 89
0 390.4 140.388 300 89
0 390.4 140.53 300 89
0 390.4 140.78 300 89
0 390.4 140.968 300 89
0 390.4 141.266 300 89
0 390.4 141.416 300 89
0 390.4 141.673 300 89
0 390.4 141.958 300 89
0 390.4 142.223 300 89
0 390.4 142.474 300 89
0 390.4 142.646 300 89
0 390.4 142.904 300 89
0 390.4 143.094 300 89
0 390.4 143.201 300 89
0 390.4 143.341 300 89
0 390.4 143.499 300 89
0 390.4 143.75 300 89
0 390.4 143.895 300 89
0 390.4 144.031 300 89
0 390.4 144.203 300 89
0 390.4 144.35 300 89
0 390.4 144.469 300 89
0 390.4 144.608 300 89
0 390.4 144.748 300 89
0 390.4 144.93 300 89
0 390.4 145.083 300 89
0 390.4 145.303 300 89
0 390.4 145.433 300 89
0 390.4 145.559 300 89
0 390.4 145.709 300 89
0 390.4 145.86 300 89
0 390.4 146.047 300 89
0 390.4 146.188 300 89
0 390.4 146.396 300 89
0 390.4 146.503 300 89
0 390.4 146.673 300 89
0 390.4 146.85 300 89
0 390.4 146.966 300 89
0 390.4 147.083 300 89
0 390.4 147.241 300 89
0 390.4 147.383 300 89
0 390.4 147.53 300 89
0 390.4 147.625 300 89
0 390.4 147.844 300 89
0 390.4 147.991 300 89
0 390.4 148.091 300 89
0 390.4 148.307 300 89
0 390.4 148.511 300 89
0 390.4 148.619 300 89
0 390.4 148.723 300 89
0 390.4 148.878 300 89
0 390.4 149.007 300 89
0 390.4 149.121 300 89
0 390.4 149.279 300 89
0 390.4 149.425 300 89
0 390.4 149.627 300 89
0 390.4 149.799 300 89
0 390.4 149.944 300 89
0 390.4 150.167 300 89
0 390.4 150.272 300 89
0 390.4 150.419 300 89
0 390.4 150.569 300 89
0 390.4 150.751 300 89
0 390.4 150.892 300 89
0 390.4 151.045 300 89
0 390.4 151.147 300 89
0 390.4 151.333 300 89
0 390.4 151.451 300 89
0 390.4 151.567 300 89
0 390.4 151.748 300 89
0 390.4 151.887 300 89
0 390.4 152.013 300 89
0 390.4 152.185 300 89
0 390.4 152.376 300 89
0 390.4 152.582 300 89
0 390.4 152.771 300 89
0 390.4 152.93 300 89
0 390.4 153.111 300 89
0 390.4 153.257 300 89
0 390.4 153.443 300 89
0 390.4 153.629 300 89
0 390.4 153.751 300 89
0 390.4 153.936 300 89
0 390.4 154.062 300 89
0 390.4 154.171 300 89
0 390.4 154.314 300 89
0 390.4 154.465 300 89
0 390.4 154.635 300 89
0 390.4 154.777 300 89
0 390.4 154.948 300 89
0 390.4 155.057 300 89
0 390.4 155.291 300 89
0 390.4 155.492 300 89
0 390.4 155.722 300 89
0 390.4 156.067 300 89
0 390.4 156.374 300 89
0 390.4 156.592 300 89
0 390.4 156.867 300 89
0 390.4 157.132 300 89
0 390.4 157.448 300 89
0 390.4 157.7 300 89
0 390.4 157.953 300 89
0 390.4 158.162 300 89
0 390.4 158.328 300 89
0 390.4 158.535 300 89
0 390.4 158.737 300 89
0 390.4 159.04 300 89
0 390.4 159.303 300 89
0 390.4 159.506 300 89
0 390.4 159.817 300 89
0 390.4 160.029 300 89
0 390.4 160.178 300 89
0 390.4 160.332 300 89
0 390.4 160.649 300 89
0 390.4 160.808 300 89
0 390.4 161.174 300 89
0 390.4 161.385 300 89
0 390.4 161.712 300 89
0 390.4 161.926 300 89
0 390.4 162.184 300 89
0 390.4 162.497 300 89
0 390.4 162.746 300 89
0 390.4 162.902 300 89
0 390.4 163.148 300 89
0 390.4 163.428 300 89
0 390.4 163.715 300 89
0 390.4 163.93 300 89
0 390.4 164.188 300 89
0 390.4 164.349 300 89
0 390.4 164.603 300 89
0 390.4 164.828 300 89
0 390.4 165.029 300 89
0 390.4 165.248 300 89
0 390.4 165.448 300 89
0 390.4 165.665 300 89
0 390.4 165.832 300 89
0 390.4 165.978 300 89
0 390.4 166.122 300 89
0 390.4 166.323 300 89
0 390.4 166.52 300 89
0 390.4 166.672 300 89
0 390.4 166.831 300 89
0 390.4 167.029 300 89
0 390.4 167.24 300 89
0 390.4 167.385 300 89
0 390.4 167.7 300 89
0 390.4 167.897 300 89
0 390.4 168.101 300 89
0 390.4 168.299 300 89
0 390.4 168.481 300 89
0 390.4 168.64 300 89
0 390.4 168.803 300 89
0 390.4 169.049 300 89
0 390.4 169.31 300 89
0 390.4 169.599 300 89
0 390.4 169.83 300 89
0 390.4 170.034 300 89
0 390.4 170.243 300 89
0 390.4 170.539 300 89
0 390.4 170.746 300 89
0 390.4 170.955 300 89
0 390.4 171.166 300 89
0 390.4 171.386 300 89
0 390.4 171.685 300 89
0 390.4 171.848 300 89
0 390.4 172.143 300 89
0 390.4 172.37 300 89
0 390.4 172.577 300 89
0 390.4 172.741 300 89
0 390.4 172.889 300 89
0 390.4 173.231 300 89
0 390.4 173.478 300 89
0 390.4 173.624 300 89
0 390.4 173.827 300 89
0 390.4 173.983 300 89
0 390.4 174.233 300 89
0 390.4 174.483 300 89
0 390.4 174.71 300 89
0 390.4 174.958 300 89
0 390.4 175.164 300 89
0 390.4 175.432 300 89
0 390.4 175.634 300 89
0 390.4 175.93 300 89
0 390.4 176.188 300 89
0 390.4 176.437 300 89
0 390.4 176.725 300 89
0 390.4 176.955 300 89
0 390.4 177.211 300 89
0 390.4 177.562 300 89
0 390.4 177.86 300 89
0 390.4 178.146 300 89
0 390.4 178.363 300 89
0 390.4 178.635 300 89
0 390.4 178.95 300 89
0 390.4 179.12 300 89
0 390.4 179.384 300 89
0 390.4 179.646 300 89
0 390.4 179.848 300 89
0 390.4 180.139 300 89
0 390.4 180.346 300 89
0 390.4 180.577 300 89
0 390.4 180.841 300 89
0 390.4 181.172 300 89
0 390.4 181.336 300 89
0 390.4 181.494 300 89
0 390.4 181.842 300 89
0 390.4 182.146 300 89
0 390.4 182.446 300 89
0 390.4 182.598 300 89
0 390.4 182.827 300 89
0 390.4 183.032 300 89
0 390.4 183.31 300 89
0 390.4 183.668 300 89
0 390.4 183.918 300 89
0 390.4 184.064 300 89
0 390.4 184.284 300 89
0 390.4 184.487 300 89
0 390.4 184.683 300 89
0 390.4 184.982 300 89
0 390.4 185.175 300 89
0 390.4 185.352 300 89
0 390.4 185.687 300 89
0 390.4 185.833 300 89
0 390.4 186.128 300 89
0 390.4 186.319 300 89
0 390.4 186.539 300 89
0 390.4 186.785 300 89
0 390.4 187.021 300 89
0 390.4 187.243 300 89
0 390.4 187.532 300 89
0 390.4 187.836 300 89
0 390.4 188.079 300 89
0 390.4 188.243 300 89
0 390.4 188.459 300 89
0 390.4 188.737 300 89
0 390.4 188.984 300 89
0 390.4 189.204 300 89
0 390.4 189.441 300 89
0 390.4 189.695 300 89
0 390.4 189.933 300 89
0 390.4 190.22 300 89
0 390.4 190.519 300 89
0 390.4 190.723 300 89
0 390.4 190.928 300 89
0 390.4 191.195 300 89
0 390.4 191.317 300 89
0 390.4 191.486 300 89
0 390.4 191.658 300 89
0 390.4 191.861 300 89
0 390.4 192.135 300 89
0 390.4 192.444 300 89
0 390.4 192.674 300 89
0 390.4 193.035 300 89
0 390.4 193.325 300 89
0 390.4 193.501 300 89
0 390.4 193.725 300 89
0 390.4 193.902 300 89
0 390.4 194.1 300 89
0 390.4 194.277 300 89
0 390.4 194.455 300 89
0 390.4 194.709 300 89
0 390.4 194.863 300 89
0 390.4 195.083 300 89
0 390.4 195.29 300 89
0 390.4 195.519 300 89
0 390.4 195.739 300 89
0 390.4 196.074 300 89
0 390.4 196.303 300 89
0 390.4 196.466 300 89
0 390.4 196.814 300 89
0 390.4 197.05 300 89
0 390.4 197.32 300 89
0 390.4 197.538 300 89
0 390.4 197.726 300 89
0 390.4 198.031 300 89
0 390.4 198.24 300 89
0 390.4 198.412 300 89
0 390.4 198.741 300 89
0 390.4 198.89 300 89
0 390.4 199.093 300 89
0 390.4 199.247 300 89
0 390.4 199.478 300 89
0 390.4 199.698 300 89
0 390.4 199.972 300 89
0 390.4 200.284 300 89
0 390.4 200.611 300 89
0 390.4 200.916 300 89
0 390.4 201.144 300 89
0 390.4 201.31 300 89
0 390.4 201.462 300 89
0 390.4 201.728 300 89
0 390.4 202.062 300 89
0 390.4 202.219 300 89
0 390.4 202.453 300 89
0 390.4 202.795 300 89
0 390.4 203.029 300 89
0 390.4 203.255 300 89
0 390.4 203.517 300 89
0 390.4 203.694 300 89
0 390.4 203.885 300 89
0 390.4 204.156 300 89
0 390.4 204.351 300 89
0 390.4 204.536 300 89
0 390.4 204.727 300 89
0 390.4 205.037 300 89
0 390.4 205.258 300 89
0 390.4 205.487 300 89
0 390.4 205.711 300 89
0 390.4 205.907 300 89
0 390.4 206.113 300 89
0 390.4 206.349 300 89
0 390.4 206.491 300 89
0 390.4 206.892 300 89
0 390.4 207.109 300 89
0 390.4 207.323 300 89
0 390.4 207.587 300 89
0 390.4 207.822 300 89
0 390.4 208.031 300 89
0 390.4 208.284 300 89
0 390.4 208.549 300 89
0 390.4 208.711 300 89
0 390.4 208.931 300 89
0 390.4 209.146 300 89
0 390.4 209.297 300 89
0 390.4 209.47 300 89
0 390.4 209.687 300 89
0 390.4 209.911 300 89
0 390.4 210.271 300 89
0 390.4 210.464 300 89
0 390.4 210.726 300 89
0 390.4 211.043 300 89
0 390.4 211.3 300 89
0 390.4 211.449 300 89
0 390.4 211.612 300 89
0 390.4 211.755 300 89
0 390.4 211.952 300 89
0 390.4 212.11 300 89
0 390.4 212.232 300 89
0 390.4 212.362 300 89
0 390.4 212.528 300 89
0 390.4 212.715 300 89
0 390.4 212.843 300 89
0 390.4 213.007 300 89
0 390.4 213.163 300 89
0 390.4 213.382 300 89
0 390.4 213.57 300 89
0 390.4 213.807 300 89
0 390.4 213.943 300 89
0 390.4 214.099 300 89
0 390.4 214.301 300 89
0 390.4 214.623 300 89
0 390.4 214.816 300 89
0 390.4 215.023 300 89
0 390.4 215.36 300 89
0 390.4 215.749 300 89
0 390.4 216.076 300 89
0 390.4 216.376 300 89
0 390.4 216.533 300 89
0 390.4 216.799 300 89
0 390.4 217.128 300 89
0 390.4 217.461 300 89
0 390.4 217.718 300 89
0 390.4 217.906 300 89
0 390.4 218.074 300 89
0 390.4 218.292 300 89
0 390.4 218.497 300 89
0 390.4 218.751 300 89
0 390.4 219.093 300 89
0 390.4 219.293 300 89
0 390.4 219.409 300 89
0 390.4 219.626 300 89
0 390.4 219.809 300 89
0 390.4 220.032 300 89
0 390.4 220.228 300 89
0 390.4 220.502 300 89
0 390.4 220.74 300 89
0 390.4 220.851 300 89
0 390.4 221.027 300 89
0 390.4 221.255 300 89
0 390.4 221.472 300 89
0 390.4 221.73 300 89
0 390.4 221.861 300 89
0 390.4 221.986 300 89
0 390.4 222.096 300 89
0 390.4 222.217 300 89
0 390.4 222.411 300 89
0 390.4 222.521 300 89
0 390.4 222.677 300 89
0 390.4 222.821 300 89
0 390.4 223.04 300 89
0 390.4 223.236 300 89
0 390.4 223.338 300 89
0 390.4 223.515 300 89
0 390.4 223.832 300 89
0 390.4 224.057 300 89
0 390.4 224.335 300 89
0 390.4 224.489 300 89
0 390.4 224.704 300 89
0 390.4 224.864 300 89
0 390.4 225.204 300 89
0 390.4 225.486 300 89
0 390.4 225.7 300 89
0 390.4 225.902 300 89
0 390.4 226.057 300 89
0 390.4 226.289 300 89
0 390.4 226.532 300 89
0 390.4 226.756 300 89
0 390.4 226.922 300 89
0 390.4 227.141 300 89
0 390.4 227.407 300 89
0 390.4 227.694 300 89
0 390.4 227.932 300 89
0 390.4 228.128 300 89
0 390.4 228.349 300 89
0 390.4 228.574 300 89
0 390.4 228.75 300 89
0 390.4 228.931 300 89
0 390.4 229.11 300 89
0 390.4 229.228 300 89
0 390.4 229.341 300 89
0 390.4 229.529 300 89
0 390.4 229.652 300 89
0 390.4 229.842 300 89
0 390.4 230.009 300 89
0 390.4 230.211 300 89
0 390.4 230.376 300 89
0 390.4 230.554 300 89
0 390.4 230.827 300 89
0 390.4 231.081 300 89
0 390.4 231.371 300 89
0 390.4 231.643 300 89
0 390.4 231.915 300 89
0 390.4 232.103 300 89
0 390.4 232.336 300 89
0 390.4 232.498 300 89
0 390.4 232.666 300 89
0 390.4 232.926 300 89
0 390.4 233.248 300 89
0 390.4 233.545 300 89
0 390.4 233.778 300 89
0 390.4 234.015 300 89
0 390.4 234.225 300 89
0 390.4 234.436 300 89
0 390.4 234.709 300 89
0 390.4 234.921 300 89
0 390.4 235.159 300 89
0 390.4 235.388 300 89
0 390.4 235.611 300 89
0 390.4 235.843 300 89
0 390.4 236.051 300 89
0 390.4 236.271 300 89
0 390.4 236.431 300 89
0 390.4 236.704 300 89
0 390.4 236.916 300 89
0 390.4 237.082 300 89
0 390.4 237.346 300 89
0 390.4 237.566 300 89
0 390.4 237.967 300 89
0 390.4 238.12 300 89
0 390.4 238.333 300 89
0 390.4 238.611 300 89
0 390.4 238.846 300 89
0 390.4 239.121 300 89
0 390.4 239.347 300 89
0 390.4 239.572 300 89
0 390.4 239.816 300 89
0 390.4 240.192 300 89
0 390.4 240.329 300 89
0 390.4 240.593 300 89
0 390.4 240.844 300 89
0 390.4 240.998 300 89
0 390.4 241.297 300 89
0 390.4 241.557 300 89
0 390.4 241.938 300 89
0 390.4 242.257 300 89
0 390.4 242.42 300 89
0 390.4 242.573 300 89
0 390.4 242.697 300 89
0 390.4 242.899 300 89
0 390.4 243.075 300 89
0 390.4 243.19 300 89
0 390.4 243.376 300 89
0 390.4 243.535 300 89
0 390.4 243.764 300 89
0 390.4 243.917 300 89
0 390.4 244.082 300 89
0 390.4 244.242 300 89
0 390.4 244.406 300 89
0 390.4 244.64 300 89
0 390.4 244.755 300 89
0 390.4 244.928 300 89
0 390.4 245.05 300 89
0 390.4 245.257 300 89
0 390.4 245.659 300 89
0 390.4 245.91 300 89
0 390.4 246.148 300 89
0 390.4 246.497 300 89
0 390.4 246.96 300 89
0 390.4 247.367 300 89
0 390.4 247.792 300 89
0 390.4 248.192 300 89
0 390.4 248.664 300 89
0 390.4 249.026 300 89
0 390.4 249.681 300 89
0 390.4 250.269 300 89
0 390.4 251.041 300 89
0 390.4 251.635 300 89
0 390.4 252.054 300 89
0 390.4 252.56 300 89
0 390.4 253.022 300 89
0 390.4 253.478 300 89
0 390.4 254.022 300 89
0 390.4 254.643 300 89
0 390.4 255.001 300 89
0 390.4 255.491 300 89
0 390.4 255.942 300 89
0 390.4 256.348 300 89
0 390.4 256.789 300 89
0 390.4 257.226 300 89
0 390.4 257.83 300 89
0 390.4 258.343 300 89
0 390.4 258.802 300 89
0 390.4 259.377 300 89
0 390.4 259.75 300 89
0 390.4 260.41 300 89
0 390.4 260.758 300 89
0 390.4 261.335 300 89
0 390.4 261.817 300 89
0 390.4 262.235 300 89
0 390.4 262.682 300 89
0 390.4 263.079 300 89
0 390.4 263.412 300 89
0 390.4 263.799 300 89
0 390.4 264.349 300 89
0 390.4 264.819 300 89
0 390.4 265.464 300 89
0 390.4 265.924 300 89
0 390.4 266.316 300 89
0 390.4 266.867 300 89
0 390.4 267.192 300 89
0 390.4 267.323 300 89
0 390.4 267.487 300 89
0 390.4 267.615 300 89
0 390.4 267.745 300 89
0 390.4 267.885 300 89
0 390.4 268.015 300 89
0 390.4 268.257 300 89
0 390.4 268.5 300 89
0 390.4 268.667 300 89
0 390.4 268.805 300 89
0 390.4 268.973 300 89
0 390.4 269.163 300 89
0 390.4 269.33 300 89
0 390.4 269.663 300 89
0 390.4 269.897 300 89
0 390.4 270.506 300 89
0 390.4 270.794 300 89
0 390.4 270.955 300 89
0 390.4 271.39 300 89
0 390.4 271.723 300 89
0 390.4 271.948 300 89
0 390.4 272.215 300 89
0 390.4 272.407 300 89
0 390.4 272.715 300 89
0 390.4 273.011 300 89
0 390.4 273.263 300 89
0 390.4 273.495 300 89
0 390.4 273.787 300 89
0 390.4 274.057 300 89
0 390.4 274.332 300 89
0 390.4 274.588 300 89
0 390.4 274.808 300 89
0 390.4 274.981 300 89
0 390.4 275.211 300 89
0 390.4 275.51 300 89
0 390.4 275.741 300 89
0 390.4 275.982 300 89
0 390.4 276.235 300 89
0 390.4 276.502 300 89
0 390.4 276.772 300 89
0 390.4 276.999 300 89
0 390.4 277.222 300 89
0 390.4 277.51 300 89
0 390.4 277.792 300 89
0 390.4 278.016 300 89
0 390.4 278.319 300 89
0 390.4 278.565 300 89
0 390.4 278.834 300 89
0 390.4 279.174 300 89
0 390.4 279.407 300 89
0 390.4 279.609 300 89
0 390.4 279.887 300 89
0 390.4 280.102 300 89
0 390.4 280.314 300 89
0 390.4 280.636 300 89
0 390.4 280.864 300 89
0 390.4 281.013 300 89
0 390.4 281.187 300 89
0 390.4 281.353 300 89
0 390.4 281.629 300 89
0 390.4 281.897 300 89
0 390.4 282.23 300 89
0 390.4 282.451 300 89
0 390.4 282.74 300 89
0 390.4 283.028 300 89
0 390.4 283.284 300 89
0 390.4 283.497 300 89
0 390.4 283.692 300 89
0 390.4 283.884 300 89
0 390.4 284.091 300 89
0 390.4 284.292 300 89
0 390.4 284.579 300 89
0 390.4 284.751 300 89
0 390.4 285.003 300 89
0 390.4 285.229 300 89
0 390.4 285.67 300 89
0 390.4 285.884 300 89
0 390.4 286.177 300 89
0 390.4 286.41 300 89
0 390.4 286.6 300 89
0 390.4 286.925 300 89
0 390.4 287.16 300 89
0 390.4 287.438 300 89
0 390.4 287.717 300 89
0 390.4 287.936 300 89
0 390.4 288.159 300 89
0 390.4 288.339 300 89
0 390.4 288.564 300 89
0 390.4 288.796 300 89
0 390.4 289.163 300 89
0 390.4 289.407 300 89
0 390.4 289.762 300 89
0 390.4 290.012 300 89
0 390.4 290.269 300 89
0 390.4 290.508 300 89
0 390.4 290.762 300 89
0 390.4 290.938 300 89
0 390.4 291.13 300 89
0 390.4 291.355 300 89
0 390.4 291.556 300 89
0 390.4 291.803 300 89
0 390.4 292.068 300 89
0 390.4 292.316 300 89
0 390.4 292.6 300 89
0 390.4 292.935 300 89
0 390.4 293.181 300 89
0 390.4 293.332 300 89
0 390.4 293.559 300 89
0 390.4 293.724 300 89
0 390.4 293.883 300 89
0 390.4 294.156 300 89
0 390.4 294.521 300 89
0 390.4 294.883 300 89
0 390.4 295.061 300 89
0 390.4 295.277 300 89
0 390.4 295.469 300 89
0 390.4 295.629 300 89
0 390.4 296.107 300 89
0 390.4 296.361 300 89
0 390.4 296.662 300 89
0 390.4 296.882 300 89
0 390.4 297.095 300 89
0 390.4 297.336 300 89
0 390.4 297.652 300 89
0 390.4 297.967 300 89
0 390.4 298.234 300 89
0 390.4 298.46 300 89
0 390.4 298.623 300 89
0 390.4 298.918 300 89
0 390.4 299.09 300 89
0 390.4 299.26 300 89
0 390.4 299.457 300 89
0 390.4 299.854 300 89
0 390.4 300.08 300 89
0 390.4 300.327 300 89
0 390.4 300.613 300 89
0 390.4 300.968 300 89
0 390.4 301.283 300 89
0 390.4 301.516 300 89
0 390.4 301.779 300 89
0 390.4 301.988 300 89
0 390.4 302.256 300 89
0 390.4 302.472 300 89
0 390.4 302.678 300 89
0 390.4 302.89 300 89
0 390.4 303.13 300 89
0 390.4 303.435 300 89
0 390.4 303.725 300 89
0 390.4 304.074 300 89
0 390.4 304.229 300 89
0 390.4 304.446 300 89
0 390.4 304.705 300 89
0 390.4 304.993 300 89
0 390.4 305.269 300 89
0 390.4 305.509 300 89
0 390.4 305.693 300 89
0 390.4 306.101 300 89
0 390.4 306.355 300 89
0 390.4 306.623 300 89
0 390.4 306.898 300 89
0 390.4 307.05 300 89
0 390.4 307.276 300 89
0 390.4 307.483 300 89
0 390.4 307.728 300 89
0 390.4 308 300 89
0 390.4 308.164 300 89
0 390.4 308.373 300 89
0 390.4 308.649 300 89
0 390.4 308.914 300 89
0 390.4 309.076 300 89
0 390.4 309.282 300 89
0 390.4 309.486 300 89
0 390.4 309.666 300 89
0 390.4 309.865 300 89
0 390.4 310.114 300 89
0 390.4 310.421 300 89
0 390.4 310.659 300 89
0 390.4 310.874 300 89
0 390.4 311.252 300 89
0 390.4 311.51 300 89
0 390.4 311.875 300 89
0 390.4 312.125 300 89
0 390.4 312.359 300 89
0 390.4 312.668 300 89
0 390.4 312.875 300 89
0 390.4 313.043 300 89
0 390.4 313.315 300 89
0 390.4 313.51 300 89
0 390.4 313.747 300 89
0 390.4 313.96 300 89
0 390.4 314.215 300 89
0 390.4 314.542 300 89
0 390.4 314.753 300 89
0 390.4 315.046 300 89
0 390.4 315.208 300 89
0 390.4 315.419 300 89
0 390.4 315.737 300 89
0 390.4 315.879 300 89
0 390.4 316.104 300 89
0 390.4 316.272 300 89
0 390.4 316.423 300 89
0 390.4 316.633 300 89
0 390.4 316.881 300 89
0 390.4 317.148 300 89
0 390.4 317.381 300 89
0 390.4 317.619 300 89
0 390.4 317.976 300 89
0 390.4 318.232 300 89
0 390.4 318.47 300 89
0 390.4 318.675 300 89
0 390.4 318.895 300 89
0 390.4 319.136 300 89
0 390.4 319.414 300 89
0 390.4 319.791 300 89
0 390.4 320.134 300 89
0 390.4 320.345 300 89
0 390.4 320.611 300 89
0 390.4 320.783 300 89
0 390.4 321.002 300 89
0 390.4 321.199 300 89
0 390.4 321.388 300 89
0 390.4 321.545 300 89
0 390.4 321.695 300 89
0 390.4 321.867 300 89
0 390.4 322.227 300 89
0 390.4 322.428 300 89
0 390.4 322.629 300 89
0 390.4 322.785 300 89
0 390.4 323.001 300 89
0 390.4 323.269 300 89
0 390.4 323.517 300 89
0 390.4 323.748 300 89
0 390.4 323.999 300 89
0 390.4 324.253 300 89
0 390.4 324.43 300 89
0 390.4 324.786 300 89
0 390.4 325.057 300 89
0 390.4 325.509 300 89
0 390.4 325.66 300 89
0 390.4 326.033 300 89
0 390.4 326.272 300 89
0 390.4 326.666 300 89
0 390.4 327.052 300 89
0 390.4 327.442 300 89
0 390.4 327.666 300 89
0 390.4 327.9 300 89
0 390.4 328.173 300 89
0 390.4 328.443 300 89
0 390.4 328.654 300 89
0 390.4 328.863 300 89
0 390.4 329.026 300 89
0 390.4 329.334 300 89
0 390.4 329.657 300 89
0 390.4 329.813 300 89
0 390.4 330.086 300 89
0 390.4 330.359 300 89
0 390.4 330.568 300 89
0 390.4 330.792 300 89
0 390.4 330.951 300 89
0 390.4 331.112 300 89
0 390.4 331.338 300 89
0 390.4 331.581 300 89
0 390.4 331.846 300 89
0 390.4 332.138 300 89
0 390.4 332.453 300 89
0 390.4 332.698 300 89
0 390.4 333.027 300 89
0 390.4 333.332 300 89
0 390.4 333.602 300 89
0 390.4 333.883 300 89
0 390.4 334.127 300 89
0 390.4 334.444 300 89
0 390.4 334.671 300 89
0 390.4 334.928 300 89
0 390.4 335.207 300 89
0 390.4 335.351 300 89
0 390.4 335.618 300 89
0 390.4 335.882 300 89
0 390.4 336.17 300 89
0 390.4 336.379 300 89
0 390.4 336.65 300 89
0 390.4 336.87 300 89
0 390.4 337.19 300 89
0 390.4 337.499 300 89
0 390.4 337.885 300 89
0 390.4 338.096 300 89
0 390.4 338.304 300 89
0 390.4 338.511 300 89
0 390.4 338.731 300 89
0 390.4 338.974 300 89
0 390.4 339.214 300 89
0 390.4 339.375 300 89
0 390.4 339.65 300 89
0 390.4 339.857 300 89
0 390.4 340.029 300 89
0 390.4 340.321 300 89
0 390.4 340.542 300 89
0 390.4 340.749 300 89
0 390.4 340.901 300 89
0 390.4 341.07 300 89
0 390.4 341.242 300 89
0 390.4 341.42 300 89
0 390.4 341.662 300 89
0 390.4 341.808 300 89
0 390.4 342.129 300 89
0 390.4 342.43 300 89
0 390.4 342.777 300 89
0 390.4 342.979 300 89
0 390.4 343.222 300 89
0 390.4 343.548 300 89
0 390.4 343.727 300 89
0 390.4 344.074 300 89
0 390.4 344.306 300 89
0 390.4 344.555 300 89
0 390.4 344.805 300 89
0 390.4 345.232 300 89
0 390.4 345.458 300 89
0 390.4 345.776 300 89
0 390.4 345.947 300 89
0 390.4 346.158 300 89
0 390.4 346.387 300 89
0 390.4 346.628 300 89
0 390.4 346.865 300 89
0 390.4 347.054 300 89
0 390.4 347.262 300 89
0 390.4 347.547 300 89
0 390.4 347.728 300 89
0 390.4 347.909 300 89
0 390.4 348.156 300 89
0 390.4 348.388 300 89
0 390.4 348.726 300 89
0 390.4 348.977 300 89
0 390.4 349.213 300 89
0 390.4 349.522 300 89
0 390.4 349.824 300 89
0 390.4 350.024 300 89
0 390.4 350.303 300 89
0 390.4 350.555 300 89
0 390.4 350.791 300 89
0 390.4 351.029 300 89
0 390.4 351.207 300 89
0 390.4 351.512 300 89
0 390.4 351.722 300 89
0 390.4 351.903 300 89
0 390.4 352.118 300 89
0 390.4 352.324 300 89
0 390.4 352.629 300 89
0 390.4 353.02 300 89
0 390.4 353.251 300 89
0 390.4 353.335 300 89
0 390.4 353.563 300 89
0 390.4 353.824 300 89
0 390.4 354.039 300 89
0 390.4 354.371 300 89
0 390.4 354.591 300 89
0 390.4 354.819 300 89
0 390.4 355.04 300 89
0 390.4 355.296 300 89
0 390.4 355.55 300 89
0 390.4 355.818 300 89
0 390.4 356.039 300 89
0 390.4 356.231 300 89
0 390.4 356.396 300 89
0 390.4 356.731 300 89
0 390.4 356.943 300 89
0 390.4 357.096 300 89
0 390.4 357.323 300 89
0 390.4 357.441 300 89
0 390.4 357.702 300 89
0 390.4 357.91 300 89
0 390.4 358.086 300 89
0 390.4 358.267 300 89
0 390.4 358.547 300 89
0 390.4 358.708 300 89
0 390.4 359.095 300 89
0 390.4 359.31 300 89
0 390.4 359.722 300 89
0 390.4 359.932 300 89
0 390.4 360.274 300 89
0 390.4 360.512 300 89
0 390.4 360.727 300 89
0 390.4 360.905 300 89
0 390.4 361.186 300 89
0 390.4 361.364 300 89
0 390.4 361.737 300 89
0 390.4 361.954 300 89
0 390.4 362.209 300 89
0 390.4 362.478 300 89
0 390.4 362.636 300 89
0 390.4 362.912 300 89
0 390.4 363.093 300 89
0 390.4 363.266 300 89
0 390.4 363.551 300 89
0 390.4 363.809 300 89
0 390.4 363.995 300 89
0 390.4 364.265 300 89
0 390.4 364.524 300 89
0 390.4 364.872 300 89
0 390.4 365.05 300 89
0 390.4 365.306 300 89
0 390.4 365.544 300 89
0 390.4 365.822 300 89
0 390.4 366.058 300 89
0 390.4 366.333 300 89
0 390.4 366.663 300 89
0 390.4 366.889 300 89
0 390.4 367.114 300 89
0 390.4 367.489 300 89
0 390.4 367.752 300 89
0 390.4 368.035 300 89
0 390.4 368.351 300 89
0 390.4 368.502 300 89
0 390.4 368.675 300 89
0 390.4 368.926 300 89
0 390.4 369.041 300 89
0 390.4 369.154 300 89
0 390.4 369.413 300 89
0 390.4 369.664 300 89
0 390.4 369.832 300 89
0 390.4 370.123 300 89
0 390.4 370.292 300 89
0 390.4 370.586 300 89
0 390.4 370.804 300 89
0 390.4 370.998 300 89
0 390.4 371.268 300 89
0 390.4 371.572 300 89
0 390.4 371.984 300 89
0 390.4 372.2 300 89
0 390.4 372.375 300 89
0 390.4 372.535 300 89
0 390.4 372.764 300 89
0 390.4 372.932 300 89
0 390.4 373.132 300 89
0 390.4 373.409 300 89
0 390.4 373.612 300 89
0 390.4 373.777 300 89
0 390.4 373.942 300 89
0 390.4 374.179 300 89
0 390.4 374.344 300 89
0 390.4 374.574 300 89
0 390.4 374.78 300 89
0 390.4 375.045 300 89
0 390.4 375.316 300 89
0 390.4 375.521 300 89
0 390.4 375.929 300 89
0 390.4 376.137 300 89
0 390.4 376.362 300 89
0 390.4 376.615 300 89
0 390.4 376.85 300 89
0 390.4 377.007 300 89
0 390.4 377.226 300 89
0 390.4 377.448 300 89
0 390.4 377.659 300 89
0 390.4 377.955 300 89
0 390.4 378.124 300 89
0 390.4 378.28 300 89
0 390.4 378.535 300 89
0 390.4 378.841 300 89
0 390.4 379.043 300 89
0 390.4 379.213 300 89
0 390.4 379.363 300 89
0 390.4 379.53 300 89
0 390.4 379.839 300 89
0 390.4 379.995 300 89
0 390.4 380.205 300 89
0 390.4 380.423 300 89
0 390.4 380.745 300 89
0 390.4 380.973 300 89
0 390.4 381.173 300 89
0 390.4 381.416 300 89
0 390.4 381.68 300 89
0 390.4 381.855 300 89
0 390.4 382.187 300 89
0 390.4 382.429 300 89
0 390.4 382.586 300 89
0 390.4 382.853 300 89
0 390.4 382.992 300 89
0 390.4 383.194 300 89
0 390.4 383.452 300 89
0 390.4 383.615 300 89
0 390.4 383.829 300 89
0 390.4 384.027 300 89
0 390.4 384.343 300 89
0 390.4 384.632 300 89
0 390.4 384.833 300 89
0 390.4 385.081 300 89
0 390.4 385.305 300 89
0 390.4 385.605 300 89
0 390.4 385.802 300 89
0 390.4 386.214 300 89
0 390.4 386.456 300 89
0 390.4 386.672 300 89
0 390.4 386.842 300 89
0 390.4 387.055 300 89
0 390.4 387.408 300 89
0 390.4 387.743 300 89
0 390.4 388.03 300 89
0 390.4 388.325 300 89
0 390.4 388.612 300 89
0 390.4 389.005 300 89
0 390.4 389.327 300 89
0 390.4 389.592 300 89
0 390.4 389.803 300 89
0 390.4 390.033 300 89
0 390.4 390.393 300 89
0 390.4 390.643 300 89
0 390.4 391.076 300 89
0 390.4 391.354 300 89
0 390.4 391.559 300 89
0 390.4 391.821 300 89
0 390.4 391.972 300 89
0 390.4 392.283 300 89
0 390.4 392.403 300 89
0 390.4 392.59 300 89
0 390.4 392.791 300 89
0 390.4 392.944 300 89
0 390.4 393.068 300 89
0 390.4 393.507 300 89
0 390.4 393.724 300 89
0 390.4 393.921 300 89
0 390.4 394.098 300 89
0 390.4 394.308 300 89
0 390.4 394.5 300 89
0 390.4 394.685 300 89
0 390.4 394.931 300 89
0 390.4 395.103 300 89
0 390.4 395.282 300 89
0 390.4 395.517 300 89
0 390.4 395.806 300 89
0 390.4 396.068 300 89
0 390.4 396.296 300 89
0 390.4 396.613 300 89
0 390.4 396.858 300 89
0 390.4 397.055 300 89
0 390.4 397.303 300 89
0 390.4 397.488 300 89
0 390.4 397.637 300 89
0 390.4 397.793 300 89
0 390.4 398.073 300 89
0 390.4 398.306 300 89
0 390.4 398.569 300 89
0 390.4 398.885 300 89
0 390.4 399.084 300 89
0 390.4 399.294 300 89
0 390.4 399.517 300 89
0 390.4 399.801 300 89
0 390.4 400.125 300 89
0 390.4 400.292 300 89
0 390.4 400.492 300 89
0 390.4 400.796 300 89
0 390.4 401.163 300 89
0 390.4 401.392 300 89
0 390.4 401.529 300 89
0 390.4 401.676 300 89
0 390.4 401.895 300 89
0 390.4 402.061 300 89
0 390.4 402.352 300 89
0 390.4 402.607 300 89
0 390.4 403.118 300 89
0 390.4 403.282 300 89
0 390.4 403.578 300 89
0 390.4 403.945 300 89
0 390.4 404.249 300 89
0 390.4 404.439 300 89
0 390.4 404.559 300 89
0 390.4 404.832 300 89
0 390.4 405.11 300 89
0 390.4 405.314 300 89
0 390.4 405.627 300 89
0 390.4 405.774 300 89
0 390.4 405.984 300 89
0 390.4 406.205 300 89
0 390.4 406.356 300 89
0 390.4 406.617 300 89
0 390.4 406.858 300 89
0 390.4 407.04 300 89
0 390.4 407.2 300 89
0 390.4 407.42 300 89
0 390.4 407.857 300 89
0 390.4 408.241 300 89
0 390.4 408.441 300 89
0 390.4 408.707 300 89
0 390.4 408.994 300 89
0 390.4 409.362 300 89
0 390.4 409.546 300 89
0 390.4 409.757 300 89
0 390.4 409.986 300 89
0 390.4 410.257 300 89
0 390.4 410.457 300 89
0 390.4 410.705 300 89
0 390.4 410.866 300 89
0 390.4 411.087 300 89
0 390.4 411.265 300 89
0 390.4 411.502 300 89
0 390.4 411.773 300 89
0 390.4 412.029 300 89
0 390.4 412.237 300 89
0 390.4 412.49 300 89
0 390.4 412.659 300 89
0 390.4 412.814 300 89
0 390.4 413.07 300 89
0 390.4 413.348 300 89
0 390.4 413.58 300 89
0 390.4 413.959 300 89
0 390.4 414.165 300 89
0 390.4 414.47 300 89
0 390.4 414.671 300 89
0 390.4 414.811 300 89
0 390.4 414.998 300 89
0 390.4 415.253 300 89
0 390.4 415.524 300 89
0 390.4 415.757 300 89
0 390.4 415.971 300 89
0 390.4 416.156 300 89
0 390.4 416.38 300 89
0 390.4 416.63 300 89
0 390.4 416.883 300 89
0 390.4 417.08 300 89
0 390.4 417.287 300 89
0 390.4 417.561 300 89
0 390.4 417.831 300 89
0 390.4 418.204 300 89
0 390.4 418.373 300 89
0 390.4 418.63 300 89
0 390.4 418.899 300 89
0 390.4 419.078 300 89
0 390.4 419.31 300 89
0 390.4 419.524 300 89
0 390.4 419.849 300 89
0 390.4 420.117 300 89
0 390.4 420.296 300 89
0 390.4 420.598 300 89
0 390.4 420.816 300 89
0 390.4 421.097 300 89
0 390.4 421.562 300 89
0 390.4 421.721 300 89
0 390.4 421.981 300 89
0 390.4 422.19 300 89
0 390.4 422.334 300 89
0 390.4 422.545 300 89
0 390.4 422.75 300 89
0 390.4 422.968 300 89
0 390.4 423.229 300 89
0 390.4 423.459 300 89
0 390.4 423.703 300 89
0 390.4 423.951 300 89
0 390.4 424.1 300 89
0 390.4 424.265 300 89
0 390.4 424.633 300 89
0 390.4 424.908 300 89
0 390.4 425.076 300 89
0 390.4 425.28 300 89
0 390.4 425.546 300 89
0 390.4 425.765 300 89
0 390.4 425.872 300 89
0 390.4 425.972 300 89
0 390.4 426.126 300 89
0 390.4 426.278 300 89
0 390.4 426.394 300 89
0 390.4 426.575 300 89
0 390.4 426.763 300 89
0 390.4 426.867 300 89
0 390.4 427.071 300 89
0 390.4 427.367 300 89
0 390.4 427.616 300 89
0 390.4 427.88 300 89
0 390.4 428.266 300 89
0 390.4 428.475 300 89
0 390.4 428.673 300 89
0 390.4 428.867 300 89
0 390.4 429.031 300 89
0 390.4 429.233 300 89
0 390.4 429.398 300 89
0 390.4 429.588 300 89
0 390.4 429.739 300 89
0 390.4 429.888 300 89
0 390.4 430.038 300 89
0 390.4 430.188 300 89
0 390.4 430.329 300 89
0 390.4 430.622 300 89
0 390.4 430.788 300 89
0 390.4 430.897 300 89
0 390.4 431.081 300 89
0 390.4 431.26 300 89
0 390.4 431.446 300 89
0 390.4 431.546 300 89
0 390.4 431.726 300 89
0 390.4 432.007 300 89
0 390.4 432.22 300 89
0 390.4 432.526 300 89
0 390.4 432.833 300 89
0 390.4 433.03 300 89
0 390.4 433.29 300 89
0 390.4 433.453 300 89
0 390.4 433.705 300 89
0 390.4 433.931 300 89
0 390.4 434.09 300 89
0 390.4 434.354 300 89
0 390.4 434.508 300 89
0 390.4 434.734 300 89
0 390.4 434.876 300 89
0 390.4 435.089 300 89
0 390.4 435.239 300 89
0 390.4 435.459 300 89
0 390.4 435.611 300 89
0 390.4 435.871 300 89
0 390.4 436.069 300 89
0 390.4 436.302 300 89
0 390.4 436.549 300 89
0 390.4 436.713 300 89
0 390.4 436.987 300 89
0 390.4 437.197 300 89
0 390.4 437.399 300 89
0 390.4 437.626 300 89
0 390.4 437.787 300 89
0 390.4 438.004 300 89
0 390.4 438.31 300 89
0 390.4 438.561 300 89
0 390.4 438.736 300 89
0 390.4 438.837 300 89
0 390.4 438.94 300 89
0 390.4 439.09 300 89
0 390.4 439.239 300 89
0 390.4 439.376 300 89
0 390.4 439.497 300 89
0 390.4 439.676 300 89
0 390.4 439.94 300 89
0 390.4 440.122 300 89
0 390.4 440.39 300 89
0 390.4 440.587 300 89
0 390.4 440.934 300 89
0 390.4 441.294 300 89
0 390.4 441.507 300 89
0 390.4 441.856 300 89
0 390.4 442.161 300 89
0 390.4 442.51 300 89
0 390.4 442.791 300 89
0 390.4 443.088 300 89
0 390.4 443.39 300 89
0 390.4 443.676 300 89
0 390.4 444.059 300 89
0 390.4 444.341 300 89
0 390.4 444.755 300 89
0 390.4 445.063 300 89
0 390.4 445.289 300 89
0 390.4 445.59 300 89
0 390.4 445.862 300 89
0 390.4 446.289 300 89
0 390.4 446.496 300 89
0 390.4 446.902 300 89
0 390.4 447.185 300 89
0 390.4 447.463 300 89
0 390.4 447.799 300 89
0 390.4 447.996 300 89
0 390.4 448.304 300 89
0 390.4 448.597 300 89
0 390.4 448.983 300 89
0 390.4 449.254 300 89
0 390.4 449.553 300 89
0 390.4 449.945 300 89
0 390.4 450.167 300 89
0 390.4 450.517 300 89
0 390.4 450.802 300 89
0 390.4 451.08 300 89
0 390.4 451.292 300 89
0 390.4 451.588 300 89
0 390.4 451.97 300 89
0 390.4 452.18 300 89
0 390.4 452.52 300 89
0 390.4 452.95 300 89
0 390.4 453.226 300 89
0 390.4 453.44 300 89
0 390.4 453.821 300 89
0 390.4 454.294 300 89
0 390.4 454.585 300 89
0 390.4 454.857 300 89
0 390.4 455.203 300 89
0 390.4 455.611 300 89
0 390.4 455.814 300 89
0 390.4 456.067 300 89
0 390.4 456.375 300 89
0 390.4 456.73 300 89
0 390.4 456.935 300 89
0 390.4 457.25 300 89
0 390.4 457.529 300 89
0 390.4 457.745 300 89
0 390.4 458.086 300 89
0 390.4 458.409 300 89
0 390.4 458.673 300 89
0 390.4 459.08 300 89
0 390.4 459.361 300 89
0 390.4 459.681 300 89
0 390.4 459.964 300 89
0 390.4 460.145 300 89
0 390.4 460.416 300 89
0 390.4 460.685 300 89
0 390.4 461.003 300 89
0 390.4 461.217 300 89
0 390.4 461.387 300 89
0 390.4 461.659 300 89
0 390.4 461.913 300 89
0 390.4 462.114 300 89
0 390.4 462.313 300 89
0 390.4 462.484 300 89
0 390.4 462.774 300 89
0 390.4 462.954 300 89
0 390.4 463.263 300 89
0 390.4 463.464 300 89
0 390.4 463.681 300 89
0 390.4 463.891 300 89
0 390.4 464.233 300 89
0 390.4 464.432 300 89
0 390.4 464.693 300 89
0 390.4 464.926 300 89
0 390.4 465.093 300 89
0 390.4 465.306 300 89
0 390.4 465.551 300 89
0 390.4 465.971 300 89
0 390.4 466.311 300 89
0 390.4 466.551 300 89
0 390.4 466.768 300 89
0 390.4 467.027 300 89
0 390.4 467.226 300 89
0 390.4 467.431 300 89
0 390.4 467.592 300 89
0 390.4 468.047 300 89
0 390.4 468.27 300 89
0 390.4 468.436 300 89
0 390.4 468.661 300 89
0 390.4 468.879 300 89
0 390.4 469.037 300 89
0 390.4 469.308 300 89
0 390.4 469.511 300 89
0 390.4 469.67 300 89
0 390.4 469.928 300 89
0 390.4 470.096 300 89
0 390.4 470.46 300 89
0 390.4 470.723 300 89
0 390.4 471.043 300 89
0 390.4 471.252 300 89
0 390.4 471.446 300 89
0 390.4 471.65 300 89
0 390.4 471.834 300 89
0 390.4 472.036 300 89
0 390.4 472.219 300 89
0 390.4 472.391 300 89
0 390.4 472.634 300 89
0 390.4 472.8 300 89
0 390.4 473.099 300 89
0 390.4 473.346 300 89
0 390.4 473.516 300 89
0 390.4 473.838 300 89
0 390.4 474.122 300 89
0 390.4 474.284 300 89
0 390.4 474.63 300 89
0 390.4 474.909 300 89
0 390.4 475.17 300 89
0 390.4 475.451 300 89
0 390.4 475.601 300 89
0 390.4 475.741 300 89
0 390.4 475.949 300 89
0 390.4 476.208 300 89
0 390.4 476.463 300 89
0 390.4 476.613 300 89
0 390.4 476.762 300 89
0 390.4 477.063 300 89
0 390.4 477.324 300 89
0 390.4 477.612 300 89
0 390.4 477.869 300 89
0 390.4 478.14 300 89
0 390.4 478.37 300 89
0 390.4 478.633 300 89
0 390.4 478.799 300 89
0 390.4 478.976 300 89
0 390.4 479.236 300 89
0 390.4 479.385 300 89
0 390.4 479.666 300 89
0 390.4 479.988 300 89
0 390.4 480.238 300 89
0 390.4 480.488 300 89
0 390.4 480.763 300 89
0 390.4 480.975 300 89
0 390.4 481.172 300 89
0 390.4 481.416 300 89
0 390.4 481.615 300 89
0 390.4 481.941 300 89
0 390.4 482.347 300 89
0 390.4 482.611 300 89
0 390.4 482.863 300 89
0 390.4 483.086 300 89
0 390.4 483.298 300 89
0 390.4 483.554 300 89
0 390.4 483.83 300 89
0 390.4 484.109 300 89
0 390.4 484.332 300 89
0 390.4 484.507 300 89
0 390.4 484.744 300 89
0 390.4 484.957 300 89
0 390.4 485.167 300 89
0 390.4 485.41 300 89
0 390.4 485.634 300 89
0 390.4 485.973 300 89
0 390.4 486.297 300 89
0 390.4 486.555 300 89
0 390.4 486.735 300 89
0 390.4 487.019 300 89
0 390.4 487.187 300 89
0 390.4 487.482 300 89
0 390.4 487.668 300 89
0 390.4 487.966 300 89
0 390.4 488.262 300 89
0 390.4 488.461 300 89
0 390.4 488.686 300 89
0 390.4 489.113 300 89
0 390.4 489.423 300 89
0 390.4 489.666 300 89
0 390.4 489.993 300 89
0 390.4 490.192 300 89
0 390.4 490.381 300 89
0 390.4 490.599 300 89
0 390.4 490.868 300 89
0 390.4 491.159 300 89
0 390.4 491.345 300 89
0 390.4 491.559 300 89
0 390.4 491.747 300 89
0 390.4 492.019 300 89
0 390.4 492.342 300 89
0 390.4 492.598 300 89
0 390.4 492.876 300 89
0 390.4 493.079 300 89
0 390.4 493.392 300 89
0 390.4 493.622 300 89
0 390.4 493.939 300 89
0 390.4 494.17 300 89
0 390.4 494.557 300 89
0 390.4 494.781 300 89
0 390.4 494.938 300 89
0 390.4 495.209 300 89
0 390.4 495.319 300 89
0 390.4 495.597 300 89
0 390.4 495.838 300 89
0 390.4 496.098 300 89
0 390.4 496.281 300 89
0 390.4 496.562 300 89
0 390.4 496.917 300 89
0 390.4 497.244 300 89
0 390.4 497.55 300 89
0 390.4 497.799 300 89
0 390.4 498.038 300 89
0 390.4 498.342 300 89
0 390.4 498.526 300 89
0 390.4 498.751 300 89
0 390.4 498.99 300 89
0 390.4 499.294 300 89
0 390.4 499.472 300 89
0 390.4 499.649 300 89
0 390.4 499.955 300 89
0 390.4 500.131 300 89
0 390.4 500.474 300 89
0 390.4 500.707 300 89
0 390.4 500.938 300 89
0 390.4 501.171 300 89
0 390.4 501.386 300 89
0 390.4 501.612 300 89
0 390.4 501.864 300 89
0 390.4 502.082 300 89
0 390.4 502.505 300 89
0 390.4 502.891 300 89
0 390.4 503.284 300 89
0 390.4 503.584 300 89
0 390.4 503.945 300 89
0 390.4 504.294 300 89
0 390.4 504.494 300 89
0 390.4 504.947 300 89
0 390.4 505.234 300 89
0 390.4 505.575 300 89
0 390.4 505.842 300 89
0 390.4 506.137 300 89
0 390.4 506.409 300 89
0 390.4 506.734 300 89
0 390.4 507.076 300 89
0 390.4 507.54 300 89
0 390.4 508.208 300 89
0 390.4 508.478 300 89
0 390.4 508.929 300 89
0 390.4 509.187 300 89
0 390.4 509.4 300 89
0 390.4 509.791 300 89
0 390.4 509.996 300 89
0 390.4 510.404 300 89
0 390.4 510.685 300 89
0 390.4 511.006 300 89
0 390.4 511.415 300 89
0 390.4 511.743 300 89
0 390.4 511.981 300 89
0 390.4 512.304 300 89
0 390.4 512.714 300 89
0 390.4 512.929 300 89
0 390.4 513.156 300 89
0 390.4 513.452 300 89
0 390.4 513.788 300 89
0 390.4 514.001 300 89
0 390.4 514.3 300 89
0 390.4 514.528 300 89
0 390.4 514.794 300 89
0 390.4 515.071 300 89
0 390.4 515.277 300 89
0 390.4 515.481 300 89
0 390.4 515.814 300 89
0 390.4 516.207 300 89
0 390.4 516.543 300 89
0 390.4 516.839 300 89
0 390.4 517.268 300 89
0 390.4 517.54 300 89
0 390.4 517.786 300 89
0 390.4 517.989 300 89
0 390.4 518.189 300 89
0 390.4 518.41 300 89
0 390.4 518.687 300 89
0 390.4 518.888 300 89
0 390.4 519.142 300 89
0 390.4 519.485 300 89
0 390.4 519.744 300 89
0 390.4 520.027 300 89
0 390.4 520.333 300 89
0 390.4 520.663 300 89
0 390.4 520.994 300 89
0 390.4 521.244 300 89
0 390.4 521.537 300 89
0 390.4 521.84 300 89
0 390.4 522.092 300 89
0 390.4 522.263 300 89
0 390.4 522.562 300 89
0 390.4 522.842 300 89
0 390.4 523.131 300 89
0 390.4 523.467 300 89
0 390.4 523.816 300 89
0 390.4 524.007 300 89
0 390.4 524.161 300 89
0 390.4 524.313 300 89
0 390.4 524.762 300 89
0 390.4 524.891 300 89
0 390.4 525.2 300 89
0 390.4 525.455 300 89
0 390.4 525.615 300 89
0 390.4 525.772 300 89
0 390.4 525.98 300 89
0 390.4 526.243 300 89
0 390.4 526.514 300 89
0 390.4 526.667 300 89
0 390.4 526.931 300 89
0 390.4 527.193 300 89
0 390.4 527.402 300 89
0 390.4 527.573 300 89
0 390.4 527.8 300 89
0 390.4 527.966 300 89
0 390.4 528.285 300 89
0 390.4 528.546 300 89
0 390.4 528.703 300 89
0 390.4 528.919 300 89
0 390.4 529.076 300 89
0 390.4 529.22 300 89
0 390.4 529.527 300 89
0 390.4 529.733 300 89
0 390.4 530.04 300 89
0 390.4 530.188 300 89
0 390.4 530.395 300 89
0 390.4 530.588 300 89
0 390.4 530.816 300 89
0 390.4 530.999 300 89
0 390.4 531.271 300 89
0 390.4 531.484 300 89
0 390.4 531.724 300 89
0 390.4 532.059 300 89
0 390.4 532.224 300 89
0 390.4 532.397 300 89
0 390.4 532.552 300 89
0 390.4 532.771 300 89
0 390.4 533.007 300 89
0 390.4 533.17 300 89
0 390.4 533.441 300 89
0 390.4 533.635 300 89
0 390.4 533.857 300 89
0 390.4 534.115 300 89
0 390.4 534.311 300 89
0 390.4 534.586 300 89
0 390.4 534.815 300 89
0 390.4 534.974 300 89
0 390.4 535.139 300 89
0 390.4 535.426 300 89
0 390.4 535.658 300 89
0 390.4 535.842 300 89
0 390.4 536.085 300 89
0 390.4 536.304 300 89
0 390.4 536.593 300 89
0 390.4 536.728 300 89
0 390.4 536.889 300 89
0 390.4 537.085 300 89
0 390.4 537.219 300 89
0 390.4 537.481 300 89
0 390.4 537.59 300 89
0 390.4 537.744 300 89
0 390.4 537.902 300 89
0 390.4 538.02 300 89
0 390.4 538.237 300 89
0 390.4 538.373 300 89
0 390.4 538.667 300 89
0 390.4 538.787 300 89
0 390.4 538.893 300 89
0 390.4 539.037 300 89
0 390.4 539.171 300 89
0 390.4 539.31 300 89
0 390.4 539.492 300 89
0 390.4 539.715 300 89
0 390.4 539.933 300 89
0 390.4 540.094 300 89
0 390.4 540.362 300 89
0 390.4 540.657 300 89
0 390.4 540.821 300 89
0 390.4 541.024 300 89
0 390.4 541.303 300 89
0 390.4 541.52 300 89
0 390.4 541.721 300 89
0 390.4 541.983 300 89
0 390.4 542.221 300 89
0 390.4 542.383 300 89
0 390.4 542.631 300 89
0 390.4 542.863 300 89
0 390.4 543.152 300 89
0 390.4 543.457 300 89
0 390.4 543.737 300 89
0 390.4 544.041 300 89
0 390.4 544.382 300 89
0 390.4 544.661 300 89
0 390.4 544.931 300 89
0 390.4 545.213 300 89
0 390.4 545.649 300 89
0 390.4 545.857 300 89
0 390.4 546.025 300 89
0 390.4 546.239 300 89
0 390.4 546.434 300 89
0 390.4 546.644 300 89
0 390.4 546.858 300 89
0 390.4 547.115 300 89
0 390.4 547.372 300 89
0 390.4 547.539 300 89
0 390.4 547.703 300 89
0 390.4 547.922 300 89
0 390.4 548.123 300 89
0 390.4 548.31 300 89
0 390.4 548.453 300 89
0 390.4 548.691 300 89
0 390.4 548.897 300 89
0 390.4 549.059 300 89
0 390.4 549.247 300 89
0 390.4 549.496 300 89
0 390.4 549.706 300 89
0 390.4 550.001 300 89
0 390.4 550.209 300 89
0 390.4 550.424 300 89
0 390.4 550.633 300 89
0 390.4 550.788 300 89
0 390.4 551.075 300 89
0 390.4 551.24 300 89
0 390.4 551.464 300 89
0 390.4 551.703 300 89
0 390.4 551.884 300 89
0 390.4 552.129 300 89
0 390.4 552.304 300 89
0 390.4 552.531 300 89
0 390.4 552.753 300 89
0 390.4 552.975 300 89
0 390.4 553.201 300 89
0 390.4 553.379 300 89
0 390.4 553.536 300 89
0 390.4 553.763 300 89
0 390.4 553.991 300 89
0 390.4 554.215 300 89
0 390.4 554.498 300 89
0 390.4 554.749 300 89
0 390.4 555.205 300 89
0 390.4 555.449 300 89
0 390.4 555.719 300 89
0 390.4 555.961 300 89
0 390.4 556.205 300 89
0 390.4 556.406 300 89
0 390.4 556.649 300 89
0 390.4 556.873 300 89
0 390.4 557.074 300 89
0 390.4 557.288 300 89
0 390.4 557.535 300 89
0 390.4 557.836 300 89
0 390.4 558.104 300 89
0 390.4 558.329 300 89
0 390.4 558.544 300 89
0 390.4 558.788 300 89
0 390.4 559.031 300 89
0 390.4 559.221 300 89
0 390.4 559.454 300 89
0 390.4 559.673 300 89
0 390.4 559.999 300 89
0 390.4 560.206 300 89
0 390.4 560.379 300 89
0 390.4 560.635 300 89
0 390.4 560.819 300 89
0 390.4 561.008 300 89
0 390.4 561.302 300 89
0 390.4 561.578 300 89
0 390.4 561.786 300 89
0 390.4 562.028 300 89
0 390.4 562.173 300 89
0 390.4 562.333 300 89
0 390.4 562.648 300 89
0 390.4 562.937 300 89
0 390.4 563.099 300 89
0 390.4 563.372 300 89
0 390.4 563.586 300 89
0 390.4 563.826 300 89
0 390.4 564.135 300 89
0 390.4 564.354 300 89
0 390.4 564.519 300 89
0 390.4 564.692 300 89
0 390.4 564.838 300 89
0 390.4 565.084 300 89
0 390.4 565.275 300 89
0 390.4 565.535 300 89
0 390.4 565.728 300 89
0 390.4 565.969 300 89
0 390.4 566.176 300 89
0 390.4 566.323 300 89
0 390.4 566.497 300 89
0 390.4 566.908 300 89
0 390.4 567.212 300 89
0 390.4 567.541 300 89
0 390.4 567.802 300 89
0 390.4 568.022 300 89
0 390.4 568.174 300 89
0 390.4 568.446 300 89
0 390.4 568.731 300 89
0 390.4 569.038 300 89
0 390.4 569.303 300 89
0 390.4 569.514 300 89
0 390.4 569.893 300 89
0 390.4 570.078 300 89
0 390.4 570.338 300 89
0 390.4 570.568 300 89
0 390.4 570.723 300 89
0 390.4 570.98 300 89
0 390.4 571.239 300 89
0 390.4 571.575 300 89
0 390.4 571.744 300 89
0 390.4 571.951 300 89
0 390.4 572.158 300 89
0 390.4 572.324 300 89
0 390.4 572.479 300 89
0 390.4 572.724 300 89
0 390.4 572.935 300 89
0 390.4 573.13 300 89
0 390.4 573.33 300 89
0 390.4 573.548 300 89
0 390.4 573.855 300 89
0 390.4 574.016 300 89
0 390.4 574.271 300 89
0 390.4 574.461 300 89
0 390.4 574.679 300 89
0 390.4 574.88 300 89
0 390.4 575.124 300 89
0 390.4 575.336 300 89
0 390.4 575.588 300 89
0 390.4 575.937 300 89
0 390.4 576.097 300 89
0 390.4 576.259 300 89
0 390.4 576.54 300 89
0 390.4 576.898 300 89
0 390.4 577.054 300 89
0 390.4 577.199 300 89
0 390.4 577.42 300 89
0 390.4 577.661 300 89
0 390.4 577.863 300 89
0 390.4 578.019 300 89
0 390.4 578.222 300 89
0 390.4 578.374 300 89
0 390.4 578.586 300 89
0 390.4 578.75 300 89
0 390.4 578.962 300 89
0 390.4 579.186 300 89
0 390.4 579.36 300 89
0 390.4 579.636 300 89
0 390.4 579.848 300 89
0 390.4 580.005 300 89
0 390.4 580.181 300 89
0 390.4 580.333 300 89
0 390.4 580.68 300 89
0 390.4 580.895 300 89
0 390.4 581.04 300 89
0 390.4 581.2 300 89
0 390.4 581.387 300 89
0 390.4 581.607 300 89
0 390.4 581.974 300 89
0 390.4 582.178 300 89
0 390.4 582.377 300 89
0 390.4 582.707 300 89
0 390.4 582.904 300 89
0 390.4 583.094 300 89
0 390.4 583.346 300 89
0 390.4 583.564 300 89
0 390.4 583.787 300 89
0 390.4 583.944 300 89
0 390.4 584.253 300 89
0 390.4 584.402 300 89
0 390.4 584.674 300 89
0 390.4 584.865 300 89
0 390.4 585.068 300 89
0 390.4 585.266 300 89
0 390.4 585.475 300 89
0 390.4 585.752 300 89
0 390.4 585.961 300 89
0 390.4 586.122 300 89
0 390.4 586.273 300 89
0 390.4 586.49 300 89
0 390.4 586.699 300 89
0 390.4 586.934 300 89
0 390.4 587.194 300 89
0 390.4 587.458 300 89
0 390.4 587.681 300 89
0 390.4 587.833 300 89
0 390.4 588.096 300 89
0 390.4 588.29 300 89
0 390.4 588.529 300 89
0 390.4 588.859 300 89
0 390.4 589.083 300 89
0 390.4 589.3 300 89
0 390.4 589.519 300 89
0 390.4 589.811 300 89
0 390.4 589.957 300 89
0 390.4 590.12 300 89
0 390.4 590.323 300 89
0 390.4 590.489 300 89
0 390.4 590.637 300 89
0 390.4 590.834 300 89
0 390.4 591.125 300 89
0 390.4 591.279 300 89
0 390.4 591.552 300 89
0 390.4 591.765 300 89
0 390.4 591.96 300 89
0 390.4 592.199 300 89
0 390.4 592.522 300 89
0 390.4 592.726 300 89
0 390.4 592.995 300 89
0 390.4 593.261 300 89
0 390.4 593.434 300 89
0 390.4 593.693 300 89
0 390.4 594.025 300 89
0 390.4 594.184 300 89
0 390.4 594.443 300 89
0 390.4 594.67 300 89
0 390.4 594.911 300 89
0 390.4 595.08 300 89
0 390.4 595.34 300 89
0 390.4 595.506 300 89
0 390.4 595.761 300 89
0 390.4 596.097 300 89
0 390.4 596.467 300 89
0 390.4 596.784 300 89
0 390.4 596.991 300 89
0 390.4 597.245 300 89
0 390.4 597.449 300 89
0 390.4 597.918 300 89
0 390.4 598.252 300 89
0 390.4 598.483 300 89
0 390.4 598.697 300 89
0 390.4 599.139 300 89
0 390.4 599.257 300 89
0 390.4 599.422 300 89
0 390.4 599.638 300 89
0 390.4 599.961 300 89
0 390.4 600.282 300 89
0 390.4 600.563 300 89
0 390.4 600.879 300 89
0 390.4 601.046 300 89
0 390.4 601.271 300 89
0 390.4 601.553 300 89
0 390.4 601.789 300 89
0 390.4 602.004 300 89
0 390.4 602.189 300 89
0 390.4 602.362 300 89
0 390.4 602.493 300 89
0 390.4 602.626 300 89
0 390.4 602.855 300 89
0 390.4 603.059 300 89
0 390.4 603.289 300 89
0 390.4 603.565 300 89
0 390.4 603.74 300 89
0 390.4 603.965 300 89
0 390.4 604.296 300 89
0 390.4 604.48 300 89
0 390.4 604.663 300 89
0 390.4 604.882 300 89
0 390.4 605.064 300 89
0 390.4 605.235 300 89
0 390.4 605.483 300 89
0 390.4 605.67 300 89
0 390.4 605.847 300 89
0 390.4 606.141 300 89
0 390.4 606.321 300 89
0 390.4 606.557 300 89
0 390.4 606.834 300 89
0 390.4 607.01 300 89
0 390.4 607.212 300 89
0 390.4 607.427 300 89
0 390.4 607.689 300 89
0 390.4 607.863 300 89
0 390.4 608.087 300 89
0 390.4 608.379 300 89
0 390.4 608.608 300 89
0 390.4 608.852 300 89
0 390.4 609.248 300 89
0 390.4 609.56 300 89
0 390.4 609.731 300 89
0 390.4 610.006 300 89
0 390.4 610.329 300 89
0 390.4 610.493 300 89
0 390.4 610.676 300 89
0 390.4 610.953 300 89
0 390.4 611.122 300 89
0 390.4 611.403 300 89
0 390.4 611.766 300 89
0 390.4 611.986 300 89
0 390.4 612.274 300 89
0 390.4 612.51 300 89
0 390.4 612.741 300 89
0 390.4 612.888 300 89
0 390.4 613.086 300 89
0 390.4 613.368 300 89
0 390.4 613.694 300 89
0 390.4 613.956 300 89
0 390.4 614.178 300 89
0 390.4 614.371 300 89
0 390.4 614.526 300 89
0 390.4 614.689 300 89
0 390.4 614.808 300 89
0 390.4 614.93 300 89
0 390.4 615.108 300 89
0 390.4 615.283 300 89
0 390.4 615.443 300 89
0 390.4 615.551 300 89
0 390.4 615.752 300 89
0 390.4 615.88 300 89
0 390.4 616.075 300 89
0 390.4 616.245 300 89
0 390.4 616.393 300 89
0 390.4 616.571 300 89
0 390.4 616.809 300 89
0 390.4 616.982 300 89
0 390.4 617.255 300 89
0 390.4 617.378 300 89
0 390.4 617.628 300 89
0 390.4 617.785 300 89
0 390.4 617.983 300 89
0 390.4 618.249 300 89
0 390.4 618.428 300 89
0 390.4 618.551 300 89
0 390.4 618.716 300 89
0 390.4 618.911 300 89
0 390.4 619.153 300 89
0 390.4 619.406 300 89
0 390.4 619.639 300 89
0 390.4 619.919 300 89
0 390.4 620.162 300 89
0 390.4 620.311 300 89
0 390.4 620.529 300 89
0 390.4 620.827 300 89
0 390.4 621.05 300 89
0 390.4 621.399 300 89
0 390.4 621.635 300 89
0 390.4 621.865 300 89
0 390.4 622.309 300 89
0 390.4 622.485 300 89
0 390.4 622.653 300 89
0 390.4 622.815 300 89
0 390.4 623.13 300 89
0 390.4 623.407 300 89
0 390.4 623.641 300 89
0 390.4 623.827 300 89
0 390.4 624.157 300 89
0 390.4 624.432 300 89
0 390.4 624.702 300 89
0 390.4 624.925 300 89
0 390.4 625.164 300 89
0 390.4 625.423 300 89
0 390.4 625.654 300 89
0 390.4 626.049 300 89
0 390.4 626.252 300 89
0 390.4 626.521 300 89
0 390.4 626.79 300 89
0 390.4 626.97 300 89
0 390.4 627.275 300 89
0 390.4 627.581 300 89
0 390.4 627.826 300 89
0 390.4 628.003 300 89
0 390.4 628.29 300 89
0 390.4 628.624 300 89
0 390.4 628.797 300 89
0 390.4 629.015 300 89
0 390.4 629.186 300 89
0 390.4 629.404 300 89
0 390.4 629.628 300 89
0 390.4 629.907 300 89
0 390.4 630.152 300 89
0 390.4 630.37 300 89
0 390.4 630.597 300 89
0 390.4 630.961 300 89
0 390.4 631.199 300 89
0 390.4 631.478 300 89
0 390.4 631.705 300 89
0 390.4 631.878 300 89
0 390.4 632.238 300 89
0 390.4 632.4 300 89
0 390.4 632.571 300 89
0 390.4 632.801 300 89
0 390.4 632.978 300 89
0 390.4 633.21 300 89
0 390.4 633.444 300 89
0 390.4 633.643 300 89
0 390.4 633.864 300 89
0 390.4 634.156 300 89
0 390.4 634.322 300 89
0 390.4 634.518 300 89
0 390.4 634.807 300 89
0 390.4 635.056 300 89
0 390.4 635.226 300 89
0 390.4 635.498 300 89
0 390.4 635.788 300 89
0 390.4 636.022 300 89
0 390.4 636.187 300 89
0 390.4 636.352 300 89
0 390.4 636.501 300 89
0 390.4 636.707 300 89
0 390.4 636.851 300 89
0 390.4 637.014 300 89
0 390.4 637.194 300 89
0 390.4 637.415 300 89
0 390.4 637.584 300 89
0 390.4 637.694 300 89
0 390.4 637.88 300 89
0 390.4 638.072 300 89
0 390.4 638.231 300 89
0 390.4 638.429 300 89
0 390.4 638.635 300 89
0 390.4 638.741 300 89
0 390.4 638.933 300 89
0 390.4 639.078 300 89
0 390.4 639.306 300 89
0 390.4 639.486 300 89
0 390.4 639.688 300 89
0 390.4 639.877 300 89
0 390.4 640.223 300 89
0 390.4 640.496 300 89
0 390.4 640.774 300 89
0 390.4 641.148 300 89
0 390.4 641.374 300 89
0 390.4 641.702 300 89
0 390.4 642.047 300 89
0 390.4 642.275 300 89
0 390.4 642.552 300 89
0 390.4 642.858 300 89
0 390.4 643.058 300 89
0 390.4 643.241 300 89
0 390.4 643.451 300 89
0 390.4 643.623 300 89
0 390.4 643.956 300 89
0 390.4 644.183 300 89
0 390.4 644.342 300 89
0 390.4 644.549 300 89
0 390.4 644.712 300 89
0 390.4 644.926 300 89
0 390.4 645.096 300 89
0 390.4 645.309 300 89
0 390.4 645.575 300 89
0 390.4 645.807 300 89
0 390.4 646.038 300 89
0 390.4 646.192 300 89
0 390.4 646.372 300 89
0 390.4 646.521 300 89
0 390.4 646.692 300 89
0 390.4 646.866 300 89
0 390.4 647.028 300 89
0 390.4 647.177 300 89
0 390.4 647.393 300 89
0 390.4 647.6 300 89
0 390.4 647.936 300 89
0 390.4 648.202 300 89
0 390.4 648.419 300 89
0 390.4 648.575 300 89
0 390.4 648.816 300 89
0 390.4 649.05 300 89
0 390.4 649.272 300 89
0 390.4 649.603 300 89
0 390.4 649.827 300 89
0 390.4 650.053 300 89
0 390.4 650.317 300 89
0 390.4 650.481 300 89
0 390.4 650.664 300 89
0 390.4 650.81 300 89
0 390.4 651.145 300 89
0 390.4 651.344 300 89
0 390.4 651.512 300 89
0 390.4 651.741 300 89
0 390.4 651.96 300 89
0 390.4 652.133 300 89
0 390.4 652.382 300 89
0 390.4 652.757 300 89
0 390.4 652.986 300 89
0 390.4 653.202 300 89
0 390.4 653.426 300 89
0 390.4 653.722 300 89
0 390.4 654.001 300 89
0 390.4 654.185 300 89
0 390.4 654.417 300 89
0 390.4 654.627 300 89
0 390.4 654.907 300 89
0 390.4 655.211 300 89
0 390.4 655.546 300 89
0 390.4 655.763 300 89
0 390.4 655.971 300 89
0 390.4 656.188 300 89
0 390.4 656.573 300 89
0 390.4 656.944 300 89
0 390.4 657.111 300 89
0 390.4 657.317 300 89
0 390.4 657.538 300 89
0 390.4 657.71 300 89
0 390.4 657.939 300 89
0 390.4 658.114 300 89
0 390.4 658.399 300 89
0 390.4 658.612 300 89
0 390.4 658.77 300 89
0 390.4 658.944 300 89
0 390.4 659.306 300 89
0 390.4 659.63 300 89
0 390.4 659.827 300 89
0 390.4 660.038 300 89
0 390.4 660.372 300 89
0 390.4 660.699 300 89
0 390.4 660.912 300 89
0 390.4 661.091 300 89
0 390.4 661.26 300 89
0 390.4 661.528 300 89
0 390.4 661.824 300 89
0 390.4 662.036 300 89
0 390.4 662.434 300 89
0 390.4 662.664 300 89
0 390.4 662.955 300 89
0 390.4 663.195 300 89
0 390.4 663.44 300 89
0 390.4 663.652 300 89
0 390.4 663.838 300 89
0 390.4 664.004 300 89
0 390.4 664.329 300 89
0 390.4 664.57 300 89
0 390.4 664.743 300 89
0 390.4 664.995 300 89
0 390.4 665.303 300 89
0 390.4 665.535 300 89
0 390.4 665.827 300 89
0 390.4 666.212 300 89
0 390.4 666.384 300 89
0 390.4 666.63 300 89
0 390.4 666.873 300 89
0 390.4 667.045 300 89
0 390.4 667.266 300 89
0 390.4 667.452 300 89
0 390.4 667.781 300 89
0 390.4 668.045 300 89
0 390.4 668.256 300 89
0 390.4 668.428 300 89
0 390.4 668.798 300 89
0 390.4 669.069 300 89
0 390.4 669.295 300 89
0 390.4 669.611 300 89
0 390.4 669.831 300 89
0 390.4 670.081 300 89
0 390.4 670.312 300 89
0 390.4 670.46 300 89
0 390.4 670.619 300 89
0 390.4 670.801 300 89
0 390.4 671.082 300 89
0 390.4 671.298 300 89
0 390.4 671.578 300 89
0 390.4 671.834 300 89
0 390.4 672.011 300 89
0 390.4 672.199 300 89
0 390.4 672.387 300 89
0 390.4 672.573 300 89
0 390.4 672.737 300 89
0 390.4 672.945 300 89
0 390.4 673.155 300 89
0 390.4 673.41 300 89
0 390.4 673.567 300 89
0 390.4 673.816 300 89
0 390.4 674.019 300 89
0 390.4 674.172 300 89
0 390.4 674.373 300 89
0 390.4 674.541 300 89
0 390.4 674.737 300 89
0 390.4 674.91 300 89
0 390.4 675.224 300 89
0 390.4 675.427 300 89
0 390.4 675.66 300 89
0 390.4 675.857 300 89
0 390.4 676.078 300 89
0 390.4 676.303 300 89
0 390.4 676.573 300 89
0 390.4 676.73 300 89
0 390.4 676.997 300 89
0 390.4 677.265 300 89
0 390.4 677.514 300 89
0 390.4 677.776 300 89
0 390.4 677.987 300 89
0 390.4 678.309 300 89
0 390.4 678.521 300 89
0 390.4 678.733 300 89
0 390.4 678.895 300 89
0 390.4 679.063 300 89
0 390.4 679.257 300 89
0 390.4 679.427 300 89
0 390.4 679.645 300 89
0 390.4 679.817 300 89
0 390.4 679.976 300 89
0 390.4 680.22 300 89
0 390.4 680.381 300 89
0 390.4 680.569 300 89
0 390.4 680.911 300 89
0 390.4 681.162 300 89
0 390.4 681.379 300 89
0 390.4 681.633 300 89
0 390.4 681.941 300 89
0 390.4 682.144 300 89
0 390.4 682.381 300 89
0 390.4 682.553 300 89
0 390.4 682.775 300 89
0 390.4 682.941 300 89
0 390.4 683.107 300 89
0 390.4 683.47 300 89
0 390.4 683.735 300 89
0 390.4 683.942 300 89
0 390.4 684.09 300 89
0 390.4 684.368 300 89
0 390.4 684.532 300 89
0 390.4 684.801 300 89
0 390.4 685.007 300 89
0 390.4 685.202 300 89
0 390.4 685.502 300 89
0 390.4 685.76 300 89
0 390.4 685.919 300 89
0 390.4 686.134 300 89
0 390.4 686.399 300 89
0 390.4 686.663 300 89
0 390.4 686.892 300 89
0 390.4 687.174 300 89
0 390.4 687.429 300 89
0 390.4 687.675 300 89
0 390.4 687.928 300 89
0 390.4 688.094 300 89
0 390.4 688.3 300 89
0 390.4 688.513 300 89
0 390.4 688.793 300 89
0 390.4 688.998 300 89
0 390.4 689.355 300 89
0 390.4 689.67 300 89
0 390.4 689.926 300 89
0 390.4 690.151 300 89
0 390.4 690.344 300 89
0 390.4 690.558 300 89
0 390.4 690.863 300 89
0 390.4 691.097 300 89
0 390.4 691.421 300 89
0 390.4 691.639 300 89
0 390.4 691.865 300 89
0 390.4 692.143 300 89
0 390.4 692.369 300 89
0 390.4 692.588 300 89
0 390.4 692.72 300 89
0 390.4 693.024 300 89
0 390.4 693.234 300 89
0 390.4 693.459 300 89
0 390.4 693.629 300 89
0 390.4 693.9 300 89
0 390.4 694.109 300 89
0 390.4 694.253 300 89
0 390.4 694.547 300 89
0 390.4 694.71 300 89
0 390.4 694.994 300 89
0 390.4 695.201 300 89
0 390.4 695.464 300 89
0 390.4 695.641 300 89
0 390.4 695.985 300 89
0 390.4 696.21 300 89
0 390.4 696.32 300 89
0 390.4 696.535 300 89
0 390.4 696.643 300 89
0 390.4 696.816 300 89
0 390.4 697.076 300 89
0 390.4 697.368 300 89
0 390.4 697.582 300 89
0 390.4 697.833 300 89
0 390.4 697.935 300 89
0 390.4 698.086 300 89
0 390.4 698.247 300 89
0 390.4 698.419 300 89
0 390.4 698.63 300 89
0 390.4 698.846 300 89
0 390.4 698.993 300 89
0 390.4 699.139 300 89
0 390.4 699.32 300 89
0 390.4 699.438 300 89
0 390.4 699.6 300 89
0 390.4 699.783 300 89
0 390.4 700.173 300 89
0 390.4 700.381 300 89
0 390.4 700.549 300 89
0 390.4 700.728 300 89
0 390.4 700.943 300 89
0 390.4 701.173 300 89
0 390.4 701.346 300 89
0 390.4 701.58 300 89
0 390.4 701.757 300 89
0 390.4 701.944 300 89
0 390.4 702.1 300 89
0 390.4 702.338 300 89
0 390.4 702.495 300 89
0 390.4 702.67 300 89
0 390.4 702.833 300 89
0 390.4 703.055 300 89
0 390.4 703.225 300 89
0 390.4 703.453 300 89
0 390.4 703.773 300 89
0 390.4 703.924 300 89
0 390.4 704.091 300 89
0 390.4 704.251 300 89
0 390.4 704.461 300 89
0 390.4 704.735 300 89
0 390.4 704.939 300 89
0 390.4 705.227 300 89
0 390.4 705.498 300 89
0 390.4 705.761 300 89
0 390.4 705.958 300 89
0 390.4 706.226 300 89
0 390.4 706.522 300 89
0 390.4 706.73 300 89
0 390.4 707 300 89
0 390.4 707.142 300 89
0 390.4 707.421 300 89
0 390.4 707.636 300 89
0 390.4 707.834 300 89
0 390.4 708.104 300 89
0 390.4 708.334 300 89
0 390.4 708.538 300 89
0 390.4 708.752 300 89
0 390.4 709.109 300 89
0 390.4 709.4 300 89
0 390.4 709.686 300 89
0 390.4 709.95 300 89
0 390.4 710.104 300 89
0 390.4 710.365 300 89
0 390.4 710.531 300 89
0 390.4 710.738 300 89
0 390.4 710.953 300 89
0 390.4 711.163 300 89
0 390.4 711.278 300 89
0 390.4 711.403 300 89
0 390.4 711.688 300 89
0 390.4 711.856 300 89
0 390.4 712.023 300 89
0 390.4 712.231 300 89
0 390.4 712.396 300 89
0 390.4 712.71 300 89
0 390.4 713.174 300 89
0 390.4 713.32 300 89
0 390.4 713.55 300 89
0 390.4 713.822 300 89
0 390.4 714.006 300 89
0 390.4 714.29 300 89
0 390.4 714.542 300 89
0 390.4 714.748 300 89
0 390.4 714.904 300 89
0 390.4 715.127 300 89
0 390.4 715.265 300 89
0 390.4 715.43 300 89
0 390.4 715.677 300 89
0 390.4 715.846 300 89
0 390.4 715.996 300 89
0 390.4 716.202 300 89
0 390.4 716.407 300 89
0 390.4 716.665 300 89
0 390.4 716.903 300 89
0 390.4 717.139 300 89
0 390.4 717.387 300 89
0 390.4 717.631 300 89
0 390.4 717.907 300 89
0 390.4 718.083 300 89
0 390.4 718.232 300 89
0 390.4 718.493 300 89
0 390.4 718.712 300 89
0 390.4 718.877 300 89
0 390.4 719.149 300 89
0 390.4 719.358 300 89
0 390.4 719.712 300 89
0 390.4 719.869 300 89
0 390.4 720.18 300 89
0 390.4 720.47 300 89
0 390.4 720.632 300 89
0 390.4 720.964 300 89
0 390.4 721.12 300 89
0 390.4 721.283 300 89
0 390.4 721.506 300 89
0 390.4 721.724 300 89
0 390.4 722.194 300 89
0 390.4 722.516 300 89
0 390.4 722.779 300 89
0 390.4 722.938 300 89
0 390.4 723.314 300 89
0 390.4 723.604 300 89
0 390.4 723.748 300 89
0 390.4 724.017 300 89
0 390.4 724.281 300 89
0 390.4 724.432 300 89
0 390.4 724.632 300 89
0 390.4 724.778 300 89
0 390.4 724.938 300 89
0 390.4 725.134 300 89
0 390.4 725.299 300 89
0 390.4 725.468 300 89
0 390.4 725.63 300 89
0 390.4 725.829 300 89
0 390.4 726.093 300 89
0 390.4 726.313 300 89
0 390.4 726.488 300 89
0 390.4 726.639 300 89
0 390.4 726.815 300 89
0 390.4 726.972 300 89
0 390.4 727.084 300 89
0 390.4 727.266 300 89
0 390.4 727.423 300 89
0 390.4 727.586 300 89
0 390.4 727.739 300 89
0 390.4 727.888 300 89
0 390.4 728.112 300 89
0 390.4 728.269 300 89
0 390.4 728.426 300 89
0 390.4 728.609 300 89
0 390.4 728.804 300 89
0 390.4 728.976 300 89
0 390.4 729.172 300 89
0 390.4 729.384 300 89
0 390.4 729.504 300 89
0 390.4 729.685 300 89
0 390.4 729.916 300 89
0 390.4 730.13 300 89
0 390.4 730.299 300 89
0 390.4 730.581 300 89
0 390.4 730.767 300 89
0 390.4 730.939 300 89
0 390.4 731.168 300 89
0 390.4 731.451 300 89
0 390.4 731.753 300 89
0 390.4 732.152 300 89
0 390.4 732.352 300 89
0 390.4 732.631 300 89
0 390.4 732.875 300 89
0 390.4 733.118 300 89
0 390.4 733.322 300 89
0 390.4 733.442 300 89
0 390.4 733.587 300 89
0 390.4 733.786 300 89
0 390.4 733.943 300 89
0 390.4 734.198 300 89
0 390.4 734.354 300 89
0 390.4 734.628 300 89
0 390.4 734.846 300 89
0 390.4 735.089 300 89
0 390.4 735.246 300 89
0 390.4 735.451 300 89
0 390.4 735.614 300 89
0 390.4 735.77 300 89
0 390.4 735.931 300 89
0 390.4 736.09 300 89
0 390.4 736.261 300 89
0 390.4 736.479 300 89
0 390.4 736.68 300 89
0 390.4 736.873 300 89
0 390.4 737.029 300 89
0 390.4 737.182 300 89
0 390.4 737.552 300 89
0 390.4 737.701 300 89
0 390.4 737.805 300 89
0 390.4 737.913 300 89
0 390.4 738.05 300 89
0 390.4 738.207 300 89
0 390.4 738.355 300 89
0 390.4 738.468 300 89
0 390.4 738.663 300 89
0 390.4 738.809 300 89
0 390.4 739.023 300 89
0 390.4 739.211 300 89
0 390.4 739.397 300 89
0 390.4 739.621 300 89
0 390.4 739.777 300 89
0 390.4 740.049 300 89
0 390.4 740.252 300 89
0 390.4 740.508 300 89
0 390.4 740.792 300 89
0 390.4 741.099 300 89
0 390.4 741.251 300 89
0 390.4 741.442 300 89
0 390.4 741.636 300 89
0 390.4 741.789 300 89
0 390.4 741.918 300 89
0 390.4 742.031 300 89
0 390.4 742.202 300 89
0 390.4 742.42 300 89
0 390.4 742.569 300 89
0 390.4 742.669 300 89
0 390.4 742.875 300 89
0 390.4 743.02 300 89
0 390.4 743.132 300 89
0 390.4 743.288 300 89
0 390.4 743.443 300 89
0 390.4 743.686 300 89
0 390.4 743.837 300 89
0 390.4 743.957 300 89
0 390.4 744.152 300 89
0 390.4 744.344 300 89
0 390.4 744.484 300 89
0 390.4 744.593 300 89
0 390.4 744.716 300 89
0 390.4 744.902 300 89
0 390.4 745.019 300 89
0 390.4 745.128 300 89
0 390.4 745.248 300 89
0 390.4 745.366 300 89
0 390.4 745.503 300 89
0 390.4 745.774 300 89
0 390.4 746.021 300 89
0 390.4 746.426 300 89
0 390.4 746.701 300 89
0 390.4 746.945 300 89
0 390.4 747.123 300 89
0 390.4 747.33 300 89
0 390.4 747.567 300 89
0 390.4 747.773 300 89
0 390.4 747.939 300 89
0 390.4 748.187 300 89
0 390.4 748.402 300 89
0 390.4 748.618 300 89
0 390.4 748.776 300 89
0 390.4 749.142 300 89
0 390.4 749.617 300 89
0 390.4 749.777 300 89
0 390.4 749.936 300 89
0 390.4 750.126 300 89
0 390.4 750.389 300 89
0 390.4 750.735 300 89
0 390.4 750.951 300 89
0 390.4 751.276 300 89
0 390.4 751.514 300 89
0 390.4 751.708 300 89
0 390.4 751.86 300 89
0 390.4 752.06 300 89
0 390.4 752.223 300 89
0 390.4 752.435 300 89
0 390.4 752.579 300 89
0 390.4 752.791 300 89
0 390.4 753.006 300 89
0 390.4 753.225 300 89
0 390.4 753.497 300 89
0 390.4 753.673 300 89
0 390.4 753.935 300 89
0 390.4 754.087 300 89
0 390.4 754.31 300 89
0 390.4 754.522 300 89
0 390.4 754.744 300 89
0 390.4 754.937 300 89
0 390.4 755.161 300 89
0 390.4 755.457 300 89
0 390.4 755.743 300 89
0 390.4 755.903 300 89
0 390.4 756.211 300 89
0 390.4 756.369 300 89
0 390.4 756.532 300 89
0 390.4 756.844 300 89
0 390.4 757.175 300 89
0 390.4 757.328 300 89
0 390.4 757.577 300 89
0 390.4 757.726 300 89
0 390.4 757.977 300 89
0 390.4 758.231 300 89
0 390.4 758.488 300 89
0 390.4 758.858 300 89
0 390.4 759.052 300 89
0 390.4 759.287 300 89
0 390.4 759.649 300 89
0 390.4 759.93 300 89
0 390.4 760.145 300 89
0 390.4 760.504 300 89
0 390.4 760.796 300 89
0 390.4 761.122 300 89
0 390.4 761.275 300 89
0 390.4 761.497 300 89
0 390.4 761.729 300 89
0 390.4 761.985 300 89
0 390.4 762.221 300 89
0 390.4 762.416 300 89
0 390.4 762.705 300 89
0 390.4 762.871 300 89
0 390.4 763.147 300 89
0 390.4 763.386 300 89
0 390.4 763.605 300 89
0 390.4 763.85 300 89
0 390.4 764.065 300 89
0 390.4 764.168 300 89
0 390.4 764.325 300 89
0 390.4 764.486 300 89
0 390.4 764.67 300 89
0 390.4 764.842 300 89
0 390.4 765.02 300 89
0 390.4 765.222 300 89
0 390.4 765.455 300 89
0 390.4 765.714 300 89
0 390.4 765.928 300 89
0 390.4 766.144 300 89
0 390.4 766.396 300 89
0 390.4 766.61 300 89
0 390.4 766.788 300 89
0 390.4 767.129 300 89
0 390.4 767.332 300 89
0 390.4 767.623 300 89
0 390.4 767.836 300 89
0 390.4 768.029 300 89
0 390.4 768.25 300 89
0 390.4 768.502 300 89
0 390.4 768.728 300 89
0 390.4 768.989 300 89
0 390.4 769.338 300 89
0 390.4 769.627 300 89
0 390.4 769.786 300 89
0 390.4 770.171 300 89
0 390.4 770.389 300 89
0 390.4 770.612 300 89
0 390.4 770.873 300 89
0 390.4 771.102 300 89
0 390.4 771.342 300 89
0 390.4 771.611 300 89
0 390.4 771.924 300 89
0 390.4 772.255 300 89
0 390.4 772.471 300 89
0 390.4 772.685 300 89
0 390.4 772.837 300 89
0 390.4 773.051 300 89
0 390.4 773.221 300 89
0 390.4 773.496 300 89
0 390.4 773.833 300 89
0 390.4 774.095 300 89
0 390.4 774.275 300 89
0 390.4 774.593 300 89
0 390.4 774.761 300 89
0 390.4 774.966 300 89
0 390.4 775.187 300 89
0 390.4 775.407 300 89
0 390.4 775.591 300 89
0 390.4 775.756 300 89
0 390.4 775.993 300 89
0 390.4 776.231 300 89
0 390.4 776.545 300 89
0 390.4 776.88 300 89
0 390.4 777.149 300 89
0 390.4 777.397 300 89
0 390.4 777.627 300 89
0 390.4 777.84 300 89
0 390.4 778.015 300 89
0 390.4 778.251 300 89
0 390.4 778.497 300 89
0 390.4 778.744 300 89
0 390.4 778.995 300 89
0 390.4 779.215 300 89
0 390.4 779.384 300 89
0 390.4 779.662 300 89
0 390.4 779.938 300 89
0 390.4 780.251 300 89
0 390.4 780.407 300 89
0 390.4 780.663 300 89
0 390.4 780.933 300 89
0 390.4 781.093 300 89
0 390.4 781.305 300 89
0 390.4 781.513 300 89
0 390.4 781.668 300 89
0 390.4 781.904 300 89
0 390.4 782.131 300 89
0 390.4 782.33 300 89
0 390.4 782.563 300 89
0 390.4 782.87 300 89
0 390.4 783.26 300 89
0 390.4 783.427 300 89
0 390.4 783.675 300 89
0 390.4 783.908 300 89
0 390.4 784.261 300 89
0 390.4 784.566 300 89
0 390.4 784.93 300 89
0 390.4 785.271 300 89
0 390.4 785.489 300 89
0 390.4 785.717 300 89
0 390.4 786.062 300 89
0 390.4 786.334 300 89
0 390.4 786.567 300 89
0 390.4 786.826 300 89
0 390.4 786.972 300 89
0 390.4 787.128 300 89
0 390.4 787.54 300 89
0 390.4 787.944 300 89
0 390.4 788.27 300 89
0 390.4 788.64 300 89
0 390.4 788.989 300 89
0 390.4 789.33 300 89
0 390.4 789.541 300 89
0 390.4 789.781 300 89
0 390.4 790.047 300 89
0 390.4 790.268 300 89
0 390.4 790.592 300 89
0 390.4 790.821 300 89
0 390.4 791.053 300 89
0 390.4 791.242 300 89
0 390.4 791.575 300 89
0 390.4 791.883 300 89
0 390.4 792.129 300 89
0 390.4 792.573 300 89
0 390.4 792.762 300 89
0 390.4 793.102 300 89
0 390.4 793.338 300 89
0 390.4 793.588 300 89
0 390.4 793.825 300 89
0 390.4 794.065 300 89
0 390.4 794.271 300 89
0 390.4 794.622 300 89
0 390.4 794.792 300 89
0 390.4 794.936 300 89
0 390.4 795.046 300 89
0 390.4 795.157 300 89
0 390.4 795.305 300 89
0 390.4 795.536 300 89
0 390.4 795.688 300 89
0 390.4 795.839 300 89
0 390.4 796.022 300 89
0 390.4 796.161 300 89
0 390.4 796.269 300 89
0 390.4 796.393 300 89
0 390.4 796.62 300 89
0 390.4 796.769 300 89
0 390.4 796.984 300 89
0 390.4 797.319 300 89
0 390.4 797.568 300 89
0 390.4 797.77 300 89
0 390.4 797.967 300 89
0 390.4 798.234 300 89
0 390.4 798.384 300 89
0 390.4 798.516 300 89
0 390.4 798.715 300 89
0 390.4 799.044 300 89
0 390.4 799.222 300 89
0 390.4 799.469 300 89
0 390.4 799.593 300 89
0 390.4 799.732 300 89
0 390.4 799.872 300 89
0 390.4 799.985 300 89
