38.325034 504.400000 504.400000
40.055799 504.400000 504.400000
42.585782 504.400000 414.800000
45.055028 414.800000 414.800000
46.201682 414.800000 414.800000
47.457865 414.800000 414.800000
49.172562 414.800000 398.000000
51.361005 398.000000 398.000000
53.036509 398.000000 398.000000
54.407031 398.000000 398.000000
55.959759 398.000000 398.000000
56.982723 398.000000 398.000000
58.616720 398.000000 398.000000
60.313846 398.000000 398.000000
61.739546 398.000000 398.000000
63.851809 398.000000 398.000000
66.288320 398.000000 383.200000
68.326229 383.200000 383.200000
70.445115 383.200000 383.200000
72.334697 383.200000 314.000000
73.931918 314.000000 314.000000
76.238411 314.000000 314.000000
77.931676 314.000000 302.800000
79.721242 302.800000 302.800000
81.068006 302.800000 302.800000
82.170819 302.800000 302.800000
83.199358 302.800000 302.800000
84.629709 302.800000 302.800000
86.761871 302.800000 302.800000
88.860740 302.800000 302.800000
91.068727 302.800000 302.800000
93.372225 302.800000 302.800000
94.943095 302.800000 286.000000
96.731625 286.000000 286.000000
98.654317 286.000000 286.000000
100.677660 286.000000 286.000000
102.984059 286.000000 286.000000
104.212660 286.000000 286.000000
105.746147 286.000000 286.000000
107.139588 286.000000 286.000000
108.746663 286.000000 286.000000
110.183430 286.000000 286.000000
111.306302 286.000000 286.000000
113.230630 286.000000 286.000000
115.416269 286.000000 286.000000
117.606558 286.000000 286.000000
118.923547 286.000000 286.000000
120.016169 286.000000 286.000000
121.980569 286.000000 286.000000
124.196172 286.000000 286.000000
126.468337 286.000000 286.000000
127.850788 286.000000 286.000000
128.896986 286.000000 286.000000
130.739463 286.000000 286.000000
132.822787 286.000000 286.000000
134.991744 286.000000 286.000000
136.047261 286.000000 286.000000
137.431352 286.000000 286.000000
138.738490 286.000000 286.000000
139.811181 286.000000 286.000000
141.407561 286.000000 286.000000
142.734058 286.000000 286.000000
144.192236 286.000000 286.000000
145.757184 286.000000 286.000000
147.914916 286.000000 286.000000
149.109984 286.000000 286.000000
151.273614 286.000000 286.000000
153.236180 286.000000 286.000000
155.153625 286.000000 286.000000
157.141108 286.000000 286.000000
159.101126 286.000000 286.000000
161.065763 286.000000 286.000000
162.229115 286.000000 286.000000
163.496562 286.000000 286.000000
164.918850 286.000000 286.000000
166.059603 286.000000 286.000000
167.282744 286.000000 286.000000
168.706219 286.000000 286.000000
170.596400 286.000000 286.000000
172.477791 286.000000 286.000000
174.447110 286.000000 286.000000
175.460975 286.000000 286.000000
176.874094 286.000000 286.000000
178.995902 286.000000 286.000000
180.905829 286.000000 286.000000
181.976283 286.000000 286.000000
183.120308 286.000000 286.000000
184.575992 286.000000 286.000000
185.659841 286.000000 286.000000
186.870134 286.000000 286.000000
188.311530 286.000000 286.000000
189.399889 286.000000 286.000000
190.588737 286.000000 286.000000
192.021891 286.000000 286.000000
193.137686 286.000000 286.000000
194.514395 286.000000 286.000000
196.045173 286.000000 286.000000
197.282833 286.000000 286.000000
198.518414 286.000000 286.000000
199.927455 286.000000 286.000000
201.795439 286.000000 286.000000
203.655698 286.000000 286.000000
205.972792 286.000000 286.000000
207.864559 286.000000 286.000000
210.191268 286.000000 286.000000
212.116701 286.000000 286.000000
213.210306 286.000000 286.000000
214.454027 286.000000 286.000000
215.889710 286.000000 286.000000
218.240500 286.000000 286.000000
220.155026 286.000000 286.000000
221.244736 286.000000 286.000000
251.698236 286.000000 498.800000
253.317559 286.000000 498.800000
254.386491 286.000000 403.600000
256.020636 286.000000 403.600000
257.800160 286.000000 403.600000
260.013930 286.000000 403.600000
261.236971 286.000000 403.600000
263.108635 286.000000 400.000000
264.753184 286.000000 400.000000
266.009400 286.000000 400.000000
267.410985 286.000000 400.000000
269.167495 286.000000 400.000000
270.247485 286.000000 400.000000
271.248763 286.000000 400.000000
272.728084 286.000000 400.000000
274.346864 286.000000 400.000000
276.360567 286.000000 400.000000
277.548094 286.000000 400.000000
278.783976 286.000000 400.000000
280.157352 286.000000 394.400000
281.890023 286.000000 394.400000
283.836721 286.000000 394.400000
285.094139 286.000000 314.000000
286.813428 286.000000 314.000000
287.973355 286.000000 302.800000
289.485093 286.000000 302.800000
291.550208 286.000000 302.800000
292.675116 286.000000 302.800000
293.846586 286.000000 302.800000
295.323054 286.000000 302.800000
296.357939 286.000000 302.800000
297.389505 286.000000 302.800000
298.959362 286.000000 302.800000
300.345130 286.000000 302.800000
301.359541 286.000000 302.800000
303.114417 286.000000 302.800000
305.095771 286.000000 302.800000
306.350229 286.000000 302.800000
307.407088 286.000000 302.800000
309.189795 286.000000 302.800000
310.442371 286.000000 302.800000
311.546923 286.000000 302.800000
312.791747 286.000000 302.800000
314.268947 286.000000 302.800000
315.417860 286.000000 302.800000
316.752629 286.000000 302.800000
318.194678 286.000000 302.800000
319.282903 286.000000 302.800000
321.068082 286.000000 302.800000
322.363057 286.000000 302.800000
323.445582 286.000000 302.800000
325.090279 286.000000 302.800000
327.221185 286.000000 302.800000
329.139956 286.000000 302.800000
330.357913 286.000000 302.800000
331.392890 286.000000 302.800000
332.954811 286.000000 302.800000
335.178692 286.000000 302.800000
336.383054 286.000000 302.800000
337.450915 286.000000 302.800000
339.018625 286.000000 302.800000
340.150556 286.000000 302.800000
341.636930 286.000000 302.800000
342.677643 286.000000 302.800000
343.786381 286.000000 302.800000
345.170565 286.000000 302.800000
346.559598 286.000000 302.800000
347.609326 286.000000 302.800000
349.194464 286.000000 302.800000
350.844877 286.000000 302.800000
351.922420 286.000000 302.800000
353.471969 286.000000 302.800000
354.619585 286.000000 302.800000
356.244570 286.000000 302.800000
358.547137 286.000000 302.800000
360.531919 286.000000 302.800000
362.564573 286.000000 302.800000
365.003513 286.000000 302.800000
366.150061 286.000000 302.800000
367.264171 286.000000 302.800000
368.272606 286.000000 302.800000
369.720737 286.000000 302.800000
370.951279 286.000000 302.800000
372.192620 286.000000 302.800000
373.468447 286.000000 302.800000
374.879515 286.000000 302.800000
375.905773 286.000000 302.800000
377.696834 286.000000 302.800000
379.684155 286.000000 302.800000
381.703898 286.000000 302.800000
382.827131 286.000000 302.800000
383.838580 286.000000 302.800000
385.797347 286.000000 302.800000
387.311148 286.000000 302.800000
388.491940 286.000000 302.800000
390.087503 286.000000 302.800000
392.020098 286.000000 302.800000
393.372548 286.000000 302.800000
394.488008 286.000000 302.800000
395.943720 286.000000 302.800000
397.224889 286.000000 302.800000
398.230290 286.000000 302.800000
428.857729 286.000000 498.800000
430.482759 286.000000 498.800000
431.732198 286.000000 409.200000
434.062306 286.000000 409.200000
435.521176 286.000000 403.600000
436.805196 286.000000 403.600000
438.134116 286.000000 403.600000
439.348051 286.000000 403.600000
441.061587 286.000000 400.000000
442.667738 286.000000 400.000000
444.055666 286.000000 398.000000
445.816583 286.000000 398.000000
447.618047 286.000000 398.000000
448.797908 286.000000 386.800000
450.335597 286.000000 386.800000
451.732317 286.000000 381.200000
453.582377 286.000000 381.200000
454.694464 286.000000 381.200000
455.862126 286.000000 381.200000
456.900143 286.000000 381.200000
458.550301 286.000000 338.400000
459.764582 286.000000 338.400000
461.114481 286.000000 338.400000
462.305297 286.000000 338.400000
463.616219 286.000000 338.400000
465.312796 286.000000 338.400000
466.672936 286.000000 338.400000
468.310635 286.000000 338.400000
469.528093 286.000000 321.600000
471.029753 286.000000 321.600000
473.389423 286.000000 321.600000
474.451761 286.000000 314.000000
476.245906 286.000000 314.000000
477.474919 286.000000 308.400000
478.550906 286.000000 308.400000
480.095943 286.000000 308.400000
481.147491 286.000000 308.400000
482.630235 286.000000 308.400000
483.814464 286.000000 308.400000
485.343369 286.000000 308.400000
486.780170 286.000000 308.400000
488.043422 286.000000 308.400000
489.405076 286.000000 308.400000
490.726905 286.000000 308.400000
491.746592 286.000000 308.400000
493.492038 286.000000 308.400000
495.289054 286.000000 308.400000
496.665165 286.000000 308.400000
497.826282 286.000000 308.400000
499.152579 286.000000 308.400000
500.368231 286.000000 308.400000
501.457524 286.000000 308.400000
503.240582 286.000000 308.400000
504.448174 286.000000 297.200000
506.236699 286.000000 297.200000
508.252476 286.000000 297.200000
510.255346 286.000000 297.200000
512.185258 286.000000 297.200000
514.194657 286.000000 297.200000
516.119980 286.000000 297.200000
517.623791 286.000000 297.200000
518.974600 286.000000 297.200000
521.167121 286.000000 297.200000
522.265828 286.000000 297.200000
523.471943 286.000000 297.200000
525.041213 286.000000 297.200000
527.075019 286.000000 297.200000
529.410585 286.000000 297.200000
530.429684 286.000000 297.200000
531.995194 286.000000 297.200000
533.011121 286.000000 297.200000
534.398189 286.000000 297.200000
535.948422 286.000000 297.200000
538.220387 286.000000 297.200000
539.389437 286.000000 297.200000
540.562800 286.000000 297.200000
541.899848 286.000000 297.200000
544.514233 286.000000 297.200000
545.783305 286.000000 297.200000
546.917307 286.000000 297.200000
548.260300 286.000000 297.200000
549.513312 286.000000 297.200000
550.525674 286.000000 297.200000
552.045820 286.000000 297.200000
553.325999 286.000000 297.200000
554.714446 286.000000 297.200000
556.993342 286.000000 297.200000
558.111621 286.000000 297.200000
559.305852 286.000000 297.200000
560.857056 286.000000 297.200000
561.948550 286.000000 297.200000
562.959864 286.000000 297.200000
564.531398 286.000000 297.200000
565.834536 286.000000 297.200000
567.055144 286.000000 297.200000
568.572861 286.000000 297.200000
570.588740 286.000000 297.200000
572.094683 286.000000 297.200000
573.236065 286.000000 297.200000
574.503613 286.000000 297.200000
576.524085 286.000000 297.200000
578.378667 286.000000 297.200000
580.285723 286.000000 297.200000
581.886234 286.000000 297.200000
583.069140 286.000000 297.200000
584.467933 286.000000 297.200000
586.330775 286.000000 297.200000
588.651070 286.000000 297.200000
590.563117 286.000000 297.200000
591.687047 286.000000 297.200000
592.723931 286.000000 297.200000
594.039952 286.000000 297.200000
596.020463 286.000000 297.200000
597.469297 286.000000 297.200000
598.800004 286.000000 297.200000
600.506016 286.000000 297.200000
601.506341 286.000000 297.200000
603.036188 286.000000 297.200000
605.160802 286.000000 297.200000
607.058080 286.000000 297.200000
608.159369 286.000000 297.200000
609.304930 286.000000 297.200000
610.642455 286.000000 297.200000
612.819680 286.000000 297.200000
643.493523 286.000000 498.800000
644.741586 286.000000 498.800000
645.779407 286.000000 437.200000
646.928684 286.000000 437.200000
648.004745 286.000000 426.000000
649.611882 286.000000 426.000000
650.657880 286.000000 426.000000
651.710727 286.000000 426.000000
652.957616 286.000000 426.000000
654.998722 286.000000 426.000000
656.913746 286.000000 426.000000
658.160499 286.000000 310.400000
660.412181 286.000000 310.400000
662.330319 286.000000 310.400000
663.574882 286.000000 308.400000
665.274527 286.000000 308.400000
666.483692 286.000000 308.400000
667.505415 286.000000 308.400000
669.050672 286.000000 308.400000
670.366047 286.000000 308.400000
671.583344 286.000000 308.400000
673.309593 286.000000 308.400000
674.456523 286.000000 308.400000
675.457273 286.000000 308.400000
677.668921 286.000000 308.400000
679.666270 286.000000 308.400000
681.645781 286.000000 308.400000
682.855905 286.000000 302.800000
684.441930 286.000000 302.800000
685.531861 286.000000 302.800000
687.016394 286.000000 302.800000
688.651323 286.000000 302.800000
689.681665 286.000000 302.800000
691.204050 286.000000 302.800000
692.447597 286.000000 302.800000
693.490693 286.000000 302.800000
695.029836 286.000000 302.800000
697.188626 286.000000 302.800000
698.336048 286.000000 302.800000
699.365526 286.000000 302.800000
700.816056 286.000000 302.800000
701.898888 286.000000 302.800000
702.903003 286.000000 302.800000
704.346833 286.000000 302.800000
705.987507 286.000000 302.800000
707.131846 286.000000 302.800000
708.521278 286.000000 302.800000
709.727505 286.000000 302.800000
711.253298 286.000000 302.800000
713.479338 286.000000 302.800000
714.818893 286.000000 302.800000
715.972620 286.000000 302.800000
717.791895 286.000000 302.800000
719.138377 286.000000 302.800000
720.174137 286.000000 302.800000
721.775024 286.000000 302.800000
723.223666 286.000000 302.800000
724.242380 286.000000 302.800000
725.885552 286.000000 302.800000
726.900618 286.000000 302.800000
728.064703 286.000000 302.800000
729.546904 286.000000 302.800000
731.796928 286.000000 302.800000
733.013718 286.000000 302.800000
734.551038 286.000000 302.800000
735.857229 286.000000 302.800000
736.920147 286.000000 302.800000
738.850791 286.000000 302.800000
740.970717 286.000000 302.800000
742.129697 286.000000 302.800000
743.212215 286.000000 302.800000
745.085936 286.000000 302.800000
747.105603 286.000000 302.800000
748.475306 286.000000 302.800000
749.499041 286.000000 302.800000
751.271203 286.000000 302.800000
752.446437 286.000000 302.800000
753.670301 286.000000 302.800000
755.299978 286.000000 302.800000
756.421740 286.000000 302.800000
757.905350 286.000000 302.800000
759.178657 286.000000 302.800000
760.192922 286.000000 302.800000
761.835880 286.000000 302.800000
763.148224 286.000000 302.800000
764.339915 286.000000 302.800000
765.699897 286.000000 302.800000
767.138480 286.000000 302.800000
768.257431 286.000000 302.800000
770.099930 286.000000 302.800000
771.260009 286.000000 302.800000
772.292206 286.000000 302.800000
773.859266 286.000000 302.800000
775.118538 286.000000 302.800000
776.161170 286.000000 302.800000
777.971707 286.000000 302.800000
779.954138 286.000000 302.800000
781.084922 286.000000 302.800000
782.141644 286.000000 302.800000
783.906847 286.000000 302.800000
785.169899 286.000000 302.800000
786.185636 286.000000 302.800000
810.514365 286.000000 504.400000
