0.401585 696.800000 696.800000
1.447523 480.400000 418.800000
2.457277 370.000000 370.000000
3.463474 291.600000 291.600000
4.553984 280.400000 280.400000
5.554126 269.200000 269.200000
6.580891 263.600000 263.600000
7.582084 263.600000 263.600000
8.582215 261.600000 261.600000
9.601169 261.600000 261.600000
10.680605 261.600000 261.600000
11.770945 261.600000 261.600000
12.848830 261.600000 261.600000
13.854670 261.600000 261.600000
14.868698 261.600000 261.600000
15.914385 261.600000 261.600000
16.939045 261.600000 461.600000
17.950184 261.600000 314.000000
18.971174 261.600000 269.200000
20.041569 261.600000 263.600000
21.054063 261.600000 263.600000
22.073697 261.600000 263.600000
23.082369 261.600000 263.600000
24.116884 261.600000 263.600000
25.132669 261.600000 263.600000
26.143896 261.600000 263.600000
27.149302 261.600000 428.000000
28.154222 261.600000 286.000000
29.162088 261.600000 286.000000
30.172354 261.600000 269.200000
31.178973 261.600000 269.200000
32.185073 261.600000 269.200000
33.192226 261.600000 269.200000
34.199954 261.600000 269.200000
35.235439 261.600000 269.200000
36.316704 261.600000 269.200000
37.344572 261.600000 584.800000
38.381923 261.600000 353.200000
39.396974 261.600000 308.400000
40.407881 261.600000 286.000000
41.408118 261.600000 280.400000
42.413256 261.600000 280.400000
43.448079 261.600000 280.400000
44.478862 261.600000 280.400000
45.534095 261.600000 280.400000
46.562053 261.600000 280.400000
47.584307 261.600000 280.400000
48.750961 261.600000 579.200000
49.778703 261.600000 314.000000
50.784697 261.600000 286.000000
51.810712 261.600000 280.400000
52.822194 261.600000 278.400000
53.872929 261.600000 274.800000
54.873374 261.600000 274.800000
55.891647 261.600000 274.800000
56.913023 261.600000 274.800000
57.923046 261.600000 274.800000
58.926808 261.600000 274.800000
59.946794 261.600000 573.600000
60.951100 261.600000 344.000000
61.952832 261.600000 314.000000
62.979288 261.600000 291.600000
63.994545 261.600000 289.600000
65.003804 261.600000 286.000000
66.022042 261.600000 286.000000
67.032437 261.600000 286.000000
68.074215 261.600000 286.000000
69.079977 261.600000 286.000000
70.107009 261.600000 286.000000
71.159787 261.600000 570.000000
72.179872 261.600000 308.400000
73.232506 261.600000 274.800000
74.239143 261.600000 267.200000
75.247287 261.600000 267.200000
76.261825 261.600000 267.200000
77.281393 261.600000 267.200000
78.309103 261.600000 575.600000
79.311407 261.600000 319.600000
80.314772 261.600000 274.800000
81.372287 261.600000 274.800000
82.399768 261.600000 269.200000
83.408100 261.600000 269.200000
84.423803 261.600000 269.200000
85.445082 261.600000 269.200000
86.455235 261.600000 269.200000
87.465096 261.600000 269.200000
88.531829 261.600000 568.000000
89.555428 261.600000 319.600000
90.617203 261.600000 297.200000
91.635833 261.600000 291.600000
92.638720 261.600000 291.600000
93.646249 261.600000 291.600000
94.703184 261.600000 291.600000
95.768514 261.600000 291.600000
96.784500 261.600000 568.000000
97.786591 261.600000 461.600000
98.794635 261.600000 314.000000
99.856564 261.600000 274.800000
100.917230 258.000000 258.000000
101.956831 258.000000 258.000000
102.979774 258.000000 258.000000
103.988598 258.000000 258.000000
105.011910 258.000000 258.000000
106.032371 258.000000 258.000000
107.045822 258.000000 258.000000
108.046045 258.000000 579.200000
109.103272 258.000000 461.600000
110.123638 258.000000 308.400000
111.158491 258.000000 286.000000
112.180457 258.000000 286.000000
113.197368 258.000000 286.000000
114.204293 258.000000 286.000000
115.245268 258.000000 286.000000
116.296764 258.000000 568.000000
117.304036 258.000000 375.600000
118.314567 258.000000 297.200000
119.392535 258.000000 286.000000
120.417591 258.000000 280.400000
121.449520 258.000000 278.400000
122.468681 258.000000 278.400000
123.519463 258.000000 278.400000
124.524245 258.000000 278.400000
125.528792 258.000000 278.400000
126.569231 258.000000 573.600000
127.572336 258.000000 562.400000
128.580837 258.000000 302.800000
129.605322 258.000000 263.600000
130.609774 258.000000 263.600000
131.632537 258.000000 263.600000
132.644106 258.000000 263.600000
133.670263 258.000000 263.600000
134.670665 258.000000 568.000000
135.717793 258.000000 342.000000
136.739528 258.000000 291.600000
137.748722 258.000000 269.200000
138.761903 258.000000 269.200000
139.829101 258.000000 269.200000
140.886401 258.000000 269.200000
141.895328 258.000000 568.000000
142.927534 258.000000 342.000000
143.957771 258.000000 291.600000
144.978120 258.000000 274.800000
146.022282 258.000000 269.200000
147.022689 258.000000 269.200000
148.050970 258.000000 269.200000
149.072377 258.000000 269.200000
150.074757 258.000000 269.200000
151.204199 258.000000 579.200000
152.221148 258.000000 407.600000
153.291120 258.000000 330.800000
154.301405 258.000000 274.800000
155.357696 258.000000 274.800000
156.363455 258.000000 263.600000
157.375822 258.000000 263.600000
158.386257 258.000000 263.600000
159.397696 258.000000 263.600000
160.399458 258.000000 263.600000
161.435320 258.000000 342.000000
162.456056 258.000000 289.600000
163.461090 258.000000 269.200000
164.486337 250.400000 250.400000
165.490413 246.800000 246.800000
166.492724 246.800000 246.800000
167.530747 246.800000 246.800000
168.539836 246.800000 246.800000
169.555962 246.800000 246.800000
170.571862 246.800000 573.600000
171.583091 246.800000 360.800000
172.600979 246.800000 291.600000
173.601297 246.800000 291.600000
174.601311 246.800000 256.000000
175.601729 246.800000 256.000000
176.621611 246.800000 256.000000
177.660016 246.800000 256.000000
178.667307 246.800000 256.000000
179.751699 246.800000 590.400000
180.765031 246.800000 308.400000
181.815151 246.800000 291.600000
182.830215 246.800000 286.000000
183.836321 246.800000 269.200000
184.843203 246.800000 269.200000
185.853793 246.800000 269.200000
186.858596 246.800000 269.200000
187.900501 246.800000 269.200000
188.910641 246.800000 570.000000
189.922564 246.800000 344.000000
190.981631 246.800000 274.800000
191.986915 246.800000 252.400000
192.988184 246.800000 246.800000
194.034815 244.800000 244.800000
195.041971 244.800000 244.800000
196.054715 244.800000 244.800000
197.064179 244.800000 244.800000
198.076207 244.800000 244.800000
199.147819 244.800000 244.800000
200.217820 244.800000 579.200000
201.234175 244.800000 463.600000
202.258245 244.800000 286.000000
203.266048 244.800000 280.400000
204.278775 244.800000 274.800000
205.294655 244.800000 274.800000
206.329435 244.800000 274.800000
207.338147 244.800000 274.800000
208.352519 244.800000 274.800000
209.352840 244.800000 612.800000
210.382637 244.800000 336.400000
211.386089 244.800000 269.200000
212.391627 244.800000 269.200000
213.402106 244.800000 269.200000
214.414022 244.800000 269.200000
215.479823 244.800000 269.200000
216.502644 244.800000 584.800000
217.504534 244.800000 353.200000
218.505573 244.800000 280.400000
219.514657 244.800000 280.400000
220.515431 244.800000 269.200000
221.517741 244.800000 269.200000
222.522395 244.800000 269.200000
223.544199 244.800000 269.200000
224.600565 244.800000 269.200000
225.602771 244.800000 269.200000
226.644453 244.800000 568.000000
227.674501 244.800000 411.200000
228.730526 244.800000 288.000000
229.731920 244.800000 286.000000
230.747578 244.800000 276.800000
231.763409 244.800000 276.800000
232.787931 244.800000 276.800000
233.789668 244.800000 276.800000
234.861442 244.800000 276.800000
235.885893 244.800000 461.600000
236.899394 244.800000 325.200000
237.905978 244.800000 274.800000
238.953488 244.800000 274.800000
239.968941 244.800000 269.200000
240.988603 244.800000 269.200000
242.010924 244.800000 263.600000
243.011023 244.800000 263.600000
244.024948 244.800000 263.600000
245.056478 244.800000 263.600000
246.065027 244.800000 263.600000
247.086892 244.800000 573.600000
248.129192 244.800000 388.800000
249.133315 244.800000 319.600000
250.187286 244.800000 297.200000
251.189381 244.800000 291.600000
252.202325 244.800000 291.600000
253.246953 244.800000 291.600000
254.266428 244.800000 291.600000
255.297827 244.800000 291.600000
256.303363 244.800000 570.000000
257.306264 244.800000 360.800000
258.312506 244.800000 310.400000
259.368195 244.800000 286.000000
260.387332 244.800000 280.400000
261.395352 244.800000 280.400000
262.404711 244.800000 280.400000
263.438501 244.800000 280.400000
264.475955 244.800000 280.400000
265.734508 244.800000 584.800000
266.747375 244.800000 370.000000
267.765620 244.800000 314.000000
268.801300 244.800000 286.000000
269.822259 244.800000 274.800000
270.842104 244.800000 272.800000
271.846324 244.800000 269.200000
272.891905 244.800000 269.200000
273.906724 244.800000 269.200000
274.914824 244.800000 269.200000
275.915769 244.800000 269.200000
276.925395 244.800000 269.200000
277.958417 244.800000 584.800000
278.974963 244.800000 388.800000
280.007842 244.800000 291.600000
281.012690 244.800000 280.400000
282.015708 244.800000 263.600000
283.025121 244.800000 263.600000
284.094829 244.800000 263.600000
285.120239 244.800000 263.600000
286.181515 244.800000 263.600000
287.277786 244.800000 573.600000
288.292531 244.800000 347.600000
289.310363 244.800000 330.800000
290.315941 244.800000 286.000000
291.323405 244.800000 284.000000
292.342624 244.800000 278.400000
293.360755 244.800000 278.400000
294.402305 244.800000 278.400000
295.413767 244.800000 278.400000
296.426176 244.800000 278.400000
297.448438 244.800000 568.000000
298.473824 244.800000 286.000000
299.530682 244.800000 286.000000
300.533456 244.800000 274.800000
301.544558 244.800000 274.800000
302.589927 244.800000 274.800000
303.599771 244.800000 274.800000
304.618395 244.800000 274.800000
305.620245 244.800000 274.800000
306.667011 244.800000 590.400000
307.667984 244.800000 347.600000
308.669031 244.800000 347.600000
309.697138 244.800000 297.200000
310.706947 244.800000 291.600000
311.707167 244.800000 291.600000
312.713877 244.800000 291.600000
313.770140 244.800000 291.600000
314.773131 244.800000 291.600000
315.794268 244.800000 291.600000
316.817891 244.800000 573.600000
317.836235 244.800000 553.200000
318.854755 244.800000 364.400000
319.860602 244.800000 280.400000
320.864978 244.800000 280.400000
321.881541 244.800000 280.400000
322.904706 244.800000 280.400000
323.906514 244.800000 280.400000
324.942913 244.800000 372.000000
325.989534 244.800000 280.400000
326.996401 244.800000 246.800000
328.002737 244.800000 246.800000
329.005310 244.800000 246.800000
330.014724 244.800000 246.800000
331.020976 244.800000 246.800000
332.065411 244.800000 246.800000
333.154982 244.800000 484.000000
334.156318 244.800000 291.600000
335.159537 244.800000 269.200000
336.180856 244.800000 269.200000
337.194638 244.800000 269.200000
338.217608 244.800000 269.200000
339.235349 244.800000 269.200000
340.247175 244.800000 437.200000
341.264831 244.800000 308.400000
342.271034 244.800000 297.200000
343.272032 244.800000 263.600000
344.276006 244.800000 261.600000
345.330588 244.800000 261.600000
346.354064 244.800000 261.600000
347.415799 244.800000 261.600000
348.432761 244.800000 261.600000
349.446485 244.800000 261.600000
350.480138 244.800000 568.000000
351.494985 244.800000 314.000000
352.508929 244.800000 308.400000
353.561028 244.800000 269.200000
354.581458 244.800000 267.200000
355.591849 244.800000 267.200000
356.615817 244.800000 261.600000
357.623253 244.800000 261.600000
358.629866 244.800000 261.600000
359.631783 244.800000 261.600000
360.661967 244.800000 261.600000
361.681366 244.800000 261.600000
362.685815 244.800000 568.000000
363.690519 244.800000 383.200000
364.703974 244.800000 297.200000
365.708998 244.800000 291.600000
366.727410 244.800000 291.600000
367.740751 244.800000 280.400000
368.757859 244.800000 267.200000
369.765612 244.800000 267.200000
370.796235 244.800000 267.200000
371.815808 244.800000 267.200000
372.829741 244.800000 267.200000
373.884736 244.800000 607.200000
374.944422 244.800000 358.800000
375.994995 244.800000 330.800000
377.000212 244.800000 274.800000
378.020476 244.800000 274.800000
379.053605 244.800000 274.800000
380.057690 244.800000 274.800000
381.101182 244.800000 274.800000
382.157311 244.800000 274.800000
383.204902 244.800000 568.000000
384.220588 244.800000 444.800000
385.241687 244.800000 308.400000
386.270727 244.800000 289.600000
387.304968 244.800000 280.400000
388.309075 244.800000 278.400000
389.309252 244.800000 278.400000
390.329738 244.800000 278.400000
391.389789 244.800000 278.400000
392.394172 244.800000 278.400000
393.399433 244.800000 573.600000
394.421565 244.800000 392.400000
395.430402 244.800000 274.800000
396.440124 244.800000 272.800000
397.473060 244.800000 272.800000
398.516818 244.800000 272.800000
399.519019 244.800000 272.800000
400.777554 244.800000 573.600000
401.781916 244.800000 506.400000
402.803088 244.800000 308.400000
403.820215 244.800000 308.400000
404.849255 244.800000 286.000000
405.915303 244.800000 280.400000
406.942681 244.800000 280.400000
407.973573 244.800000 280.400000
409.027314 244.800000 280.400000
410.037679 244.800000 280.400000
411.095792 244.800000 573.600000
412.104688 244.800000 314.000000
413.115481 244.800000 280.400000
414.139821 244.800000 280.400000
415.157789 244.800000 269.200000
416.223575 244.800000 269.200000
417.289755 244.800000 269.200000
418.347019 244.800000 269.200000
419.351151 244.800000 269.200000
420.359176 244.800000 579.200000
421.413617 244.800000 416.800000
422.420061 244.800000 297.200000
423.435853 244.800000 297.200000
424.453353 244.800000 297.200000
425.457382 244.800000 297.200000
426.458836 244.800000 297.200000
427.524283 244.800000 568.000000
428.534072 244.800000 355.200000
429.535146 244.800000 286.000000
430.558768 244.800000 269.200000
431.571948 244.800000 269.200000
432.593030 244.800000 269.200000
433.597303 244.800000 269.200000
434.607276 244.800000 269.200000
435.626669 244.800000 472.800000
436.653318 244.800000 325.200000
437.667845 244.800000 297.200000
438.683066 244.800000 280.400000
439.690372 244.800000 280.400000
440.701283 244.800000 280.400000
441.728150 244.800000 280.400000
442.731289 244.800000 280.400000
443.740538 244.800000 280.400000
444.769014 244.800000 573.600000
445.783267 244.800000 450.400000
446.783843 244.800000 280.400000
447.816621 244.800000 274.800000
448.817351 244.800000 258.000000
449.839032 244.800000 258.000000
450.863967 244.800000 258.000000
451.872541 244.800000 258.000000
452.875629 244.800000 258.000000
453.889582 244.800000 258.000000
454.910842 244.800000 512.000000
455.915056 244.800000 291.600000
456.935953 244.800000 269.200000
457.983176 244.800000 269.200000
459.003439 244.800000 269.200000
460.024646 244.800000 263.600000
461.096200 244.800000 263.600000
462.138077 244.800000 263.600000
463.143639 244.800000 263.600000
464.157802 244.800000 564.400000
465.165594 244.800000 314.000000
466.185676 244.800000 269.200000
467.190522 244.800000 269.200000
468.196198 244.800000 269.200000
469.208170 244.800000 269.200000
470.242270 244.800000 269.200000
471.251578 244.800000 269.200000
472.253395 244.800000 269.200000
473.296590 244.800000 263.600000
474.307373 244.800000 263.600000
475.317162 244.800000 263.600000
476.321933 244.800000 263.600000
477.323250 244.800000 263.600000
478.369179 244.800000 263.600000
479.426510 244.800000 495.200000
480.430386 244.800000 319.600000
481.499864 244.800000 302.800000
482.555981 244.800000 286.000000
483.564449 244.800000 280.400000
484.629944 244.800000 280.400000
485.689565 244.800000 280.400000
486.709737 244.800000 280.400000
487.723274 244.800000 280.400000
488.840358 244.800000 573.600000
489.890044 244.800000 461.600000
490.896097 244.800000 353.200000
491.936149 244.800000 286.000000
492.944417 244.800000 286.000000
493.957119 244.800000 274.800000
494.997852 244.800000 272.800000
496.015534 244.800000 272.800000
497.026088 244.800000 272.800000
498.034369 244.800000 272.800000
499.049569 244.800000 272.800000
500.055128 244.800000 272.800000
501.074104 244.800000 584.800000
502.144168 244.800000 570.000000
503.150197 244.800000 297.200000
504.171647 244.800000 297.200000
505.202314 244.800000 280.400000
506.209975 244.800000 274.800000
507.239280 244.800000 274.800000
508.257095 244.800000 274.800000
509.266049 244.800000 274.800000
510.327720 244.800000 579.200000
511.368386 244.800000 347.600000
512.376854 244.800000 291.600000
513.390501 244.800000 286.000000
514.407197 244.800000 286.000000
515.415721 244.800000 280.400000
516.424140 244.800000 280.400000
517.439954 244.800000 280.400000
518.468043 244.800000 280.400000
519.508745 244.800000 280.400000
520.528442 244.800000 280.400000
521.560323 244.800000 456.000000
522.587561 244.800000 297.200000
523.607722 244.800000 278.400000
524.638813 244.800000 269.200000
525.703867 244.800000 269.200000
526.718203 244.800000 269.200000
527.720510 244.800000 269.200000
528.767680 244.800000 269.200000
529.775077 244.800000 269.200000
530.787822 244.800000 495.200000
531.789734 244.800000 314.000000
532.793426 244.800000 274.800000
533.793740 244.800000 269.200000
534.865239 244.800000 269.200000
535.878478 244.800000 269.200000
536.881274 244.800000 269.200000
537.923656 244.800000 269.200000
538.924046 244.800000 573.600000
539.967341 244.800000 405.600000
540.999256 244.800000 388.800000
542.010688 244.800000 291.600000
543.021607 244.800000 291.600000
544.036490 244.800000 280.400000
545.067827 244.800000 280.400000
546.089829 244.800000 274.800000
547.091763 244.800000 274.800000
548.109056 244.800000 274.800000
549.120973 244.800000 274.800000
550.129077 244.800000 274.800000
551.149380 244.800000 579.200000
552.161818 244.800000 409.200000
553.208812 244.800000 280.400000
554.228106 244.800000 280.400000
555.234417 244.800000 280.400000
556.239943 244.800000 280.400000
557.304949 244.800000 280.400000
558.311591 244.800000 274.800000
559.383369 244.800000 274.800000
560.405293 244.800000 274.800000
561.440052 244.800000 274.800000
562.458737 244.800000 274.800000
563.734992 244.800000 579.200000
564.738168 244.800000 568.000000
565.741152 244.800000 478.400000
566.744470 244.800000 302.800000
567.745326 244.800000 284.000000
568.761535 244.800000 284.000000
569.834820 244.800000 284.000000
570.846951 244.800000 284.000000
571.881197 244.800000 284.000000
572.885578 244.800000 284.000000
573.896592 244.800000 573.600000
574.935047 244.800000 358.800000
575.971729 244.800000 358.800000
576.988842 244.800000 280.400000
578.034732 244.800000 280.400000
579.048227 244.800000 280.400000
580.071865 244.800000 280.400000
581.098730 244.800000 280.400000
582.118176 244.800000 280.400000
583.138699 244.800000 584.800000
584.155382 244.800000 332.800000
585.179243 244.800000 291.600000
586.187887 244.800000 280.400000
587.192810 244.800000 280.400000
588.194562 244.800000 269.200000
589.196575 244.800000 269.200000
590.221458 244.800000 269.200000
591.277146 244.800000 269.200000
592.338877 244.800000 269.200000
593.342769 244.800000 269.200000
594.376528 244.800000 269.200000
595.388718 244.800000 489.600000
596.395175 244.800000 314.000000
597.404427 244.800000 295.200000
598.422096 244.800000 272.800000
599.465746 244.800000 272.800000
600.495077 244.800000 269.200000
601.496573 244.800000 269.200000
602.546334 244.800000 267.200000
603.608638 244.800000 267.200000
604.632463 244.800000 267.200000
605.672770 244.800000 267.200000
606.688795 244.800000 267.200000
607.698081 244.800000 267.200000
608.714257 244.800000 579.200000
609.786163 244.800000 297.200000
610.790418 244.800000 280.400000
611.819216 244.800000 267.200000
612.823773 244.800000 267.200000
613.825624 244.800000 267.200000
614.837148 244.800000 267.200000
615.844363 244.800000 267.200000
616.855584 244.800000 267.200000
617.858312 244.800000 570.000000
618.901830 244.800000 433.600000
619.924916 244.800000 319.600000
620.969656 244.800000 274.800000
621.986763 244.800000 274.800000
623.020166 244.800000 274.800000
624.025341 244.800000 274.800000
625.030216 244.800000 274.800000
626.045262 244.800000 274.800000
627.087225 244.800000 562.400000
628.092199 244.800000 364.400000
629.102490 244.800000 263.600000
630.117482 244.800000 263.600000
631.127289 244.800000 261.600000
632.195317 244.800000 261.600000
633.199012 244.800000 261.600000
634.204589 244.800000 573.600000
635.250880 244.800000 353.200000
636.257178 244.800000 302.800000
637.266118 244.800000 280.400000
638.272330 244.800000 263.600000
639.333119 244.800000 263.600000
640.353323 244.800000 263.600000
641.355514 244.800000 263.600000
642.359250 244.800000 263.600000
643.403464 244.800000 573.600000
644.433735 244.800000 336.400000
645.460174 244.800000 336.400000
646.465691 244.800000 286.000000
647.489475 244.800000 284.000000
648.507729 244.800000 280.400000
649.524790 244.800000 274.800000
650.536055 244.800000 274.800000
651.553400 244.800000 274.800000
652.579590 244.800000 274.800000
653.610858 244.800000 274.800000
654.622962 244.800000 584.800000
655.632723 244.800000 358.800000
656.638613 244.800000 274.800000
657.642637 244.800000 274.800000
658.651456 244.800000 274.800000
659.663787 244.800000 274.800000
660.680507 244.800000 274.800000
661.705451 244.800000 584.800000
662.709546 244.800000 489.600000
663.774535 244.800000 302.800000
664.805006 244.800000 269.200000
665.805780 244.800000 269.200000
666.819281 244.800000 269.200000
667.828912 244.800000 269.200000
668.836341 244.800000 269.200000
669.856078 244.800000 269.200000
670.881219 244.800000 269.200000
671.935110 244.800000 573.600000
672.964643 244.800000 325.200000
673.977466 244.800000 314.000000
674.981090 244.800000 302.800000
675.988422 244.800000 286.000000
677.001213 244.800000 280.400000
678.002505 244.800000 280.400000
679.023890 244.800000 280.400000
680.042525 244.800000 280.400000
681.050781 244.800000 568.000000
682.063332 244.800000 461.600000
683.114818 244.800000 302.800000
684.131611 244.800000 280.400000
685.175005 244.800000 280.400000
686.223536 244.800000 274.800000
687.234920 244.800000 274.800000
688.261734 244.800000 274.800000
689.271298 244.800000 274.800000
690.275393 244.800000 274.800000
691.291052 244.800000 274.800000
692.291127 244.800000 584.800000
693.334744 244.800000 489.600000
694.375893 244.800000 289.600000
695.388245 244.800000 289.600000
696.400190 244.800000 289.600000
697.431068 244.800000 289.600000
698.443569 244.800000 289.600000
699.554543 244.800000 568.000000
700.574719 244.800000 330.800000
701.580579 244.800000 330.800000
702.607786 244.800000 330.800000
703.609566 244.800000 325.200000
704.619478 244.800000 319.600000
705.642362 244.800000 314.000000
706.650451 244.800000 314.000000
707.673123 244.800000 314.000000
708.701653 244.800000 314.000000
709.770107 244.800000 314.000000
710.854362 244.800000 573.600000
711.858137 244.800000 398.000000
712.885117 244.800000 304.800000
713.902305 244.800000 302.800000
714.913409 244.800000 291.600000
715.923466 244.800000 286.000000
716.927238 244.800000 286.000000
717.935241 244.800000 286.000000
718.935884 244.800000 286.000000
719.957713 244.800000 286.000000
720.976764 244.800000 472.800000
722.036194 244.800000 325.200000
723.063714 244.800000 291.600000
724.067927 244.800000 280.400000
725.088312 244.800000 258.000000
726.118056 244.800000 258.000000
727.141043 244.800000 258.000000
728.150264 244.800000 258.000000
729.185039 244.800000 258.000000
730.192992 244.800000 579.200000
731.208813 244.800000 353.200000
732.217054 244.800000 336.400000
733.289235 244.800000 308.400000
734.323180 244.800000 286.000000
735.357117 244.800000 280.400000
736.365272 244.800000 269.200000
737.370382 244.800000 269.200000
738.444007 244.800000 269.200000
739.457656 244.800000 269.200000
740.463373 244.800000 269.200000
741.481462 244.800000 269.200000
742.489982 244.800000 523.200000
743.500233 244.800000 308.400000
744.502601 244.800000 302.800000
745.506561 244.800000 286.000000
746.522275 244.800000 274.800000
747.530121 244.800000 274.800000
748.533026 244.800000 274.800000
749.533552 244.800000 274.800000
750.573592 244.800000 274.800000
751.593830 244.800000 573.600000
752.614204 244.800000 517.600000
753.641050 244.800000 319.600000
754.646098 244.800000 274.800000
755.678876 244.800000 274.800000
756.688799 244.800000 269.200000
757.717790 244.800000 269.200000
758.740978 244.800000 269.200000
759.788775 244.800000 269.200000
760.868089 244.800000 584.800000
761.927132 244.800000 562.400000
762.950396 244.800000 377.600000
763.950474 244.800000 280.400000
764.963059 244.800000 269.200000
765.971083 244.800000 269.200000
766.974856 244.800000 269.200000
767.977802 244.800000 269.200000
768.994709 244.800000 269.200000
770.044016 244.800000 573.600000
771.083000 244.800000 392.400000
772.090688 244.800000 284.000000
773.125895 244.800000 284.000000
774.129978 244.800000 258.000000
775.163614 244.800000 258.000000
776.174245 244.800000 258.000000
777.176964 244.800000 258.000000
778.184218 244.800000 258.000000
779.207644 244.800000 573.600000
780.218061 244.800000 562.400000
781.227836 244.800000 342.000000
782.294269 244.800000 291.600000
783.297467 244.800000 280.400000
784.303366 244.800000 280.400000
785.306977 244.800000 280.400000
786.311592 244.800000 280.400000
787.353942 244.800000 579.200000
788.359378 244.800000 523.200000
789.362975 244.800000 338.400000
790.383662 244.800000 302.800000
791.405658 244.800000 280.400000
792.419038 244.800000 256.000000
793.423381 244.800000 252.400000
794.455104 244.800000 252.400000
795.486744 244.800000 252.400000
796.486826 244.800000 252.400000
797.519780 244.800000 252.400000
798.535938 244.800000 568.000000
799.550924 244.800000 319.600000
