48.131404 504.400000 504.400000
49.355644 504.400000 504.400000
50.718052 504.400000 504.400000
53.041427 504.400000 437.200000
55.960373 437.200000 437.200000
57.840437 437.200000 437.200000
58.844646 437.200000 437.200000
60.230422 437.200000 437.200000
61.603323 437.200000 437.200000
62.723587 437.200000 437.200000
63.978521 437.200000 437.200000
65.422729 437.200000 437.200000
67.144121 437.200000 437.200000
68.181243 437.200000 437.200000
69.990148 437.200000 437.200000
71.193015 437.200000 437.200000
73.005261 437.200000 428.000000
74.428995 428.000000 428.000000
75.564411 428.000000 428.000000
76.812268 428.000000 428.000000
78.453663 428.000000 420.400000
79.724131 420.400000 420.400000
80.921612 420.400000 420.400000
82.006233 420.400000 420.400000
83.119452 420.400000 420.400000
84.256790 420.400000 420.400000
85.489931 420.400000 420.400000
86.581895 420.400000 420.400000
87.696564 420.400000 420.400000
88.827198 420.400000 420.400000
90.492273 420.400000 420.400000
91.893504 420.400000 353.200000
93.251075 353.200000 353.200000
95.131491 353.200000 353.200000
97.158083 353.200000 330.800000
98.541415 330.800000 330.800000
99.590052 330.800000 330.800000
100.658042 330.800000 330.800000
102.480254 330.800000 330.800000
104.650995 330.800000 330.800000
106.200713 330.800000 325.200000
107.510439 325.200000 325.200000
108.627466 325.200000 325.200000
109.780337 325.200000 325.200000
111.583428 325.200000 325.200000
113.033386 325.200000 319.600000
114.597615 319.600000 319.600000
116.550873 319.600000 319.600000
118.170156 319.600000 308.400000
119.644757 308.400000 308.400000
120.810365 308.400000 308.400000
121.907238 308.400000 308.400000
124.037965 308.400000 308.400000
126.459535 308.400000 308.400000
128.008272 308.400000 302.800000
129.261409 302.800000 302.800000
131.617278 302.800000 302.800000
133.284453 302.800000 302.800000
134.753169 302.800000 302.800000
135.771372 302.800000 299.200000
136.952882 299.200000 299.200000
138.326585 299.200000 299.200000
140.327147 299.200000 299.200000
142.330370 299.200000 299.200000
144.312964 299.200000 299.200000
146.306651 299.200000 299.200000
147.591321 299.200000 299.200000
148.640737 299.200000 299.200000
150.252385 299.200000 299.200000
152.465916 299.200000 299.200000
154.917560 299.200000 299.200000
156.930445 299.200000 299.200000
158.199721 299.200000 299.200000
159.224264 299.200000 299.200000
161.047599 299.200000 299.200000
163.085477 299.200000 299.200000
164.291764 299.200000 299.200000
165.310882 299.200000 299.200000
167.131181 299.200000 299.200000
168.464012 299.200000 299.200000
169.741740 299.200000 299.200000
171.238305 299.200000 299.200000
172.393703 299.200000 299.200000
173.404047 299.200000 299.200000
175.218350 299.200000 299.200000
177.678245 299.200000 299.200000
178.829250 299.200000 299.200000
179.829326 299.200000 299.200000
181.634469 299.200000 299.200000
182.746279 299.200000 299.200000
184.022312 299.200000 299.200000
185.639537 299.200000 299.200000
187.727524 299.200000 299.200000
189.993542 299.200000 299.200000
192.054178 299.200000 299.200000
194.121984 299.200000 299.200000
196.211841 299.200000 299.200000
197.444725 299.200000 299.200000
198.499219 299.200000 299.200000
200.064975 299.200000 299.200000
202.326909 299.200000 299.200000
204.870524 299.200000 299.200000
207.412424 299.200000 299.200000
208.624326 299.200000 299.200000
209.867380 299.200000 299.200000
211.344067 299.200000 299.200000
213.553652 299.200000 299.200000
215.694476 299.200000 299.200000
217.865920 299.200000 299.200000
220.012928 299.200000 299.200000
222.114824 299.200000 299.200000
223.398145 299.200000 299.200000
224.425628 299.200000 299.200000
225.447345 299.200000 299.200000
226.465940 299.200000 299.200000
227.488667 299.200000 299.200000
228.728383 299.200000 299.200000
230.307984 299.200000 299.200000
231.849220 299.200000 299.200000
233.011169 299.200000 299.200000
234.564344 299.200000 299.200000
236.701674 299.200000 299.200000
238.979844 299.200000 299.200000
241.040136 299.200000 299.200000
243.088456 299.200000 299.200000
274.158306 299.200000 504.400000
275.901192 299.200000 504.400000
277.210829 299.200000 409.200000
278.640015 299.200000 409.200000
280.098393 299.200000 405.600000
281.595181 299.200000 405.600000
283.817269 299.200000 405.600000
284.951360 299.200000 405.600000
286.052043 299.200000 405.600000
287.286414 299.200000 405.600000
288.350014 299.200000 405.600000
289.604216 299.200000 405.600000
291.694123 299.200000 405.600000
293.657922 299.200000 405.600000
294.990290 299.200000 330.800000
296.473507 299.200000 330.800000
297.964905 299.200000 330.800000
298.971057 299.200000 330.800000
300.191670 299.200000 330.800000
301.553845 299.200000 330.800000
302.622936 299.200000 330.800000
303.877161 299.200000 330.800000
305.151794 299.200000 330.800000
307.420336 299.200000 330.800000
308.907717 299.200000 330.800000
310.010260 299.200000 330.800000
311.775988 299.200000 330.800000
313.753605 299.200000 330.800000
315.087983 299.200000 314.000000
316.836905 299.200000 314.000000
318.292797 299.200000 308.400000
320.072745 299.200000 308.400000
321.259930 299.200000 308.400000
322.397567 299.200000 308.400000
323.779893 299.200000 308.400000
326.148351 299.200000 308.400000
327.365966 299.200000 308.400000
328.385579 299.200000 308.400000
329.386737 299.200000 308.400000
330.509360 299.200000 308.400000
332.464270 299.200000 308.400000
334.585413 299.200000 308.400000
336.546743 299.200000 308.400000
337.764292 299.200000 308.400000
338.798344 299.200000 308.400000
340.529843 299.200000 308.400000
342.552831 299.200000 308.400000
344.477005 299.200000 308.400000
345.684978 299.200000 308.400000
346.714661 299.200000 308.400000
348.227847 299.200000 308.400000
350.481013 299.200000 308.400000
351.949031 299.200000 308.400000
353.092609 299.200000 308.400000
354.189097 299.200000 308.400000
355.236342 299.200000 308.400000
356.250459 299.200000 308.400000
358.536330 299.200000 308.400000
360.566453 299.200000 308.400000
361.919909 299.200000 308.400000
362.922243 299.200000 308.400000
365.315232 299.200000 308.400000
366.581323 299.200000 308.400000
367.615674 299.200000 308.400000
369.047715 299.200000 308.400000
370.153959 299.200000 308.400000
371.743101 299.200000 308.400000
373.407886 299.200000 308.400000
374.552829 299.200000 308.400000
376.454685 299.200000 308.400000
378.178960 299.200000 308.400000
379.196957 299.200000 308.400000
381.491416 299.200000 308.400000
382.552403 299.200000 308.400000
384.353357 299.200000 308.400000
385.536307 299.200000 308.400000
386.566979 299.200000 308.400000
388.299195 299.200000 308.400000
390.284868 299.200000 308.400000
391.399288 299.200000 308.400000
392.418151 299.200000 308.400000
393.853300 299.200000 308.400000
394.858110 299.200000 308.400000
396.422808 299.200000 308.400000
398.761707 299.200000 308.400000
400.726437 299.200000 308.400000
401.773235 299.200000 308.400000
402.845442 299.200000 308.400000
404.898243 299.200000 308.400000
406.004647 299.200000 308.400000
407.132157 299.200000 308.400000
408.910662 299.200000 308.400000
411.227713 299.200000 308.400000
413.223085 299.200000 308.400000
414.613715 299.200000 308.400000
416.312289 299.200000 308.400000
418.318057 299.200000 308.400000
420.159486 299.200000 308.400000
450.432156 299.200000 510.000000
451.502195 299.200000 510.000000
452.864975 299.200000 510.000000
454.152677 299.200000 442.800000
456.130541 299.200000 442.800000
458.037522 299.200000 442.800000
459.226451 299.200000 338.400000
460.560459 299.200000 338.400000
461.564720 299.200000 338.400000
462.655529 299.200000 338.400000
464.209105 299.200000 338.400000
465.255912 299.200000 314.000000
467.006376 299.200000 314.000000
469.093474 299.200000 314.000000
470.397463 299.200000 308.400000
472.016552 299.200000 308.400000
473.142064 299.200000 308.400000
474.156105 299.200000 308.400000
476.056909 299.200000 308.400000
478.196579 299.200000 308.400000
480.367384 299.200000 308.400000
481.642747 299.200000 302.800000
482.835645 299.200000 302.800000
484.194950 299.200000 302.800000
485.271179 299.200000 302.800000
486.598454 299.200000 302.800000
488.502636 299.200000 302.800000
490.608259 299.200000 302.800000
491.746695 299.200000 302.800000
493.294840 299.200000 302.800000
494.631352 299.200000 302.800000
495.762411 299.200000 302.800000
497.260640 299.200000 302.800000
499.263708 299.200000 302.800000
500.574139 299.200000 297.200000
501.949772 297.200000 297.200000
503.519539 297.200000 297.200000
504.799442 297.200000 297.200000
506.261351 297.200000 297.200000
508.394095 297.200000 297.200000
509.731310 297.200000 297.200000
510.743536 297.200000 297.200000
512.352901 297.200000 297.200000
513.753092 297.200000 297.200000
514.778057 297.200000 297.200000
516.352292 297.200000 297.200000
517.681814 297.200000 297.200000
518.717460 297.200000 297.200000
519.729623 297.200000 297.200000
520.779285 297.200000 297.200000
522.231915 297.200000 297.200000
523.444603 297.200000 297.200000
525.196533 297.200000 297.200000
526.479701 297.200000 297.200000
527.498899 297.200000 297.200000
528.881959 297.200000 297.200000
530.934573 297.200000 297.200000
533.368183 297.200000 297.200000
535.447295 297.200000 297.200000
536.813923 297.200000 297.200000
538.106465 297.200000 297.200000
539.680998 297.200000 297.200000
541.019790 297.200000 297.200000
542.043565 297.200000 297.200000
543.082120 297.200000 297.200000
544.118468 297.200000 297.200000
545.712468 297.200000 297.200000
547.001877 297.200000 297.200000
548.022716 297.200000 297.200000
549.628084 297.200000 297.200000
550.691164 297.200000 297.200000
552.102280 297.200000 297.200000
554.330576 297.200000 297.200000
555.352691 297.200000 297.200000
556.848120 297.200000 297.200000
558.201229 297.200000 297.200000
559.232742 297.200000 297.200000
561.633202 297.200000 297.200000
563.737000 297.200000 297.200000
565.960559 297.200000 297.200000
568.033482 297.200000 297.200000
569.366122 297.200000 297.200000
570.849756 297.200000 297.200000
571.941222 297.200000 297.200000
572.975232 297.200000 297.200000
574.044484 297.200000 297.200000
575.091821 297.200000 297.200000
576.111965 297.200000 297.200000
577.924851 297.200000 297.200000
579.063253 297.200000 297.200000
580.603017 297.200000 297.200000
581.988033 297.200000 297.200000
583.077707 297.200000 297.200000
584.272624 297.200000 297.200000
585.802275 297.200000 297.200000
587.980829 297.200000 297.200000
588.989509 297.200000 297.200000
590.040727 297.200000 297.200000
591.172516 297.200000 297.200000
592.223304 297.200000 297.200000
594.084158 297.200000 297.200000
624.388655 297.200000 504.400000
626.237015 297.200000 504.400000
627.657645 297.200000 409.200000
629.500396 297.200000 409.200000
630.802788 297.200000 398.000000
632.284081 297.200000 398.000000
633.307594 297.200000 398.000000
634.518447 297.200000 383.200000
635.841991 297.200000 383.200000
637.224953 297.200000 383.200000
638.656750 297.200000 383.200000
640.309480 297.200000 383.200000
641.572028 297.200000 383.200000
642.582891 297.200000 383.200000
643.631357 297.200000 383.200000
645.215056 297.200000 383.200000
646.703440 297.200000 383.200000
647.741761 297.200000 383.200000
649.306208 297.200000 383.200000
650.709729 297.200000 383.200000
651.749628 297.200000 383.200000
653.789513 297.200000 383.200000
655.769723 297.200000 383.200000
656.948734 297.200000 342.000000
658.062161 297.200000 342.000000
659.232865 297.200000 342.000000
661.162480 297.200000 342.000000
662.602893 297.200000 342.000000
663.677769 297.200000 342.000000
665.508496 297.200000 342.000000
667.762359 297.200000 342.000000
669.179823 297.200000 308.400000
670.349552 297.200000 308.400000
671.476502 297.200000 308.400000
672.981683 297.200000 308.400000
674.668886 297.200000 308.400000
675.766671 297.200000 308.400000
677.772928 297.200000 308.400000
679.296123 297.200000 302.800000
680.452624 297.200000 302.800000
681.626748 297.200000 302.800000
683.138381 297.200000 302.800000
684.227649 297.200000 302.800000
685.520839 297.200000 302.800000
686.545233 297.200000 302.800000
687.660164 297.200000 302.800000
688.852620 297.200000 302.800000
690.509027 297.200000 302.800000
692.576984 297.200000 302.800000
694.445263 297.200000 297.200000
696.524277 297.200000 297.200000
697.847330 297.200000 297.200000
698.924618 297.200000 297.200000
700.527208 297.200000 297.200000
701.706902 297.200000 297.200000
703.330487 297.200000 297.200000
705.852797 297.200000 297.200000
708.098699 297.200000 297.200000
710.212949 297.200000 297.200000
712.551464 297.200000 297.200000
713.621552 297.200000 297.200000
714.836820 297.200000 297.200000
715.848182 297.200000 297.200000
717.441133 297.200000 297.200000
718.474514 297.200000 297.200000
720.078500 297.200000 297.200000
721.212494 297.200000 297.200000
722.773596 297.200000 297.200000
724.832084 297.200000 297.200000
726.928687 297.200000 297.200000
728.600199 297.200000 297.200000
729.757706 297.200000 297.200000
731.219294 297.200000 297.200000
732.590045 297.200000 297.200000
734.533020 297.200000 297.200000
736.089482 297.200000 297.200000
737.099316 297.200000 297.200000
738.770482 297.200000 297.200000
740.102135 297.200000 297.200000
741.713145 297.200000 297.200000
743.934949 297.200000 297.200000
746.048523 297.200000 297.200000
747.288178 297.200000 297.200000
748.447630 297.200000 297.200000
750.245062 297.200000 297.200000
751.527772 297.200000 297.200000
752.575324 297.200000 297.200000
753.945279 297.200000 297.200000
754.980685 297.200000 297.200000
757.237660 297.200000 297.200000
758.504393 297.200000 297.200000
759.902328 297.200000 297.200000
760.950103 297.200000 297.200000
762.164173 297.200000 297.200000
763.409677 297.200000 297.200000
765.558460 297.200000 297.200000
766.704340 297.200000 297.200000
768.687719 297.200000 297.200000
770.110827 297.200000 297.200000
771.305642 297.200000 297.200000
773.486269 297.200000 297.200000
775.847432 297.200000 297.200000
777.316519 297.200000 297.200000
778.453198 297.200000 297.200000
780.646289 297.200000 297.200000
783.070146 297.200000 297.200000
784.853713 297.200000 297.200000
785.915027 297.200000 297.200000
788.110200 297.200000 297.200000
790.343906 297.200000 297.200000
792.529128 297.200000 297.200000
794.555452 297.200000 297.200000
796.088403 297.200000 297.200000
797.205845 297.200000 297.200000
798.327118 297.200000 297.200000
799.741705 297.200000 297.200000
820.706098 297.200000 498.800000
