0 573.6 0.452651 300 0
0 564.4 0.646851 0
0 562.4 0.80362 0
0 472.8 0.992425 1
0 428 1.1499 2
0 330.8 1.36261 2
0 297.2 1.51491 2
0 291.6 1.65115 2
0 274.8 2.70946 12
0 274.8 7.82667 300 64
0 263.6 10.8685 64
0 258 11.1209 64
0 256 11.4929 64
0 256 17.0795 300 82
0 256 24.3992 300 82
0 256 31.7742 300 82
0 256 41.8014 300 82
0 252.4 45.2453 82
0 252.4 51.5624 300 86
0 252.4 61.7845 300 86
0 252.4 71.8984 300 88
0 252.4 85.0754 300 88
0 252.4 95.4967 300 88
0 252.4 109.947 300 88
0 252.4 120.91 300 88
0 252.4 132.973 300 88
0 252.4 143.7 300 88
0 252.4 153.609 300 88
0 252.4 161.982 300 88
0 252.4 172.408 300 88
0 252.4 181.01 300 88
0 252.4 190.087 300 88
0 252.4 199.947 300 88
0 252.4 213.262 300 88
0 252.4 222.929 300 88
0 250.4 228.294 88
0 250.4 234.711 300 88
0 250.4 243.429 300 88
0 250.4 252.61 300 88
0 246.8 255.96 88
0 246.8 260.833 300 88
0 246.8 269.195 300 88
0 246.8 279.373 300 88
0 246.8 290.003 300 88
0 246.8 297.909 300 88
0 246.8 306.74 300 88
0 246.8 317.078 300 88
0 246.8 327.795 300 88
0 246.8 337.628 300 88
0 246.8 348.069 300 88
0 246.8 358.094 300 88
0 246.8 369.749 300 88
0 246.8 378.056 300 88
0 246.8 389.867 300 88
0 246.8 401.542 300 88
0 246.8 414.215 300 88
0 246.8 421.448 300 88
0 246.8 432.138 300 88
0 246.8 441.828 300 88
0 246.8 452.056 300 88
0 246.8 462.454 300 88
0 246.8 470.236 300 88
0 246.8 483.431 300 88
0 246.8 494.206 300 88
0 246.8 504.881 300 88
0 246.8 516.063 300 88
0 246.8 529.062 300 88
0 246.8 539.358 300 88
0 246.8 549.348 300 88
0 246.8 557.75 300 88
0 246.8 567.619 300 88
0 246.8 578.612 300 88
0 246.8 589.382 300 88
0 246.8 598.865 300 88
0 246.8 607.858 300 88
0 246.8 617.106 300 88
0 246.8 623.977 300 88
0 246.8 632.606 300 89
0 246.8 641.212 300 89
0 246.8 649.938 300 89
0 246.8 661.029 300 89
0 246.8 671.361 300 89
0 246.8 678.589 300 89
0 246.8 687.808 300 89
0 246.8 697.699 300 89
0 246.8 709.802 300 89
0 246.8 719.542 300 89
0 246.8 728.495 300 89
0 246.8 737.382 300 89
0 246.8 747.457 300 89
0 246.8 756.765 300 89
0 246.8 763.951 300 89
0 246.8 771.477 300 89
0 246.8 778.458 300 89
0 246.8 792.992 300 89
0 246.8 799.581 300 89
