0 762 0.019494 300 0
0 666.8 0.02955 0
0 655.6 0.042057 2
0 644.4 0.052052 2
0 543.6 0.065771 2
0 504.4 0.0795 4
0 498.8 0.094133 4
0 485.6 0.127122 12
0 480 0.14335 12
0 459.6 0.149872 12
0 457.6 0.156471 12
0 452 0.173616 12
0 452 0.351855 300 79
0 452 0.602716 300 79
0 431.6 0.831694 79
0 426 0.881648 79
0 420.4 0.897581 79
0 414.8 0.939756 79
0 414.8 1.1238 300 79
0 414.8 1.5064 300 79
0 414.8 1.80652 300 79
0 414.8 2.17238 300 80
0 414.8 2.57106 300 80
0 414.8 2.83833 300 80
0 414.8 3.16666 300 80
0 414.8 3.47791 300 83
0 414.8 3.90444 300 87
0 414.8 4.14469 300 87
0 414.8 4.40198 300 87
0 414.8 4.72617 300 89
0 412.8 5.02894 89
0 412.8 5.22815 300 89
0 412.8 5.55085 300 89
0 412.8 5.82946 300 89
0 412.8 5.98799 300 89
0 412.8 6.23004 300 89
0 412.8 6.55089 300 89
0 412.8 6.73232 300 89
0 412.8 7.0869 300 89
0 412.8 7.32366 300 89
0 412.8 7.52108 300 89
0 412.8 7.92906 300 89
0 412.8 8.22413 300 89
0 412.8 8.57949 300 89
0 412.8 8.83997 300 89
0 412.8 9.14404 300 89
0 412.8 9.38838 300 89
0 412.8 9.74235 300 89
0 412.8 9.99153 300 89
0 412.8 10.1914 300 89
0 412.8 10.365 300 89
0 412.8 10.7627 300 89
0 412.8 11.0158 300 89
0 412.8 11.1799 300 89
0 412.8 11.4086 300 89
0 412.8 11.5718 300 89
0 412.8 11.871 300 89
0 412.8 12.0525 300 89
0 412.8 12.4098 300 89
0 412.8 12.6835 300 89
0 412.8 12.9397 300 89
0 412.8 13.0984 300 89
0 412.8 13.304 300 89
0 412.8 13.5402 300 89
0 412.8 13.8267 300 89
0 412.8 14.0537 300 89
0 412.8 14.3012 300 89
0 412.8 14.6094 300 89
0 412.8 14.7959 300 89
0 412.8 15.2029 300 89
0 412.8 15.3809 300 89
0 412.8 15.6051 300 89
0 412.8 15.8537 300 89
0 412.8 16.0873 300 89
0 412.8 16.2983 300 89
0 412.8 16.58 300 89
0 412.8 16.8646 300 89
0 412.8 17.1141 300 89
0 412.8 17.4537 300 89
0 409.2 17.6267 89
0 407.2 17.6978 89
0 407.2 17.8507 300 89
0 407.2 18.0109 300 89
0 407.2 18.3965 300 89
0 407.2 18.6846 300 89
0 407.2 18.865 300 89
0 407.2 19.0448 300 89
0 407.2 19.2196 300 89
0 407.2 19.4017 300 89
0 407.2 19.6974 300 89
0 407.2 20.0562 300 89
0 407.2 20.4112 300 89
0 407.2 20.5874 300 89
0 407.2 20.8641 300 89
0 407.2 21.0313 300 89
0 407.2 21.2126 300 89
0 407.2 21.5029 300 89
0 407.2 21.7462 300 89
0 407.2 21.9619 300 89
0 407.2 22.1891 300 89
0 407.2 22.5471 300 89
0 407.2 22.7213 300 89
0 407.2 22.9717 300 89
0 407.2 23.2594 300 89
0 407.2 23.598 300 89
0 407.2 23.8423 300 89
0 407.2 24.2509 300 89
0 407.2 24.6417 300 89
0 407.2 24.8953 300 89
0 407.2 25.0973 300 89
0 407.2 25.3829 300 89
0 407.2 25.5541 300 89
0 407.2 25.8381 300 89
0 407.2 26.0698 300 89
0 407.2 26.3798 300 89
0 407.2 26.5604 300 89
0 407.2 26.7318 300 89
0 407.2 26.9751 300 89
0 407.2 27.2143 300 89
0 407.2 27.5004 300 89
0 407.2 27.6629 300 89
0 407.2 27.8443 300 89
0 407.2 27.9996 300 89
0 407.2 28.2366 300 89
0 407.2 28.4135 300 89
0 407.2 28.6283 300 89
0 407.2 28.9805 300 89
0 407.2 29.1658 300 89
0 407.2 29.4007 300 89
0 407.2 29.6821 300 89
0 407.2 30.0024 300 89
0 407.2 30.2663 300 89
0 407.2 30.4998 300 89
0 407.2 30.7088 300 89
0 407.2 30.8739 300 89
0 407.2 31.1604 300 89
0 407.2 31.5422 300 89
0 407.2 31.7722 300 89
0 407.2 32.0823 300 89
0 407.2 32.3201 300 89
0 407.2 32.5561 300 89
0 407.2 32.8315 300 89
0 407.2 33.0626 300 89
0 407.2 33.3883 300 89
0 407.2 33.6926 300 89
0 407.2 33.9061 300 89
0 407.2 34.1307 300 89
0 407.2 34.3565 300 89
0 407.2 34.514 300 89
0 407.2 34.7507 300 89
0 407.2 34.9307 300 89
0 407.2 35.1008 300 89
0 407.2 35.3139 300 89
0 407.2 35.5799 300 89
0 407.2 35.9581 300 89
0 407.2 36.2116 300 89
0 407.2 36.5746 300 89
0 407.2 36.8818 300 89
0 407.2 37.131 300 89
0 407.2 37.3454 300 89
0 407.2 37.5612 300 89
0 407.2 37.7971 300 89
0 407.2 37.9854 300 89
0 407.2 38.2708 300 89
0 407.2 38.5351 300 89
0 407.2 38.767 300 89
0 407.2 39.0395 300 89
0 407.2 39.3077 300 89
0 407.2 39.5661 300 89
0 407.2 39.7858 300 89
0 407.2 40.0691 300 89
0 407.2 40.2682 300 89
0 407.2 40.4243 300 89
0 407.2 40.6736 300 89
0 407.2 40.9493 300 89
0 407.2 41.257 300 89
0 407.2 41.5424 300 89
0 407.2 41.8134 300 89
0 407.2 42.0248 300 89
0 407.2 42.1832 300 89
0 407.2 42.4418 300 89
0 407.2 42.5937 300 89
0 407.2 42.9317 300 89
0 407.2 43.0828 300 89
0 407.2 43.2431 300 89
0 407.2 43.4042 300 89
0 407.2 43.665 300 89
0 407.2 43.8084 300 89
0 407.2 43.9628 300 89
0 407.2 44.3137 300 89
0 407.2 44.531 300 89
0 407.2 44.6977 300 89
0 407.2 44.9171 300 89
0 407.2 45.1808 300 89
0 407.2 45.3509 300 89
0 407.2 45.5008 300 89
0 407.2 45.7669 300 89
0 407.2 45.9636 300 89
0 407.2 46.1572 300 89
0 407.2 46.4136 300 89
0 407.2 46.6413 300 89
0 407.2 46.7964 300 89
0 407.2 47.0523 300 89
0 407.2 47.3063 300 89
0 407.2 47.509 300 89
0 407.2 47.7303 300 89
0 407.2 47.9864 300 89
0 407.2 48.244 300 89
0 407.2 48.5315 300 89
0 407.2 48.6856 300 89
0 407.2 48.9141 300 89
0 407.2 49.0664 300 89
0 407.2 49.2799 300 89
0 407.2 49.4436 300 89
0 407.2 49.6523 300 89
0 407.2 49.9404 300 89
0 407.2 50.1842 300 89
0 407.2 50.4488 300 89
0 407.2 50.7069 300 89
0 407.2 50.9401 300 89
0 407.2 51.2302 300 89
0 407.2 51.3958 300 89
0 407.2 51.609 300 89
0 407.2 51.7625 300 89
0 407.2 52.0124 300 89
0 407.2 52.2218 300 89
0 407.2 52.4419 300 89
0 407.2 52.6974 300 89
0 407.2 52.906 300 89
0 407.2 53.1122 300 89
0 407.2 53.3132 300 89
0 407.2 53.4709 300 89
0 407.2 53.6776 300 89
0 407.2 53.9238 300 89
0 407.2 54.1191 300 89
0 407.2 54.4134 300 89
0 407.2 54.6133 300 89
0 407.2 54.8718 300 89
0 407.2 55.0252 300 89
0 407.2 55.1781 300 89
0 407.2 55.3491 300 89
0 407.2 55.5592 300 89
0 407.2 55.8055 300 89
0 407.2 56.0905 300 89
0 398 56.2466 89
0 396 56.2803 89
0 396 56.4058 300 89
0 396 56.6568 300 89
0 396 56.9411 300 89
0 396 57.0929 300 89
0 396 57.2349 300 89
0 396 57.348 300 89
0 396 57.4803 300 89
0 396 57.6904 300 89
0 396 57.8355 300 89
0 396 58.0196 300 89
0 396 58.1605 300 89
0 396 58.3132 300 89
0 396 58.66 300 89
0 396 58.9063 300 89
0 396 59.1032 300 89
0 396 59.3044 300 89
0 396 59.5188 300 89
0 396 59.7864 300 89
0 396 60.0279 300 89
0 396 60.1871 300 89
0 396 60.4048 300 89
0 396 60.6819 300 89
0 396 60.9532 300 89
0 396 61.0989 300 89
0 396 61.3584 300 89
0 396 61.737 300 89
0 396 61.9401 300 89
0 396 62.1025 300 89
0 396 62.4057 300 89
0 396 62.6183 300 89
0 396 62.8674 300 89
0 396 63.0693 300 89
0 396 63.2836 300 89
0 396 63.49 300 89
0 396 63.643 300 89
0 396 63.8654 300 89
0 396 64.1256 300 89
0 396 64.2847 300 89
0 396 64.5164 300 89
0 396 64.7771 300 89
0 396 65.0229 300 89
0 396 65.2463 300 89
0 396 65.4585 300 89
0 396 65.6211 300 89
0 396 65.8174 300 89
0 396 65.9754 300 89
0 396 66.2385 300 89
0 396 66.3775 300 89
0 396 66.6243 300 89
0 396 66.7838 300 89
0 396 66.9421 300 89
0 396 67.3673 300 89
0 396 67.5127 300 89
0 396 67.6645 300 89
0 396 67.8825 300 89
0 396 68.057 300 89
0 396 68.2565 300 89
0 396 68.5072 300 89
0 396 68.811 300 89
0 396 69.0017 300 89
0 396 69.2488 300 89
0 396 69.5157 300 89
0 396 69.7289 300 89
0 396 69.9418 300 89
0 396 70.2159 300 89
0 396 70.4341 300 89
0 396 70.6428 300 89
0 396 70.7884 300 89
0 396 71.0234 300 89
0 396 71.4272 300 89
0 396 71.5877 300 89
0 396 71.7426 300 89
0 396 71.9011 300 89
0 396 72.1545 300 89
0 396 72.3018 300 89
0 396 72.5827 300 89
0 396 72.7966 300 89
0 396 72.9428 300 89
0 396 73.1321 300 89
0 396 73.5115 300 89
0 396 73.7042 300 89
0 396 73.9534 300 89
0 396 74.1683 300 89
0 396 74.376 300 89
0 396 74.6708 300 89
0 396 74.9879 300 89
0 396 75.185 300 89
0 396 75.3311 300 89
0 396 75.5421 300 89
0 396 75.7427 300 89
0 396 75.9307 300 89
0 396 76.082 300 89
0 396 76.2824 300 89
0 396 76.4372 300 89
0 396 76.6467 300 89
0 396 76.7881 300 89
0 396 76.93 300 89
0 396 77.1244 300 89
0 396 77.3211 300 89
0 396 77.5093 300 89
0 396 77.7451 300 89
0 396 77.9462 300 89
0 396 78.1754 300 89
0 396 78.3886 300 89
0 396 78.5854 300 89
0 396 78.9045 300 89
0 396 79.12 300 89
0 396 79.3315 300 89
0 396 79.524 300 89
0 396 79.7084 300 89
0 396 79.8915 300 89
0 396 80.0294 300 89
0 396 80.2379 300 89
0 396 80.4361 300 89
0 396 80.6935 300 89
0 396 80.987 300 89
0 396 81.1862 300 89
0 396 81.4146 300 89
0 396 81.6623 300 89
0 396 81.8174 300 89
0 396 82.0025 300 89
0 396 82.1939 300 89
0 396 82.3416 300 89
0 396 82.5955 300 89
0 396 82.8633 300 89
0 396 83.0486 300 89
0 396 83.3836 300 89
0 396 83.6297 300 89
0 396 83.7893 300 89
0 396 83.9588 300 89
0 396 84.2135 300 89
0 396 84.3947 300 89
0 396 84.6446 300 89
0 396 84.8476 300 89
0 396 85.0514 300 89
0 396 85.248 300 89
0 396 85.443 300 89
0 396 85.5925 300 89
0 396 85.804 300 89
0 396 85.9488 300 89
0 396 86.2551 300 89
0 396 86.4683 300 89
0 396 86.6192 300 89
0 396 86.7551 300 89
0 396 86.9621 300 89
0 396 87.221 300 89
0 396 87.5374 300 89
0 396 87.7717 300 89
0 396 88.0396 300 89
0 396 88.2887 300 89
0 396 88.4384 300 89
0 396 88.6582 300 89
0 396 88.9067 300 89
0 396 89.1754 300 89
0 396 89.3678 300 89
0 396 89.5918 300 89
0 396 89.8394 300 89
0 396 89.9896 300 89
0 396 90.2042 300 89
0 396 90.4168 300 89
0 396 90.7019 300 89
0 396 90.9148 300 89
0 396 91.0616 300 89
0 396 91.3131 300 89
0 396 91.5421 300 89
0 396 91.9109 300 89
0 396 92.144 300 89
0 396 92.2968 300 89
0 396 92.5045 300 89
0 396 92.8558 300 89
0 396 93.1774 300 89
0 396 93.3318 300 89
0 396 93.5541 300 89
0 396 93.7095 300 89
0 396 93.8852 300 89
0 396 94.0866 300 89
0 396 94.3564 300 89
0 396 94.6344 300 89
0 396 94.7943 300 89
0 396 95.0446 300 89
0 396 95.2171 300 89
0 396 95.4531 300 89
0 396 95.651 300 89
0 396 95.8384 300 89
0 396 96.0924 300 89
0 396 96.3444 300 89
0 396 96.5753 300 89
0 396 96.7722 300 89
0 396 96.9217 300 89
0 396 97.1448 300 89
0 396 97.4804 300 89
0 396 97.6499 300 89
0 396 97.9814 300 89
0 396 98.1325 300 89
0 396 98.3413 300 89
0 396 98.4948 300 89
0 396 98.6601 300 89
0 396 98.9555 300 89
0 396 99.1816 300 89
0 396 99.3484 300 89
0 396 99.548 300 89
0 396 99.7152 300 89
0 396 99.8655 300 89
0 396 100.074 300 89
0 396 100.282 300 89
0 396 100.537 300 89
0 396 100.775 300 89
0 396 101.087 300 89
0 396 101.245 300 89
0 396 101.408 300 89
0 396 101.705 300 89
0 396 101.96 300 89
0 396 102.118 300 89
0 396 102.347 300 89
0 396 102.591 300 89
0 396 102.86 300 89
0 396 103.018 300 89
0 396 103.163 300 89
0 396 103.39 300 89
0 396 103.512 300 89
0 396 103.655 300 89
0 396 103.758 300 89
0 396 103.886 300 89
0 396 103.997 300 89
0 396 104.198 300 89
0 396 104.368 300 89
0 396 104.475 300 89
0 396 104.622 300 89
0 396 104.829 300 89
0 396 105.033 300 89
0 396 105.226 300 89
0 396 105.342 300 89
0 396 105.518 300 89
0 396 105.699 300 89
0 396 105.826 300 89
0 396 105.968 300 89
0 396 106.079 300 89
0 396 106.203 300 89
0 396 106.386 300 89
0 396 106.492 300 89
0 396 106.61 300 89
0 396 106.71 300 89
0 396 106.822 300 89
0 396 106.955 300 89
0 396 107.094 300 89
0 396 107.229 300 89
0 396 107.368 300 89
0 396 107.481 300 89
0 396 107.656 300 89
0 396 107.832 300 89
0 396 107.938 300 89
0 396 108.092 300 89
0 396 108.197 300 89
0 396 108.37 300 89
0 396 108.51 300 89
0 396 108.614 300 89
0 396 108.758 300 89
0 396 108.893 300 89
0 396 109.029 300 89
0 396 109.165 300 89
0 396 109.318 300 89
0 396 109.576 300 89
0 396 109.789 300 89
0 396 110.129 300 89
0 396 110.401 300 89
0 396 110.618 300 89
0 396 110.815 300 89
0 396 110.976 300 89
0 396 111.221 300 89
0 396 111.373 300 89
0 396 111.617 300 89
0 396 111.836 300 89
0 396 112.064 300 89
0 396 112.223 300 89
0 396 112.48 300 89
0 396 112.749 300 89
0 396 112.94 300 89
0 396 113.259 300 89
0 396 113.415 300 89
0 396 113.614 300 89
0 396 113.811 300 89
0 396 114.024 300 89
0 396 114.243 300 89
0 396 114.402 300 89
0 396 114.543 300 89
0 396 114.699 300 89
0 396 114.914 300 89
0 396 115.177 300 89
0 396 115.408 300 89
0 396 115.627 300 89
0 396 115.829 300 89
0 396 116.078 300 89
0 396 116.344 300 89
0 396 116.606 300 89
0 396 116.819 300 89
0 396 116.965 300 89
0 396 117.166 300 89
0 396 117.372 300 89
0 396 117.525 300 89
0 396 117.74 300 89
0 396 117.949 300 89
0 396 118.283 300 89
0 396 118.441 300 89
0 396 118.657 300 89
0 396 118.925 300 89
0 396 119.081 300 89
0 396 119.288 300 89
0 396 119.445 300 89
0 396 119.726 300 89
0 396 119.881 300 89
0 396 120.169 300 89
0 396 120.315 300 89
0 396 120.53 300 89
0 396 120.747 300 89
0 396 120.946 300 89
0 396 121.207 300 89
0 396 121.368 300 89
0 396 121.615 300 89
0 396 121.806 300 89
0 396 122.149 300 89
0 396 122.44 300 89
0 396 122.642 300 89
0 396 122.9 300 89
0 396 123.165 300 89
0 396 123.44 300 89
0 396 123.819 300 89
0 396 123.973 300 89
0 396 124.147 300 89
0 396 124.463 300 89
0 396 124.681 300 89
0 396 124.914 300 89
0 396 125.197 300 89
0 396 125.361 300 89
0 396 125.524 300 89
0 396 125.842 300 89
0 396 126.018 300 89
0 396 126.183 300 89
0 396 126.487 300 89
0 396 126.751 300 89
0 396 126.92 300 89
0 396 127.224 300 89
0 396 127.537 300 89
0 396 127.85 300 89
0 396 127.998 300 89
0 396 128.316 300 89
0 396 128.566 300 89
0 396 128.842 300 89
0 396 129.217 300 89
0 396 129.523 300 89
0 396 129.784 300 89
0 396 129.94 300 89
0 396 130.209 300 89
0 396 130.461 300 89
0 396 130.67 300 89
0 396 130.905 300 89
0 396 131.137 300 89
0 396 131.338 300 89
0 396 131.711 300 89
0 396 132.014 300 89
0 396 132.278 300 89
0 396 132.503 300 89
0 396 132.71 300 89
0 396 132.915 300 89
0 396 133.117 300 89
0 396 133.423 300 89
0 396 133.729 300 89
0 396 133.903 300 89
0 396 134.148 300 89
0 396 134.47 300 89
0 396 134.995 300 89
0 396 135.213 300 89
0 396 135.464 300 89
0 396 135.742 300 89
0 396 136.075 300 89
0 396 136.24 300 89
0 396 136.454 300 89
0 396 136.721 300 89
0 396 136.897 300 89
0 396 137.118 300 89
0 396 137.322 300 89
0 396 137.546 300 89
0 396 137.811 300 89
0 396 138.081 300 89
0 396 138.293 300 89
0 396 138.502 300 89
0 396 138.911 300 89
0 396 139.075 300 89
0 396 139.333 300 89
0 396 139.487 300 89
0 396 139.906 300 89
0 396 140.077 300 89
0 396 140.226 300 89
0 396 140.394 300 89
0 396 140.719 300 89
0 396 140.948 300 89
0 396 141.17 300 89
0 396 141.362 300 89
0 396 141.519 300 89
0 396 141.818 300 89
0 396 142.134 300 89
0 396 142.321 300 89
0 396 142.545 300 89
0 396 142.746 300 89
0 396 142.914 300 89
0 396 143.126 300 89
0 396 143.335 300 89
0 396 143.504 300 89
0 396 143.708 300 89
0 396 143.919 300 89
0 396 144.164 300 89
0 396 144.41 300 89
0 396 144.596 300 89
0 396 144.755 300 89
0 396 145.044 300 89
0 396 145.26 300 89
0 396 145.412 300 89
0 396 145.559 300 89
0 396 145.78 300 89
0 396 145.935 300 89
0 396 146.131 300 89
0 396 146.389 300 89
0 396 146.621 300 89
0 396 146.922 300 89
0 396 147.065 300 89
0 396 147.239 300 89
0 396 147.404 300 89
0 396 147.663 300 89
0 396 147.871 300 89
0 396 148.024 300 89
0 396 148.274 300 89
0 396 148.589 300 89
0 396 148.803 300 89
0 396 148.969 300 89
0 396 149.19 300 89
0 396 149.437 300 89
0 396 149.629 300 89
0 396 149.939 300 89
0 396 150.204 300 89
0 396 150.521 300 89
0 396 150.738 300 89
0 396 151.089 300 89
0 396 151.308 300 89
0 396 151.477 300 89
0 396 151.68 300 89
0 396 151.945 300 89
0 396 152.168 300 89
0 396 152.374 300 89
0 396 152.579 300 89
0 396 152.775 300 89
0 396 153.048 300 89
0 396 153.272 300 89
0 396 153.485 300 89
0 396 153.702 300 89
0 396 153.917 300 89
0 396 154.116 300 89
0 396 154.279 300 89
0 396 154.602 300 89
0 396 154.993 300 89
0 396 155.155 300 89
0 396 155.38 300 89
0 396 155.552 300 89
0 396 155.871 300 89
0 396 156.035 300 89
0 396 156.292 300 89
0 396 156.507 300 89
0 396 156.666 300 89
0 396 156.884 300 89
0 396 157.036 300 89
0 396 157.312 300 89
0 396 157.574 300 89
0 396 157.871 300 89
0 396 158.067 300 89
0 396 158.392 300 89
0 396 158.613 300 89
0 396 158.888 300 89
0 396 159.159 300 89
0 396 159.414 300 89
0 396 159.63 300 89
0 396 159.892 300 89
0 396 160.15 300 89
0 396 160.458 300 89
0 396 160.707 300 89
0 396 160.873 300 89
0 396 161.074 300 89
0 396 161.308 300 89
0 396 161.59 300 89
0 396 161.89 300 89
0 396 162.161 300 89
0 396 162.367 300 89
0 396 162.678 300 89
0 396 162.837 300 89
0 396 162.957 300 89
0 396 163.139 300 89
0 396 163.328 300 89
0 396 163.55 300 89
0 396 163.848 300 89
0 396 164.136 300 89
0 396 164.356 300 89
0 396 164.557 300 89
0 396 164.816 300 89
0 396 164.963 300 89
0 396 165.261 300 89
0 396 165.411 300 89
0 396 165.63 300 89
0 396 165.794 300 89
0 396 166.087 300 89
0 396 166.294 300 89
0 396 166.663 300 89
0 396 166.853 300 89
0 396 167.203 300 89
0 396 167.441 300 89
0 396 167.684 300 89
0 396 167.879 300 89
0 396 168.075 300 89
0 396 168.287 300 89
0 396 168.659 300 89
0 396 169.03 300 89
0 396 169.163 300 89
0 396 169.362 300 89
0 396 169.575 300 89
0 396 169.719 300 89
0 396 169.916 300 89
0 396 170.107 300 89
0 396 170.299 300 89
0 396 170.521 300 89
0 396 170.835 300 89
0 396 171.093 300 89
0 396 171.247 300 89
0 396 171.451 300 89
0 396 171.69 300 89
0 396 171.842 300 89
0 396 172.054 300 89
0 396 172.315 300 89
0 396 172.467 300 89
0 396 172.657 300 89
0 396 172.881 300 89
0 396 173.08 300 89
0 396 173.339 300 89
0 396 173.593 300 89
0 396 173.747 300 89
0 396 173.96 300 89
0 396 174.163 300 89
0 396 174.381 300 89
0 396 174.621 300 89
0 396 174.832 300 89
0 396 175.048 300 89
0 396 175.293 300 89
0 396 175.502 300 89
0 396 175.757 300 89
0 396 176.011 300 89
0 396 176.206 300 89
0 396 176.386 300 89
0 396 176.641 300 89
0 396 176.798 300 89
0 396 177.045 300 89
0 396 177.251 300 89
0 396 177.4 300 89
0 396 177.61 300 89
0 396 177.763 300 89
0 396 177.927 300 89
0 396 178.132 300 89
0 396 178.428 300 89
0 396 178.578 300 89
0 396 178.791 300 89
0 396 178.956 300 89
0 396 179.18 300 89
0 396 179.426 300 89
0 396 179.666 300 89
0 396 179.879 300 89
0 396 180.088 300 89
0 396 180.363 300 89
0 396 180.716 300 89
0 396 180.856 300 89
0 396 181.054 300 89
0 396 181.312 300 89
0 396 181.509 300 89
0 396 181.762 300 89
0 396 181.921 300 89
0 396 182.124 300 89
0 396 182.33 300 89
0 396 182.492 300 89
0 396 182.769 300 89
0 396 183.04 300 89
0 396 183.203 300 89
0 396 183.418 300 89
0 396 183.703 300 89
0 396 183.958 300 89
0 396 184.179 300 89
0 396 184.399 300 89
0 396 184.565 300 89
0 396 184.716 300 89
0 396 184.985 300 89
0 396 185.198 300 89
0 396 185.434 300 89
0 396 185.603 300 89
0 396 185.815 300 89
0 396 186.074 300 89
0 396 186.36 300 89
0 396 186.571 300 89
0 396 186.851 300 89
0 396 187.006 300 89
0 396 187.259 300 89
0 396 187.424 300 89
0 396 187.565 300 89
0 396 187.772 300 89
0 396 187.919 300 89
0 396 188.193 300 89
0 396 188.432 300 89
0 396 188.6 300 89
0 396 188.861 300 89
0 396 189.017 300 89
0 396 189.297 300 89
0 396 189.614 300 89
0 396 189.931 300 89
0 396 190.21 300 89
0 396 190.384 300 89
0 396 190.864 300 89
0 396 191.134 300 89
0 396 191.29 300 89
0 396 191.58 300 89
0 396 191.792 300 89
0 396 191.997 300 89
0 396 192.302 300 89
0 396 192.507 300 89
0 396 192.785 300 89
0 396 193.019 300 89
0 396 193.18 300 89
0 396 193.388 300 89
0 396 193.599 300 89
0 396 193.804 300 89
0 396 194.018 300 89
0 396 194.327 300 89
0 396 194.543 300 89
0 396 194.849 300 89
0 396 195.111 300 89
0 396 195.264 300 89
0 396 195.509 300 89
0 396 195.755 300 89
0 396 195.941 300 89
0 396 196.088 300 89
0 396 196.349 300 89
0 396 196.557 300 89
0 396 196.78 300 89
0 396 196.939 300 89
0 396 197.081 300 89
0 396 197.321 300 89
0 396 197.488 300 89
0 396 197.688 300 89
0 396 197.912 300 89
0 396 198.131 300 89
0 396 198.342 300 89
0 396 198.518 300 89
0 396 198.711 300 89
0 396 198.866 300 89
0 396 199.126 300 89
0 396 199.343 300 89
0 396 199.545 300 89
0 396 199.769 300 89
0 396 199.972 300 89
0 396 200.263 300 89
0 396 200.505 300 89
0 396 200.712 300 89
0 396 200.882 300 89
0 396 201.144 300 89
0 396 201.41 300 89
0 396 201.561 300 89
0 396 201.758 300 89
0 396 202.063 300 89
0 396 202.236 300 89
0 396 202.436 300 89
0 396 202.605 300 89
0 396 202.801 300 89
0 396 203.008 300 89
0 396 203.203 300 89
0 396 203.515 300 89
0 396 203.761 300 89
0 396 203.919 300 89
0 396 204.107 300 89
0 396 204.269 300 89
0 396 204.475 300 89
0 396 204.682 300 89
0 396 204.835 300 89
0 396 205.003 300 89
0 396 205.152 300 89
0 396 205.351 300 89
0 396 205.573 300 89
0 396 205.898 300 89
0 396 206.053 300 89
0 396 206.263 300 89
0 396 206.415 300 89
0 396 206.623 300 89
0 396 206.785 300 89
0 396 207.043 300 89
0 396 207.259 300 89
0 396 207.465 300 89
0 396 207.692 300 89
0 396 207.973 300 89
0 396 208.139 300 89
0 396 208.378 300 89
0 396 208.624 300 89
0 396 208.781 300 89
0 396 209.069 300 89
0 396 209.302 300 89
0 396 209.506 300 89
0 396 209.76 300 89
0 396 210.055 300 89
0 396 210.373 300 89
0 396 210.688 300 89
0 396 210.945 300 89
0 396 211.123 300 89
0 396 211.374 300 89
0 396 211.604 300 89
0 396 211.81 300 89
0 396 212.21 300 89
0 396 212.484 300 89
0 396 212.694 300 89
0 396 212.878 300 89
0 396 213.049 300 89
0 396 213.395 300 89
0 396 213.562 300 89
0 396 213.826 300 89
0 396 214.104 300 89
0 396 214.357 300 89
0 396 214.525 300 89
0 396 214.745 300 89
0 396 214.919 300 89
0 396 215.257 300 89
0 396 215.496 300 89
0 396 215.825 300 89
0 396 216.095 300 89
0 396 216.429 300 89
0 396 216.599 300 89
0 396 216.799 300 89
0 396 217.022 300 89
0 396 217.245 300 89
0 396 217.606 300 89
0 396 217.94 300 89
0 396 218.242 300 89
0 396 218.511 300 89
0 396 218.801 300 89
0 396 219.012 300 89
0 396 219.162 300 89
0 396 219.46 300 89
0 396 219.713 300 89
0 396 219.893 300 89
0 396 220.126 300 89
0 396 220.451 300 89
0 396 220.915 300 89
0 396 221.095 300 89
0 396 221.323 300 89
0 396 221.511 300 89
0 396 221.783 300 89
0 396 222.045 300 89
0 396 222.28 300 89
0 396 222.454 300 89
0 396 222.787 300 89
0 396 223.02 300 89
0 396 223.259 300 89
0 396 223.532 300 89
0 396 223.796 300 89
0 396 224.163 300 89
0 396 224.552 300 89
0 396 224.804 300 89
0 396 225.199 300 89
0 396 225.527 300 89
0 396 225.723 300 89
0 396 225.938 300 89
0 396 226.098 300 89
0 396 226.328 300 89
0 396 226.603 300 89
0 396 226.869 300 89
0 396 227.075 300 89
0 396 227.244 300 89
0 396 227.524 300 89
0 396 227.79 300 89
0 396 228.005 300 89
0 396 228.234 300 89
0 396 228.455 300 89
0 396 228.625 300 89
0 396 228.862 300 89
0 396 229.103 300 89
0 396 229.327 300 89
0 396 229.5 300 89
0 396 229.739 300 89
0 396 230.028 300 89
0 396 230.166 300 89
0 396 230.34 300 89
0 396 230.507 300 89
0 396 230.767 300 89
0 396 231.149 300 89
0 396 231.428 300 89
0 396 231.816 300 89
0 396 232.094 300 89
0 396 232.384 300 89
0 396 232.681 300 89
0 396 232.9 300 89
0 396 233.095 300 89
0 396 233.254 300 89
0 396 233.432 300 89
0 396 233.596 300 89
0 396 233.786 300 89
0 396 233.989 300 89
0 396 234.307 300 89
0 396 234.534 300 89
0 396 234.801 300 89
0 396 235.081 300 89
0 396 235.247 300 89
0 396 235.519 300 89
0 396 235.739 300 89
0 396 235.959 300 89
0 396 236.173 300 89
0 396 236.395 300 89
0 396 236.586 300 89
0 396 236.851 300 89
0 396 237.19 300 89
0 396 237.365 300 89
0 396 237.527 300 89
0 396 237.739 300 89
0 396 238.025 300 89
0 396 238.336 300 89
0 396 238.612 300 89
0 396 238.872 300 89
0 396 239.165 300 89
0 396 239.345 300 89
0 396 239.633 300 89
0 396 239.797 300 89
0 396 240.095 300 89
0 396 240.322 300 89
0 396 240.683 300 89
0 396 240.947 300 89
0 396 241.283 300 89
0 396 241.589 300 89
0 396 241.792 300 89
0 396 242.044 300 89
0 396 242.23 300 89
0 396 242.467 300 89
0 396 242.7 300 89
0 396 242.927 300 89
0 396 243.094 300 89
0 396 243.25 300 89
0 396 243.465 300 89
0 396 243.674 300 89
0 396 243.842 300 89
0 396 244.081 300 89
0 396 244.241 300 89
0 396 244.556 300 89
0 396 244.951 300 89
0 396 245.226 300 89
0 396 245.374 300 89
0 396 245.65 300 89
0 396 245.884 300 89
0 396 246.054 300 89
0 396 246.435 300 89
0 396 246.677 300 89
0 396 246.974 300 89
0 396 247.272 300 89
0 396 247.633 300 89
0 396 247.896 300 89
0 396 248.169 300 89
0 396 248.325 300 89
0 396 248.496 300 89
0 396 248.708 300 89
0 396 248.946 300 89
0 396 249.215 300 89
0 396 249.431 300 89
0 396 249.592 300 89
0 396 249.853 300 89
0 396 250.081 300 89
0 396 250.25 300 89
0 396 250.511 300 89
0 396 250.814 300 89
0 396 251.086 300 89
0 396 251.354 300 89
0 396 251.685 300 89
0 396 251.97 300 89
0 396 252.232 300 89
0 396 252.473 300 89
0 396 252.648 300 89
0 396 252.885 300 89
0 396 253.166 300 89
0 396 253.524 300 89
0 396 253.76 300 89
0 396 254.018 300 89
0 396 254.249 300 89
0 396 254.468 300 89
0 396 254.763 300 89
0 396 255.085 300 89
0 396 255.429 300 89
0 396 255.592 300 89
0 396 255.843 300 89
0 396 256.002 300 89
0 396 256.167 300 89
0 396 256.314 300 89
0 396 256.538 300 89
0 396 256.746 300 89
0 396 256.977 300 89
0 396 257.205 300 89
0 396 257.461 300 89
0 396 257.747 300 89
0 396 257.942 300 89
0 396 258.11 300 89
0 396 258.345 300 89
0 396 258.581 300 89
0 396 258.741 300 89
0 396 259.016 300 89
0 396 259.228 300 89
0 396 259.45 300 89
0 396 259.623 300 89
0 396 259.862 300 89
0 396 260.141 300 89
0 396 260.365 300 89
0 396 260.761 300 89
0 396 260.944 300 89
0 396 261.245 300 89
0 396 261.481 300 89
0 396 261.677 300 89
0 396 262.095 300 89
0 396 262.349 300 89
0 396 262.646 300 89
0 396 262.944 300 89
0 396 263.098 300 89
0 396 263.325 300 89
0 396 263.492 300 89
0 396 263.878 300 89
0 396 264.118 300 89
0 396 264.364 300 89
0 396 264.593 300 89
0 396 264.872 300 89
0 396 265.083 300 89
0 396 265.413 300 89
0 396 265.697 300 89
0 396 265.992 300 89
0 396 266.155 300 89
0 396 266.427 300 89
0 396 266.628 300 89
0 396 266.844 300 89
0 396 267.114 300 89
0 396 267.447 300 89
0 396 267.681 300 89
0 396 268.012 300 89
0 396 268.422 300 89
0 396 268.665 300 89
0 396 268.905 300 89
0 396 269.235 300 89
0 396 269.411 300 89
0 396 269.639 300 89
0 396 269.89 300 89
0 396 270.301 300 89
0 396 270.49 300 89
0 396 270.649 300 89
0 396 270.875 300 89
0 396 271.267 300 89
0 396 271.452 300 89
0 396 271.691 300 89
0 396 271.904 300 89
0 396 272.19 300 89
0 396 272.42 300 89
0 396 272.639 300 89
0 396 272.862 300 89
0 396 273.027 300 89
0 396 273.381 300 89
0 396 273.538 300 89
0 396 273.751 300 89
0 396 273.988 300 89
0 396 274.272 300 89
0 396 274.491 300 89
0 396 274.754 300 89
0 396 274.963 300 89
0 396 275.11 300 89
0 396 275.325 300 89
0 396 275.653 300 89
0 396 275.892 300 89
0 396 276.086 300 89
0 396 276.231 300 89
0 396 276.659 300 89
0 396 276.899 300 89
0 396 277.125 300 89
0 396 277.33 300 89
0 396 277.546 300 89
0 396 277.799 300 89
0 396 277.96 300 89
0 396 278.287 300 89
0 396 278.555 300 89
0 396 278.916 300 89
0 396 279.129 300 89
0 396 279.418 300 89
0 396 279.603 300 89
0 396 279.819 300 89
0 396 280.018 300 89
0 396 280.246 300 89
0 396 280.447 300 89
0 396 280.742 300 89
0 396 280.957 300 89
0 396 281.172 300 89
0 396 281.465 300 89
0 396 281.639 300 89
0 396 281.854 300 89
0 396 282.088 300 89
0 396 282.305 300 89
0 396 282.538 300 89
0 396 282.771 300 89
0 396 283.009 300 89
0 396 283.233 300 89
0 396 283.479 300 89
0 396 283.726 300 89
0 396 284.028 300 89
0 396 284.272 300 89
0 396 284.446 300 89
0 396 284.763 300 89
0 396 285.099 300 89
0 396 285.37 300 89
0 396 285.537 300 89
0 396 285.812 300 89
0 396 286.064 300 89
0 396 286.327 300 89
0 396 286.561 300 89
0 396 286.744 300 89
0 396 286.909 300 89
0 396 287.075 300 89
0 396 287.301 300 89
0 396 287.607 300 89
0 396 287.823 300 89
0 396 288.028 300 89
0 396 288.253 300 89
0 396 288.537 300 89
0 396 288.771 300 89
0 396 288.953 300 89
0 396 289.256 300 89
0 396 289.529 300 89
0 396 289.76 300 89
0 396 289.99 300 89
0 396 290.16 300 89
0 396 290.388 300 89
0 396 290.656 300 89
0 396 290.904 300 89
0 396 291.139 300 89
0 396 291.364 300 89
0 396 291.697 300 89
0 396 292.017 300 89
0 396 292.278 300 89
0 396 292.543 300 89
0 396 292.766 300 89
0 396 292.931 300 89
0 396 293.246 300 89
0 396 293.46 300 89
0 396 293.745 300 89
0 396 294.041 300 89
0 396 294.211 300 89
0 396 294.443 300 89
0 396 294.667 300 89
0 396 294.831 300 89
0 396 295.024 300 89
0 396 295.239 300 89
0 396 295.517 300 89
0 396 295.683 300 89
0 396 295.935 300 89
0 396 296.151 300 89
0 396 296.364 300 89
0 396 296.531 300 89
0 396 296.775 300 89
0 396 296.928 300 89
0 396 297.096 300 89
0 396 297.343 300 89
0 396 297.539 300 89
0 396 297.748 300 89
0 396 297.983 300 89
0 396 298.413 300 89
0 396 298.649 300 89
0 396 298.835 300 89
0 396 299.063 300 89
0 396 299.227 300 89
0 396 299.404 300 89
0 396 299.677 300 89
0 396 299.971 300 89
0 396 300.249 300 89
0 396 300.543 300 89
0 396 300.743 300 89
0 396 300.963 300 89
0 396 301.18 300 89
0 396 301.339 300 89
0 396 301.555 300 89
0 396 301.753 300 89
0 396 301.926 300 89
0 396 302.082 300 89
0 396 302.278 300 89
0 396 302.537 300 89
0 396 302.799 300 89
0 396 303.017 300 89
0 396 303.176 300 89
0 396 303.433 300 89
0 396 303.736 300 89
0 396 303.896 300 89
0 396 304.137 300 89
0 396 304.434 300 89
0 396 304.638 300 89
0 396 304.887 300 89
0 396 305.092 300 89
0 396 305.463 300 89
0 396 305.807 300 89
0 396 306.015 300 89
0 396 306.413 300 89
0 396 306.663 300 89
0 396 306.889 300 89
0 396 307.146 300 89
0 396 307.375 300 89
0 396 307.66 300 89
0 396 307.919 300 89
0 396 308.073 300 89
0 396 308.32 300 89
0 396 308.479 300 89
0 396 308.671 300 89
0 396 308.928 300 89
0 396 309.141 300 89
0 396 309.411 300 89
0 396 309.68 300 89
0 396 309.883 300 89
0 396 310.024 300 89
0 396 310.223 300 89
0 396 310.43 300 89
0 396 310.693 300 89
0 396 310.907 300 89
0 396 311.246 300 89
0 390.4 311.356 89
0 390.4 311.461 300 89
0 390.4 311.67 300 89
0 390.4 311.874 300 89
0 390.4 312.061 300 89
0 390.4 312.253 300 89
0 390.4 312.459 300 89
0 390.4 312.766 300 89
0 390.4 313.058 300 89
0 390.4 313.214 300 89
0 390.4 313.55 300 89
0 390.4 313.763 300 89
0 390.4 313.917 300 89
0 390.4 314.11 300 89
0 390.4 314.316 300 89
0 390.4 314.519 300 89
0 390.4 314.774 300 89
0 390.4 314.945 300 89
0 390.4 315.205 300 89
0 390.4 315.339 300 89
0 390.4 315.534 300 89
0 390.4 315.769 300 89
0 390.4 315.921 300 89
0 390.4 316.29 300 89
0 390.4 316.633 300 89
0 390.4 316.921 300 89
0 390.4 317.134 300 89
0 390.4 317.436 300 89
0 390.4 317.607 300 89
0 390.4 317.847 300 89
0 390.4 318.026 300 89
0 390.4 318.225 300 89
0 390.4 318.422 300 89
0 390.4 318.63 300 89
0 390.4 318.861 300 89
0 390.4 318.999 300 89
0 390.4 319.154 300 89
0 390.4 319.286 300 89
0 390.4 319.492 300 89
0 390.4 319.707 300 89
0 390.4 319.907 300 89
0 390.4 320.068 300 89
0 390.4 320.217 300 89
0 390.4 320.55 300 89
0 390.4 320.769 300 89
0 390.4 321.013 300 89
0 390.4 321.282 300 89
0 390.4 321.441 300 89
0 390.4 321.646 300 89
0 390.4 321.845 300 89
0 390.4 322.125 300 89
0 390.4 322.384 300 89
0 390.4 322.585 300 89
0 390.4 322.726 300 89
0 390.4 323.027 300 89
0 390.4 323.246 300 89
0 390.4 323.453 300 89
0 390.4 323.598 300 89
0 390.4 323.907 300 89
0 390.4 324.102 300 89
0 390.4 324.345 300 89
0 390.4 324.556 300 89
0 390.4 324.772 300 89
0 390.4 325.013 300 89
0 390.4 325.252 300 89
0 390.4 325.465 300 89
0 390.4 325.623 300 89
0 390.4 325.777 300 89
0 390.4 325.982 300 89
0 390.4 326.19 300 89
0 390.4 326.354 300 89
0 390.4 326.568 300 89
0 390.4 326.783 300 89
0 390.4 327.071 300 89
0 390.4 327.225 300 89
0 390.4 327.505 300 89
0 390.4 327.701 300 89
0 390.4 327.902 300 89
0 390.4 328.321 300 89
0 390.4 328.485 300 89
0 390.4 328.625 300 89
0 390.4 328.783 300 89
0 390.4 329.039 300 89
0 390.4 329.273 300 89
0 390.4 329.486 300 89
0 390.4 329.696 300 89
0 390.4 329.906 300 89
0 390.4 330.073 300 89
0 390.4 330.379 300 89
0 390.4 330.634 300 89
0 390.4 330.98 300 89
0 390.4 331.177 300 89
0 390.4 331.445 300 89
0 390.4 331.651 300 89
0 390.4 331.914 300 89
0 390.4 332.086 300 89
0 390.4 332.347 300 89
0 390.4 332.549 300 89
0 390.4 332.851 300 89
0 390.4 333.056 300 89
0 390.4 333.212 300 89
0 390.4 333.473 300 89
0 390.4 333.657 300 89
0 390.4 334.024 300 89
0 390.4 334.181 300 89
0 390.4 334.488 300 89
0 390.4 334.771 300 89
0 390.4 334.943 300 89
0 390.4 335.157 300 89
0 390.4 335.369 300 89
0 390.4 335.575 300 89
0 390.4 335.717 300 89
0 390.4 336.019 300 89
0 390.4 336.173 300 89
0 390.4 336.392 300 89
0 390.4 336.603 300 89
0 390.4 336.816 300 89
0 390.4 337.013 300 89
0 390.4 337.163 300 89
0 390.4 337.493 300 89
0 390.4 337.662 300 89
0 390.4 337.868 300 89
0 390.4 338.15 300 89
0 390.4 338.45 300 89
0 390.4 338.7 300 89
0 390.4 338.845 300 89
0 390.4 339.185 300 89
0 390.4 339.497 300 89
0 390.4 339.685 300 89
0 390.4 339.905 300 89
0 390.4 340.147 300 89
0 390.4 340.302 300 89
0 390.4 340.639 300 89
0 390.4 340.896 300 89
0 390.4 341.198 300 89
0 390.4 341.524 300 89
0 390.4 341.788 300 89
0 390.4 341.999 300 89
0 390.4 342.221 300 89
0 390.4 342.392 300 89
0 390.4 342.54 300 89
0 390.4 342.742 300 89
0 390.4 342.959 300 89
0 390.4 343.158 300 89
0 390.4 343.412 300 89
0 390.4 343.625 300 89
0 390.4 343.834 300 89
0 390.4 344.024 300 89
0 390.4 344.233 300 89
0 390.4 344.546 300 89
0 390.4 344.75 300 89
0 390.4 344.957 300 89
0 390.4 345.171 300 89
0 390.4 345.512 300 89
0 390.4 345.753 300 89
0 390.4 345.916 300 89
0 390.4 346.062 300 89
0 390.4 346.229 300 89
0 390.4 346.412 300 89
0 390.4 346.629 300 89
0 390.4 346.995 300 89
0 390.4 347.229 300 89
0 390.4 347.457 300 89
0 390.4 347.641 300 89
0 390.4 347.869 300 89
0 390.4 348.039 300 89
0 390.4 348.179 300 89
0 390.4 348.342 300 89
0 390.4 348.439 300 89
0 390.4 348.615 300 89
0 390.4 348.749 300 89
0 390.4 348.953 300 89
0 390.4 349.091 300 89
0 390.4 349.316 300 89
0 390.4 349.471 300 89
0 390.4 349.584 300 89
0 390.4 349.768 300 89
0 390.4 349.871 300 89
0 390.4 350.036 300 89
0 390.4 350.205 300 89
0 390.4 350.347 300 89
0 390.4 350.482 300 89
0 390.4 350.585 300 89
0 390.4 350.722 300 89
0 390.4 350.894 300 89
0 390.4 351.065 300 89
0 390.4 351.176 300 89
0 390.4 351.449 300 89
0 390.4 351.542 300 89
0 390.4 351.687 300 89
0 390.4 351.836 300 89
0 390.4 352.012 300 89
0 390.4 352.155 300 89
0 390.4 352.358 300 89
0 390.4 352.464 300 89
0 390.4 352.606 300 89
0 390.4 352.743 300 89
0 390.4 352.836 300 89
0 390.4 352.965 300 89
0 390.4 353.195 300 89
0 390.4 353.374 300 89
0 390.4 353.481 300 89
0 390.4 353.589 300 89
0 390.4 353.738 300 89
0 390.4 353.881 300 89
0 390.4 354.006 300 89
0 390.4 354.143 300 89
0 390.4 354.282 300 89
0 390.4 354.389 300 89
0 390.4 354.524 300 89
0 390.4 354.666 300 89
0 390.4 354.83 300 89
0 390.4 355.048 300 89
0 390.4 355.149 300 89
0 390.4 355.293 300 89
0 390.4 355.428 300 89
0 390.4 355.643 300 89
0 390.4 355.884 300 89
0 390.4 356.085 300 89
0 390.4 356.237 300 89
0 390.4 356.428 300 89
0 390.4 356.598 300 89
0 390.4 356.741 300 89
0 390.4 356.899 300 89
0 390.4 357.146 300 89
0 390.4 357.444 300 89
0 390.4 357.843 300 89
0 390.4 358.057 300 89
0 390.4 358.349 300 89
0 390.4 358.589 300 89
0 390.4 358.846 300 89
0 390.4 359.015 300 89
0 390.4 359.351 300 89
0 390.4 359.724 300 89
0 390.4 359.976 300 89
0 390.4 360.236 300 89
0 390.4 360.493 300 89
0 390.4 360.798 300 89
0 390.4 360.952 300 89
0 390.4 361.26 300 89
0 390.4 361.462 300 89
0 390.4 361.685 300 89
0 390.4 361.94 300 89
0 390.4 362.142 300 89
0 390.4 362.421 300 89
0 390.4 362.56 300 89
0 390.4 362.812 300 89
0 390.4 363.023 300 89
0 390.4 363.389 300 89
0 390.4 363.744 300 89
0 390.4 363.981 300 89
0 390.4 364.183 300 89
0 390.4 364.396 300 89
0 390.4 364.588 300 89
0 390.4 364.802 300 89
0 390.4 364.961 300 89
0 390.4 365.156 300 89
0 390.4 365.425 300 89
0 390.4 365.617 300 89
0 390.4 365.786 300 89
0 390.4 366.034 300 89
0 390.4 366.182 300 89
0 390.4 366.364 300 89
0 390.4 366.716 300 89
0 390.4 366.954 300 89
0 390.4 367.188 300 89
0 390.4 367.409 300 89
0 390.4 367.769 300 89
0 390.4 367.916 300 89
0 390.4 368.129 300 89
0 390.4 368.417 300 89
0 390.4 368.712 300 89
0 390.4 368.909 300 89
0 390.4 369.112 300 89
0 390.4 369.319 300 89
0 390.4 369.506 300 89
0 390.4 369.718 300 89
0 390.4 369.948 300 89
0 390.4 370.293 300 89
0 390.4 370.661 300 89
0 390.4 370.877 300 89
0 390.4 371.121 300 89
0 390.4 371.286 300 89
0 390.4 371.476 300 89
0 390.4 371.682 300 89
0 390.4 371.927 300 89
0 390.4 372.174 300 89
0 390.4 372.367 300 89
0 390.4 372.611 300 89
0 390.4 372.922 300 89
0 390.4 373.212 300 89
0 390.4 373.37 300 89
0 390.4 373.642 300 89
0 390.4 374.006 300 89
0 390.4 374.291 300 89
0 390.4 374.508 300 89
0 390.4 374.702 300 89
0 390.4 374.949 300 89
0 390.4 375.21 300 89
0 390.4 375.554 300 89
0 390.4 375.772 300 89
0 390.4 375.986 300 89
0 390.4 376.134 300 89
0 390.4 376.286 300 89
0 390.4 376.489 300 89
0 390.4 376.639 300 89
0 390.4 376.829 300 89
0 390.4 377.043 300 89
0 390.4 377.315 300 89
0 390.4 377.507 300 89
0 390.4 377.667 300 89
0 390.4 377.872 300 89
0 390.4 378.089 300 89
0 390.4 378.237 300 89
0 390.4 378.39 300 89
0 390.4 378.618 300 89
0 390.4 378.78 300 89
0 390.4 379.036 300 89
0 390.4 379.249 300 89
0 390.4 379.46 300 89
0 390.4 379.616 300 89
0 390.4 379.917 300 89
0 390.4 380.129 300 89
0 390.4 380.345 300 89
0 390.4 380.496 300 89
0 390.4 380.736 300 89
0 390.4 380.898 300 89
0 390.4 381.118 300 89
0 390.4 381.475 300 89
0 390.4 381.776 300 89
0 390.4 381.93 300 89
0 390.4 382.219 300 89
0 390.4 382.508 300 89
0 390.4 382.72 300 89
0 390.4 382.861 300 89
0 390.4 383.129 300 89
0 390.4 383.443 300 89
0 390.4 383.741 300 89
0 390.4 383.905 300 89
0 390.4 384.098 300 89
0 390.4 384.297 300 89
0 390.4 384.458 300 89
0 390.4 384.717 300 89
0 390.4 384.939 300 89
0 390.4 385.14 300 89
0 390.4 385.36 300 89
0 390.4 385.553 300 89
0 390.4 385.705 300 89
0 390.4 385.87 300 89
0 390.4 386.069 300 89
0 390.4 386.231 300 89
0 390.4 386.437 300 89
0 390.4 386.709 300 89
0 390.4 386.912 300 89
0 390.4 387.214 300 89
0 390.4 387.369 300 89
0 390.4 387.519 300 89
0 390.4 387.765 300 89
0 390.4 388.02 300 89
0 390.4 388.217 300 89
0 390.4 388.534 300 89
0 390.4 388.757 300 89
0 390.4 388.979 300 89
0 390.4 389.29 300 89
0 390.4 389.495 300 89
0 390.4 389.805 300 89
0 390.4 390.061 300 89
0 390.4 390.308 300 89
0 390.4 390.499 300 89
0 390.4 390.711 300 89
0 390.4 390.911 300 89
0 390.4 391.116 300 89
0 390.4 391.366 300 89
0 390.4 391.585 300 89
0 390.4 391.76 300 89
0 390.4 391.988 300 89
0 390.4 392.206 300 89
0 390.4 392.506 300 89
0 390.4 392.759 300 89
0 390.4 392.903 300 89
0 390.4 393.07 300 89
0 390.4 393.34 300 89
0 390.4 393.51 300 89
0 390.4 393.797 300 89
0 390.4 394.058 300 89
0 390.4 394.306 300 89
0 390.4 394.479 300 89
0 390.4 394.732 300 89
0 390.4 394.989 300 89
0 390.4 395.273 300 89
0 390.4 395.53 300 89
0 390.4 395.77 300 89
0 390.4 395.98 300 89
0 390.4 396.143 300 89
0 390.4 396.396 300 89
0 390.4 396.694 300 89
0 390.4 396.897 300 89
0 390.4 397.105 300 89
0 390.4 397.365 300 89
0 390.4 397.564 300 89
0 390.4 397.821 300 89
0 390.4 398.039 300 89
0 390.4 398.332 300 89
0 390.4 398.614 300 89
0 390.4 398.858 300 89
0 390.4 399.112 300 89
0 390.4 399.347 300 89
0 390.4 399.511 300 89
0 390.4 399.713 300 89
0 390.4 399.905 300 89
0 390.4 400.17 300 89
0 390.4 400.413 300 89
0 390.4 400.588 300 89
0 390.4 400.813 300 89
0 390.4 400.995 300 89
0 390.4 401.192 300 89
0 390.4 401.44 300 89
0 390.4 401.661 300 89
0 390.4 401.82 300 89
0 390.4 402.082 300 89
0 390.4 402.278 300 89
0 390.4 402.431 300 89
0 390.4 402.723 300 89
0 390.4 402.92 300 89
0 390.4 403.126 300 89
0 390.4 403.322 300 89
0 390.4 403.47 300 89
0 390.4 403.672 300 89
0 390.4 403.81 300 89
0 390.4 403.975 300 89
0 390.4 404.089 300 89
0 390.4 404.236 300 89
0 390.4 404.485 300 89
0 390.4 404.599 300 89
0 390.4 404.741 300 89
0 390.4 404.878 300 89
0 390.4 404.989 300 89
0 390.4 405.09 300 89
0 390.4 405.204 300 89
0 390.4 405.347 300 89
0 390.4 405.525 300 89
0 390.4 405.627 300 89
0 390.4 405.778 300 89
0 390.4 405.962 300 89
0 390.4 406.068 300 89
0 390.4 406.22 300 89
0 390.4 406.406 300 89
0 390.4 406.558 300 89
0 390.4 406.788 300 89
0 390.4 406.93 300 89
0 390.4 407.074 300 89
0 390.4 407.281 300 89
0 390.4 407.417 300 89
0 390.4 407.521 300 89
0 390.4 407.728 300 89
0 390.4 407.868 300 89
0 390.4 407.998 300 89
0 390.4 408.143 300 89
0 390.4 408.259 300 89
0 390.4 408.429 300 89
0 390.4 408.578 300 89
0 390.4 408.759 300 89
0 390.4 408.904 300 89
0 390.4 409.012 300 89
0 390.4 409.2 300 89
0 390.4 409.375 300 89
0 390.4 409.507 300 89
0 390.4 409.74 300 89
0 390.4 409.849 300 89
0 390.4 409.992 300 89
0 390.4 410.178 300 89
0 390.4 410.316 300 89
0 390.4 410.488 300 89
0 390.4 410.589 300 89
0 390.4 410.77 300 89
0 390.4 410.873 300 89
0 390.4 410.971 300 89
0 390.4 411.174 300 89
0 390.4 411.293 300 89
0 390.4 411.489 300 89
0 390.4 411.799 300 89
0 390.4 411.941 300 89
0 390.4 412.083 300 89
0 390.4 412.332 300 89
0 390.4 412.549 300 89
0 390.4 412.751 300 89
0 390.4 412.981 300 89
0 390.4 413.147 300 89
0 390.4 413.374 300 89
0 390.4 413.629 300 89
0 390.4 413.76 300 89
0 390.4 413.967 300 89
0 390.4 414.18 300 89
0 390.4 414.432 300 89
0 390.4 414.694 300 89
0 390.4 414.948 300 89
0 390.4 415.135 300 89
0 390.4 415.336 300 89
0 390.4 415.581 300 89
0 390.4 415.981 300 89
0 390.4 416.188 300 89
0 390.4 416.459 300 89
0 390.4 416.633 300 89
0 390.4 416.825 300 89
0 390.4 417.071 300 89
0 390.4 417.266 300 89
0 390.4 417.565 300 89
0 390.4 417.767 300 89
0 390.4 418.025 300 89
0 390.4 418.215 300 89
0 390.4 418.449 300 89
0 390.4 418.658 300 89
0 390.4 418.855 300 89
0 390.4 419.055 300 89
0 390.4 419.345 300 89
0 390.4 419.509 300 89
0 390.4 419.706 300 89
0 390.4 419.872 300 89
0 390.4 420.029 300 89
0 390.4 420.245 300 89
0 390.4 420.415 300 89
0 390.4 420.567 300 89
0 390.4 420.762 300 89
0 390.4 421.124 300 89
0 390.4 421.466 300 89
0 390.4 421.712 300 89
0 390.4 421.94 300 89
0 390.4 422.146 300 89
0 390.4 422.41 300 89
0 390.4 422.615 300 89
0 390.4 422.773 300 89
0 390.4 423.026 300 89
0 390.4 423.181 300 89
0 390.4 423.455 300 89
0 390.4 423.619 300 89
0 390.4 423.94 300 89
0 390.4 424.283 300 89
0 390.4 424.505 300 89
0 390.4 424.689 300 89
0 390.4 424.866 300 89
0 390.4 425.052 300 89
0 390.4 425.267 300 89
0 390.4 425.404 300 89
0 390.4 425.525 300 89
0 390.4 425.743 300 89
0 390.4 425.943 300 89
0 390.4 426.088 300 89
0 390.4 426.237 300 89
0 390.4 426.428 300 89
0 390.4 426.67 300 89
0 390.4 427.009 300 89
0 390.4 427.153 300 89
0 390.4 427.421 300 89
0 390.4 427.771 300 89
0 390.4 427.984 300 89
0 390.4 428.133 300 89
0 390.4 428.333 300 89
0 390.4 428.521 300 89
0 390.4 428.672 300 89
0 390.4 428.817 300 89
0 390.4 428.982 300 89
0 390.4 429.188 300 89
0 390.4 429.391 300 89
0 390.4 429.552 300 89
0 390.4 429.696 300 89
0 390.4 429.864 300 89
0 390.4 430.051 300 89
0 390.4 430.249 300 89
0 390.4 430.403 300 89
0 390.4 430.557 300 89
0 390.4 430.818 300 89
0 390.4 431.018 300 89
0 390.4 431.272 300 89
0 390.4 431.482 300 89
0 390.4 431.636 300 89
0 390.4 431.872 300 89
0 390.4 432.038 300 89
0 390.4 432.238 300 89
0 390.4 432.388 300 89
0 390.4 432.598 300 89
0 390.4 432.876 300 89
0 390.4 433.032 300 89
0 390.4 433.251 300 89
0 390.4 433.462 300 89
0 390.4 433.723 300 89
0 390.4 433.874 300 89
0 390.4 434.255 300 89
0 390.4 434.466 300 89
0 390.4 434.788 300 89
0 390.4 434.988 300 89
0 390.4 435.164 300 89
0 390.4 435.438 300 89
0 390.4 435.664 300 89
0 390.4 435.762 300 89
0 390.4 435.989 300 89
0 390.4 436.347 300 89
0 390.4 436.646 300 89
0 390.4 436.851 300 89
0 390.4 437.004 300 89
0 390.4 437.209 300 89
0 390.4 437.479 300 89
0 390.4 437.879 300 89
0 390.4 438.166 300 89
0 390.4 438.549 300 89
0 390.4 438.764 300 89
0 390.4 438.99 300 89
0 390.4 439.205 300 89
0 390.4 439.422 300 89
0 390.4 439.623 300 89
0 390.4 439.795 300 89
0 390.4 440.018 300 89
0 390.4 440.174 300 89
0 390.4 440.461 300 89
0 390.4 440.894 300 89
0 390.4 441.056 300 89
0 390.4 441.258 300 89
0 390.4 441.444 300 89
0 390.4 441.588 300 89
0 390.4 441.782 300 89
0 390.4 442.037 300 89
0 390.4 442.301 300 89
0 390.4 442.514 300 89
0 390.4 442.752 300 89
0 390.4 443.011 300 89
0 390.4 443.159 300 89
0 390.4 443.315 300 89
0 390.4 443.524 300 89
0 390.4 443.786 300 89
0 390.4 444.035 300 89
0 390.4 444.288 300 89
0 390.4 444.521 300 89
0 390.4 444.686 300 89
0 390.4 444.85 300 89
0 390.4 445.109 300 89
0 390.4 445.272 300 89
0 390.4 445.46 300 89
0 390.4 445.664 300 89
0 390.4 445.917 300 89
0 390.4 446.09 300 89
0 390.4 446.304 300 89
0 390.4 446.6 300 89
0 390.4 446.854 300 89
0 390.4 447.159 300 89
0 390.4 447.356 300 89
0 390.4 447.621 300 89
0 390.4 447.769 300 89
0 390.4 447.981 300 89
0 390.4 448.335 300 89
0 390.4 448.571 300 89
0 390.4 448.79 300 89
0 390.4 449.016 300 89
0 390.4 449.188 300 89
0 390.4 449.385 300 89
0 390.4 449.694 300 89
0 390.4 449.898 300 89
0 390.4 450.153 300 89
0 390.4 450.312 300 89
0 390.4 450.607 300 89
0 390.4 450.925 300 89
0 390.4 451.133 300 89
0 390.4 451.302 300 89
0 390.4 451.507 300 89
0 390.4 451.705 300 89
0 390.4 451.91 300 89
0 390.4 452.057 300 89
0 390.4 452.266 300 89
0 390.4 452.466 300 89
0 390.4 452.663 300 89
0 390.4 452.851 300 89
0 390.4 453.079 300 89
0 390.4 453.222 300 89
0 390.4 453.467 300 89
0 390.4 453.679 300 89
0 390.4 453.891 300 89
0 390.4 454.146 300 89
0 390.4 454.31 300 89
0 390.4 454.558 300 89
0 390.4 454.769 300 89
0 390.4 454.99 300 89
0 390.4 455.191 300 89
0 390.4 455.416 300 89
0 390.4 455.633 300 89
0 390.4 455.849 300 89
0 390.4 456.082 300 89
0 390.4 456.232 300 89
0 390.4 456.536 300 89
0 390.4 456.699 300 89
0 390.4 457.011 300 89
0 390.4 457.362 300 89
0 390.4 457.524 300 89
0 390.4 457.716 300 89
0 390.4 457.872 300 89
0 390.4 458.149 300 89
0 390.4 458.361 300 89
0 390.4 458.53 300 89
0 390.4 458.703 300 89
0 390.4 458.87 300 89
0 390.4 459.028 300 89
0 390.4 459.248 300 89
0 390.4 459.472 300 89
0 390.4 459.683 300 89
0 390.4 459.897 300 89
0 390.4 460.052 300 89
0 390.4 460.31 300 89
0 390.4 460.514 300 89
0 390.4 460.791 300 89
0 390.4 460.948 300 89
0 390.4 461.262 300 89
0 390.4 461.516 300 89
0 390.4 461.75 300 89
0 390.4 461.955 300 89
0 390.4 462.26 300 89
0 390.4 462.429 300 89
0 390.4 462.63 300 89
0 390.4 462.853 300 89
0 390.4 463.001 300 89
0 390.4 463.22 300 89
0 390.4 463.382 300 89
0 390.4 463.582 300 89
0 390.4 463.84 300 89
0 390.4 464.071 300 89
0 390.4 464.38 300 89
0 390.4 464.644 300 89
0 390.4 464.937 300 89
0 390.4 465.252 300 89
0 390.4 465.411 300 89
0 390.4 465.575 300 89
0 390.4 465.988 300 89
0 390.4 466.188 300 89
0 390.4 466.356 300 89
0 390.4 466.52 300 89
0 390.4 466.719 300 89
0 390.4 466.926 300 89
0 390.4 467.126 300 89
0 390.4 467.383 300 89
0 390.4 467.624 300 89
0 390.4 467.823 300 89
0 390.4 467.986 300 89
0 390.4 468.152 300 89
0 390.4 468.409 300 89
0 390.4 468.558 300 89
0 390.4 468.857 300 89
0 390.4 469.064 300 89
0 390.4 469.289 300 89
0 390.4 469.474 300 89
0 390.4 469.751 300 89
0 390.4 469.943 300 89
0 390.4 470.154 300 89
0 390.4 470.422 300 89
0 390.4 470.658 300 89
0 390.4 470.81 300 89
0 390.4 471.065 300 89
0 390.4 471.276 300 89
0 390.4 471.495 300 89
0 390.4 471.704 300 89
0 390.4 472.007 300 89
0 390.4 472.232 300 89
0 390.4 472.399 300 89
0 390.4 472.613 300 89
0 390.4 472.829 300 89
0 390.4 472.988 300 89
0 390.4 473.186 300 89
0 390.4 473.486 300 89
0 390.4 473.697 300 89
0 390.4 473.957 300 89
0 390.4 474.259 300 89
0 390.4 474.463 300 89
0 390.4 474.665 300 89
0 390.4 474.819 300 89
0 390.4 475.091 300 89
0 390.4 475.352 300 89
0 390.4 475.549 300 89
0 390.4 475.841 300 89
0 390.4 476.105 300 89
0 390.4 476.328 300 89
0 390.4 476.53 300 89
0 390.4 476.79 300 89
0 390.4 477.091 300 89
0 390.4 477.433 300 89
0 390.4 477.657 300 89
0 390.4 477.914 300 89
0 390.4 478.07 300 89
0 390.4 478.277 300 89
0 390.4 478.452 300 89
0 390.4 478.752 300 89
0 390.4 478.934 300 89
0 390.4 479.159 300 89
0 390.4 479.358 300 89
0 390.4 479.576 300 89
0 390.4 479.782 300 89
0 390.4 480.045 300 89
0 390.4 480.289 300 89
0 390.4 480.525 300 89
0 390.4 480.797 300 89
0 390.4 481.037 300 89
0 390.4 481.185 300 89
0 390.4 481.39 300 89
0 390.4 481.593 300 89
0 390.4 481.774 300 89
0 390.4 482 300 89
0 390.4 482.216 300 89
0 390.4 482.325 300 89
0 390.4 482.481 300 89
0 390.4 482.65 300 89
0 390.4 482.901 300 89
0 390.4 483.298 300 89
0 390.4 483.663 300 89
0 390.4 483.9 300 89
0 390.4 484.214 300 89
0 390.4 484.549 300 89
0 390.4 484.764 300 89
0 390.4 485.15 300 89
0 390.4 485.419 300 89
0 390.4 485.623 300 89
0 390.4 485.828 300 89
0 390.4 486.011 300 89
0 390.4 486.167 300 89
0 390.4 486.384 300 89
0 390.4 486.639 300 89
0 390.4 486.795 300 89
0 390.4 487.003 300 89
0 390.4 487.166 300 89
0 390.4 487.429 300 89
0 390.4 487.651 300 89
0 390.4 487.886 300 89
0 390.4 488.121 300 89
0 390.4 488.337 300 89
0 390.4 488.511 300 89
0 390.4 488.723 300 89
0 390.4 488.935 300 89
0 390.4 489.148 300 89
0 390.4 489.355 300 89
0 390.4 489.615 300 89
0 390.4 489.848 300 89
0 390.4 490.068 300 89
0 390.4 490.299 300 89
0 390.4 490.527 300 89
0 390.4 490.783 300 89
0 390.4 490.949 300 89
0 390.4 491.284 300 89
0 390.4 491.503 300 89
0 390.4 491.755 300 89
0 390.4 491.965 300 89
0 390.4 492.288 300 89
0 390.4 492.464 300 89
0 390.4 492.661 300 89
0 390.4 492.87 300 89
0 390.4 493.247 300 89
0 390.4 493.457 300 89
0 390.4 493.686 300 89
0 390.4 493.855 300 89
0 390.4 494.087 300 89
0 390.4 494.25 300 89
0 390.4 494.508 300 89
0 390.4 494.74 300 89
0 390.4 494.964 300 89
0 390.4 495.127 300 89
0 390.4 495.383 300 89
0 390.4 495.681 300 89
0 390.4 495.92 300 89
0 390.4 496.098 300 89
0 390.4 496.389 300 89
0 390.4 496.676 300 89
0 390.4 496.841 300 89
0 390.4 497.06 300 89
0 390.4 497.36 300 89
0 390.4 497.587 300 89
0 390.4 497.858 300 89
0 390.4 498.06 300 89
0 390.4 498.284 300 89
0 390.4 498.615 300 89
0 390.4 498.773 300 89
0 390.4 498.999 300 89
0 390.4 499.231 300 89
0 390.4 499.392 300 89
0 390.4 499.614 300 89
0 390.4 499.932 300 89
0 390.4 500.115 300 89
0 390.4 500.395 300 89
0 390.4 500.738 300 89
0 390.4 500.963 300 89
0 390.4 501.184 300 89
0 390.4 501.453 300 89
0 390.4 501.665 300 89
0 390.4 501.84 300 89
0 390.4 502.097 300 89
0 390.4 502.233 300 89
0 390.4 502.556 300 89
0 390.4 502.851 300 89
0 390.4 503.106 300 89
0 390.4 503.375 300 89
0 390.4 503.54 300 89
0 390.4 503.761 300 89
0 390.4 503.963 300 89
0 390.4 504.214 300 89
0 390.4 504.384 300 89
0 390.4 504.552 300 89
0 390.4 504.747 300 89
0 390.4 504.906 300 89
0 390.4 505.111 300 89
0 390.4 505.467 300 89
0 390.4 505.675 300 89
0 390.4 505.823 300 89
0 390.4 505.982 300 89
0 390.4 506.188 300 89
0 390.4 506.349 300 89
0 390.4 506.573 300 89
0 390.4 506.734 300 89
0 390.4 506.988 300 89
0 390.4 507.206 300 89
0 390.4 507.404 300 89
0 390.4 507.617 300 89
0 390.4 507.812 300 89
0 390.4 508.038 300 89
0 390.4 508.259 300 89
0 390.4 508.527 300 89
0 390.4 508.694 300 89
0 390.4 508.957 300 89
0 390.4 509.171 300 89
0 390.4 509.336 300 89
0 390.4 509.509 300 89
0 390.4 509.819 300 89
0 390.4 510.083 300 89
0 390.4 510.306 300 89
0 390.4 510.483 300 89
0 390.4 510.716 300 89
0 390.4 510.998 300 89
0 390.4 511.345 300 89
0 390.4 511.62 300 89
0 390.4 511.907 300 89
0 390.4 512.176 300 89
0 390.4 512.466 300 89
0 390.4 512.753 300 89
0 390.4 513.036 300 89
0 390.4 513.294 300 89
0 390.4 513.515 300 89
0 390.4 513.855 300 89
0 390.4 514.111 300 89
0 390.4 514.329 300 89
0 390.4 514.655 300 89
0 390.4 514.83 300 89
0 390.4 515.113 300 89
0 390.4 515.295 300 89
0 390.4 515.588 300 89
0 390.4 515.755 300 89
0 390.4 516.046 300 89
0 390.4 516.281 300 89
0 390.4 516.511 300 89
0 390.4 516.673 300 89
0 390.4 516.827 300 89
0 390.4 517.046 300 89
0 390.4 517.41 300 89
0 390.4 517.624 300 89
0 390.4 517.846 300 89
0 390.4 518.02 300 89
0 390.4 518.269 300 89
0 390.4 518.487 300 89
0 390.4 518.811 300 89
0 390.4 519.097 300 89
0 390.4 519.423 300 89
0 390.4 519.665 300 89
0 390.4 519.84 300 89
0 390.4 520.007 300 89
0 390.4 520.152 300 89
0 390.4 520.346 300 89
0 390.4 520.459 300 89
0 390.4 520.617 300 89
0 390.4 520.784 300 89
0 390.4 520.955 300 89
0 390.4 521.084 300 89
0 390.4 521.223 300 89
0 390.4 521.452 300 89
0 390.4 521.671 300 89
0 390.4 521.824 300 89
0 390.4 522.007 300 89
0 390.4 522.173 300 89
0 390.4 522.29 300 89
0 390.4 522.495 300 89
0 390.4 522.604 300 89
0 390.4 522.726 300 89
0 390.4 522.961 300 89
0 390.4 523.189 300 89
0 390.4 523.53 300 89
0 390.4 523.807 300 89
0 390.4 524.029 300 89
0 390.4 524.327 300 89
0 390.4 524.628 300 89
0 390.4 524.85 300 89
0 390.4 525.018 300 89
0 390.4 525.285 300 89
0 390.4 525.518 300 89
0 390.4 525.781 300 89
0 390.4 526.197 300 89
0 390.4 526.422 300 89
0 390.4 526.78 300 89
0 390.4 526.96 300 89
0 390.4 527.204 300 89
0 390.4 527.372 300 89
0 390.4 527.71 300 89
0 390.4 527.959 300 89
0 390.4 528.196 300 89
0 390.4 528.426 300 89
0 390.4 528.644 300 89
0 390.4 528.832 300 89
0 390.4 529.071 300 89
0 390.4 529.289 300 89
0 390.4 529.588 300 89
0 390.4 529.849 300 89
0 390.4 530.086 300 89
0 390.4 530.238 300 89
0 390.4 530.408 300 89
0 390.4 530.655 300 89
0 390.4 530.919 300 89
0 390.4 531.224 300 89
0 390.4 531.403 300 89
0 390.4 531.621 300 89
0 390.4 531.865 300 89
0 390.4 532.041 300 89
0 390.4 532.343 300 89
0 390.4 532.626 300 89
0 390.4 532.852 300 89
0 390.4 533.029 300 89
0 390.4 533.37 300 89
0 390.4 533.648 300 89
0 390.4 533.932 300 89
0 390.4 534.151 300 89
0 390.4 534.337 300 89
0 390.4 534.572 300 89
0 390.4 534.809 300 89
0 390.4 535.002 300 89
0 390.4 535.268 300 89
0 390.4 535.62 300 89
0 390.4 535.791 300 89
0 390.4 536.018 300 89
0 390.4 536.265 300 89
0 390.4 536.514 300 89
0 390.4 536.759 300 89
0 390.4 536.984 300 89
0 390.4 537.214 300 89
0 390.4 537.488 300 89
0 390.4 537.678 300 89
0 390.4 537.981 300 89
0 390.4 538.319 300 89
0 390.4 538.595 300 89
0 390.4 538.854 300 89
0 390.4 539.196 300 89
0 390.4 539.429 300 89
0 390.4 539.665 300 89
0 390.4 539.993 300 89
0 390.4 540.171 300 89
0 390.4 540.449 300 89
0 390.4 540.695 300 89
0 390.4 540.975 300 89
0 390.4 541.259 300 89
0 390.4 541.589 300 89
0 390.4 541.984 300 89
0 390.4 542.204 300 89
0 390.4 542.444 300 89
0 390.4 542.791 300 89
0 390.4 542.963 300 89
0 390.4 543.233 300 89
0 390.4 543.489 300 89
0 390.4 543.694 300 89
0 390.4 544.028 300 89
0 390.4 544.263 300 89
0 390.4 544.54 300 89
0 390.4 544.902 300 89
0 390.4 545.279 300 89
0 390.4 545.545 300 89
0 390.4 545.777 300 89
0 390.4 546.113 300 89
0 390.4 546.259 300 89
0 390.4 546.537 300 89
0 390.4 546.763 300 89
0 390.4 546.97 300 89
0 390.4 547.176 300 89
0 390.4 547.443 300 89
0 390.4 547.607 300 89
0 390.4 548.028 300 89
0 390.4 548.195 300 89
0 390.4 548.383 300 89
0 390.4 548.632 300 89
0 390.4 548.795 300 89
0 390.4 549.1 300 89
0 390.4 549.364 300 89
0 390.4 549.686 300 89
0 390.4 549.89 300 89
0 390.4 550.194 300 89
0 390.4 550.378 300 89
0 390.4 550.592 300 89
0 390.4 550.764 300 89
0 390.4 551.022 300 89
0 390.4 551.344 300 89
0 390.4 551.558 300 89
0 390.4 551.779 300 89
0 390.4 551.964 300 89
0 390.4 552.283 300 89
0 390.4 552.452 300 89
0 390.4 552.647 300 89
0 390.4 552.951 300 89
0 390.4 553.191 300 89
0 390.4 553.488 300 89
0 390.4 553.741 300 89
0 390.4 553.983 300 89
0 390.4 554.16 300 89
0 390.4 554.404 300 89
0 390.4 554.637 300 89
0 390.4 554.809 300 89
0 390.4 555.158 300 89
0 390.4 555.39 300 89
0 390.4 555.607 300 89
0 390.4 555.884 300 89
0 390.4 556.179 300 89
0 390.4 556.414 300 89
0 390.4 556.583 300 89
0 390.4 556.832 300 89
0 390.4 557.177 300 89
0 390.4 557.501 300 89
0 390.4 557.696 300 89
0 390.4 557.958 300 89
0 390.4 558.11 300 89
0 390.4 558.361 300 89
0 390.4 558.608 300 89
0 390.4 558.904 300 89
0 390.4 559.182 300 89
0 390.4 559.341 300 89
0 390.4 559.51 300 89
0 390.4 559.713 300 89
0 390.4 559.862 300 89
0 390.4 560.083 300 89
0 390.4 560.363 300 89
0 390.4 560.57 300 89
0 390.4 560.82 300 89
0 390.4 561.116 300 89
0 390.4 561.465 300 89
0 390.4 561.743 300 89
0 390.4 562.003 300 89
0 390.4 562.214 300 89
0 390.4 562.544 300 89
0 390.4 562.797 300 89
0 390.4 563.024 300 89
0 390.4 563.187 300 89
0 390.4 563.427 300 89
0 390.4 563.689 300 89
0 390.4 564.036 300 89
0 390.4 564.226 300 89
0 390.4 564.474 300 89
0 390.4 564.69 300 89
0 390.4 564.904 300 89
0 390.4 565.058 300 89
0 390.4 565.269 300 89
0 390.4 565.421 300 89
0 390.4 565.687 300 89
0 390.4 565.972 300 89
0 390.4 566.212 300 89
0 390.4 566.505 300 89
0 390.4 566.72 300 89
0 390.4 566.906 300 89
0 390.4 567.128 300 89
0 390.4 567.476 300 89
0 390.4 567.709 300 89
0 390.4 567.91 300 89
0 390.4 568.065 300 89
0 390.4 568.281 300 89
0 390.4 568.496 300 89
0 390.4 568.705 300 89
0 390.4 568.948 300 89
0 390.4 569.292 300 89
0 390.4 569.471 300 89
0 390.4 569.735 300 89
0 390.4 570.07 300 89
0 390.4 570.276 300 89
0 390.4 570.496 300 89
0 390.4 570.662 300 89
0 390.4 570.934 300 89
0 390.4 571.109 300 89
0 390.4 571.333 300 89
0 390.4 571.528 300 89
0 390.4 571.702 300 89
0 390.4 571.964 300 89
0 390.4 572.198 300 89
0 390.4 572.455 300 89
0 390.4 572.612 300 89
0 390.4 572.83 300 89
0 390.4 573.067 300 89
0 390.4 573.404 300 89
0 390.4 573.576 300 89
0 390.4 573.75 300 89
0 390.4 573.953 300 89
0 390.4 574.099 300 89
0 390.4 574.395 300 89
0 390.4 574.558 300 89
0 390.4 574.718 300 89
0 390.4 574.886 300 89
0 390.4 575.109 300 89
0 390.4 575.344 300 89
0 390.4 575.598 300 89
0 390.4 575.865 300 89
0 390.4 576.07 300 89
0 390.4 576.299 300 89
0 390.4 576.526 300 89
0 390.4 576.762 300 89
0 390.4 576.977 300 89
0 390.4 577.187 300 89
0 390.4 577.374 300 89
0 390.4 577.541 300 89
0 390.4 577.885 300 89
0 390.4 578.278 300 89
0 390.4 578.581 300 89
0 390.4 578.799 300 89
0 390.4 578.998 300 89
0 390.4 579.273 300 89
0 390.4 579.55 300 89
0 390.4 579.729 300 89
0 390.4 580.128 300 89
0 390.4 580.334 300 89
0 390.4 580.522 300 89
0 390.4 580.767 300 89
0 390.4 580.972 300 89
0 390.4 581.14 300 89
0 390.4 581.31 300 89
0 390.4 581.528 300 89
0 390.4 581.812 300 89
0 390.4 582.045 300 89
0 390.4 582.26 300 89
0 390.4 582.471 300 89
0 390.4 582.698 300 89
0 390.4 582.912 300 89
0 390.4 583.082 300 89
0 390.4 583.323 300 89
0 390.4 583.685 300 89
0 390.4 583.93 300 89
0 390.4 584.151 300 89
0 390.4 584.393 300 89
0 390.4 584.552 300 89
0 390.4 584.759 300 89
0 390.4 584.928 300 89
0 390.4 585.174 300 89
0 390.4 585.337 300 89
0 390.4 585.493 300 89
0 390.4 585.745 300 89
0 390.4 585.958 300 89
0 390.4 586.168 300 89
0 390.4 586.426 300 89
0 390.4 586.59 300 89
0 390.4 586.856 300 89
0 390.4 587.084 300 89
0 390.4 587.251 300 89
0 390.4 587.418 300 89
0 390.4 587.729 300 89
0 390.4 588.029 300 89
0 390.4 588.366 300 89
0 390.4 588.633 300 89
0 390.4 588.788 300 89
0 390.4 589.052 300 89
0 390.4 589.396 300 89
0 390.4 589.632 300 89
0 390.4 589.821 300 89
0 390.4 590.057 300 89
0 390.4 590.265 300 89
0 390.4 590.514 300 89
0 390.4 590.798 300 89
0 390.4 591.005 300 89
0 390.4 591.165 300 89
0 390.4 591.457 300 89
0 390.4 591.756 300 89
0 390.4 591.946 300 89
0 390.4 592.202 300 89
0 390.4 592.392 300 89
0 390.4 592.691 300 89
0 390.4 592.942 300 89
0 390.4 593.288 300 89
0 390.4 593.51 300 89
0 390.4 593.738 300 89
0 390.4 594.13 300 89
0 390.4 594.407 300 89
0 390.4 594.682 300 89
0 390.4 594.874 300 89
0 390.4 595.156 300 89
0 390.4 595.379 300 89
0 390.4 595.757 300 89
0 390.4 596.077 300 89
0 390.4 596.245 300 89
0 390.4 596.557 300 89
0 390.4 596.766 300 89
0 390.4 597.043 300 89
0 390.4 597.26 300 89
0 390.4 597.518 300 89
0 390.4 597.729 300 89
0 390.4 597.894 300 89
0 390.4 598.165 300 89
0 390.4 598.36 300 89
0 390.4 598.619 300 89
0 390.4 598.782 300 89
0 390.4 599.025 300 89
0 390.4 599.368 300 89
0 390.4 599.591 300 89
0 390.4 599.755 300 89
0 390.4 599.977 300 89
0 390.4 600.17 300 89
0 390.4 600.409 300 89
0 390.4 600.565 300 89
0 390.4 600.765 300 89
0 390.4 600.959 300 89
0 390.4 601.224 300 89
0 390.4 601.493 300 89
0 390.4 601.758 300 89
0 390.4 602.154 300 89
0 390.4 602.389 300 89
0 390.4 602.57 300 89
0 390.4 602.77 300 89
0 390.4 603.157 300 89
0 390.4 603.399 300 89
0 390.4 603.554 300 89
0 390.4 603.866 300 89
0 390.4 604.049 300 89
0 390.4 604.386 300 89
0 390.4 604.657 300 89
0 390.4 605.045 300 89
0 390.4 605.22 300 89
0 390.4 605.412 300 89
0 390.4 605.641 300 89
0 390.4 605.99 300 89
0 390.4 606.151 300 89
0 390.4 606.329 300 89
0 390.4 606.489 300 89
0 390.4 606.66 300 89
0 390.4 606.866 300 89
0 390.4 607.166 300 89
0 390.4 607.41 300 89
0 390.4 607.67 300 89
0 390.4 608.043 300 89
0 390.4 608.294 300 89
0 390.4 608.603 300 89
0 390.4 608.909 300 89
0 390.4 609.215 300 89
0 390.4 609.499 300 89
0 390.4 609.671 300 89
0 390.4 610.013 300 89
0 390.4 610.328 300 89
0 390.4 610.525 300 89
0 390.4 610.946 300 89
0 390.4 611.162 300 89
0 390.4 611.396 300 89
0 390.4 611.716 300 89
0 390.4 611.958 300 89
0 390.4 612.171 300 89
0 390.4 612.415 300 89
0 390.4 612.594 300 89
0 390.4 612.953 300 89
0 390.4 613.119 300 89
0 390.4 613.298 300 89
0 390.4 613.534 300 89
0 390.4 613.752 300 89
0 390.4 613.929 300 89
0 390.4 614.267 300 89
0 390.4 614.431 300 89
0 390.4 614.609 300 89
0 390.4 614.828 300 89
0 390.4 615.055 300 89
0 390.4 615.299 300 89
0 390.4 615.674 300 89
0 390.4 615.852 300 89
0 390.4 616.019 300 89
0 390.4 616.28 300 89
0 390.4 616.499 300 89
0 390.4 616.787 300 89
0 390.4 617.068 300 89
0 390.4 617.298 300 89
0 390.4 617.508 300 89
0 390.4 617.696 300 89
0 390.4 617.989 300 89
0 390.4 618.239 300 89
0 390.4 618.474 300 89
0 390.4 618.703 300 89
0 390.4 618.935 300 89
0 390.4 619.284 300 89
0 390.4 619.77 300 89
0 390.4 619.992 300 89
0 390.4 620.152 300 89
0 390.4 620.443 300 89
0 390.4 620.663 300 89
0 390.4 620.819 300 89
0 390.4 621.051 300 89
0 390.4 621.328 300 89
0 390.4 621.563 300 89
0 390.4 621.833 300 89
0 390.4 622.224 300 89
0 390.4 622.406 300 89
0 390.4 622.683 300 89
0 390.4 622.908 300 89
0 390.4 623.14 300 89
0 390.4 623.317 300 89
0 390.4 623.617 300 89
0 390.4 623.887 300 89
0 390.4 624.209 300 89
0 390.4 624.543 300 89
0 390.4 624.712 300 89
0 390.4 624.938 300 89
0 390.4 625.172 300 89
0 390.4 625.409 300 89
0 390.4 625.629 300 89
0 390.4 626.024 300 89
0 390.4 626.356 300 89
0 390.4 626.631 300 89
0 390.4 626.848 300 89
0 390.4 627.088 300 89
0 390.4 627.331 300 89
0 390.4 627.572 300 89
0 390.4 627.814 300 89
0 390.4 628.032 300 89
0 390.4 628.304 300 89
0 390.4 628.593 300 89
0 390.4 628.767 300 89
0 390.4 629.006 300 89
0 390.4 629.267 300 89
0 390.4 629.493 300 89
0 390.4 629.752 300 89
0 390.4 630.124 300 89
0 390.4 630.412 300 89
0 390.4 630.596 300 89
0 390.4 630.941 300 89
0 390.4 631.21 300 89
0 390.4 631.44 300 89
0 390.4 631.687 300 89
0 390.4 631.991 300 89
0 390.4 632.148 300 89
0 390.4 632.352 300 89
0 390.4 632.585 300 89
0 390.4 632.804 300 89
0 390.4 633.072 300 89
0 390.4 633.226 300 89
0 390.4 633.408 300 89
0 390.4 633.77 300 89
0 390.4 634.002 300 89
0 390.4 634.286 300 89
0 390.4 634.609 300 89
0 390.4 634.984 300 89
0 390.4 635.201 300 89
0 390.4 635.591 300 89
0 390.4 635.931 300 89
0 390.4 636.155 300 89
0 390.4 636.386 300 89
0 390.4 636.633 300 89
0 390.4 636.833 300 89
0 390.4 637.164 300 89
0 390.4 637.313 300 89
0 390.4 637.539 300 89
0 390.4 637.771 300 89
0 390.4 637.994 300 89
0 390.4 638.311 300 89
0 390.4 638.527 300 89
0 390.4 638.747 300 89
0 390.4 638.97 300 89
0 390.4 639.151 300 89
0 390.4 639.55 300 89
0 390.4 639.775 300 89
0 390.4 640.105 300 89
0 390.4 640.293 300 89
0 390.4 640.567 300 89
0 390.4 640.734 300 89
0 390.4 640.904 300 89
0 390.4 641.154 300 89
0 390.4 641.396 300 89
0 390.4 641.649 300 89
0 390.4 641.842 300 89
0 390.4 642.071 300 89
0 390.4 642.304 300 89
0 390.4 642.574 300 89
0 390.4 642.792 300 89
0 390.4 642.952 300 89
0 390.4 643.174 300 89
0 390.4 643.345 300 89
0 390.4 643.534 300 89
0 390.4 643.721 300 89
0 390.4 643.89 300 89
0 390.4 644.077 300 89
0 390.4 644.285 300 89
0 390.4 644.483 300 89
0 390.4 644.725 300 89
0 390.4 645.022 300 89
0 390.4 645.299 300 89
0 390.4 645.555 300 89
0 390.4 645.742 300 89
0 390.4 646.04 300 89
0 390.4 646.213 300 89
0 390.4 646.509 300 89
0 390.4 646.753 300 89
0 390.4 647 300 89
0 390.4 647.232 300 89
0 390.4 647.489 300 89
0 390.4 647.716 300 89
0 390.4 648.027 300 89
0 390.4 648.272 300 89
0 390.4 648.447 300 89
0 390.4 648.667 300 89
0 390.4 648.93 300 89
0 390.4 649.291 300 89
0 390.4 649.569 300 89
0 390.4 649.866 300 89
0 390.4 650.268 300 89
0 390.4 650.514 300 89
0 390.4 650.766 300 89
0 390.4 651.072 300 89
0 390.4 651.31 300 89
0 390.4 651.53 300 89
0 390.4 651.82 300 89
0 390.4 652.191 300 89
0 390.4 652.429 300 89
0 390.4 652.627 300 89
0 390.4 652.834 300 89
0 390.4 653.034 300 89
0 390.4 653.2 300 89
0 390.4 653.578 300 89
0 390.4 653.964 300 89
0 390.4 654.126 300 89
0 390.4 654.557 300 89
0 390.4 654.778 300 89
0 390.4 654.961 300 89
0 390.4 655.142 300 89
0 390.4 655.475 300 89
0 390.4 655.725 300 89
0 390.4 655.975 300 89
0 390.4 656.259 300 89
0 390.4 656.423 300 89
0 390.4 656.728 300 89
0 390.4 656.965 300 89
0 390.4 657.29 300 89
0 390.4 657.622 300 89
0 390.4 657.95 300 89
0 390.4 658.293 300 89
0 390.4 658.658 300 89
0 390.4 658.951 300 89
0 390.4 659.154 300 89
0 390.4 659.373 300 89
0 390.4 659.659 300 89
0 390.4 659.865 300 89
0 390.4 660.135 300 89
0 390.4 660.447 300 89
0 390.4 660.617 300 89
0 390.4 660.85 300 89
0 390.4 661.064 300 89
0 390.4 661.443 300 89
0 390.4 661.798 300 89
0 390.4 661.995 300 89
0 390.4 662.249 300 89
0 390.4 662.569 300 89
0 390.4 662.822 300 89
0 390.4 663.044 300 89
0 390.4 663.46 300 89
0 390.4 663.693 300 89
0 390.4 663.931 300 89
0 390.4 664.238 300 89
0 390.4 664.528 300 89
0 390.4 664.867 300 89
0 390.4 665.405 300 89
0 390.4 665.673 300 89
0 390.4 665.904 300 89
0 390.4 666.069 300 89
0 390.4 666.331 300 89
0 390.4 666.651 300 89
0 390.4 666.945 300 89
0 390.4 667.164 300 89
0 390.4 667.337 300 89
0 390.4 667.596 300 89
0 390.4 667.937 300 89
0 390.4 668.14 300 89
0 390.4 668.382 300 89
0 390.4 668.631 300 89
0 390.4 668.839 300 89
0 390.4 669.05 300 89
0 390.4 669.342 300 89
0 390.4 669.612 300 89
0 390.4 669.815 300 89
0 390.4 670.087 300 89
0 390.4 670.255 300 89
0 390.4 670.412 300 89
0 390.4 670.587 300 89
0 390.4 670.743 300 89
0 390.4 670.945 300 89
0 390.4 671.219 300 89
0 390.4 671.59 300 89
0 390.4 671.848 300 89
0 390.4 672.101 300 89
0 390.4 672.363 300 89
0 390.4 672.619 300 89
0 390.4 672.847 300 89
0 390.4 673.125 300 89
0 390.4 673.301 300 89
0 390.4 673.589 300 89
0 390.4 673.886 300 89
0 390.4 674.043 300 89
0 390.4 674.216 300 89
0 390.4 674.556 300 89
0 390.4 674.862 300 89
0 390.4 675.133 300 89
0 390.4 675.408 300 89
0 390.4 675.714 300 89
0 390.4 675.933 300 89
0 390.4 676.148 300 89
0 390.4 676.419 300 89
0 390.4 676.755 300 89
0 390.4 677.086 300 89
0 390.4 677.281 300 89
0 390.4 677.5 300 89
0 390.4 677.673 300 89
0 390.4 677.829 300 89
0 390.4 678.006 300 89
0 390.4 678.164 300 89
0 390.4 678.392 300 89
0 390.4 678.568 300 89
0 390.4 678.783 300 89
0 390.4 679.161 300 89
0 390.4 679.409 300 89
0 390.4 679.669 300 89
0 390.4 679.831 300 89
0 390.4 680.077 300 89
0 390.4 680.334 300 89
0 390.4 680.611 300 89
0 390.4 680.81 300 89
0 390.4 681.044 300 89
0 390.4 681.415 300 89
0 390.4 681.65 300 89
0 390.4 681.803 300 90
0 390.4 682.01 300 90
0 390.4 682.231 300 90
0 390.4 682.437 300 90
0 390.4 682.654 300 90
0 390.4 682.913 300 90
0 390.4 683.094 300 90
0 390.4 683.441 300 90
0 390.4 683.716 300 90
0 390.4 683.896 300 90
0 390.4 684.226 300 90
0 390.4 684.504 300 90
0 390.4 684.822 300 90
0 390.4 685.151 300 90
0 390.4 685.38 300 90
0 390.4 685.603 300 90
0 390.4 685.921 300 90
0 390.4 686.154 300 90
0 390.4 686.442 300 90
0 390.4 686.682 300 90
0 390.4 687.135 300 90
0 390.4 687.35 300 90
0 390.4 687.557 300 90
0 390.4 687.879 300 90
0 390.4 688.156 300 90
0 390.4 688.337 300 90
0 390.4 688.506 300 90
0 390.4 688.757 300 90
0 390.4 689.043 300 90
0 390.4 689.327 300 90
0 390.4 689.502 300 90
0 390.4 689.725 300 90
0 390.4 690.066 300 90
0 390.4 690.326 300 90
0 390.4 690.505 300 90
0 390.4 690.709 300 90
0 390.4 691.068 300 90
0 390.4 691.313 300 90
0 390.4 691.526 300 90
0 390.4 691.771 300 90
0 390.4 691.95 300 90
0 390.4 692.119 300 90
0 390.4 692.426 300 90
0 390.4 692.698 300 90
0 390.4 692.903 300 90
0 390.4 693.072 300 90
0 390.4 693.27 300 90
0 390.4 693.463 300 90
0 390.4 693.667 300 90
0 390.4 693.821 300 90
0 390.4 693.978 300 90
0 390.4 694.171 300 90
0 390.4 694.317 300 90
0 390.4 694.514 300 90
0 390.4 694.696 300 90
0 390.4 694.837 300 90
0 390.4 695.028 300 90
0 390.4 695.195 300 90
0 390.4 695.437 300 90
0 390.4 695.817 300 90
0 390.4 696.014 300 90
0 390.4 696.248 300 90
0 390.4 696.432 300 90
0 390.4 696.778 300 90
0 390.4 697.069 300 90
0 390.4 697.397 300 90
0 390.4 697.679 300 90
0 390.4 697.926 300 90
0 390.4 698.152 300 90
0 390.4 698.388 300 90
0 390.4 698.622 300 90
0 390.4 698.825 300 90
0 390.4 699.192 300 90
0 390.4 699.468 300 90
0 390.4 699.75 300 90
0 390.4 699.921 300 90
0 390.4 700.128 300 90
0 390.4 700.389 300 90
0 390.4 700.67 300 90
0 390.4 700.906 300 90
0 390.4 701.173 300 90
0 390.4 701.351 300 90
0 390.4 701.597 300 90
0 390.4 701.939 300 90
0 390.4 702.173 300 90
0 390.4 702.506 300 90
0 390.4 702.75 300 90
0 390.4 702.962 300 90
0 390.4 703.294 300 90
0 390.4 703.533 300 90
0 390.4 703.781 300 90
0 390.4 703.96 300 90
0 390.4 704.275 300 90
0 390.4 704.492 300 90
0 390.4 704.657 300 90
0 390.4 704.952 300 90
0 390.4 705.359 300 90
0 390.4 705.572 300 90
0 390.4 705.743 300 90
0 390.4 706.033 300 90
0 390.4 706.363 300 90
0 390.4 706.529 300 90
0 390.4 706.759 300 90
0 390.4 706.979 300 90
0 390.4 707.316 300 90
0 390.4 707.662 300 90
0 390.4 707.888 300 90
0 390.4 708.08 300 90
0 390.4 708.378 300 90
0 390.4 708.56 300 90
0 390.4 708.834 300 90
0 390.4 708.999 300 90
0 390.4 709.219 300 90
0 390.4 709.38 300 90
0 390.4 709.61 300 90
0 390.4 709.86 300 90
0 390.4 710.169 300 90
0 390.4 710.451 300 90
0 390.4 710.675 300 90
0 390.4 710.842 300 90
0 390.4 711.112 300 90
0 390.4 711.327 300 90
0 390.4 711.475 300 90
0 390.4 711.743 300 90
0 390.4 712.009 300 90
0 390.4 712.174 300 90
0 390.4 712.41 300 90
0 390.4 712.74 300 90
0 390.4 713.009 300 90
0 390.4 713.219 300 90
0 390.4 713.501 300 90
0 390.4 713.658 300 90
0 390.4 713.85 300 90
0 390.4 714.049 300 90
0 390.4 714.217 300 90
0 390.4 714.506 300 90
0 390.4 714.709 300 90
0 390.4 714.979 300 90
0 390.4 715.209 300 90
0 390.4 715.449 300 90
0 390.4 715.734 300 90
0 390.4 716.133 300 90
0 390.4 716.367 300 90
0 390.4 716.518 300 90
0 390.4 716.738 300 90
0 390.4 716.969 300 90
0 390.4 717.25 300 90
0 390.4 717.571 300 90
0 390.4 718.004 300 90
0 390.4 718.168 300 90
0 390.4 718.326 300 90
0 390.4 718.551 300 90
0 390.4 718.83 300 90
0 390.4 719.032 300 90
0 390.4 719.34 300 90
0 390.4 719.516 300 90
0 390.4 719.676 300 90
0 390.4 720.021 300 90
0 390.4 720.241 300 90
0 390.4 720.386 300 90
0 390.4 720.532 300 90
0 390.4 720.854 300 90
0 390.4 721.072 300 90
0 390.4 721.44 300 90
0 390.4 721.722 300 90
0 390.4 722.038 300 90
0 390.4 722.261 300 90
0 390.4 722.589 300 90
0 390.4 722.921 300 90
0 390.4 723.189 300 90
0 390.4 723.439 300 90
0 390.4 723.635 300 90
0 390.4 723.833 300 90
0 390.4 724.106 300 90
0 390.4 724.26 300 90
0 390.4 724.542 300 90
0 390.4 724.776 300 90
0 390.4 725.046 300 90
0 390.4 725.297 300 90
0 390.4 725.584 300 90
0 390.4 725.817 300 90
0 390.4 726.042 300 90
0 390.4 726.412 300 90
0 390.4 726.654 300 90
0 390.4 726.828 300 90
0 390.4 727.108 300 90
0 390.4 727.338 300 90
0 390.4 727.517 300 90
0 390.4 727.847 300 90
0 390.4 728.058 300 90
0 390.4 728.268 300 90
0 390.4 728.433 300 90
0 390.4 728.66 300 90
0 390.4 728.834 300 90
0 390.4 729.045 300 90
0 390.4 729.266 300 90
0 390.4 729.602 300 90
0 390.4 729.81 300 90
0 390.4 730.032 300 90
0 390.4 730.345 300 90
0 390.4 730.647 300 90
0 390.4 730.903 300 90
0 390.4 731.108 300 90
0 390.4 731.29 300 90
0 390.4 731.584 300 90
0 390.4 731.796 300 90
0 390.4 732.127 300 90
0 390.4 732.27 300 90
0 390.4 732.481 300 90
0 390.4 732.775 300 90
0 390.4 733.085 300 90
0 390.4 733.235 300 90
0 390.4 733.392 300 90
0 390.4 733.485 300 90
0 390.4 733.738 300 90
0 390.4 733.934 300 90
0 390.4 734.146 300 90
0 390.4 734.347 300 90
0 390.4 734.626 300 90
0 390.4 734.844 300 90
0 390.4 735.112 300 90
0 390.4 735.351 300 90
0 390.4 735.651 300 90
0 390.4 735.915 300 90
0 390.4 736.2 300 90
0 390.4 736.406 300 90
0 390.4 736.609 300 90
0 390.4 736.937 300 90
0 390.4 737.217 300 90
0 390.4 737.513 300 90
0 390.4 737.8 300 90
0 390.4 737.997 300 90
0 390.4 738.245 300 90
0 390.4 738.46 300 90
0 390.4 738.666 300 90
0 390.4 738.966 300 90
0 390.4 739.123 300 90
0 390.4 739.425 300 90
0 390.4 739.607 300 90
0 390.4 739.824 300 90
0 390.4 740.097 300 90
0 390.4 740.257 300 90
0 390.4 740.461 300 90
0 390.4 740.673 300 90
0 390.4 740.932 300 90
0 390.4 741.082 300 90
0 390.4 741.255 300 90
0 390.4 741.4 300 90
0 390.4 741.699 300 90
0 390.4 741.957 300 90
0 390.4 742.184 300 90
0 390.4 742.416 300 90
0 390.4 742.575 300 90
0 390.4 742.98 300 90
0 390.4 743.233 300 90
0 390.4 743.425 300 90
0 390.4 743.812 300 90
0 390.4 744.074 300 90
0 390.4 744.361 300 90
0 390.4 744.566 300 90
0 390.4 744.798 300 90
0 390.4 745.054 300 90
0 390.4 745.23 300 90
0 390.4 745.522 300 90
0 390.4 745.766 300 90
0 390.4 745.941 300 90
0 390.4 746.11 300 90
0 390.4 746.441 300 90
0 390.4 746.66 300 90
0 390.4 746.868 300 90
0 390.4 747.09 300 90
0 390.4 747.32 300 90
0 390.4 747.616 300 90
0 390.4 747.75 300 90
0 390.4 747.905 300 90
0 390.4 748.127 300 90
0 390.4 748.362 300 90
0 390.4 748.575 300 90
0 390.4 748.88 300 90
0 390.4 749.096 300 90
0 390.4 749.319 300 90
0 390.4 749.6 300 90
0 390.4 749.81 300 90
0 390.4 750.025 300 90
0 390.4 750.233 300 90
0 390.4 750.518 300 90
0 390.4 750.815 300 90
0 390.4 751.037 300 90
0 390.4 751.323 300 90
0 390.4 751.551 300 90
0 390.4 751.713 300 90
0 390.4 751.892 300 90
0 390.4 752.154 300 90
0 390.4 752.366 300 90
0 390.4 752.534 300 90
0 390.4 752.764 300 90
0 390.4 752.937 300 90
0 390.4 753.141 300 90
0 390.4 753.322 300 90
0 390.4 753.595 300 90
0 390.4 753.838 300 90
0 390.4 754.075 300 90
0 390.4 754.311 300 90
0 390.4 754.673 300 90
0 390.4 754.901 300 90
0 390.4 755.119 300 90
0 390.4 755.413 300 90
0 390.4 755.64 300 90
0 390.4 755.931 300 90
0 390.4 756.141 300 90
0 390.4 756.606 300 90
0 390.4 756.934 300 90
0 390.4 757.107 300 90
0 390.4 757.386 300 90
0 390.4 757.634 300 90
0 390.4 757.85 300 90
0 390.4 758.159 300 90
0 390.4 758.429 300 90
0 390.4 758.612 300 90
0 390.4 758.86 300 90
0 390.4 759.135 300 90
0 390.4 759.488 300 90
0 390.4 759.664 300 90
0 390.4 759.824 300 90
0 390.4 760.109 300 90
0 390.4 760.358 300 90
0 390.4 760.538 300 90
0 390.4 760.783 300 90
0 390.4 760.966 300 90
0 390.4 761.192 300 90
0 390.4 761.415 300 90
0 390.4 761.7 300 90
0 390.4 761.871 300 90
0 390.4 762.066 300 90
0 390.4 762.383 300 90
0 390.4 762.689 300 90
0 390.4 762.969 300 90
0 390.4 763.196 300 90
0 390.4 763.379 300 90
0 390.4 763.626 300 90
0 390.4 763.879 300 90
0 390.4 764.042 300 90
0 390.4 764.322 300 90
0 390.4 764.495 300 90
0 390.4 764.763 300 90
0 390.4 764.995 300 90
0 390.4 765.177 300 90
0 390.4 765.451 300 90
0 390.4 765.683 300 90
0 390.4 765.975 300 90
0 390.4 766.161 300 90
0 390.4 766.404 300 90
0 390.4 766.605 300 90
0 390.4 766.826 300 90
0 390.4 767.071 300 90
0 390.4 767.381 300 90
0 390.4 767.674 300 90
0 390.4 767.958 300 90
0 390.4 768.124 300 90
0 390.4 768.32 300 90
0 390.4 768.677 300 90
0 390.4 768.921 300 90
0 390.4 769.144 300 90
0 390.4 769.312 300 90
0 390.4 769.584 300 90
0 390.4 769.855 300 90
0 390.4 769.994 300 90
0 390.4 770.258 300 90
0 390.4 770.374 300 90
0 390.4 770.527 300 90
0 390.4 770.722 300 90
0 390.4 770.909 300 90
0 390.4 771.072 300 90
0 390.4 771.179 300 90
0 390.4 771.323 300 90
0 390.4 771.429 300 90
0 390.4 771.583 300 90
0 390.4 771.693 300 90
0 390.4 771.814 300 90
0 390.4 771.964 300 90
0 390.4 772.148 300 90
0 390.4 772.259 300 90
0 390.4 772.445 300 90
0 390.4 772.634 300 90
0 390.4 772.786 300 90
0 390.4 772.977 300 90
0 390.4 773.163 300 90
0 390.4 773.274 300 90
0 390.4 773.426 300 90
0 390.4 773.542 300 90
0 390.4 773.656 300 90
0 390.4 773.837 300 90
0 390.4 773.953 300 90
0 390.4 774.107 300 90
0 390.4 774.218 300 90
0 390.4 774.364 300 90
0 390.4 774.513 300 90
0 390.4 774.632 300 90
0 390.4 774.744 300 90
0 390.4 774.95 300 90
0 390.4 775.053 300 90
0 390.4 775.206 300 90
0 390.4 775.388 300 90
0 390.4 775.689 300 90
0 390.4 775.859 300 90
0 390.4 776.097 300 90
0 390.4 776.384 300 90
0 390.4 776.651 300 90
0 390.4 776.887 300 90
0 390.4 777.372 300 90
0 390.4 777.605 300 90
0 390.4 777.785 300 90
0 390.4 777.998 300 90
0 390.4 778.215 300 90
0 390.4 778.554 300 90
0 390.4 778.776 300 90
0 390.4 779.104 300 90
0 390.4 779.356 300 90
0 390.4 779.572 300 90
0 390.4 779.728 300 90
0 390.4 779.937 300 90
0 390.4 780.193 300 90
0 390.4 780.528 300 90
0 390.4 780.786 300 90
0 390.4 781.11 300 90
0 390.4 781.301 300 90
0 390.4 781.51 300 90
0 390.4 781.691 300 90
0 390.4 781.917 300 90
0 390.4 782.079 300 90
0 390.4 782.295 300 90
0 390.4 782.581 300 90
0 390.4 782.801 300 90
0 390.4 783.076 300 90
0 390.4 783.241 300 90
0 390.4 783.518 300 90
0 390.4 783.738 300 90
0 390.4 783.894 300 90
0 390.4 784.12 300 90
0 390.4 784.298 300 90
0 390.4 784.536 300 90
0 390.4 784.749 300 90
0 390.4 785.131 300 90
0 390.4 785.384 300 90
0 390.4 785.613 300 90
0 390.4 785.888 300 90
0 390.4 786.13 300 90
0 390.4 786.37 300 90
0 390.4 786.533 300 90
0 390.4 786.796 300 90
0 390.4 787.167 300 90
0 390.4 787.375 300 90
0 390.4 787.599 300 90
0 390.4 787.891 300 90
0 390.4 788.046 300 90
0 390.4 788.237 300 90
0 390.4 788.338 300 90
0 390.4 788.49 300 90
0 390.4 788.597 300 90
0 390.4 788.788 300 90
0 390.4 788.94 300 90
0 390.4 789.162 300 90
0 390.4 789.337 300 90
0 390.4 789.457 300 90
0 390.4 789.628 300 90
0 390.4 789.859 300 90
0 390.4 789.992 300 90
0 390.4 790.135 300 90
0 390.4 790.321 300 90
0 390.4 790.545 300 90
0 390.4 790.659 300 90
0 390.4 790.791 300 90
0 390.4 790.942 300 90
0 390.4 791.047 300 90
0 390.4 791.163 300 90
0 390.4 791.344 300 90
0 390.4 791.509 300 90
0 390.4 791.656 300 90
0 390.4 791.772 300 90
0 390.4 791.872 300 90
0 390.4 792.053 300 90
0 390.4 792.265 300 90
0 390.4 792.51 300 90
0 390.4 792.762 300 90
0 390.4 793.005 300 90
0 390.4 793.218 300 90
0 390.4 793.407 300 90
0 390.4 793.623 300 90
0 390.4 793.776 300 90
0 390.4 794.02 300 90
0 390.4 794.286 300 90
0 390.4 794.45 300 90
0 390.4 794.704 300 90
0 390.4 794.892 300 90
0 390.4 795.109 300 90
0 390.4 795.461 300 90
0 390.4 795.653 300 90
0 390.4 795.904 300 90
0 390.4 796.173 300 90
0 390.4 796.394 300 90
0 390.4 796.703 300 90
0 390.4 796.888 300 90
0 390.4 797.087 300 90
0 390.4 797.234 300 90
0 390.4 797.47 300 90
0 390.4 797.675 300 90
0 390.4 797.864 300 90
0 390.4 798.061 300 90
0 390.4 798.248 300 90
0 390.4 798.438 300 90
0 390.4 798.612 300 90
0 390.4 798.804 300 90
0 390.4 799.032 300 90
0 390.4 799.182 300 90
0 390.4 799.46 300 90
0 390.4 799.605 300 90
0 390.4 799.757 300 90
0 390.4 799.887 300 90
0 390.4 800.004 300 90
