35.847093 504.400000 504.400000
37.141749 504.400000 504.400000
38.825293 504.400000 409.200000
40.583060 409.200000 409.200000
41.608019 409.200000 409.200000
42.760231 409.200000 409.200000
44.494007 409.200000 398.000000
46.320996 398.000000 398.000000
48.121266 398.000000 398.000000
49.483788 398.000000 398.000000
50.662536 398.000000 398.000000
52.564501 398.000000 398.000000
54.527722 398.000000 394.400000
56.139370 394.400000 394.400000
57.995697 394.400000 394.400000
59.857729 394.400000 342.000000
61.435707 342.000000 342.000000
63.804598 342.000000 342.000000
65.726650 342.000000 325.200000
67.393442 325.200000 325.200000
69.510086 325.200000 325.200000
71.174653 325.200000 319.600000
72.986020 319.600000 319.600000
74.950562 319.600000 319.600000
76.463179 319.600000 308.400000
78.168177 308.400000 308.400000
79.815583 308.400000 308.400000
81.824082 308.400000 308.400000
83.116420 308.400000 308.400000
84.124824 308.400000 308.400000
85.998330 308.400000 308.400000
87.775883 308.400000 308.400000
89.880484 308.400000 308.400000
92.027103 308.400000 308.400000
93.662097 308.400000 302.800000
94.988271 302.800000 302.800000
96.043272 302.800000 302.800000
97.490370 302.800000 302.800000
99.706969 302.800000 302.800000
100.955761 302.800000 302.800000
102.019420 302.800000 302.800000
103.206138 302.800000 302.800000
104.356194 302.800000 302.800000
105.569972 302.800000 302.800000
107.139380 302.800000 302.800000
109.305862 302.800000 302.800000
110.661517 302.800000 302.800000
111.753653 302.800000 302.800000
113.684309 302.800000 302.800000
115.950190 302.800000 302.800000
117.307344 302.800000 302.800000
118.398409 302.800000 302.800000
119.562995 302.800000 302.800000
120.740953 302.800000 302.800000
121.770413 302.800000 302.800000
123.506997 302.800000 297.200000
125.093533 297.200000 297.200000
126.955656 297.200000 297.200000
128.379405 297.200000 297.200000
129.520954 297.200000 297.200000
131.410478 297.200000 297.200000
133.589196 297.200000 297.200000
134.971678 297.200000 297.200000
135.994789 297.200000 297.200000
137.831058 297.200000 297.200000
139.900435 297.200000 297.200000
141.862640 297.200000 297.200000
143.910195 297.200000 297.200000
144.913801 297.200000 297.200000
146.351569 297.200000 297.200000
148.701440 297.200000 297.200000
150.725263 297.200000 297.200000
152.713500 297.200000 297.200000
154.295447 297.200000 297.200000
155.307690 297.200000 297.200000
157.158788 297.200000 297.200000
159.184930 297.200000 297.200000
160.365412 297.200000 297.200000
161.586434 297.200000 297.200000
163.041866 297.200000 297.200000
164.077598 297.200000 297.200000
165.084409 297.200000 297.200000
166.685797 297.200000 297.200000
167.890132 297.200000 297.200000
169.402316 297.200000 297.200000
171.791470 297.200000 297.200000
173.021273 297.200000 297.200000
174.559341 297.200000 297.200000
176.524454 297.200000 297.200000
178.993892 297.200000 297.200000
181.008322 297.200000 297.200000
183.051494 297.200000 297.200000
184.094501 297.200000 297.200000
185.445975 297.200000 297.200000
186.899061 297.200000 297.200000
188.391928 297.200000 297.200000
189.498539 297.200000 297.200000
190.510310 297.200000 297.200000
192.767115 297.200000 297.200000
194.600554 297.200000 297.200000
196.694650 297.200000 297.200000
198.678345 297.200000 297.200000
199.902581 297.200000 297.200000
201.312626 297.200000 297.200000
202.716572 297.200000 297.200000
204.231561 297.200000 297.200000
205.560362 297.200000 297.200000
207.709883 297.200000 297.200000
209.002090 297.200000 297.200000
210.026757 297.200000 297.200000
211.829207 297.200000 297.200000
212.869160 297.200000 297.200000
213.890679 297.200000 297.200000
215.686783 297.200000 297.200000
216.897914 297.200000 297.200000
217.968424 297.200000 297.200000
219.803062 297.200000 297.200000
221.801570 297.200000 297.200000
222.802925 297.200000 297.200000
224.278007 297.200000 297.200000
225.375011 297.200000 297.200000
226.401240 297.200000 297.200000
227.906882 297.200000 297.200000
229.123653 297.200000 297.200000
230.258783 297.200000 297.200000
231.556029 297.200000 297.200000
233.610295 297.200000 297.200000
235.006447 297.200000 297.200000
236.794755 297.200000 297.200000
238.759060 297.200000 297.200000
239.873532 297.200000 297.200000
241.072180 297.200000 297.200000
242.345456 297.200000 297.200000
243.472477 297.200000 297.200000
244.765787 297.200000 297.200000
246.177121 297.200000 297.200000
247.343097 297.200000 297.200000
248.387940 297.200000 297.200000
249.477895 297.200000 297.200000
251.088072 297.200000 297.200000
252.193779 297.200000 297.200000
254.259804 297.200000 297.200000
255.494675 297.200000 297.200000
256.968642 297.200000 297.200000
258.368581 297.200000 297.200000
288.914687 297.200000 498.800000
290.021326 297.200000 498.800000
291.087521 297.200000 405.600000
292.186152 297.200000 405.600000
293.340210 297.200000 405.600000
294.424190 297.200000 403.600000
295.546895 297.200000 403.600000
296.667921 297.200000 398.000000
297.737054 297.200000 398.000000
298.996139 297.200000 398.000000
301.174519 297.200000 398.000000
303.063119 297.200000 398.000000
304.297442 297.200000 349.600000
305.856240 297.200000 349.600000
307.122811 297.200000 336.400000
309.029910 297.200000 336.400000
310.350785 297.200000 319.600000
311.642421 297.200000 319.600000
313.114684 297.200000 319.600000
314.156528 297.200000 319.600000
315.445087 297.200000 319.600000
317.725226 297.200000 319.600000
318.771241 297.200000 319.600000
320.256133 297.200000 319.600000
321.747741 297.200000 308.400000
322.787496 297.200000 308.400000
323.881078 297.200000 308.400000
325.612457 297.200000 308.400000
327.526136 297.200000 308.400000
328.638032 297.200000 308.400000
329.882833 297.200000 308.400000
331.291312 297.200000 308.400000
332.562925 297.200000 308.400000
333.655190 297.200000 308.400000
334.668052 297.200000 308.400000
335.701955 297.200000 308.400000
337.195528 297.200000 308.400000
339.331514 297.200000 308.400000
340.509618 297.200000 302.800000
342.329443 297.200000 302.800000
343.851242 297.200000 302.800000
344.855407 297.200000 302.800000
346.617440 297.200000 302.800000
348.903930 297.200000 302.800000
350.848962 297.200000 302.800000
352.811503 297.200000 302.800000
354.326618 297.200000 300.800000
356.063385 297.200000 300.800000
357.372601 297.200000 297.200000
359.001854 297.200000 297.200000
361.064250 297.200000 297.200000
362.179519 297.200000 297.200000
363.641597 297.200000 297.200000
364.654956 297.200000 297.200000
365.790805 297.200000 297.200000
367.183920 297.200000 297.200000
369.304545 297.200000 297.200000
371.748963 297.200000 297.200000
373.195976 297.200000 297.200000
374.205865 297.200000 297.200000
375.804611 297.200000 297.200000
377.376156 297.200000 297.200000
378.578345 297.200000 297.200000
380.082350 297.200000 297.200000
382.063265 297.200000 297.200000
383.619627 297.200000 297.200000
384.627130 297.200000 297.200000
386.440756 297.200000 297.200000
388.456380 297.200000 297.200000
390.585013 297.200000 297.200000
392.679738 297.200000 297.200000
394.407293 297.200000 297.200000
396.064459 297.200000 297.200000
397.237990 297.200000 297.200000
398.597298 297.200000 297.200000
400.317822 297.200000 297.200000
401.374712 297.200000 297.200000
402.556587 297.200000 297.200000
403.981030 297.200000 297.200000
405.584009 297.200000 297.200000
406.848101 297.200000 297.200000
408.316877 297.200000 297.200000
410.261240 297.200000 297.200000
411.291706 297.200000 297.200000
412.350644 297.200000 297.200000
414.477120 297.200000 297.200000
415.501938 297.200000 297.200000
416.518456 297.200000 297.200000
418.821920 297.200000 297.200000
420.851460 297.200000 297.200000
423.228740 297.200000 297.200000
424.329886 297.200000 297.200000
425.709744 297.200000 297.200000
427.356051 297.200000 297.200000
428.359220 297.200000 297.200000
430.103453 297.200000 297.200000
431.291189 297.200000 297.200000
432.307834 297.200000 297.200000
433.874772 297.200000 297.200000
435.277293 297.200000 297.200000
436.323642 297.200000 297.200000
438.019603 297.200000 297.200000
439.236288 297.200000 297.200000
440.288867 297.200000 297.200000
441.648030 297.200000 297.200000
442.666163 297.200000 297.200000
444.430573 297.200000 297.200000
445.555629 297.200000 297.200000
446.701879 297.200000 297.200000
448.184122 297.200000 297.200000
450.065294 297.200000 297.200000
451.984804 297.200000 297.200000
453.386692 297.200000 297.200000
455.537170 297.200000 297.200000
456.650735 297.200000 297.200000
457.793652 297.200000 297.200000
459.279544 297.200000 297.200000
460.302205 297.200000 297.200000
461.674884 297.200000 297.200000
463.075687 297.200000 297.200000
464.752838 297.200000 297.200000
465.902247 297.200000 297.200000
466.904378 297.200000 297.200000
468.594610 297.200000 297.200000
470.937609 297.200000 297.200000
472.870034 297.200000 297.200000
503.029680 297.200000 498.800000
504.699192 297.200000 498.800000
505.854243 297.200000 403.600000
507.941498 297.200000 403.600000
509.859420 297.200000 403.600000
510.954767 297.200000 398.000000
512.607322 297.200000 398.000000
514.461547 297.200000 398.000000
516.269830 297.200000 398.000000
517.471839 297.200000 398.000000
518.632185 297.200000 398.000000
519.883394 297.200000 398.000000
521.249465 297.200000 388.800000
522.912491 297.200000 388.800000
523.944216 297.200000 388.800000
525.104167 297.200000 388.800000
526.420689 297.200000 388.800000
527.631534 297.200000 388.800000
528.638110 297.200000 388.800000
530.127478 297.200000 388.800000
531.184584 297.200000 388.800000
532.475087 297.200000 388.800000
534.176976 297.200000 388.800000
536.084948 297.200000 388.800000
537.418503 297.200000 325.200000
538.957710 297.200000 325.200000
540.343713 297.200000 325.200000
541.559833 297.200000 325.200000
543.107566 297.200000 325.200000
544.286741 297.200000 325.200000
545.445834 297.200000 325.200000
546.732664 297.200000 325.200000
548.014736 297.200000 325.200000
549.263724 297.200000 325.200000
550.780315 297.200000 325.200000
551.915264 297.200000 314.000000
553.691354 297.200000 314.000000
555.039537 297.200000 308.400000
556.879991 297.200000 308.400000
558.060224 297.200000 308.400000
559.109772 297.200000 308.400000
560.669312 297.200000 308.400000
562.020618 297.200000 304.800000
563.231273 297.200000 304.800000
564.752257 297.200000 304.800000
566.736423 297.200000 304.800000
568.737025 297.200000 304.800000
569.946690 297.200000 304.800000
571.594072 297.200000 304.800000
572.768141 297.200000 304.800000
574.487491 297.200000 304.800000
576.061701 297.200000 304.800000
577.184151 297.200000 304.800000
578.555628 297.200000 304.800000
579.792749 297.200000 304.800000
581.128814 297.200000 304.800000
583.550789 297.200000 304.800000
584.958941 297.200000 304.800000
586.241141 297.200000 304.800000
587.856545 297.200000 304.800000
589.721999 297.200000 304.800000
590.765142 297.200000 304.800000
592.007551 297.200000 304.800000
593.181442 297.200000 304.800000
595.105650 297.200000 304.800000
596.363628 297.200000 304.800000
597.382142 297.200000 304.800000
599.227042 297.200000 304.800000
601.545512 297.200000 304.800000
602.906572 297.200000 304.800000
603.943867 297.200000 304.800000
605.700824 297.200000 304.800000
607.823415 297.200000 304.800000
608.993943 297.200000 304.800000
610.236505 297.200000 304.800000
611.763516 297.200000 304.800000
613.893837 297.200000 304.800000
615.843773 297.200000 304.800000
617.800191 297.200000 304.800000
620.250438 297.200000 304.800000
621.361736 297.200000 304.800000
622.533785 297.200000 304.800000
624.088648 297.200000 304.800000
626.085528 297.200000 304.800000
628.207374 297.200000 304.800000
630.284902 297.200000 304.800000
631.462967 297.200000 304.800000
632.501927 297.200000 304.800000
634.441374 297.200000 304.800000
635.588579 297.200000 304.800000
636.642362 297.200000 304.800000
638.364736 297.200000 304.800000
639.539480 297.200000 304.800000
640.580229 297.200000 304.800000
642.321365 297.200000 304.800000
643.566816 297.200000 304.800000
644.763784 297.200000 304.800000
646.273838 297.200000 304.800000
648.526525 297.200000 304.800000
650.245413 297.200000 304.800000
651.374582 297.200000 304.800000
652.927716 297.200000 304.800000
654.284793 297.200000 304.800000
655.526858 297.200000 304.800000
657.044097 297.200000 304.800000
659.176593 297.200000 304.800000
660.426918 297.200000 304.800000
661.490889 297.200000 304.800000
691.015601 297.200000 504.400000
692.426029 297.200000 504.400000
694.014108 297.200000 465.200000
695.736209 297.200000 465.200000
696.997195 297.200000 465.200000
698.218821 297.200000 465.200000
699.708009 297.200000 465.200000
701.923149 297.200000 465.200000
703.077682 297.200000 416.800000
704.831317 297.200000 416.800000
706.095138 297.200000 347.600000
707.842392 297.200000 342.000000
709.604630 297.200000 342.000000
710.638636 297.200000 314.000000
711.699841 297.200000 314.000000
712.981946 297.200000 314.000000
713.999796 297.200000 314.000000
715.077435 297.200000 314.000000
716.589833 297.200000 314.000000
717.773923 297.200000 314.000000
718.819102 297.200000 314.000000
720.303753 297.200000 314.000000
722.351980 297.200000 314.000000
724.467694 297.200000 314.000000
725.594029 297.200000 314.000000
726.742132 297.200000 314.000000
728.178626 297.200000 314.000000
730.195362 297.200000 314.000000
731.424446 297.200000 304.800000
732.576977 297.200000 304.800000
733.928627 297.200000 304.800000
734.951951 297.200000 304.800000
736.710453 297.200000 304.800000
737.759473 297.200000 304.800000
739.163618 297.200000 304.800000
740.670282 297.200000 304.800000
741.835477 297.200000 304.800000
743.156646 297.200000 304.800000
744.729602 297.200000 304.800000
745.964700 297.200000 304.800000
747.560838 297.200000 304.800000
748.778102 297.200000 302.800000
750.509276 297.200000 302.800000
751.594462 297.200000 302.800000
752.601577 297.200000 302.800000
754.944980 297.200000 302.800000
756.193241 297.200000 299.200000
757.841286 297.200000 299.200000
759.117293 297.200000 299.200000
760.173518 297.200000 299.200000
761.997623 297.200000 299.200000
764.076462 297.200000 299.200000
766.481991 297.200000 299.200000
767.923035 297.200000 299.200000
769.173240 297.200000 299.200000
770.955283 297.200000 299.200000
772.408353 297.200000 299.200000
773.434451 297.200000 299.200000
774.585825 297.200000 299.200000
776.031350 297.200000 299.200000
777.058813 297.200000 299.200000
778.911374 297.200000 299.200000
780.861305 297.200000 299.200000
781.967636 297.200000 299.200000
783.090277 297.200000 299.200000
784.446995 297.200000 299.200000
785.653315 297.200000 299.200000
786.774237 297.200000 299.200000
788.001495 297.200000 299.200000
789.589622 297.200000 299.200000
791.607123 297.200000 299.200000
792.715295 297.200000 299.200000
793.825372 297.200000 299.200000
795.121200 297.200000 299.200000
796.300301 297.200000 299.200000
797.589079 297.200000 299.200000
798.951923 297.200000 299.200000
800.342403 297.200000 299.200000
