0.411389 579.200000 579.200000
1.419273 330.800000 330.800000
2.421683 314.000000 314.000000
3.428491 314.000000 314.000000
4.446447 280.400000 274.800000
5.513273 274.800000 274.800000
6.519066 274.800000 274.800000
7.528803 274.800000 274.800000
8.534202 269.200000 269.200000
9.577915 269.200000 269.200000
10.594591 269.200000 269.200000
11.606368 269.200000 269.200000
12.612972 269.200000 269.200000
13.613910 269.200000 568.000000
14.631246 269.200000 314.000000
15.647641 269.200000 280.400000
16.655612 269.200000 274.800000
17.673875 269.200000 274.800000
18.676714 269.200000 274.800000
19.682978 269.200000 274.800000
20.703356 269.200000 274.800000
21.748461 269.200000 330.800000
22.758978 269.200000 286.000000
23.826138 269.200000 280.400000
24.833136 269.200000 274.800000
25.859069 269.200000 269.200000
26.927814 269.200000 269.200000
27.930882 269.200000 269.200000
28.949236 269.200000 269.200000
30.089614 269.200000 579.200000
31.153501 269.200000 347.600000
32.161604 269.200000 325.200000
33.172227 269.200000 280.400000
34.179902 269.200000 274.800000
35.180032 269.200000 274.800000
36.196630 269.200000 274.800000
37.206419 269.200000 274.800000
38.258284 269.200000 274.800000
39.287921 269.200000 274.800000
40.313300 269.200000 420.400000
41.387199 269.200000 314.000000
42.399550 269.200000 291.600000
43.419497 269.200000 274.800000
44.421623 269.200000 269.200000
45.423056 269.200000 269.200000
46.438972 258.000000 258.000000
47.451208 258.000000 258.000000
48.465219 258.000000 258.000000
49.484338 258.000000 258.000000
50.493823 258.000000 258.000000
51.510184 258.000000 568.000000
52.555519 258.000000 319.600000
53.602435 258.000000 261.600000
54.608293 258.000000 261.600000
55.616945 258.000000 261.600000
56.675155 258.000000 261.600000
57.677107 258.000000 261.600000
58.723087 258.000000 261.600000
59.787471 258.000000 573.600000
60.806259 258.000000 314.000000
61.807856 258.000000 280.400000
62.813159 258.000000 263.600000
63.851954 258.000000 258.000000
64.874643 258.000000 258.000000
65.875911 252.400000 252.400000
66.886627 252.400000 252.400000
67.909571 252.400000 252.400000
68.910341 252.400000 252.400000
69.912298 252.400000 252.400000
70.936552 252.400000 252.400000
71.984746 252.400000 252.400000
73.013966 252.400000 579.200000
74.022170 252.400000 347.600000
75.078090 252.400000 308.400000
76.079008 252.400000 263.600000
77.087604 252.400000 263.600000
78.094158 252.400000 261.600000
79.094778 252.400000 261.600000
80.103765 252.400000 261.600000
81.119765 252.400000 261.600000
82.147590 252.400000 568.000000
83.154366 252.400000 347.600000
84.213353 252.400000 308.400000
85.221507 252.400000 274.800000
86.226413 252.400000 272.800000
87.242021 252.400000 272.800000
88.261603 252.400000 272.800000
89.277233 252.400000 272.800000
90.279148 252.400000 272.800000
91.311703 252.400000 575.600000
92.367747 252.400000 336.400000
93.382161 252.400000 319.600000
94.412252 252.400000 297.200000
95.441830 252.400000 297.200000
96.454056 252.400000 284.000000
97.461604 252.400000 284.000000
98.479729 252.400000 284.000000
99.539669 252.400000 284.000000
100.568041 252.400000 284.000000
101.577959 252.400000 506.400000
102.591131 252.400000 409.200000
103.615312 252.400000 280.400000
104.630603 252.400000 278.400000
105.632260 252.400000 274.800000
106.664296 252.400000 274.800000
107.692008 252.400000 274.800000
108.747152 252.400000 274.800000
109.753100 252.400000 274.800000
110.754180 252.400000 534.400000
111.800709 252.400000 297.200000
112.805161 252.400000 280.400000
113.821048 252.400000 280.400000
114.856338 252.400000 269.200000
115.883024 252.400000 269.200000
116.901614 252.400000 269.200000
117.915627 252.400000 269.200000
118.917064 252.400000 570.000000
119.926529 252.400000 336.400000
120.926797 252.400000 291.600000
121.978416 252.400000 291.600000
122.994543 252.400000 291.600000
123.996935 252.400000 286.000000
125.071964 252.400000 286.000000
126.076506 252.400000 286.000000
127.093174 252.400000 286.000000
128.110577 252.400000 286.000000
129.151652 252.400000 394.400000
130.154978 252.400000 314.000000
131.185513 252.400000 274.800000
132.187982 252.400000 269.200000
133.196537 252.400000 269.200000
134.202584 252.400000 269.200000
135.245876 252.400000 269.200000
136.256505 252.400000 269.200000
137.285239 252.400000 269.200000
138.292449 252.400000 448.400000
139.295074 252.400000 291.600000
140.299046 252.400000 291.600000
141.311086 252.400000 274.800000
142.319943 252.400000 274.800000
143.328076 252.400000 274.800000
144.331811 252.400000 274.800000
145.351506 252.400000 274.800000
146.422468 252.400000 573.600000
147.424988 252.400000 314.000000
148.434384 252.400000 314.000000
149.460033 252.400000 263.600000
150.477477 252.400000 263.600000
151.483351 252.400000 263.600000
152.552094 252.400000 263.600000
153.554382 252.400000 263.600000
154.590068 252.400000 579.200000
155.610762 252.400000 353.200000
156.632767 252.400000 347.600000
157.639547 252.400000 286.000000
158.708420 252.400000 286.000000
159.763337 252.400000 280.400000
160.773744 252.400000 274.800000
161.793748 252.400000 274.800000
162.862860 252.400000 274.800000
163.868493 252.400000 274.800000
164.909763 252.400000 274.800000
165.926087 252.400000 330.800000
166.940607 252.400000 263.600000
168.008369 252.400000 263.600000
169.023700 252.400000 263.600000
170.066974 252.400000 263.600000
171.122929 252.400000 263.600000
172.129918 252.400000 263.600000
173.138472 252.400000 579.200000
174.145536 252.400000 461.600000
175.154170 252.400000 308.400000
176.170615 252.400000 280.400000
177.174719 252.400000 258.000000
178.181208 252.400000 258.000000
179.190640 252.400000 258.000000
180.210982 252.400000 258.000000
181.213313 252.400000 258.000000
182.271061 252.400000 579.200000
183.296869 252.400000 338.400000
184.377026 252.400000 280.400000
185.434250 252.400000 274.800000
186.442013 252.400000 274.800000
187.458245 252.400000 274.800000
188.464501 252.400000 274.800000
189.728521 252.400000 579.200000
190.733660 252.400000 370.000000
191.766679 252.400000 330.800000
192.791617 252.400000 286.000000
193.797744 252.400000 274.800000
194.805125 252.400000 269.200000
195.805991 252.400000 269.200000
196.842690 252.400000 269.200000
197.847808 252.400000 269.200000
198.858329 252.400000 269.200000
199.860366 252.400000 573.600000
200.906232 252.400000 525.200000
201.955159 252.400000 297.200000
202.955638 252.400000 297.200000
203.959743 252.400000 269.200000
204.966097 252.400000 267.200000
205.969092 252.400000 267.200000
206.969469 252.400000 267.200000
208.030933 252.400000 267.200000
209.037169 252.400000 584.800000
210.055546 252.400000 355.200000
211.082666 252.400000 310.400000
212.089541 252.400000 269.200000
213.122520 252.400000 263.600000
214.144313 252.400000 263.600000
215.145836 252.400000 263.600000
216.256832 252.400000 607.200000
217.268205 252.400000 325.200000
218.300368 252.400000 291.600000
219.306074 252.400000 263.600000
220.316467 252.400000 258.000000
221.321951 252.400000 258.000000
222.329870 252.400000 258.000000
223.360653 252.400000 258.000000
224.390893 252.400000 258.000000
225.406472 252.400000 568.000000
226.446132 252.400000 383.200000
227.502101 252.400000 269.200000
228.503970 252.400000 263.600000
229.505924 252.400000 263.600000
230.508205 252.400000 263.600000
231.529256 252.400000 263.600000
232.569381 252.400000 263.600000
233.587584 252.400000 325.200000
234.599079 252.400000 297.200000
235.603945 252.400000 280.400000
236.615198 252.400000 280.400000
237.618898 252.400000 276.800000
238.658895 252.400000 276.800000
239.701276 252.400000 276.800000
240.730037 252.400000 276.800000
241.755339 252.400000 573.600000
242.814324 252.400000 416.800000
243.829197 252.400000 269.200000
244.871195 252.400000 261.600000
245.876482 252.400000 261.600000
246.904688 252.400000 261.600000
247.916308 252.400000 261.600000
248.951112 252.400000 261.600000
250.179913 252.400000 579.200000
251.249046 252.400000 512.000000
252.259005 252.400000 302.800000
253.273580 252.400000 302.800000
254.292255 252.400000 280.400000
255.317088 252.400000 280.400000
256.341027 252.400000 280.400000
257.356696 252.400000 274.800000
258.388313 252.400000 274.800000
259.450488 252.400000 274.800000
260.451287 252.400000 274.800000
261.652043 252.400000 646.400000
262.658196 252.400000 400.000000
263.670994 252.400000 336.400000
264.673298 252.400000 274.800000
265.678805 252.400000 269.200000
266.679704 252.400000 269.200000
267.688285 252.400000 269.200000
268.690587 252.400000 269.200000
269.696886 252.400000 269.200000
270.711081 252.400000 568.000000
271.716615 252.400000 319.600000
272.719072 252.400000 272.800000
273.736233 252.400000 263.600000
274.792835 252.400000 263.600000
275.809926 252.400000 263.600000
276.844391 252.400000 263.600000
277.848819 252.400000 263.600000
278.861698 252.400000 263.600000
279.904020 252.400000 366.400000
280.915241 252.400000 286.000000
281.924398 252.400000 280.400000
282.993096 252.400000 278.400000
283.995148 252.400000 278.400000
285.025434 252.400000 278.400000
286.098237 252.400000 278.400000
287.105293 252.400000 278.400000
288.125172 252.400000 489.600000
289.142483 252.400000 295.200000
290.185468 252.400000 274.800000
291.201240 252.400000 274.800000
292.214922 252.400000 274.800000
293.237736 252.400000 274.800000
294.245836 252.400000 274.800000
295.306057 252.400000 274.800000
296.378347 252.400000 274.800000
297.408035 252.400000 573.600000
298.409241 252.400000 342.000000
299.484500 252.400000 286.000000
300.510280 252.400000 286.000000
301.526893 252.400000 286.000000
302.534587 252.400000 286.000000
303.576894 252.400000 286.000000
304.623774 252.400000 568.000000
305.657448 252.400000 308.400000
306.679527 252.400000 291.600000
307.723218 252.400000 280.400000
308.767621 252.400000 274.800000
309.779692 252.400000 274.800000
310.783455 252.400000 274.800000
311.791374 252.400000 274.800000
312.797333 252.400000 274.800000
313.842149 252.400000 274.800000
314.870651 252.400000 573.600000
315.938512 252.400000 448.400000
316.988612 252.400000 291.600000
318.111503 252.400000 276.800000
319.122791 252.400000 269.200000
320.136331 252.400000 269.200000
321.177778 252.400000 269.200000
322.208332 252.400000 269.200000
323.217367 252.400000 269.200000
324.250770 252.400000 269.200000
325.286982 252.400000 575.600000
326.351227 252.400000 308.400000
327.351902 252.400000 291.600000
328.389384 252.400000 280.400000
329.422972 252.400000 280.400000
330.474738 252.400000 274.800000
331.494972 252.400000 274.800000
332.505578 252.400000 274.800000
333.560849 252.400000 269.200000
334.602142 252.400000 269.200000
335.626838 252.400000 269.200000
336.689585 252.400000 269.200000
337.714334 252.400000 484.000000
338.725274 252.400000 314.000000
339.775479 252.400000 280.400000
340.783902 252.400000 272.800000
341.784630 252.400000 269.200000
342.835321 252.400000 269.200000
343.859711 252.400000 269.200000
344.862188 252.400000 269.200000
345.885007 252.400000 269.200000
347.082354 252.400000 575.600000
348.095495 252.400000 461.600000
349.108249 252.400000 286.000000
350.153600 252.400000 286.000000
351.184810 252.400000 280.400000
352.211011 252.400000 280.400000
353.214123 252.400000 280.400000
354.220564 252.400000 280.400000
355.256081 252.400000 573.600000
356.268059 252.400000 336.400000
357.294469 252.400000 336.400000
358.319523 252.400000 278.400000
359.370277 252.400000 278.400000
360.370370 252.400000 274.800000
361.392699 252.400000 274.800000
362.392768 252.400000 274.800000
363.454679 252.400000 274.800000
364.459578 252.400000 568.000000
365.467079 252.400000 512.000000
366.477700 252.400000 297.200000
367.512851 252.400000 286.000000
368.518321 252.400000 274.800000
369.523222 252.400000 274.800000
370.533163 252.400000 274.800000
371.541786 252.400000 274.800000
372.561467 252.400000 498.800000
373.589245 252.400000 400.000000
374.602239 252.400000 291.600000
375.612305 252.400000 286.000000
376.639217 252.400000 286.000000
377.643534 252.400000 286.000000
378.644625 252.400000 286.000000
379.656540 252.400000 286.000000
380.736998 252.400000 581.200000
381.753291 252.400000 308.400000
382.776661 252.400000 302.800000
383.818986 252.400000 280.400000
384.837330 252.400000 280.400000
385.872537 252.400000 280.400000
386.877994 252.400000 280.400000
387.881534 252.400000 570.000000
388.895687 252.400000 388.800000
389.911901 252.400000 314.000000
390.932895 252.400000 280.400000
391.970951 252.400000 280.400000
392.976372 252.400000 274.800000
393.983093 252.400000 274.800000
394.993761 252.400000 274.800000
396.005291 252.400000 274.800000
397.005444 252.400000 562.400000
398.016649 252.400000 286.000000
399.079494 252.400000 286.000000
400.095794 252.400000 263.600000
401.108999 252.400000 258.000000
402.123751 252.400000 258.000000
403.183250 252.400000 258.000000
404.187729 252.400000 258.000000
405.248420 252.400000 575.600000
406.307206 252.400000 347.600000
407.308771 252.400000 330.800000
408.323305 252.400000 308.400000
409.330835 252.400000 291.600000
410.391800 252.400000 291.600000
411.468257 252.400000 291.600000
412.530158 252.400000 291.600000
413.532550 252.400000 291.600000
414.558714 252.400000 291.600000
415.579321 252.400000 308.400000
416.595763 252.400000 302.800000
417.608276 252.400000 269.200000
418.622121 252.400000 267.200000
419.626192 252.400000 267.200000
420.693827 252.400000 267.200000
421.702542 252.400000 267.200000
422.719269 252.400000 267.200000
423.726403 252.400000 267.200000
424.749520 252.400000 267.200000
425.894093 252.400000 581.200000
426.928609 252.400000 381.200000
427.944521 252.400000 291.600000
428.957897 252.400000 261.600000
429.976956 252.400000 258.000000
430.989194 252.400000 258.000000
431.998624 252.400000 258.000000
432.999368 252.400000 258.000000
434.006157 252.400000 258.000000
435.061810 252.400000 258.000000
436.064435 252.400000 258.000000
437.074676 252.400000 564.400000
438.095136 252.400000 403.600000
439.105493 252.400000 286.000000
440.149692 252.400000 267.200000
441.156106 252.400000 267.200000
442.164035 252.400000 267.200000
443.180749 252.400000 267.200000
444.187808 252.400000 267.200000
445.196854 252.400000 267.200000
446.236437 252.400000 330.800000
447.240997 252.400000 325.200000
448.247319 252.400000 291.600000
449.268288 252.400000 286.000000
450.280646 252.400000 286.000000
451.297361 252.400000 286.000000
452.297847 252.400000 286.000000
453.307701 252.400000 286.000000
454.315649 252.400000 467.200000
455.318303 252.400000 330.800000
456.320631 252.400000 291.600000
457.333407 252.400000 280.400000
458.333837 252.400000 274.800000
459.341118 252.400000 274.800000
460.344112 252.400000 274.800000
461.349921 252.400000 274.800000
462.409277 252.400000 444.800000
463.420466 252.400000 289.600000
464.482564 252.400000 284.000000
465.545525 252.400000 280.400000
466.553916 252.400000 258.000000
467.568322 252.400000 252.400000
468.592399 252.400000 252.400000
469.621581 252.400000 252.400000
470.690928 252.400000 252.400000
471.697987 252.400000 568.000000
472.718306 252.400000 336.400000
473.724802 252.400000 291.600000
474.762749 252.400000 269.200000
475.763979 252.400000 269.200000
476.820221 252.400000 269.200000
477.826698 252.400000 269.200000
478.862423 252.400000 269.200000
479.980683 252.400000 581.200000
480.990033 252.400000 461.600000
482.020017 252.400000 321.600000
483.023543 252.400000 274.800000
484.024693 252.400000 269.200000
485.039430 252.400000 269.200000
486.040707 252.400000 269.200000
487.050708 252.400000 269.200000
488.065324 252.400000 269.200000
489.096249 252.400000 571.600000
490.096829 252.400000 344.000000
491.109079 252.400000 299.200000
492.118470 252.400000 297.200000
493.136842 252.400000 288.000000
494.185634 252.400000 288.000000
495.191436 252.400000 288.000000
496.192317 252.400000 579.200000
497.208501 252.400000 319.600000
498.210276 252.400000 280.400000
499.233013 252.400000 280.400000
500.233456 252.400000 280.400000
501.255779 252.400000 280.400000
502.263604 252.400000 280.400000
503.317770 252.400000 364.400000
504.331034 252.400000 325.200000
505.352561 252.400000 291.600000
506.361954 252.400000 274.800000
507.366471 252.400000 274.800000
508.368283 252.400000 274.800000
509.372004 252.400000 272.800000
510.373086 252.400000 272.800000
511.376555 252.400000 272.800000
512.462512 252.400000 584.800000
513.465151 252.400000 302.800000
514.484785 252.400000 252.400000
515.534057 252.400000 252.400000
516.541548 252.400000 252.400000
517.580392 252.400000 252.400000
518.593845 252.400000 364.400000
519.613447 252.400000 308.400000
520.648927 252.400000 289.600000
521.690722 252.400000 280.400000
522.734299 252.400000 274.800000
523.744331 252.400000 274.800000
524.751148 252.400000 274.800000
525.755062 252.400000 274.800000
526.802907 252.400000 274.800000
527.819907 252.400000 573.600000
528.823250 252.400000 330.800000
529.893785 252.400000 286.000000
530.901099 252.400000 280.400000
531.902853 252.400000 280.400000
532.970931 252.400000 280.400000
533.979139 252.400000 280.400000
535.001314 252.400000 568.000000
536.011141 252.400000 392.400000
537.021639 252.400000 286.000000
538.029385 252.400000 274.800000
539.046044 252.400000 267.200000
540.051081 252.400000 267.200000
541.051804 252.400000 267.200000
542.069931 252.400000 267.200000
543.141489 252.400000 267.200000
544.152526 252.400000 564.400000
545.168287 252.400000 330.800000
546.239158 252.400000 291.600000
547.242644 252.400000 280.400000
548.261801 252.400000 274.800000
549.280618 252.400000 269.200000
550.282132 252.400000 263.600000
551.283756 252.400000 263.600000
552.324684 252.400000 263.600000
553.330967 252.400000 263.600000
554.348812 252.400000 375.600000
555.349740 252.400000 314.000000
556.391514 252.400000 314.000000
557.430606 252.400000 269.200000
558.437399 252.400000 269.200000
559.446720 252.400000 269.200000
560.460432 252.400000 269.200000
561.472120 252.400000 534.400000
562.489743 252.400000 332.800000
563.498172 252.400000 302.800000
564.501479 252.400000 302.800000
565.513715 252.400000 297.200000
566.527886 252.400000 297.200000
567.531369 252.400000 297.200000
568.539271 252.400000 297.200000
569.564975 252.400000 297.200000
570.603537 252.400000 584.800000
571.607303 252.400000 342.000000
572.638060 252.400000 286.000000
573.647735 252.400000 280.400000
574.650070 252.400000 280.400000
575.650831 252.400000 280.400000
576.814341 252.400000 596.000000
577.822493 252.400000 364.400000
578.828885 252.400000 291.600000
579.857780 252.400000 286.000000
580.886076 252.400000 286.000000
581.898297 252.400000 286.000000
582.920446 252.400000 286.000000
583.921319 252.400000 579.200000
584.925208 252.400000 338.400000
585.933509 252.400000 308.400000
586.936870 252.400000 274.800000
588.010800 252.400000 274.800000
589.029127 252.400000 274.800000
590.033751 252.400000 274.800000
591.103026 252.400000 573.600000
592.169396 252.400000 353.200000
593.175431 252.400000 299.200000
594.204091 252.400000 258.000000
595.209364 252.400000 258.000000
596.239117 252.400000 258.000000
597.248922 252.400000 570.000000
598.263333 252.400000 377.600000
599.298435 252.400000 308.400000
600.310187 252.400000 286.000000
601.312483 252.400000 286.000000
602.313689 252.400000 286.000000
603.329084 252.400000 286.000000
604.365986 252.400000 286.000000
605.376155 252.400000 579.200000
606.380024 252.400000 314.000000
607.398689 252.400000 291.600000
608.437057 252.400000 289.600000
609.449491 252.400000 289.600000
610.482671 252.400000 289.600000
611.483818 252.400000 289.600000
612.553580 252.400000 289.600000
613.560647 252.400000 289.600000
614.572645 252.400000 573.600000
615.625381 252.400000 314.000000
616.636240 252.400000 297.200000
617.639905 252.400000 269.200000
618.643380 252.400000 263.600000
619.675779 252.400000 263.600000
620.715473 252.400000 263.600000
621.738380 252.400000 263.600000
622.738832 252.400000 263.600000
623.760717 252.400000 575.600000
624.780381 252.400000 319.600000
625.793377 252.400000 308.400000
626.812091 252.400000 297.200000
627.817135 252.400000 280.400000
628.877144 252.400000 280.400000
629.887314 252.400000 280.400000
630.908713 252.400000 280.400000
631.911768 252.400000 280.400000
632.954823 252.400000 584.800000
633.956345 252.400000 416.800000
634.981512 252.400000 325.200000
636.013105 252.400000 289.600000
637.022823 252.400000 289.600000
638.053642 252.400000 269.200000
639.065575 252.400000 269.200000
640.086647 252.400000 269.200000
641.101176 252.400000 269.200000
642.115386 252.400000 269.200000
643.281435 252.400000 579.200000
644.353834 252.400000 405.600000
645.367169 252.400000 302.800000
646.369157 252.400000 291.600000
647.376485 252.400000 274.800000
648.382769 252.400000 274.800000
649.394074 252.400000 274.800000
650.397045 252.400000 274.800000
651.413199 252.400000 274.800000
652.495574 252.400000 274.800000
653.528571 252.400000 274.800000
654.611986 252.400000 562.400000
655.648667 252.400000 325.200000
656.652741 252.400000 314.000000
657.701727 252.400000 286.000000
658.737607 252.400000 286.000000
659.750926 252.400000 280.400000
660.770010 252.400000 280.400000
661.796257 252.400000 280.400000
662.801855 252.400000 280.400000
663.828913 252.400000 280.400000
664.982251 252.400000 579.200000
665.995599 252.400000 314.000000
666.996689 252.400000 291.600000
668.055160 252.400000 252.400000
669.083810 252.400000 252.400000
670.115042 252.400000 252.400000
671.121550 252.400000 252.400000
672.124884 252.400000 252.400000
673.157969 252.400000 568.000000
674.158729 252.400000 286.000000
675.166417 252.400000 267.200000
676.183893 252.400000 267.200000
677.195231 252.400000 267.200000
678.196523 252.400000 267.200000
679.209046 252.400000 267.200000
680.237968 252.400000 267.200000
681.242251 252.400000 573.600000
682.263297 252.400000 347.600000
683.270961 252.400000 325.200000
684.278532 252.400000 291.600000
685.292887 252.400000 286.000000
686.321383 252.400000 286.000000
687.326735 252.400000 286.000000
688.367888 252.400000 286.000000
689.387659 252.400000 286.000000
690.407218 252.400000 564.400000
691.415369 252.400000 319.600000
692.438889 252.400000 297.200000
693.455337 252.400000 280.400000
694.470758 252.400000 280.400000
695.488380 252.400000 280.400000
696.520652 252.400000 274.800000
697.532776 252.400000 272.800000
698.548494 252.400000 272.800000
699.577298 252.400000 272.800000
700.643667 252.400000 272.800000
701.692303 252.400000 272.800000
702.702025 252.400000 573.600000
703.722335 252.400000 523.200000
704.761241 252.400000 330.800000
705.775133 252.400000 314.000000
706.808894 252.400000 280.400000
707.809570 252.400000 280.400000
708.849657 252.400000 280.400000
709.853394 252.400000 280.400000
710.853444 252.400000 280.400000
711.855973 252.400000 280.400000
712.891806 252.400000 584.800000
713.919777 252.400000 325.200000
714.922324 252.400000 325.200000
715.927943 252.400000 263.600000
716.931491 246.800000 246.800000
717.960481 246.800000 246.800000
719.009189 246.800000 246.800000
720.085828 246.800000 246.800000
721.151871 246.800000 246.800000
722.163335 246.800000 246.800000
723.168100 246.800000 568.000000
724.198508 246.800000 308.400000
725.247919 246.800000 261.600000
726.265854 246.800000 256.000000
727.272804 246.800000 256.000000
728.320041 246.800000 256.000000
729.344419 246.800000 256.000000
730.348125 246.800000 256.000000
731.400695 246.800000 573.600000
732.426856 246.800000 540.000000
733.430051 246.800000 286.000000
734.460784 246.800000 278.400000
735.484853 246.800000 278.400000
736.542140 246.800000 274.800000
737.557305 246.800000 274.800000
738.569245 246.800000 274.800000
739.633545 246.800000 274.800000
740.642496 246.800000 528.800000
741.657307 246.800000 314.000000
742.666568 246.800000 286.000000
743.687533 246.800000 280.400000
744.696953 246.800000 280.400000
745.705850 246.800000 280.400000
746.709679 246.800000 280.400000
747.776466 246.800000 280.400000
748.823546 246.800000 573.600000
749.874549 246.800000 411.200000
750.883860 246.800000 302.800000
751.907994 246.800000 297.200000
752.926376 246.800000 291.600000
753.932437 246.800000 291.600000
754.945051 246.800000 291.600000
755.961449 246.800000 291.600000
756.980740 246.800000 291.600000
757.991734 246.800000 568.000000
759.008255 246.800000 325.200000
760.022906 246.800000 308.400000
761.034101 246.800000 286.000000
762.103434 246.800000 280.400000
763.104373 246.800000 278.400000
764.112789 246.800000 278.400000
765.113523 246.800000 278.400000
766.164600 246.800000 278.400000
767.386827 246.800000 590.400000
768.389106 246.800000 336.400000
769.390528 246.800000 308.400000
770.393211 246.800000 280.400000
771.398066 246.800000 280.400000
772.426260 246.800000 276.800000
773.431247 246.800000 276.800000
774.431279 246.800000 276.800000
775.432482 246.800000 276.800000
776.456311 246.800000 276.800000
777.500269 246.800000 573.600000
778.510271 246.800000 372.000000
779.560329 246.800000 280.400000
780.569521 246.800000 274.800000
781.591725 246.800000 274.800000
782.616105 246.800000 274.800000
783.626217 246.800000 274.800000
784.665474 246.800000 456.000000
785.702933 246.800000 297.200000
786.751436 246.800000 272.800000
787.771897 246.800000 272.800000
788.776553 246.800000 272.800000
789.809125 246.800000 272.800000
790.842345 246.800000 272.800000
791.866869 246.800000 568.000000
792.874786 246.800000 330.800000
793.875469 246.800000 280.400000
794.885003 246.800000 269.200000
795.897984 246.800000 263.600000
796.902549 246.800000 263.600000
797.962469 246.800000 263.600000
798.972423 246.800000 263.600000
800.001373 246.800000 472.800000
