0 696.8 0.401276 300 0
0 579.2 0.577056 0
0 551.2 0.817804 0
0 536.4 1.03815 1
0 480.4 1.26819 1
0 418.8 1.50336 1
0 392.4 1.7138 1
0 370 2.34719 3
0 291.6 2.79955 3
0 286 3.83928 9
0 280.4 4.19788 9
0 274.8 4.80238 9
0 269.2 5.16423 9
0 263.6 6.57991 13
0 261.6 8.1978 19
0 261.6 16.3468 300 86
0 261.6 26.3306 300 86
0 261.6 37.3436 300 86
0 261.6 48.75 300 88
0 261.6 59.9259 300 88
0 261.6 70.64 300 88
0 261.6 78.2805 300 88
0 261.6 88.1461 300 88
0 261.6 96.3844 300 88
0 258 100.729 88
0 258 107.846 300 88
0 258 116.001 300 88
0 258 126.34 300 88
0 258 134.291 300 88
0 258 141.655 300 88
0 258 151.203 300 88
0 258 160.68 300 88
0 250.4 164.4 88
0 246.8 165.058 88
0 246.8 170.397 300 88
0 246.8 179.75 300 88
0 246.8 188.64 300 88
0 244.8 193.411 88
0 244.8 200.217 300 88
0 244.8 209.33 300 88
0 244.8 216.502 300 88
0 244.8 226.214 300 88
0 244.8 235.12 300 88
0 244.8 246.992 300 88
0 244.8 255.892 300 88
0 244.8 265.733 300 88
0 244.8 277.957 300 88
0 244.8 287.277 300 88
0 244.8 296.929 300 88
0 244.8 306.576 300 88
0 244.8 316.618 300 88
0 244.8 324.245 300 88
0 244.8 332.354 300 88
0 244.8 339.713 300 88
0 244.8 350.164 300 88
0 244.8 362.148 300 88
0 244.8 373.884 300 88
0 244.8 382.752 300 88
0 244.8 393.13 300 88
0 244.8 400.776 300 88
0 244.8 410.809 300 88
0 244.8 420.265 300 88
0 244.8 427.214 300 88
0 244.8 434.983 300 88
0 244.8 444.479 300 88
0 244.8 454.277 300 88
0 244.8 463.678 300 88
0 244.8 478.815 300 89
0 244.8 488.839 300 89
0 244.8 500.975 300 89
0 244.8 510.326 300 89
0 244.8 520.933 300 89
0 244.8 530.055 300 89
0 244.8 538.829 300 89
0 244.8 551.1 300 89
0 244.8 563.733 300 89
0 244.8 573.354 300 89
0 244.8 583.137 300 89
0 244.8 594.765 300 89
0 244.8 608.517 300 89
0 244.8 617.712 300 89
0 244.8 626.867 300 89
0 244.8 634.192 300 89
0 244.8 643.038 300 89
0 244.8 654.451 300 89
0 244.8 661.606 300 89
0 244.8 671.743 300 89
0 244.8 680.865 300 89
0 244.8 692.29 300 89
0 244.8 699.337 300 89
0 244.8 710.853 300 89
0 244.8 720.641 300 89
0 244.8 729.921 300 89
0 244.8 742.084 300 89
0 244.8 751.517 300 89
0 244.8 760.867 300 89
0 244.8 769.658 300 89
0 244.8 778.752 300 89
0 244.8 787.353 300 89
0 244.8 798.341 300 89
