0.014998 773.200000 773.200000
1.015548 426.000000 463.200000
2.016238 426.000000 519.200000
3.016568 426.000000 446.400000
4.017512 426.000000 485.600000
5.017732 424.000000 502.400000
6.019168 424.000000 773.200000
7.019176 420.400000 440.800000
8.019223 412.800000 429.600000
9.019245 407.200000 538.000000
10.019448 407.200000 440.800000
11.019836 407.200000 412.800000
12.020174 407.200000 468.800000
13.020528 396.000000 476.400000
14.020996 396.000000 498.800000
15.021295 396.000000 407.200000
16.021755 396.000000 661.200000
17.023189 396.000000 476.400000
18.023370 396.000000 605.200000
19.023834 396.000000 470.800000
20.023931 396.000000 526.800000
21.024162 396.000000 485.600000
22.025351 396.000000 650.000000
23.026158 396.000000 521.200000
24.026447 396.000000 426.000000
25.026950 396.000000 412.800000
26.027312 396.000000 429.600000
27.027693 396.000000 773.200000
28.028024 396.000000 661.200000
29.028355 390.400000 468.800000
30.028798 390.400000 496.800000
31.028838 390.400000 491.200000
32.029573 390.400000 532.400000
33.029584 390.400000 554.800000
34.029706 390.400000 496.800000
35.030610 390.400000 526.800000
36.030870 390.400000 491.200000
37.030969 390.400000 526.800000
38.037275 390.400000 412.800000
39.037800 390.400000 418.400000
40.050532 390.400000 508.000000
41.050654 390.400000 463.200000
42.050963 390.400000 521.200000
43.051135 390.400000 521.200000
44.055431 390.400000 457.600000
45.055741 390.400000 510.000000
46.056304 390.400000 407.200000
47.056705 390.400000 431.600000
48.064374 390.400000 767.600000
49.064632 390.400000 519.200000
50.064924 390.400000 407.200000
51.065037 390.400000 482.000000
52.066685 390.400000 767.600000
53.066892 390.400000 424.000000
54.070624 390.400000 750.800000
55.070748 390.400000 485.600000
56.070880 390.400000 532.400000
57.071829 390.400000 661.200000
58.072196 390.400000 493.200000
59.072749 390.400000 661.200000
60.072981 390.400000 536.000000
61.073908 390.400000 429.600000
62.074357 390.400000 605.200000
63.074807 390.400000 476.400000
64.075216 390.400000 496.800000
65.075578 390.400000 498.800000
66.076447 390.400000 435.200000
67.077392 390.400000 750.800000
68.077394 390.400000 412.800000
69.077927 390.400000 440.800000
70.078475 390.400000 468.800000
71.078882 390.400000 508.000000
72.079592 390.400000 504.400000
73.080020 390.400000 463.200000
74.080744 390.400000 496.800000
75.081044 390.400000 554.800000
76.081406 390.400000 564.000000
77.081839 390.400000 474.400000
78.081904 390.400000 513.600000
79.082343 390.400000 426.000000
80.082487 390.400000 498.800000
81.082581 390.400000 605.200000
82.084442 390.400000 424.000000
83.084766 390.400000 491.200000
84.085329 390.400000 571.600000
85.085600 390.400000 485.600000
86.085856 390.400000 412.800000
87.086174 390.400000 429.600000
88.094576 390.400000 773.200000
89.094960 390.400000 538.000000
90.095311 390.400000 437.200000
91.095763 390.400000 418.400000
92.095935 390.400000 452.000000
93.096056 390.400000 412.800000
94.096322 390.400000 474.400000
95.096831 390.400000 424.000000
96.097022 390.400000 468.800000
97.097272 390.400000 745.200000
98.112985 390.400000 778.800000
99.116712 390.400000 767.600000
100.117285 390.400000 526.800000
101.118158 390.400000 418.400000
102.118320 390.400000 498.800000
103.118609 390.400000 513.600000
104.118800 390.400000 412.800000
105.119251 390.400000 521.200000
106.120903 390.400000 560.400000
107.123298 390.400000 482.000000
108.123667 390.400000 457.600000
109.123944 390.400000 644.400000
110.124816 390.400000 666.800000
111.126000 390.400000 493.200000
112.126301 390.400000 437.200000
113.126505 390.400000 549.200000
114.127214 390.400000 538.000000
115.127311 390.400000 457.600000
116.127896 390.400000 418.400000
117.129128 390.400000 465.200000
118.129539 390.400000 480.000000
119.131228 390.400000 457.600000
120.131559 390.400000 476.400000
121.133995 390.400000 448.400000
122.134193 390.400000 605.200000
123.134381 390.400000 446.400000
124.134579 390.400000 502.400000
125.134924 390.400000 429.600000
126.135274 390.400000 420.400000
127.136040 390.400000 463.200000
128.137033 390.400000 424.000000
129.137454 390.400000 543.600000
130.139205 390.400000 666.800000
131.139840 390.400000 442.800000
132.139912 390.400000 502.400000
133.140150 390.400000 440.800000
134.141035 390.400000 498.800000
135.142225 390.400000 474.400000
136.142706 390.400000 429.600000
137.142717 390.400000 485.600000
138.142878 390.400000 452.000000
139.143047 390.400000 440.800000
140.143537 390.400000 435.200000
141.144498 390.400000 424.000000
142.144696 390.400000 465.200000
143.145311 390.400000 554.800000
144.145650 390.400000 437.200000
145.145727 390.400000 407.200000
146.145783 390.400000 459.600000
147.148092 390.400000 655.600000
148.148833 390.400000 435.200000
149.149225 390.400000 420.400000
150.149480 390.400000 485.600000
151.150409 390.400000 571.600000
152.150475 390.400000 418.400000
153.154244 390.400000 661.200000
154.155066 390.400000 538.000000
155.155794 390.400000 412.800000
156.155844 390.400000 487.600000
157.156084 390.400000 407.200000
158.159094 390.400000 745.200000
159.159566 390.400000 457.600000
160.159782 390.400000 424.000000
161.160701 390.400000 588.400000
162.160787 390.400000 440.800000
163.161528 390.400000 519.200000
164.161787 390.400000 480.000000
165.162336 390.400000 459.600000
166.163307 390.400000 429.600000
167.163964 390.400000 554.800000
168.164286 390.400000 442.800000
169.165315 390.400000 459.600000
170.165538 390.400000 437.200000
171.165684 390.400000 463.200000
172.167618 390.400000 588.400000
173.167778 390.400000 448.400000
174.169546 390.400000 582.800000
175.170381 390.400000 513.600000
176.171287 390.400000 463.200000
177.172883 390.400000 515.600000
178.173291 390.400000 519.200000
179.173393 390.400000 454.000000
180.173399 390.400000 536.000000
181.173651 390.400000 435.200000
182.173768 390.400000 582.800000
183.173979 390.400000 437.200000
184.174030 390.400000 493.200000
185.177238 390.400000 767.600000
186.177445 390.400000 510.000000
187.177734 390.400000 496.800000
188.181588 390.400000 661.200000
189.182604 390.400000 577.200000
190.185001 390.400000 440.800000
191.185302 390.400000 452.000000
192.185390 390.400000 515.600000
193.188310 390.400000 424.000000
194.188440 390.400000 536.000000
195.188524 390.400000 502.400000
196.192157 390.400000 510.000000
197.192251 390.400000 409.200000
198.192541 390.400000 524.800000
199.193240 390.400000 549.200000
200.194938 390.400000 515.600000
201.195235 390.400000 474.400000
202.196928 390.400000 468.800000
203.196929 390.400000 429.600000
204.197786 390.400000 437.200000
205.203287 390.400000 773.200000
206.203661 390.400000 424.000000
207.203893 390.400000 491.200000
208.204454 390.400000 424.000000
209.204477 390.400000 487.600000
210.204924 390.400000 407.200000
211.205605 390.400000 452.000000
212.206555 390.400000 773.200000
213.207114 390.400000 554.800000
214.207620 390.400000 487.600000
215.210243 390.400000 435.200000
216.210320 390.400000 412.800000
217.210533 390.400000 429.600000
218.210895 390.400000 532.400000
219.212836 390.400000 526.800000
220.213264 390.400000 407.200000
221.221786 390.400000 773.200000
222.222422 390.400000 418.400000
223.222629 390.400000 412.800000
224.222654 390.400000 412.800000
225.222923 390.400000 599.600000
226.223023 390.400000 487.600000
227.224018 390.400000 560.400000
228.224073 390.400000 437.200000
229.224312 390.400000 468.800000
230.224366 390.400000 435.200000
231.224698 390.400000 448.400000
232.224699 390.400000 468.800000
233.225746 390.400000 538.000000
234.226001 390.400000 407.200000
235.226407 390.400000 586.400000
236.226813 390.400000 446.400000
237.227287 390.400000 412.800000
238.227770 390.400000 412.800000
239.229415 390.400000 459.600000
240.229555 390.400000 474.400000
241.229979 390.400000 412.800000
242.230317 390.400000 491.200000
243.231586 390.400000 487.600000
244.232104 390.400000 468.800000
245.232382 390.400000 463.200000
246.232584 390.400000 515.600000
247.233293 390.400000 526.800000
248.234084 390.400000 446.400000
249.234695 390.400000 493.200000
250.235763 390.400000 468.800000
251.236454 390.400000 429.600000
252.236736 390.400000 661.200000
253.236895 390.400000 577.200000
254.236895 390.400000 418.400000
255.238189 390.400000 465.200000
256.238692 390.400000 418.400000
257.238943 390.400000 454.000000
258.239496 390.400000 526.800000
259.239879 390.400000 418.400000
260.240408 390.400000 452.000000
261.244107 390.400000 638.800000
262.244281 390.400000 504.400000
263.245224 390.400000 508.000000
264.245823 390.400000 526.800000
265.247413 390.400000 739.600000
266.248214 390.400000 463.200000
267.248867 390.400000 435.200000
268.250333 390.400000 577.200000
269.252064 390.400000 476.400000
270.253628 390.400000 543.600000
271.257337 390.400000 530.400000
272.258012 390.400000 538.000000
273.258179 390.400000 457.600000
274.259110 390.400000 463.200000
275.259285 390.400000 412.800000
276.260074 390.400000 437.200000
277.260470 390.400000 493.200000
278.261119 390.400000 521.200000
279.261164 390.400000 493.200000
280.261405 390.400000 571.600000
281.261646 390.400000 487.600000
282.261670 390.400000 424.000000
283.262664 390.400000 429.600000
284.263258 390.400000 543.600000
285.264025 390.400000 418.400000
286.264269 390.400000 429.600000
287.264455 390.400000 487.600000
288.265130 390.400000 470.800000
289.265410 390.400000 454.000000
290.265706 390.400000 454.000000
291.265722 390.400000 468.800000
292.266270 390.400000 491.200000
293.266501 390.400000 465.200000
294.269273 390.400000 448.400000
295.269721 390.400000 571.600000
296.270302 390.400000 435.200000
297.270466 390.400000 474.400000
298.270551 390.400000 429.600000
299.270574 390.400000 502.400000
300.272176 390.400000 577.200000
301.272205 390.400000 532.400000
302.272499 390.400000 407.200000
303.272997 390.400000 457.600000
304.274293 390.400000 549.200000
305.275096 390.400000 480.000000
306.275543 390.400000 407.200000
307.276147 390.400000 504.400000
308.276266 390.400000 496.800000
309.277616 390.400000 605.200000
310.278679 390.400000 426.000000
311.279306 390.400000 412.800000
312.279432 390.400000 437.200000
313.279643 390.400000 616.400000
314.280611 390.400000 452.000000
315.281321 390.400000 412.800000
316.281843 390.400000 435.200000
317.281986 390.400000 442.800000
318.282948 390.400000 470.800000
319.282995 390.400000 452.000000
320.284200 390.400000 773.200000
321.284845 390.400000 672.400000
322.285498 390.400000 414.800000
323.285903 390.400000 440.800000
324.285907 390.400000 457.600000
325.286633 390.400000 577.200000
326.287070 390.400000 524.800000
327.287474 390.400000 566.000000
328.288663 390.400000 480.000000
329.289340 390.400000 442.800000
330.289406 390.400000 538.000000
331.289568 390.400000 474.400000
332.289589 390.400000 454.000000
333.290649 390.400000 773.200000
334.290851 390.400000 554.800000
335.291047 390.400000 459.600000
336.292302 390.400000 532.400000
337.292609 390.400000 532.400000
338.292755 390.400000 476.400000
339.293233 390.400000 424.000000
340.293275 390.400000 588.400000
341.293476 390.400000 476.400000
342.293946 390.400000 454.000000
343.294327 390.400000 734.000000
344.294943 390.400000 515.600000
345.295377 390.400000 407.200000
346.295975 390.400000 446.400000
347.296785 390.400000 465.200000
348.297418 390.400000 485.600000
349.297779 390.400000 474.400000
350.298555 390.400000 554.800000
351.300480 390.400000 496.800000
352.300985 390.400000 493.200000
353.301024 390.400000 474.400000
354.301134 390.400000 530.400000
355.301263 390.400000 532.400000
356.302251 390.400000 496.800000
357.302341 390.400000 429.600000
358.302630 390.400000 457.600000
359.302776 390.400000 577.200000
360.303450 390.400000 457.600000
361.303719 390.400000 465.200000
362.304852 390.400000 515.600000
363.305252 390.400000 412.800000
364.305488 390.400000 610.800000
365.306637 390.400000 498.800000
366.307275 390.400000 452.000000
367.307325 390.400000 526.800000
368.307491 390.400000 543.600000
369.307495 390.400000 493.200000
370.308007 390.400000 493.200000
371.308315 390.400000 420.400000
372.308847 390.400000 418.400000
373.309434 390.400000 454.000000
374.310029 390.400000 468.800000
375.310892 390.400000 463.200000
376.311210 390.400000 463.200000
377.311592 390.400000 560.400000
378.312516 390.400000 412.800000
379.312654 390.400000 510.000000
380.312666 390.400000 442.800000
381.312682 390.400000 429.600000
382.314434 390.400000 498.800000
383.314622 390.400000 577.200000
384.315469 390.400000 493.200000
385.315736 390.400000 530.400000
386.316784 390.400000 452.000000
387.316791 390.400000 412.800000
388.317718 390.400000 424.000000
389.318089 390.400000 480.000000
390.319405 390.400000 655.600000
391.322781 390.400000 532.400000
392.322830 390.400000 431.600000
393.323748 390.400000 588.400000
394.324153 390.400000 485.600000
395.326458 390.400000 476.400000
396.331575 390.400000 773.200000
397.331700 390.400000 437.200000
398.332123 390.400000 571.600000
399.332157 390.400000 773.200000
400.332635 390.400000 463.200000
401.332925 390.400000 435.200000
402.333572 390.400000 452.000000
403.333680 390.400000 407.200000
404.333719 390.400000 515.600000
405.340982 390.400000 773.200000
406.343224 390.400000 577.200000
407.343253 384.800000 463.200000
408.343526 384.800000 390.400000
409.343880 384.800000 532.400000
410.344556 384.800000 538.000000
411.345309 384.800000 468.800000
412.345429 384.800000 412.800000
413.346019 384.800000 474.400000
414.346250 384.800000 532.400000
415.346477 384.800000 412.800000
416.346746 384.800000 470.800000
417.346877 384.800000 487.600000
418.347025 384.800000 480.000000
419.348043 384.800000 457.600000
420.348219 384.800000 412.800000
421.348704 384.800000 459.600000
422.349342 384.800000 496.800000
423.349613 384.800000 407.200000
424.350638 384.800000 560.400000
425.350879 384.800000 407.200000
426.351619 384.800000 440.800000
427.351670 384.800000 767.600000
428.353824 384.800000 504.400000
429.354355 384.800000 485.600000
430.355115 384.800000 407.200000
431.356182 384.800000 571.600000
432.356259 384.800000 491.200000
433.359429 384.800000 414.800000
434.360773 384.800000 452.000000
435.360828 384.800000 498.800000
436.361001 384.800000 424.000000
437.361279 384.800000 463.200000
438.361395 384.800000 412.800000
439.371769 384.800000 778.800000
440.373596 384.800000 476.400000
441.374032 384.800000 429.600000
442.375353 384.800000 476.400000
443.375601 384.800000 487.600000
444.376234 384.800000 485.600000
445.377663 384.800000 465.200000
446.378388 384.800000 560.400000
447.379154 384.800000 582.800000
448.379434 384.800000 454.000000
449.379638 384.800000 496.800000
450.380410 384.800000 452.000000
451.382645 384.800000 655.600000
452.383082 384.800000 538.000000
453.383322 384.800000 666.800000
454.383857 384.800000 418.400000
455.384194 384.800000 493.200000
456.384271 384.800000 429.600000
457.384526 384.800000 470.800000
458.386026 384.800000 582.800000
459.386470 384.800000 650.000000
460.386494 384.800000 448.400000
461.386952 384.800000 457.600000
462.387086 384.800000 412.800000
463.388433 384.800000 498.800000
464.391791 384.800000 442.800000
465.392120 384.800000 446.400000
466.392305 384.800000 474.400000
467.392404 384.800000 440.800000
468.392524 384.800000 412.800000
469.392570 384.800000 418.400000
470.395983 384.800000 784.400000
471.396854 384.800000 463.200000
472.397700 384.800000 552.800000
473.397799 384.800000 437.200000
474.400929 384.800000 463.200000
475.401878 384.800000 594.000000
476.402997 384.800000 530.400000
477.403056 384.800000 412.800000
478.404512 384.800000 672.400000
479.404896 384.800000 543.600000
480.405363 384.800000 485.600000
481.405499 384.800000 487.600000
482.405523 384.800000 521.200000
483.406991 384.800000 418.400000
484.407790 384.800000 485.600000
485.408327 384.800000 468.800000
486.408347 384.800000 508.000000
487.408748 384.800000 493.200000
488.408781 384.800000 407.200000
489.410400 384.800000 431.600000
490.410736 384.800000 773.200000
491.410908 384.800000 519.200000
492.411297 384.800000 767.600000
493.414774 384.800000 452.000000
494.415404 384.800000 521.200000
495.415566 384.800000 470.800000
496.416027 384.800000 745.200000
497.416880 384.800000 470.800000
498.417007 384.800000 510.000000
499.417142 384.800000 418.400000
500.418659 384.800000 496.800000
501.419288 384.800000 571.600000
502.420519 384.800000 459.600000
503.422328 384.800000 485.600000
504.422741 384.800000 468.800000
505.423500 384.800000 599.600000
506.423532 384.800000 412.800000
507.424466 384.800000 552.800000
508.426867 384.800000 510.000000
509.427196 384.800000 401.600000
510.427278 384.800000 515.600000
511.427882 384.800000 454.000000
512.428030 384.800000 463.200000
513.428076 384.800000 407.200000
514.428408 384.800000 396.000000
515.428555 384.800000 412.800000
516.428659 384.800000 493.200000
517.429000 384.800000 446.400000
518.429139 384.800000 418.400000
519.429546 384.800000 498.800000
520.431299 384.800000 491.200000
521.432867 384.800000 420.400000
522.433188 384.800000 463.200000
523.433260 384.800000 594.000000
524.436295 384.800000 762.000000
525.436442 384.800000 485.600000
526.436526 384.800000 474.400000
527.436761 384.800000 588.400000
528.437114 384.800000 519.200000
529.437165 384.800000 424.000000
530.437413 384.800000 487.600000
531.438798 384.800000 429.600000
532.438976 384.800000 412.800000
533.439025 384.800000 532.400000
534.439182 384.800000 437.200000
535.439189 384.800000 496.800000
536.439228 384.800000 442.800000
537.439242 384.800000 452.000000
538.439502 384.800000 538.000000
539.439559 384.800000 560.400000
540.439611 384.800000 577.200000
541.439720 384.800000 412.800000
542.440084 384.800000 412.800000
543.440915 384.800000 429.600000
544.441242 384.800000 454.000000
545.442788 384.800000 666.800000
546.443014 384.800000 502.400000
547.443860 384.800000 526.800000
548.444000 384.800000 627.600000
549.446924 384.800000 560.400000
550.447509 384.800000 452.000000
551.448258 384.800000 485.600000
552.448860 384.800000 513.600000
553.448986 384.800000 577.200000
554.449341 384.800000 440.800000
555.450304 384.800000 470.800000
556.450688 384.800000 491.200000
557.451118 384.800000 510.000000
558.451663 384.800000 414.800000
559.451929 384.800000 510.000000
560.452593 384.800000 549.200000
561.452901 384.800000 412.800000
562.453189 384.800000 502.400000
563.453568 384.800000 502.400000
564.454435 384.800000 412.800000
565.455346 384.800000 480.000000
566.455388 384.800000 474.400000
567.455937 384.800000 407.200000
568.456177 384.800000 440.800000
569.456545 384.800000 463.200000
570.457440 384.800000 468.800000
571.457633 384.800000 414.800000
572.457925 384.800000 424.000000
573.458161 384.800000 487.600000
574.458594 384.800000 491.200000
575.458937 384.800000 577.200000
576.460895 384.800000 482.000000
577.461412 384.800000 532.400000
578.462477 384.800000 496.800000
579.462642 384.800000 476.400000
580.462661 384.800000 622.000000
581.462973 384.800000 463.200000
582.463316 384.800000 429.600000
583.463442 384.800000 424.000000
584.464096 384.800000 498.800000
585.464235 384.800000 496.800000
586.464924 384.800000 504.400000
587.465081 384.800000 480.000000
588.465666 384.800000 429.600000
589.465842 384.800000 549.200000
590.466187 384.800000 560.400000
591.466566 384.800000 437.200000
592.467084 384.800000 515.600000
593.467982 384.800000 526.800000
594.471014 384.800000 424.000000
595.471025 384.800000 457.600000
596.471261 384.800000 454.000000
597.471404 384.800000 452.000000
598.471537 384.800000 429.600000
599.471929 384.800000 440.800000
600.472234 384.800000 465.200000
601.473161 384.800000 577.200000
602.475293 384.800000 655.600000
603.477686 384.800000 560.400000
604.479008 384.800000 474.400000
605.479888 384.800000 418.400000
606.479965 384.800000 448.400000
607.480314 384.800000 431.600000
608.480719 384.800000 549.200000
609.480807 384.800000 582.800000
610.480874 384.800000 543.600000
611.481152 384.800000 468.800000
612.481267 384.800000 577.200000
613.483615 384.800000 468.800000
614.485421 384.800000 661.200000
615.485961 384.800000 442.800000
616.487243 384.800000 448.400000
617.487268 384.800000 480.000000
618.487664 384.800000 418.400000
619.487990 384.800000 418.400000
620.489162 384.800000 666.800000
621.489606 384.800000 429.600000
622.489811 384.800000 482.000000
623.490041 384.800000 407.200000
624.490340 384.800000 468.800000
625.491295 384.800000 605.200000
626.491777 384.800000 485.600000
627.492908 384.800000 426.000000
628.493639 384.800000 412.800000
629.493890 384.800000 429.600000
630.494515 384.800000 431.600000
631.495735 384.800000 463.200000
632.496458 384.800000 491.200000
633.496473 384.800000 470.800000
634.496562 384.800000 622.000000
635.497023 384.800000 510.000000
636.497154 384.800000 480.000000
637.497408 384.800000 448.400000
638.500894 384.800000 508.000000
639.501999 384.800000 560.400000
640.503311 384.800000 485.600000
641.504022 384.800000 778.800000
642.504806 384.800000 521.200000
643.505047 384.800000 465.200000
644.505878 384.800000 538.000000
645.506013 384.800000 429.600000
646.506938 384.800000 700.400000
647.507670 384.800000 459.600000
648.507697 384.800000 778.800000
649.507944 384.800000 582.800000
650.508111 384.800000 420.400000
651.508251 384.800000 485.600000
652.508343 384.800000 487.600000
653.510725 384.800000 485.600000
654.511396 384.800000 452.000000
655.511975 384.800000 476.400000
656.512241 384.800000 491.200000
657.516825 384.800000 476.400000
658.517148 384.800000 412.800000
659.518697 384.800000 498.800000
660.519050 384.800000 446.400000
661.519888 384.800000 431.600000
662.519920 384.800000 424.000000
663.521108 384.800000 508.000000
664.521550 384.800000 543.600000
665.521597 384.800000 440.800000
666.521850 384.800000 538.000000
667.522187 384.800000 457.600000
668.525275 384.800000 452.000000
669.525692 384.800000 476.400000
670.526187 384.800000 476.400000
671.526199 384.800000 491.200000
672.526227 384.800000 599.600000
673.526419 384.800000 420.400000
674.526787 384.800000 482.000000
675.527093 384.800000 627.600000
676.527210 384.800000 457.600000
677.527737 384.800000 440.800000
678.528652 384.800000 446.400000
679.529174 384.800000 530.400000
680.529933 384.800000 459.600000
681.530129 384.800000 426.000000
682.530673 384.800000 407.200000
683.530919 384.800000 480.000000
684.531318 384.800000 498.800000
685.532725 384.800000 502.400000
686.532882 384.800000 429.600000
687.533882 384.800000 530.400000
688.534331 384.800000 571.600000
689.536848 384.800000 588.400000
690.537317 384.800000 496.800000
691.538937 384.800000 448.400000
692.538967 384.800000 431.600000
693.539262 384.800000 502.400000
694.540786 384.800000 493.200000
695.542088 384.800000 480.000000
696.546789 384.800000 672.400000
697.546897 384.800000 407.200000
698.547417 384.800000 508.000000
699.548065 384.800000 446.400000
700.548147 384.800000 566.000000
701.548294 384.800000 412.800000
702.548638 384.800000 510.000000
703.550420 384.800000 526.800000
704.550508 384.800000 474.400000
705.551790 384.800000 519.200000
706.552994 384.800000 493.200000
707.554066 384.800000 470.800000
708.557839 384.800000 739.600000
709.558383 384.800000 549.200000
710.558635 384.800000 431.600000
711.558755 384.800000 627.600000
712.561794 384.800000 543.600000
713.562103 384.800000 605.200000
714.562365 384.800000 502.400000
715.564393 384.800000 773.200000
716.564815 384.800000 491.200000
717.565018 384.800000 543.600000
718.565106 384.800000 538.000000
719.565258 384.800000 493.200000
720.568097 384.800000 459.600000
721.570240 384.800000 541.600000
722.572322 384.800000 418.400000
723.572639 384.800000 431.600000
724.572651 384.800000 504.400000
725.572767 384.800000 463.200000
726.573381 384.800000 661.200000
727.573645 384.800000 418.400000
728.573855 384.800000 407.200000
729.574297 384.800000 538.000000
730.575451 384.800000 655.600000
731.577098 384.800000 418.400000
732.577198 384.800000 526.800000
733.577646 384.800000 491.200000
734.585815 384.800000 767.600000
735.586644 384.800000 627.600000
736.586896 384.800000 459.600000
737.587412 384.800000 482.000000
738.587542 384.800000 552.800000
739.589633 384.800000 424.000000
740.589886 384.800000 482.000000
741.590257 384.800000 530.400000
742.590323 384.800000 536.000000
743.600512 384.800000 773.200000
744.603387 384.800000 672.400000
745.603927 384.800000 429.600000
746.606137 384.800000 750.800000
747.606522 384.800000 463.200000
748.607311 384.800000 431.600000
749.607591 384.800000 566.000000
750.607930 384.800000 412.800000
751.610092 384.800000 487.600000
752.610580 384.800000 549.200000
753.611430 384.800000 424.000000
754.611744 384.800000 418.400000
755.611767 384.800000 543.600000
756.611836 384.800000 549.200000
757.612026 384.800000 412.800000
758.612095 384.800000 622.000000
759.612147 384.800000 498.800000
760.612191 384.800000 452.000000
761.612430 384.800000 463.200000
762.613098 384.800000 491.200000
763.613167 384.800000 502.400000
764.613254 384.800000 515.600000
765.613368 384.800000 566.000000
766.616043 384.800000 541.600000
767.616887 384.800000 440.800000
768.617268 384.800000 554.800000
769.617611 384.800000 739.600000
770.618087 384.800000 459.600000
771.618146 384.800000 446.400000
772.618194 384.800000 414.800000
773.618803 384.800000 412.800000
774.625371 384.800000 773.200000
775.625654 384.800000 485.600000
776.626790 384.800000 426.000000
777.627487 384.800000 513.600000
778.628007 384.800000 502.400000
779.628073 384.800000 412.800000
780.628389 384.800000 412.800000
781.628518 384.800000 482.000000
782.628547 384.800000 463.200000
783.628737 384.800000 767.600000
784.629039 384.800000 474.400000
785.629228 384.800000 480.000000
786.630045 384.800000 429.600000
787.630413 384.800000 569.600000
788.630734 384.800000 538.000000
789.632110 384.800000 538.000000
790.633210 384.800000 773.200000
791.633398 384.800000 457.600000
792.633399 384.800000 457.600000
793.633993 384.800000 424.000000
794.634491 384.800000 412.800000
795.635286 384.800000 446.400000
796.635861 384.800000 412.800000
797.636262 384.800000 424.000000
798.636386 384.800000 543.600000
799.636774 384.800000 431.600000
