0 579.2 0.411071 300 0
0 568 0.573013 0
0 416.8 0.794065 0
0 364.4 0.995299 1
0 353.2 1.19644 1
0 330.8 1.40695 1
0 316 2.12416 7
0 314 2.30739 7
0 286 3.98163 16
0 280.4 4.22027 16
0 274.8 4.49572 16
0 269.2 7.83178 43
0 269.2 13.2846 300 67
0 269.2 21.3943 300 87
0 269.2 30.0892 300 87
0 269.2 39.7086 300 87
0 263.6 45.7197 87
0 258 46.1962 87
0 258 50.8751 300 87
0 258 59.3556 300 87
0 252.4 65.2069 87
0 252.4 72.8281 300 87
0 252.4 81.7185 300 87
0 252.4 91.0718 300 87
0 252.4 101.203 300 87
0 252.4 110.246 300 87
0 252.4 118.78 300 87
0 252.4 128.689 300 87
0 252.4 137.807 300 87
0 252.4 146.421 300 87
0 252.4 154.522 300 87
0 252.4 165.298 300 87
0 252.4 172.903 300 87
0 252.4 182.27 300 87
0 252.4 189.727 300 87
0 252.4 199.287 300 87
0 252.4 209.036 300 87
0 252.4 216.256 300 87
0 252.4 225.106 300 87
0 252.4 232.843 300 87
0 252.4 241.591 300 87
0 252.4 250.179 300 87
0 252.4 261.651 300 87
0 252.4 269.949 300 87
0 252.4 279.123 300 87
0 252.4 287.646 300 87
0 252.4 296.717 300 89
0 252.4 304.538 300 89
0 252.4 314.869 300 89
0 252.4 325.069 300 89
0 252.4 336.988 300 89
0 252.4 347.082 300 89
0 252.4 355.003 300 89
0 252.4 363.801 300 89
0 252.4 372.301 300 89
0 252.4 380.736 300 89
0 252.4 387.801 300 89
0 252.4 396.476 300 89
0 252.4 405.092 300 89
0 252.4 414.894 300 89
0 252.4 425.892 300 89
0 252.4 436.535 300 89
0 252.4 445.449 300 89
0 252.4 453.984 300 89
0 252.4 461.912 300 89
0 252.4 471.204 300 89
0 252.4 479.979 300 89
0 252.4 488.565 300 89
0 252.4 496.191 300 89
0 252.4 502.764 300 89
0 252.4 512.462 300 89
0 252.4 518.092 300 89
0 252.4 527.488 300 89
0 252.4 534.545 300 89
0 252.4 543.604 300 89
0 252.4 554.008 300 89
0 252.4 560.871 300 89
0 252.4 570.532 300 89
0 252.4 576.813 300 89
0 252.4 583.82 300 89
0 252.4 591.102 300 89
0 252.4 596.822 300 89
0 252.4 605.208 300 89
0 252.4 614.219 300 89
0 252.4 623.61 300 89
0 252.4 632.953 300 89
0 252.4 643.28 300 89
0 252.4 653.944 300 89
0 252.4 664.981 300 89
0 252.4 673.157 300 89
0 252.4 681.017 300 89
0 252.4 690.048 300 89
0 252.4 702.431 300 89
0 252.4 712.89 300 89
0 250.4 716.386 89
0 246.8 716.776 89
0 246.8 722.436 300 89
0 246.8 731.399 300 89
0 246.8 740.294 300 89
0 246.8 748.64 300 89
0 246.8 757.491 300 89
0 246.8 767.385 300 89
0 246.8 777.259 300 89
0 246.8 783.993 300 89
0 246.8 791.411 300 89
0 246.8 799.492 300 89
