0.013802 773.200000 773.200000
1.013930 429.600000 457.600000
2.014596 412.800000 650.000000
3.014793 412.800000 452.000000
4.014980 407.200000 448.400000
5.014980 407.200000 424.000000
6.014982 396.000000 521.200000
7.015152 396.000000 571.600000
8.015390 396.000000 655.600000
9.015514 396.000000 566.000000
10.015764 396.000000 552.800000
11.016812 396.000000 521.200000
12.018017 396.000000 452.000000
13.018712 396.000000 487.600000
14.018909 396.000000 750.800000
15.019451 396.000000 510.000000
16.019576 396.000000 470.800000
17.019884 390.400000 552.800000
18.020038 390.400000 560.400000
19.021721 390.400000 750.800000
20.022344 390.400000 418.400000
21.023625 390.400000 435.200000
22.024314 390.400000 459.600000
23.026036 390.400000 773.200000
24.026786 390.400000 418.400000
25.027583 390.400000 485.600000
26.028061 390.400000 538.000000
27.029533 390.400000 672.400000
28.030452 390.400000 513.600000
29.030491 390.400000 429.600000
30.030531 390.400000 491.200000
31.030774 390.400000 446.400000
32.032478 390.400000 543.600000
33.032534 390.400000 435.200000
34.032650 390.400000 407.200000
35.032858 390.400000 588.400000
36.033234 390.400000 426.000000
37.033336 390.400000 756.400000
38.033550 390.400000 452.000000
39.034220 390.400000 491.200000
40.034692 390.400000 504.400000
41.039458 390.400000 762.000000
42.039460 390.400000 510.000000
43.039831 390.400000 498.800000
44.039850 390.400000 513.600000
45.040001 390.400000 491.200000
46.040002 390.400000 435.200000
47.040067 390.400000 459.600000
48.040111 390.400000 454.000000
49.040550 390.400000 543.600000
50.041142 390.400000 577.200000
51.041949 390.400000 409.200000
52.042634 390.400000 435.200000
53.042805 390.400000 437.200000
54.042809 390.400000 498.800000
55.043308 390.400000 470.800000
56.044558 390.400000 431.600000
57.045386 390.400000 412.800000
58.046376 390.400000 429.600000
59.046812 390.400000 446.400000
60.046949 390.400000 538.000000
61.047262 390.400000 418.400000
62.047280 390.400000 418.400000
63.047728 390.400000 496.800000
64.047998 390.400000 498.800000
65.049526 390.400000 429.600000
66.049901 390.400000 459.600000
67.051194 390.400000 424.000000
68.051269 390.400000 446.400000
69.051469 390.400000 424.000000
70.051539 390.400000 515.600000
71.051831 390.400000 480.000000
72.055242 390.400000 429.600000
73.055907 390.400000 440.800000
74.056361 390.400000 452.000000
75.056573 390.400000 622.000000
76.056806 390.400000 465.200000
77.057412 390.400000 487.600000
78.057661 390.400000 426.000000
79.058141 390.400000 633.200000
80.058157 390.400000 515.600000
81.058606 390.400000 526.800000
82.058959 390.400000 480.000000
83.059630 390.400000 526.800000
84.060018 390.400000 549.200000
85.060110 390.400000 566.000000
86.060451 390.400000 424.000000
87.060887 390.400000 491.200000
88.061955 390.400000 485.600000
89.062506 390.400000 424.000000
90.062698 390.400000 409.200000
91.062717 390.400000 532.400000
92.062804 390.400000 409.200000
93.063040 390.400000 694.800000
94.063452 390.400000 577.200000
95.063845 390.400000 442.800000
96.063979 390.400000 414.800000
97.064056 390.400000 446.400000
98.064204 390.400000 504.400000
99.064633 390.400000 532.400000
100.065331 390.400000 424.000000
101.065533 390.400000 442.800000
102.065547 390.400000 418.400000
103.065769 390.400000 526.800000
104.066291 390.400000 409.200000
105.066878 390.400000 459.600000
106.066962 390.400000 418.400000
107.067741 390.400000 470.800000
108.067779 390.400000 468.800000
109.068124 390.400000 457.600000
110.068667 390.400000 418.400000
111.069065 390.400000 532.400000
112.069625 390.400000 554.800000
113.070684 390.400000 448.400000
114.070840 390.400000 498.800000
115.070930 390.400000 414.800000
116.070977 390.400000 418.400000
117.073585 390.400000 452.000000
118.073683 390.400000 487.600000
119.074071 390.400000 491.200000
120.074314 390.400000 448.400000
121.075402 390.400000 661.200000
122.075869 390.400000 480.000000
123.076205 390.400000 418.400000
124.076592 390.400000 491.200000
125.076723 390.400000 418.400000
126.076780 390.400000 566.000000
127.077036 390.400000 767.600000
128.077182 390.400000 560.400000
129.077401 390.400000 468.800000
130.077942 390.400000 407.200000
131.078916 390.400000 610.800000
132.079304 390.400000 508.000000
133.079346 390.400000 508.000000
134.079534 390.400000 571.600000
135.079750 390.400000 437.200000
136.080190 390.400000 491.200000
137.080970 390.400000 470.800000
138.081694 390.400000 521.200000
139.082021 390.400000 515.600000
140.082747 390.400000 431.600000
141.083071 390.400000 412.800000
142.083189 390.400000 515.600000
143.083343 390.400000 418.400000
144.083758 390.400000 412.800000
145.084141 390.400000 526.800000
146.084353 390.400000 448.400000
147.084366 390.400000 440.800000
148.084697 390.400000 672.400000
149.084932 390.400000 474.400000
150.084960 390.400000 435.200000
151.085781 390.400000 496.800000
152.086256 390.400000 468.800000
153.086405 390.400000 412.800000
154.086547 390.400000 418.400000
155.086698 390.400000 577.200000
156.087846 390.400000 482.000000
157.088795 390.400000 476.400000
158.089061 390.400000 513.600000
159.090830 390.400000 547.200000
160.092237 390.400000 470.800000
161.095283 390.400000 515.600000
162.095484 390.400000 440.800000
163.095847 390.400000 627.600000
164.096298 390.400000 420.400000
165.096345 390.400000 491.200000
166.097506 390.400000 502.400000
167.097676 390.400000 418.400000
168.097913 390.400000 521.200000
169.098369 390.400000 491.200000
170.100058 390.400000 442.800000
171.100109 390.400000 446.400000
172.101021 390.400000 498.800000
173.101726 390.400000 437.200000
174.102251 390.400000 412.800000
175.107670 390.400000 504.400000
176.108744 390.400000 426.000000
177.110006 390.400000 661.200000
178.110248 390.400000 470.800000
179.110691 390.400000 407.200000
180.110700 390.400000 560.400000
181.112644 390.400000 429.600000
182.120631 390.400000 773.200000
183.121110 390.400000 571.600000
184.121580 390.400000 594.000000
185.121634 390.400000 496.800000
186.121839 390.400000 526.800000
187.122410 390.400000 420.400000
188.122433 390.400000 480.000000
189.123637 390.400000 577.200000
190.123795 390.400000 633.200000
191.124014 390.400000 513.600000
192.124119 390.400000 448.400000
193.124193 390.400000 476.400000
194.124756 390.400000 412.800000
195.125422 390.400000 513.600000
196.125550 390.400000 526.800000
197.126272 390.400000 424.000000
198.126574 390.400000 496.800000
199.127426 390.400000 437.200000
200.127707 390.400000 502.400000
201.127955 390.400000 424.000000
202.128056 390.400000 452.000000
203.128608 390.400000 429.600000
204.129088 390.400000 644.400000
205.129166 390.400000 468.800000
206.129713 390.400000 571.600000
207.130618 390.400000 586.400000
208.130737 390.400000 491.200000
209.131129 390.400000 566.000000
210.132192 390.400000 582.800000
211.132745 390.400000 566.000000
212.134571 390.400000 493.200000
213.135068 390.400000 560.400000
214.135179 390.400000 396.000000
215.136167 390.400000 418.400000
216.136173 390.400000 424.000000
217.137015 390.400000 446.400000
218.137183 390.400000 429.600000
219.137405 390.400000 510.000000
220.143688 390.400000 773.200000
221.143956 390.400000 543.600000
222.144379 390.400000 582.800000
223.144699 390.400000 496.800000
224.145174 390.400000 480.000000
225.145280 390.400000 418.400000
226.145951 390.400000 446.400000
227.147489 390.400000 418.400000
228.147786 390.400000 566.000000
229.149431 390.400000 541.600000
230.150009 390.400000 519.200000
231.150087 384.800000 491.200000
232.150272 384.800000 418.400000
233.150418 384.800000 485.600000
234.150934 384.800000 452.000000
235.152029 384.800000 424.000000
236.152440 384.800000 543.600000
237.152963 384.800000 437.200000
238.153082 384.800000 767.600000
239.156686 384.800000 510.000000
240.156797 384.800000 407.200000
241.157002 384.800000 446.400000
242.161222 384.800000 549.200000
243.161301 384.800000 504.400000
244.161801 384.800000 496.800000
245.161973 384.800000 468.800000
246.162504 384.800000 521.200000
247.162695 384.800000 407.200000
248.163266 384.800000 549.200000
249.163351 384.800000 571.600000
250.163429 384.800000 661.200000
251.163845 384.800000 666.800000
252.163915 384.800000 474.400000
253.164297 384.800000 498.800000
254.165451 384.800000 407.200000
255.166308 384.800000 407.200000
256.167352 384.800000 532.400000
257.168113 384.800000 515.600000
258.168642 384.800000 566.000000
259.169222 384.800000 446.400000
260.179127 384.800000 778.800000
261.180355 384.800000 577.200000
262.180664 384.800000 491.200000
263.180814 384.800000 566.000000
264.183484 384.800000 437.200000
265.185339 384.800000 429.600000
266.185415 384.800000 493.200000
267.186633 384.800000 778.800000
268.188029 384.800000 661.200000
269.188413 384.800000 452.000000
270.188510 384.800000 504.400000
271.194918 384.800000 778.800000
272.195084 384.800000 588.400000
273.195254 384.800000 418.400000
274.195717 384.800000 482.000000
275.195861 384.800000 465.200000
276.197049 384.800000 424.000000
277.197171 384.800000 459.600000
278.198884 384.800000 519.200000
279.199219 384.800000 521.200000
280.199467 384.800000 515.600000
281.199633 384.800000 547.200000
282.202023 384.800000 437.200000
283.202285 384.800000 468.800000
284.202385 384.800000 418.400000
285.205604 384.800000 435.200000
286.205737 384.800000 429.600000
287.206775 384.800000 474.400000
288.207405 384.800000 498.800000
289.207811 384.800000 474.400000
290.207840 384.800000 418.400000
291.208723 384.800000 566.000000
292.209211 384.800000 526.800000
293.212311 384.800000 524.800000
294.213952 384.800000 463.200000
295.214008 384.800000 457.600000
296.214387 384.800000 498.800000
297.214557 384.800000 440.800000
298.215683 384.800000 418.400000
299.215983 384.800000 440.800000
300.216155 384.800000 571.600000
301.216331 384.800000 519.200000
302.216564 384.800000 420.400000
303.216592 384.800000 424.000000
304.216948 384.800000 532.400000
305.217225 384.800000 474.400000
306.217309 384.800000 767.600000
307.217856 384.800000 424.000000
308.218156 384.800000 482.000000
309.218610 384.800000 407.200000
310.218705 384.800000 448.400000
311.218910 384.800000 435.200000
312.219384 384.800000 496.800000
313.219605 384.800000 487.600000
314.220429 384.800000 412.800000
315.220890 384.800000 424.000000
316.220963 384.800000 412.800000
317.222025 384.800000 474.400000
318.222278 384.800000 437.200000
319.223308 384.800000 543.600000
320.223619 384.800000 493.200000
321.223812 384.800000 412.800000
322.224310 384.800000 424.000000
323.224536 384.800000 476.400000
324.224553 384.800000 560.400000
325.224635 384.800000 560.400000
326.224658 384.800000 465.200000
327.225100 384.800000 426.000000
328.225246 384.800000 429.600000
329.225484 384.800000 655.600000
330.225991 384.800000 543.600000
331.226471 384.800000 412.800000
332.226954 384.800000 412.800000
333.228165 384.800000 485.600000
334.228589 384.800000 515.600000
335.228721 384.800000 487.600000
336.228969 384.800000 463.200000
337.229735 384.800000 465.200000
338.229740 384.800000 549.200000
339.230447 384.800000 424.000000
340.238511 384.800000 773.200000
341.238612 384.800000 412.800000
342.238755 384.800000 474.400000
343.239192 384.800000 424.000000
344.239360 384.800000 487.600000
345.239807 384.800000 424.000000
346.239903 384.800000 750.800000
347.240806 384.800000 577.200000
348.240911 384.800000 566.000000
349.241076 384.800000 424.000000
350.241278 384.800000 554.800000
351.241967 384.800000 418.400000
352.242878 384.800000 661.200000
353.242949 384.800000 633.200000
354.243819 384.800000 474.400000
355.243948 384.800000 515.600000
356.243972 384.800000 424.000000
357.244625 384.800000 569.600000
358.246392 384.800000 767.600000
359.246533 384.800000 491.200000
360.246569 384.800000 412.800000
361.246615 384.800000 429.600000
362.246776 384.800000 429.600000
363.246864 384.800000 418.400000
364.246951 384.800000 504.400000
365.248271 384.800000 711.600000
366.250470 384.800000 577.200000
367.250974 384.800000 560.400000
368.251125 384.800000 426.000000
369.251296 384.800000 502.400000
370.251350 384.800000 442.800000
371.251437 384.800000 435.200000
372.251681 384.800000 577.200000
373.251955 384.800000 429.600000
374.252204 384.800000 496.800000
375.252662 384.800000 454.000000
376.252944 384.800000 407.200000
377.253405 384.800000 480.000000
378.253708 384.800000 605.200000
379.254680 384.800000 666.800000
380.254824 384.800000 418.400000
381.255349 384.800000 564.000000
382.255518 384.800000 543.600000
383.256685 384.800000 554.800000
384.256714 384.800000 418.400000
385.257108 384.800000 446.400000
386.257245 384.800000 452.000000
387.257631 384.800000 498.800000
388.257936 384.800000 426.000000
389.258664 384.800000 519.200000
390.265474 384.800000 773.200000
391.265632 384.800000 496.800000
392.268695 384.800000 547.200000
393.268985 384.800000 480.000000
394.269001 384.800000 554.800000
395.269033 384.800000 440.800000
396.270119 384.800000 554.800000
397.270339 384.800000 498.800000
398.270669 384.800000 409.200000
399.271339 384.800000 496.800000
400.271598 384.800000 491.200000
401.272320 384.800000 412.800000
402.272721 384.800000 571.600000
403.272800 384.800000 429.600000
404.273461 384.800000 577.200000
405.273885 384.800000 519.200000
406.273937 384.800000 672.400000
407.274415 384.800000 554.800000
408.274795 384.800000 396.000000
409.274988 384.800000 616.400000
410.275097 384.800000 412.800000
411.275403 384.800000 549.200000
412.275832 384.800000 412.800000
413.275926 384.800000 412.800000
414.276079 384.800000 480.000000
415.276170 384.800000 672.400000
416.276426 384.800000 412.800000
417.276941 384.800000 412.800000
418.276985 384.800000 463.200000
419.277188 384.800000 412.800000
420.277323 384.800000 510.000000
421.277919 384.800000 491.200000
422.278021 384.800000 457.600000
423.278168 384.800000 429.600000
424.278438 384.800000 426.000000
425.278982 384.800000 538.000000
426.279013 384.800000 549.200000
427.279663 384.800000 426.000000
428.279910 384.800000 440.800000
429.280576 384.800000 474.400000
430.281036 384.800000 424.000000
431.281733 384.800000 485.600000
432.282294 384.800000 424.000000
433.283452 384.800000 463.200000
434.283695 384.800000 485.600000
435.283840 384.800000 491.200000
436.283995 384.800000 526.800000
437.284286 384.800000 476.400000
438.284581 384.800000 661.200000
439.285872 384.800000 519.200000
440.285989 384.800000 504.400000
441.286541 384.800000 412.800000
442.286742 384.800000 429.600000
443.286981 384.800000 429.600000
444.287317 384.800000 532.400000
445.287623 384.800000 468.800000
446.288014 384.800000 482.000000
447.288070 384.800000 446.400000
448.288563 384.800000 412.800000
449.288993 384.800000 571.600000
450.289464 384.800000 457.600000
451.289600 384.800000 426.000000
452.289719 384.800000 504.400000
453.289728 384.800000 502.400000
454.290147 384.800000 412.800000
455.290196 384.800000 468.800000
456.293483 384.800000 767.600000
457.293865 384.800000 532.400000
458.293916 384.800000 536.000000
459.293946 384.800000 549.200000
460.294711 384.800000 459.600000
461.296104 384.800000 655.600000
462.296324 384.800000 588.400000
463.296431 384.800000 407.200000
464.296851 384.800000 446.400000
465.297370 384.800000 407.200000
466.297528 384.800000 526.800000
467.298383 384.800000 594.000000
468.298840 384.800000 414.800000
469.299083 384.800000 412.800000
470.299904 384.800000 515.600000
471.300253 384.800000 463.200000
472.300633 384.800000 661.200000
473.300692 384.800000 493.200000
474.302396 384.800000 767.600000
475.302472 384.800000 440.800000
476.302732 384.800000 666.800000
477.303455 384.800000 435.200000
478.303968 384.800000 554.800000
479.303981 384.800000 470.800000
480.304814 384.800000 487.600000
481.305265 384.800000 448.400000
482.306154 384.800000 482.000000
483.306177 384.800000 446.400000
484.306549 384.800000 560.400000
485.307355 384.800000 582.800000
486.307596 384.800000 588.400000
487.311424 384.800000 767.600000
488.318538 384.800000 773.200000
489.319077 384.800000 407.200000
490.319443 384.800000 498.800000
491.319469 384.800000 426.000000
492.321652 384.800000 773.200000
493.323823 384.800000 513.600000
494.324701 384.800000 482.000000
495.325034 384.800000 524.800000
496.325360 384.800000 532.400000
497.328076 384.800000 468.800000
498.328860 384.800000 412.800000
499.329151 384.800000 504.400000
500.329283 384.800000 536.000000
501.329427 384.800000 502.400000
502.330048 384.800000 452.000000
503.330271 384.800000 459.600000
504.330576 384.800000 476.400000
505.330992 384.800000 508.000000
506.331152 384.800000 437.200000
507.332259 384.800000 452.000000
508.332355 384.800000 566.000000
509.332598 384.800000 519.200000
510.332979 384.800000 524.800000
511.333547 384.800000 396.000000
512.333936 384.800000 396.000000
513.334257 384.800000 407.200000
514.334602 384.800000 412.800000
515.334956 384.800000 498.800000
516.335366 384.800000 504.400000
517.335489 384.800000 491.200000
518.336638 384.800000 538.000000
519.336907 384.800000 549.200000
520.337131 384.800000 594.000000
521.337501 384.800000 437.200000
522.337747 384.800000 463.200000
523.339280 384.800000 440.800000
524.339665 384.800000 666.800000
525.341376 384.800000 521.200000
526.341844 384.800000 588.400000
527.341973 384.800000 536.000000
528.345514 384.800000 767.600000
529.346149 384.800000 407.200000
530.346738 384.800000 504.400000
531.346938 384.800000 435.200000
532.347115 384.800000 773.200000
533.347129 384.800000 424.000000
534.347367 384.800000 515.600000
535.347407 384.800000 452.000000
536.347909 384.800000 482.000000
537.348023 384.800000 577.200000
538.348178 384.800000 515.600000
539.348655 384.800000 482.000000
540.348902 384.800000 560.400000
541.349097 384.800000 412.800000
542.349474 384.800000 543.600000
543.349714 384.800000 448.400000
544.350028 384.800000 412.800000
545.350122 384.800000 502.400000
546.350181 384.800000 519.200000
547.350630 384.800000 480.000000
548.351882 384.800000 412.800000
549.352062 384.800000 498.800000
550.352217 384.800000 515.600000
551.352436 384.800000 666.800000
552.352694 384.800000 412.800000
553.352705 384.800000 407.200000
554.353677 384.800000 491.200000
555.353763 384.800000 418.400000
556.354878 384.800000 426.000000
557.355076 384.800000 412.800000
558.355405 384.800000 474.400000
559.356003 384.800000 491.200000
560.356223 384.800000 493.200000
561.356386 384.800000 454.000000
562.356673 384.800000 566.000000
563.357299 384.800000 459.600000
564.358034 384.800000 532.400000
565.358215 384.800000 661.200000
566.358535 384.800000 594.000000
567.358596 384.800000 424.000000
568.359991 384.800000 407.200000
569.360327 384.800000 599.600000
570.360588 384.800000 515.600000
571.360973 384.800000 412.800000
572.361215 384.800000 424.000000
573.361392 384.800000 502.400000
574.361785 384.800000 407.200000
575.362845 384.800000 513.600000
576.366533 384.800000 437.200000
577.367896 384.800000 463.200000
578.368002 384.800000 566.000000
579.368534 384.800000 412.800000
580.368720 384.800000 437.200000
581.368882 384.800000 420.400000
582.369218 384.800000 650.000000
583.369557 384.800000 767.600000
584.369611 384.800000 571.600000
585.369990 384.800000 485.600000
586.370197 384.800000 571.600000
587.372370 384.800000 655.600000
588.372548 384.800000 482.000000
589.372716 384.800000 536.000000
590.372940 384.800000 470.800000
591.373148 384.800000 524.800000
592.373550 384.800000 407.200000
593.373719 384.800000 454.000000
594.374078 384.800000 446.400000
595.374342 384.800000 424.000000
596.374575 384.800000 487.600000
597.375060 384.800000 554.800000
598.376208 384.800000 605.200000
599.376307 384.800000 424.000000
600.377537 384.800000 530.400000
601.378160 384.800000 485.600000
602.378264 384.800000 508.000000
603.378467 384.800000 440.800000
604.378830 384.800000 470.800000
605.379962 384.800000 502.400000
606.382288 384.800000 515.600000
607.383473 384.800000 571.600000
608.383986 384.800000 485.600000
609.384178 384.800000 521.200000
610.386377 384.800000 773.200000
611.389062 384.800000 440.800000
612.390430 384.800000 734.000000
613.390590 384.800000 491.200000
614.390959 384.800000 412.800000
615.391375 384.800000 515.600000
616.391415 384.800000 536.000000
617.391867 384.800000 424.000000
618.392009 384.800000 435.200000
619.392485 384.800000 521.200000
620.392622 384.800000 431.600000
621.392804 384.800000 560.400000
622.392864 384.800000 454.000000
623.393028 384.800000 487.600000
624.393051 384.800000 424.000000
625.393317 384.800000 412.800000
626.393414 384.800000 526.800000
627.394625 384.800000 554.800000
628.394657 384.800000 480.000000
629.395194 384.800000 468.800000
630.395566 384.800000 482.000000
631.396412 384.800000 448.400000
632.398314 384.800000 773.200000
633.400614 384.800000 532.400000
634.400761 384.800000 474.400000
635.400892 384.800000 470.800000
636.401794 384.800000 457.600000
637.401822 384.800000 457.600000
638.401852 384.800000 599.600000
639.402350 384.800000 412.800000
640.402880 384.800000 521.200000
641.403025 384.800000 418.400000
642.407985 384.800000 773.200000
643.408642 384.800000 426.000000
644.409836 384.800000 504.400000
645.410474 384.800000 457.600000
646.411543 384.800000 599.600000
647.411659 384.800000 412.800000
648.411806 384.800000 485.600000
649.412932 384.800000 655.600000
650.413545 384.800000 470.800000
651.413928 384.800000 426.000000
652.414032 384.800000 407.200000
653.414063 384.800000 435.200000
654.414456 384.800000 476.400000
655.414716 384.800000 429.600000
656.415026 384.800000 468.800000
657.417736 384.800000 446.400000
658.418604 384.800000 463.200000
659.419545 384.800000 412.800000
660.419572 384.800000 412.800000
661.419829 384.800000 575.200000
662.421779 384.800000 610.800000
663.422265 384.800000 519.200000
664.425228 384.800000 644.400000
665.426101 384.800000 655.600000
666.427729 384.800000 519.200000
667.428751 384.800000 412.800000
668.428901 384.800000 655.600000
669.429212 384.800000 424.000000
670.429620 384.800000 521.200000
671.430390 384.800000 437.200000
672.431342 384.800000 424.000000
673.431833 384.800000 424.000000
674.431937 384.800000 448.400000
675.431998 384.800000 459.600000
676.432200 384.800000 582.800000
677.432684 384.800000 407.200000
678.432757 384.800000 493.200000
679.433477 384.800000 594.000000
680.433523 384.800000 487.600000
681.433775 384.800000 448.400000
682.435544 384.800000 672.400000
683.435573 384.800000 530.400000
684.435954 384.800000 452.000000
685.435993 384.800000 508.000000
686.436322 384.800000 446.400000
687.436513 384.800000 452.000000
688.436903 384.800000 487.600000
689.437868 384.800000 504.400000
690.438612 384.800000 582.800000
691.438965 384.800000 577.200000
692.439014 384.800000 446.400000
693.443110 384.800000 762.000000
694.443602 384.800000 767.600000
695.443859 384.800000 549.200000
696.444860 384.800000 526.800000
697.445065 384.800000 560.400000
698.445115 384.800000 459.600000
699.446075 384.800000 463.200000
700.446409 384.800000 437.200000
701.446634 384.800000 560.400000
702.447354 384.800000 549.200000
703.448233 384.800000 515.600000
704.448393 384.800000 554.800000
705.448844 384.800000 487.600000
706.449131 384.800000 448.400000
707.449503 384.800000 429.600000
708.450118 384.800000 418.400000
709.450351 384.800000 459.600000
710.450583 384.800000 457.600000
711.451374 384.800000 457.600000
712.451398 384.800000 457.600000
713.451640 384.800000 532.400000
714.451996 384.800000 616.400000
715.452508 384.800000 418.400000
716.452717 384.800000 420.400000
717.453190 384.800000 424.000000
718.453394 384.800000 560.400000
719.456010 384.800000 504.400000
720.456430 384.800000 459.600000
721.456645 384.800000 560.400000
722.456924 384.800000 498.800000
723.457080 384.800000 454.000000
724.457939 384.800000 588.400000
725.458374 384.800000 424.000000
726.458548 384.800000 452.000000
727.460265 384.800000 767.600000
728.461665 384.800000 577.200000
729.461834 384.800000 739.600000
730.462114 384.800000 491.200000
731.463171 384.800000 446.400000
732.464421 384.800000 424.000000
733.468732 384.800000 530.400000
734.468743 384.800000 463.200000
735.468950 384.800000 426.000000
736.468987 384.800000 487.600000
737.469718 384.800000 459.600000
738.470500 384.800000 498.800000
739.471751 384.800000 571.600000
740.472085 384.800000 414.800000
741.472414 384.800000 521.200000
742.472718 384.800000 457.600000
743.472864 384.800000 515.600000
744.472994 384.800000 510.000000
745.473083 384.800000 485.600000
746.473087 384.800000 666.800000
747.474105 384.800000 429.600000
748.474106 384.800000 485.600000
749.474623 384.800000 448.400000
750.475221 384.800000 515.600000
751.475641 384.800000 418.400000
752.475702 384.800000 424.000000
753.476288 384.800000 407.200000
754.476668 384.800000 610.800000
755.477613 384.800000 515.600000
756.478353 384.800000 474.400000
757.480311 384.800000 526.800000
758.480704 384.800000 605.200000
759.481366 384.800000 412.800000
760.481633 384.800000 420.400000
761.481656 384.800000 549.200000
762.481745 384.800000 476.400000
763.482354 384.800000 532.400000
764.482372 384.800000 412.800000
765.483490 384.800000 496.800000
766.484062 384.800000 407.200000
767.484096 384.800000 468.800000
768.484603 384.800000 470.800000
769.487051 384.800000 571.600000
770.488885 384.800000 470.800000
771.489427 384.800000 482.000000
772.489867 384.800000 566.000000
773.490578 384.800000 599.600000
774.495959 384.800000 773.200000
775.495988 384.800000 418.400000
776.496944 384.800000 745.200000
777.497041 384.800000 496.800000
778.498575 384.800000 532.400000
779.499223 384.800000 538.000000
780.499496 384.800000 482.000000
781.500872 384.800000 571.600000
782.500927 384.800000 496.800000
783.501382 384.800000 739.600000
784.501488 384.800000 426.000000
785.502258 384.800000 536.000000
786.507319 384.800000 767.600000
787.507950 384.800000 655.600000
788.508125 384.800000 457.600000
789.508307 384.800000 513.600000
790.508500 384.800000 452.000000
791.509960 384.800000 502.400000
792.510211 384.800000 538.000000
793.513251 384.800000 588.400000
794.513601 384.800000 463.200000
795.513696 384.800000 773.200000
796.514169 384.800000 407.200000
797.514329 384.800000 498.800000
798.514554 384.800000 446.400000
799.514646 384.800000 412.800000
