0 573.6 0.485171 300 0
0 568 0.726523 0
0 542 1.17021 3
0 349.6 1.39525 3
0 332.8 1.64282 3
0 330.8 1.85521 3
0 286 3.73239 20
0 280.4 4.39718 20
0 274.8 4.61348 20
0 269.2 4.8383 20
0 269.2 11.5396 300 85
0 263.6 14.198 85
0 258 14.6111 85
0 258 21.2407 300 85
0 258 27.7026 300 85
0 258 35.3826 300 85
0 258 46.4637 300 87
0 258 58.9389 300 87
0 258 70.9634 300 87
0 258 83.6664 300 87
0 252.4 88.9129 87
0 252.4 95.607 300 87
0 252.4 107.064 300 87
0 252.4 117.027 300 87
0 252.4 128.35 300 87
0 252.4 140.151 300 87
0 252.4 148.458 300 87
0 252.4 157.78 300 87
0 252.4 167.522 300 87
0 252.4 175.17 300 87
0 252.4 187.04 300 87
0 252.4 197.657 300 87
0 252.4 204.871 300 87
0 252.4 214.527 300 87
0 252.4 227.914 300 87
0 252.4 236.03 300 87
0 252.4 246.421 300 87
0 252.4 255.234 300 87
0 252.4 263.592 300 87
0 252.4 271.697 300 87
0 252.4 281.041 300 87
0 252.4 290.378 300 87
0 252.4 299.657 300 87
0 252.4 309.655 300 87
0 252.4 322.236 300 87
0 252.4 331.005 300 87
0 252.4 338.566 300 87
0 252.4 348.225 300 87
0 252.4 355.784 300 87
0 252.4 366.139 300 89
0 252.4 374.064 300 89
0 252.4 383.435 300 89
0 252.4 394.601 300 89
0 252.4 401.502 300 89
0 252.4 410.248 300 89
0 252.4 420.057 300 89
0 252.4 430.016 300 89
0 252.4 439.479 300 89
0 252.4 448.805 300 89
0 252.4 456.127 300 89
0 252.4 465.37 300 89
0 252.4 474.803 300 89
0 252.4 486.349 300 89
0 252.4 495.999 300 89
0 252.4 504.971 300 89
0 252.4 516.153 300 89
0 252.4 525.031 300 89
0 252.4 534.47 300 89
0 252.4 545.88 300 89
0 252.4 559.934 300 89
0 252.4 571.436 300 89
0 252.4 580.793 300 89
0 252.4 590.023 300 89
0 252.4 599.496 300 89
0 252.4 608.231 300 89
0 252.4 618.027 300 89
0 252.4 627.387 300 89
0 252.4 636.852 300 89
0 252.4 648.089 300 89
0 252.4 655.776 300 89
0 252.4 664.034 300 89
0 252.4 671.821 300 89
0 252.4 679.122 300 89
0 252.4 685.79 300 89
0 252.4 693.659 300 89
0 252.4 704.287 300 89
0 252.4 714.2 300 89
0 252.4 722.865 300 89
0 252.4 731.939 300 89
0 252.4 740.573 300 89
0 252.4 752.536 300 89
0 252.4 762.082 300 89
0 252.4 768.573 300 89
0 252.4 775.04 300 89
0 252.4 782.61 300 89
0 252.4 792.413 300 89
0 252.4 799.37 300 89
