0 573.6 0.388889 300 0
0 336.4 0.757884 3
0 291.6 0.946267 3
0 274.8 1.47863 5
0 272.8 2.8134 14
0 272.8 6.85282 300 63
0 263.6 9.35424 63
0 261.6 9.6898 63
0 261.6 14.9291 300 83
0 261.6 21.549 300 83
0 261.6 30.303 300 83
0 261.6 39.2152 300 86
0 261.6 51.7196 300 86
0 261.6 61.5895 300 86
0 261.6 70.8587 300 86
0 261.6 79.9037 300 86
0 261.6 88.6914 300 86
0 261.6 102.922 300 86
0 261.6 111.88 300 86
0 261.6 121.179 300 86
0 261.6 129.743 300 86
0 261.6 139.031 300 86
0 261.6 147.642 300 86
0 261.6 159.42 300 86
0 261.6 168.512 300 86
0 261.6 176.482 300 86
0 261.6 185.378 300 86
0 261.6 190.745 300 86
0 261.6 200.276 300 86
0 261.6 210.001 300 86
0 261.6 224.09 300 86
0 261.6 235.589 300 86
0 261.6 248.888 300 86
0 261.6 259.45 300 86
0 261.6 266.5 300 86
0 256 269.507 86
0 252.4 270.952 86
0 250.4 271.494 86
0 250.4 277.763 300 86
0 250.4 288.991 300 87
0 250.4 297.908 300 87
0 250.4 306.234 300 88
0 250.4 315.899 300 88
0 250.4 325.893 300 88
0 250.4 334.941 300 88
0 250.4 343.161 300 88
0 250.4 352.008 300 88
0 250.4 359.614 300 88
0 250.4 369.281 300 88
0 250.4 379.704 300 88
0 250.4 386.744 300 88
0 250.4 395.356 300 88
0 250.4 404.95 300 88
0 250.4 412.617 300 88
0 250.4 420.293 300 88
0 250.4 429.963 300 88
0 250.4 440.504 300 88
0 250.4 449.617 300 88
0 250.4 459.162 300 88
0 250.4 472.479 300 88
0 250.4 479.911 300 88
0 250.4 491.746 300 88
0 250.4 501.832 300 88
0 250.4 510.418 300 88
0 246.8 513.747 88
0 244.8 514.309 88
0 244.8 517.843 300 88
0 244.8 526.701 300 88
0 244.8 535.736 300 88
0 244.8 542.697 300 88
0 244.8 551.395 300 88
0 244.8 558.122 300 88
0 244.8 567.291 300 88
0 244.8 578.961 300 88
0 244.8 587.928 300 88
0 244.8 597.534 300 88
0 244.8 606.319 300 88
0 244.8 613.817 300 88
0 244.8 624.687 300 88
0 244.8 637.994 300 88
0 244.8 645.882 300 88
0 244.8 655.656 300 88
0 244.8 665.767 300 88
0 244.8 674.195 300 88
0 244.8 681.62 300 88
0 244.8 693.564 300 88
0 244.8 707.379 300 88
0 244.8 716.759 300 89
0 244.8 725.548 300 89
0 244.8 736.554 300 89
0 244.8 748.325 300 89
0 244.8 757.993 300 89
0 244.8 766.906 300 89
0 244.8 777.868 300 89
0 244.8 786.148 300 89
0 244.8 796.377 300 89
