0.368463 581.200000 581.200000
1.411207 342.000000 330.800000
2.467189 286.000000 286.000000
3.473375 278.400000 278.400000
4.484108 274.800000 274.800000
5.494021 274.800000 274.800000
6.510328 274.800000 274.800000
7.521449 274.800000 274.800000
8.529523 274.800000 274.800000
9.553383 274.800000 274.800000
10.562883 274.800000 274.800000
11.606489 274.800000 495.200000
12.644009 274.800000 317.600000
13.663448 274.800000 280.400000
14.723503 274.800000 280.400000
15.724501 274.800000 280.400000
16.751517 274.800000 280.400000
17.780007 274.800000 280.400000
18.869195 274.800000 280.400000
19.948295 274.800000 280.400000
20.966796 274.800000 575.600000
21.973968 274.800000 444.800000
22.974070 274.800000 302.800000
23.999160 274.800000 284.000000
25.018335 274.800000 284.000000
26.028026 274.800000 284.000000
27.028321 274.800000 284.000000
28.033696 274.800000 284.000000
29.131267 274.800000 601.600000
30.162027 274.800000 566.000000
31.175457 274.800000 330.800000
32.244139 274.800000 286.000000
33.276629 274.800000 280.400000
34.361257 274.800000 278.400000
35.404930 274.800000 278.400000
36.407557 274.800000 278.400000
37.422345 274.800000 278.400000
38.429424 274.800000 278.400000
39.444889 274.800000 278.400000
40.614625 274.800000 278.400000
41.619682 274.800000 573.600000
42.655071 274.800000 562.400000
43.672816 274.800000 450.400000
44.678862 274.800000 370.000000
45.725004 274.800000 308.400000
46.751370 274.800000 302.800000
47.767649 274.800000 297.200000
48.771853 274.800000 297.200000
49.881638 274.800000 297.200000
50.919211 274.800000 297.200000
51.928105 274.800000 297.200000
52.937200 274.800000 297.200000
53.943685 274.800000 297.200000
55.012701 274.800000 297.200000
56.015365 274.800000 579.200000
57.036590 274.800000 302.800000
58.062938 274.800000 300.800000
59.104141 274.800000 300.800000
60.120217 252.400000 252.400000
61.133415 250.400000 250.400000
62.153005 250.400000 250.400000
63.172882 250.400000 250.400000
64.187120 250.400000 250.400000
65.206912 250.400000 250.400000
66.403314 250.400000 250.400000
67.407536 250.400000 250.400000
68.409039 250.400000 250.400000
69.430436 250.400000 250.400000
70.446991 250.400000 568.000000
71.492934 250.400000 319.600000
72.509755 250.400000 286.000000
73.537752 250.400000 274.800000
74.542375 250.400000 274.800000
75.568783 250.400000 274.800000
76.571423 250.400000 274.800000
77.581683 250.400000 274.800000
78.810836 250.400000 586.800000
79.815385 250.400000 579.200000
80.837579 250.400000 435.600000
81.855732 250.400000 330.800000
82.861018 250.400000 278.400000
83.877846 250.400000 274.800000
84.944756 250.400000 274.800000
85.969913 250.400000 274.800000
86.992270 250.400000 274.800000
88.022337 250.400000 274.800000
89.023478 250.400000 274.800000
90.031802 250.400000 497.200000
91.044676 250.400000 338.400000
92.059950 250.400000 297.200000
93.117906 250.400000 291.600000
94.136444 250.400000 291.600000
95.232166 250.400000 280.400000
96.255873 250.400000 280.400000
97.278716 250.400000 280.400000
98.315678 250.400000 280.400000
99.323716 250.400000 280.400000
100.416449 250.400000 575.600000
101.430999 250.400000 450.400000
102.433170 250.400000 330.800000
103.437403 250.400000 269.200000
104.450860 250.400000 258.000000
105.461272 250.400000 258.000000
106.471171 250.400000 258.000000
107.475169 250.400000 258.000000
108.498677 250.400000 258.000000
109.575627 250.400000 258.000000
110.579575 250.400000 258.000000
111.685137 250.400000 573.600000
112.700755 250.400000 386.800000
113.726191 250.400000 314.000000
114.772544 250.400000 314.000000
115.783726 250.400000 269.200000
116.785713 250.400000 269.200000
117.794015 250.400000 269.200000
118.827709 250.400000 269.200000
119.838504 250.400000 269.200000
120.848478 250.400000 269.200000
121.948643 250.400000 579.200000
122.956261 250.400000 422.400000
123.959092 250.400000 308.400000
125.025503 250.400000 286.000000
126.043784 250.400000 280.400000
127.055216 250.400000 280.400000
128.101061 250.400000 280.400000
129.141603 250.400000 280.400000
130.204415 250.400000 564.400000
131.217819 250.400000 444.800000
132.235635 250.400000 319.600000
133.260028 250.400000 280.400000
134.270715 250.400000 280.400000
135.271322 250.400000 274.800000
136.284948 250.400000 274.800000
137.299317 250.400000 274.800000
138.306097 250.400000 274.800000
139.332950 250.400000 274.800000
140.346490 250.400000 568.000000
141.384550 250.400000 308.400000
142.389413 250.400000 304.800000
143.402557 250.400000 280.400000
144.436416 250.400000 280.400000
145.449523 250.400000 280.400000
146.452843 250.400000 280.400000
147.464613 250.400000 280.400000
148.475965 250.400000 280.400000
149.482011 250.400000 280.400000
150.500879 250.400000 575.600000
151.504419 250.400000 411.200000
152.508999 250.400000 308.400000
153.527626 250.400000 274.800000
154.532132 250.400000 263.600000
155.545504 250.400000 263.600000
156.615628 250.400000 258.000000
157.638314 250.400000 258.000000
158.644925 250.400000 258.000000
159.651788 250.400000 258.000000
160.713295 250.400000 258.000000
161.727815 250.400000 372.000000
162.734072 250.400000 358.800000
163.736327 250.400000 297.200000
164.760305 250.400000 297.200000
165.815768 250.400000 286.000000
166.823918 250.400000 286.000000
167.847637 250.400000 286.000000
168.863306 250.400000 286.000000
169.871245 250.400000 286.000000
170.871730 250.400000 286.000000
171.896362 250.400000 467.200000
172.913541 250.400000 375.600000
173.951864 250.400000 327.200000
174.988972 250.400000 327.200000
175.997209 250.400000 289.600000
177.081630 250.400000 280.400000
178.090492 250.400000 280.400000
179.149309 250.400000 280.400000
180.153357 250.400000 280.400000
181.153402 250.400000 280.400000
182.159236 250.400000 280.400000
183.207740 250.400000 579.200000
184.216407 250.400000 439.200000
185.229048 250.400000 314.000000
186.242596 250.400000 274.800000
187.256275 250.400000 274.800000
188.266110 250.400000 274.800000
189.271832 250.400000 274.800000
190.357514 250.400000 274.800000
191.365243 250.400000 274.800000
192.368717 250.400000 568.000000
193.394512 250.400000 330.800000
194.398042 250.400000 319.600000
195.406973 250.400000 291.600000
196.417369 250.400000 286.000000
197.418182 250.400000 286.000000
198.421106 250.400000 286.000000
199.433499 250.400000 286.000000
200.437082 250.400000 286.000000
201.455732 250.400000 450.400000
202.507004 250.400000 302.800000
203.557820 250.400000 297.200000
204.628777 250.400000 297.200000
205.630331 250.400000 297.200000
206.654686 250.400000 297.200000
207.670750 250.400000 297.200000
208.707115 250.400000 573.600000
209.771346 250.400000 312.000000
210.797969 250.400000 302.800000
211.802246 250.400000 295.200000
212.846900 250.400000 271.200000
213.859570 250.400000 269.200000
214.928350 250.400000 267.200000
215.939427 250.400000 267.200000
216.977086 250.400000 267.200000
217.977888 250.400000 267.200000
219.008803 250.400000 267.200000
220.017314 250.400000 579.200000
221.076416 250.400000 564.400000
222.140034 250.400000 556.800000
223.146253 250.400000 330.800000
224.149261 250.400000 308.400000
225.154275 250.400000 280.400000
226.165721 250.400000 274.800000
227.218711 250.400000 274.800000
228.233473 250.400000 274.800000
229.236635 250.400000 274.800000
230.240865 250.400000 568.000000
231.271411 250.400000 414.800000
232.337563 250.400000 319.600000
233.396604 250.400000 280.400000
234.436186 250.400000 269.200000
235.437667 250.400000 269.200000
236.441549 250.400000 269.200000
237.442218 250.400000 269.200000
238.443633 250.400000 573.600000
239.445772 250.400000 314.000000
240.451645 250.400000 258.000000
241.464033 250.400000 256.000000
242.518776 250.400000 256.000000
243.520345 250.400000 256.000000
244.525546 250.400000 256.000000
245.533347 250.400000 256.000000
246.537525 250.400000 256.000000
247.538413 250.400000 355.200000
248.557952 250.400000 325.200000
249.575743 250.400000 308.400000
250.585021 250.400000 302.800000
251.613135 250.400000 302.800000
252.651639 250.400000 302.800000
253.667860 250.400000 302.800000
254.749876 250.400000 302.800000
255.757204 250.400000 302.800000
256.778084 250.400000 573.600000
257.792926 250.400000 353.200000
258.825706 250.400000 291.600000
259.831920 250.400000 274.800000
260.879814 250.400000 267.200000
261.944388 250.400000 267.200000
262.959467 250.400000 267.200000
264.046445 250.400000 267.200000
265.072053 250.400000 267.200000
266.087108 250.400000 267.200000
267.291639 250.400000 579.200000
268.298668 250.400000 426.000000
269.308764 250.400000 325.200000
270.313884 250.400000 297.200000
271.350634 250.400000 258.000000
272.357785 250.400000 256.000000
273.402467 250.400000 256.000000
274.455290 250.400000 256.000000
275.522313 250.400000 256.000000
276.545147 250.400000 256.000000
277.588336 250.400000 364.400000
278.617098 250.400000 353.200000
279.621273 250.400000 274.800000
280.648211 250.400000 274.800000
281.655465 250.400000 274.800000
282.673121 250.400000 269.200000
283.681913 250.400000 269.200000
284.689792 250.400000 269.200000
285.743872 250.400000 269.200000
286.787057 250.400000 269.200000
287.800820 250.400000 269.200000
288.806220 250.400000 342.000000
289.821879 250.400000 302.800000
290.822681 250.400000 256.000000
291.826795 250.400000 252.400000
292.833903 250.400000 252.400000
293.849452 250.400000 250.400000
294.895238 250.400000 250.400000
295.920858 250.400000 250.400000
296.923606 250.400000 250.400000
297.925499 250.400000 250.400000
299.123093 250.400000 579.200000
300.131905 250.400000 536.400000
301.159235 250.400000 314.000000
302.164954 250.400000 263.600000
303.193645 250.400000 258.000000
304.201110 250.400000 256.000000
305.216326 250.400000 256.000000
306.225752 250.400000 256.000000
307.230598 250.400000 256.000000
308.247676 250.400000 256.000000
309.262347 250.400000 256.000000
310.324071 250.400000 568.000000
311.325347 250.400000 375.600000
312.325486 250.400000 308.400000
313.345415 250.400000 308.400000
314.355978 250.400000 269.200000
315.372495 250.400000 267.200000
316.388492 250.400000 267.200000
317.418093 250.400000 267.200000
318.423773 250.400000 267.200000
319.438907 250.400000 267.200000
320.446151 250.400000 573.600000
321.449296 250.400000 325.200000
322.460973 250.400000 280.400000
323.465314 250.400000 269.200000
324.474935 250.400000 269.200000
325.510351 250.400000 269.200000
326.513579 250.400000 269.200000
327.522050 250.400000 269.200000
328.572026 250.400000 573.600000
329.573119 250.400000 450.400000
330.619584 250.400000 416.800000
331.634927 250.400000 308.400000
332.642895 250.400000 286.000000
333.651787 250.400000 286.000000
334.709011 250.400000 286.000000
335.711970 250.400000 286.000000
336.769227 250.400000 286.000000
337.800174 250.400000 286.000000
338.871989 250.400000 579.200000
339.880674 250.400000 364.400000
340.908322 250.400000 364.400000
341.933347 250.400000 319.600000
342.960510 250.400000 302.800000
343.983924 250.400000 302.800000
344.989631 250.400000 302.800000
346.024772 250.400000 302.800000
347.033798 250.400000 302.800000
348.036634 250.400000 575.600000
349.081451 250.400000 319.600000
350.088632 250.400000 314.000000
351.127811 250.400000 284.000000
352.136685 250.400000 274.800000
353.139412 250.400000 274.800000
354.155330 250.400000 272.800000
355.165827 250.400000 272.800000
356.185854 250.400000 272.800000
357.186761 250.400000 272.800000
358.189447 250.400000 272.800000
359.251926 250.400000 272.800000
360.287010 250.400000 478.400000
361.297598 250.400000 304.800000
362.300330 250.400000 291.600000
363.309785 250.400000 289.600000
364.323461 250.400000 284.000000
365.343016 250.400000 263.600000
366.344444 250.400000 263.600000
367.403351 250.400000 263.600000
368.424539 250.400000 263.600000
369.462065 250.400000 573.600000
370.466749 250.400000 433.600000
371.476119 250.400000 280.400000
372.547704 250.400000 274.800000
373.611716 250.400000 269.200000
374.618404 250.400000 269.200000
375.641826 250.400000 269.200000
376.665676 250.400000 269.200000
377.690824 250.400000 269.200000
378.737717 250.400000 573.600000
379.761748 250.400000 562.400000
380.764710 250.400000 358.800000
381.820111 250.400000 308.400000
382.833941 250.400000 286.000000
383.834255 250.400000 269.200000
384.838937 250.400000 267.200000
385.857570 250.400000 267.200000
386.870845 250.400000 267.200000
387.932925 250.400000 267.200000
388.958491 250.400000 267.200000
389.967193 250.400000 573.600000
391.000878 250.400000 570.000000
392.019054 250.400000 325.200000
393.083139 250.400000 308.400000
394.113868 250.400000 280.400000
395.138610 250.400000 274.800000
396.154279 250.400000 269.200000
397.170181 250.400000 269.200000
398.183320 250.400000 263.600000
399.217368 250.400000 263.600000
400.248965 250.400000 263.600000
401.267902 250.400000 263.600000
402.283126 250.400000 263.600000
403.291666 250.400000 568.000000
404.333790 250.400000 347.600000
405.334752 250.400000 302.800000
406.345113 250.400000 302.800000
407.348182 250.400000 302.800000
408.362297 250.400000 302.800000
409.374611 250.400000 302.800000
410.639095 250.400000 579.200000
411.651713 250.400000 547.600000
412.657805 250.400000 308.400000
413.676378 250.400000 286.000000
414.679772 250.400000 269.200000
415.694114 250.400000 269.200000
416.708321 250.400000 269.200000
417.712095 250.400000 269.200000
418.727416 250.400000 269.200000
419.747802 250.400000 573.600000
420.802760 250.400000 344.000000
421.804553 250.400000 297.200000
422.818139 250.400000 286.000000
423.835918 250.400000 272.800000
424.840302 250.400000 272.800000
425.841100 250.400000 272.800000
426.879669 250.400000 272.800000
427.890364 250.400000 272.800000
429.149341 250.400000 573.600000
430.151971 250.400000 349.600000
431.166560 250.400000 291.600000
432.195849 250.400000 263.600000
433.209152 250.400000 258.000000
434.234349 250.400000 258.000000
435.243817 250.400000 258.000000
436.251041 250.400000 258.000000
437.259026 250.400000 573.600000
438.270621 250.400000 327.200000
439.293218 250.400000 274.800000
440.300585 250.400000 263.600000
441.300666 250.400000 258.000000
442.302821 250.400000 258.000000
443.315453 250.400000 258.000000
444.319768 250.400000 258.000000
445.333060 250.400000 258.000000
446.341920 250.400000 454.000000
447.355052 250.400000 420.400000
448.403931 250.400000 308.400000
449.462822 250.400000 291.600000
450.479903 250.400000 291.600000
451.494976 250.400000 291.600000
452.511904 250.400000 291.600000
453.517303 250.400000 291.600000
454.550531 250.400000 291.600000
455.575766 250.400000 584.800000
456.612571 250.400000 375.600000
457.620847 250.400000 302.800000
458.628555 250.400000 291.600000
459.630849 250.400000 280.400000
460.642884 250.400000 280.400000
461.649665 250.400000 274.800000
462.675694 250.400000 274.800000
463.749142 250.400000 274.800000
464.812102 250.400000 274.800000
465.966669 250.400000 590.400000
467.018820 250.400000 416.800000
468.037122 250.400000 291.600000
469.049154 250.400000 280.400000
470.110089 250.400000 280.400000
471.118855 250.400000 280.400000
472.131820 250.400000 280.400000
473.264978 250.400000 579.200000
474.268534 250.400000 439.200000
475.278850 250.400000 297.200000
476.280840 250.400000 272.800000
477.284896 250.400000 272.800000
478.288647 250.400000 272.800000
479.294667 250.400000 272.800000
480.308570 250.400000 272.800000
481.317583 250.400000 573.600000
482.321883 250.400000 444.800000
483.324908 250.400000 314.000000
484.365960 250.400000 286.000000
485.370447 250.400000 274.800000
486.386151 250.400000 274.800000
487.412310 250.400000 274.800000
488.451972 250.400000 274.800000
489.493111 250.400000 274.800000
490.510760 250.400000 274.800000
491.570880 250.400000 517.600000
492.591717 250.400000 325.200000
493.598379 250.400000 291.600000
494.620930 250.400000 291.600000
495.629888 250.400000 274.800000
496.645907 250.400000 274.800000
497.653888 250.400000 274.800000
498.665356 250.400000 274.800000
499.666347 250.400000 274.800000
500.676277 250.400000 573.600000
501.705392 250.400000 424.400000
502.723237 250.400000 302.800000
503.795449 250.400000 297.200000
504.816673 250.400000 274.800000
505.846819 250.400000 269.200000
506.874474 250.400000 269.200000
507.882761 250.400000 269.200000
508.893035 250.400000 269.200000
509.930296 250.400000 269.200000
510.933741 250.400000 269.200000
511.946731 250.400000 568.000000
513.012688 250.400000 325.200000
514.019414 250.400000 325.200000
515.057453 250.400000 302.800000
516.060622 250.400000 291.600000
517.073774 250.400000 291.600000
518.112822 250.400000 291.600000
519.119696 250.400000 291.600000
520.120949 250.400000 291.600000
521.122966 250.400000 573.600000
522.126120 250.400000 463.600000
523.145699 250.400000 319.600000
524.146891 250.400000 269.200000
525.154424 250.400000 258.000000
526.173014 250.400000 258.000000
527.179703 250.400000 258.000000
528.189328 250.400000 258.000000
529.233431 250.400000 612.800000
530.243417 250.400000 461.600000
531.250864 250.400000 314.000000
532.259970 250.400000 302.800000
533.271033 250.400000 302.800000
534.326533 250.400000 302.800000
535.332543 250.400000 302.800000
536.364967 250.400000 302.800000
537.568095 250.400000 575.600000
538.575794 250.400000 383.200000
539.596488 250.400000 291.600000
540.667076 250.400000 278.400000
541.674682 250.400000 274.800000
542.679729 250.400000 274.800000
543.691646 250.400000 272.800000
544.702385 250.400000 272.800000
545.736476 250.400000 272.800000
546.752280 250.400000 272.800000
547.763991 250.400000 272.800000
549.007345 250.400000 573.600000
550.069879 250.400000 394.400000
551.087329 250.400000 336.400000
552.098035 250.400000 291.600000
553.119537 250.400000 291.600000
554.168678 250.400000 291.600000
555.179235 250.400000 291.600000
556.186880 250.400000 291.600000
557.216046 250.400000 291.600000
558.232115 250.400000 302.800000
559.236810 250.400000 291.600000
560.252063 250.400000 291.600000
561.264516 250.400000 269.200000
562.277314 250.400000 267.200000
563.299121 250.400000 267.200000
564.359306 250.400000 267.200000
565.368281 250.400000 267.200000
566.389556 250.400000 267.200000
567.398947 250.400000 340.000000
568.403861 250.400000 314.000000
569.406031 250.400000 297.200000
570.411830 250.400000 291.600000
571.434689 250.400000 291.600000
572.448563 250.400000 291.600000
573.480248 250.400000 291.600000
574.488287 250.400000 291.600000
575.700156 250.400000 579.200000
576.761077 250.400000 342.000000
577.782640 250.400000 308.400000
578.798875 250.400000 297.200000
579.811196 250.400000 289.600000
580.827481 250.400000 289.600000
581.863911 250.400000 289.600000
582.870400 250.400000 289.600000
583.908049 250.400000 289.600000
584.976315 250.400000 289.600000
585.999051 250.400000 579.200000
587.015418 250.400000 409.200000
588.049965 250.400000 314.000000
589.056381 250.400000 304.800000
590.109287 250.400000 263.600000
591.110576 250.400000 263.600000
592.110874 250.400000 263.600000
593.116741 250.400000 263.600000
594.130052 250.400000 263.600000
595.157808 250.400000 263.600000
596.181768 250.400000 573.600000
597.193428 250.400000 478.400000
598.194686 250.400000 319.600000
599.217340 250.400000 319.600000
600.235511 250.400000 269.200000
601.238103 250.400000 269.200000
602.241550 250.400000 269.200000
603.279026 250.400000 269.200000
604.304440 250.400000 269.200000
605.371611 250.400000 269.200000
606.400584 250.400000 573.600000
607.421939 250.400000 347.600000
608.429517 250.400000 347.600000
609.435216 250.400000 280.400000
610.490403 250.400000 280.400000
611.500911 250.400000 274.800000
612.551610 250.400000 274.800000
613.560987 250.400000 274.800000
614.573846 250.400000 274.800000
615.645625 250.400000 573.600000
616.668534 250.400000 364.400000
617.677677 250.400000 314.000000
618.682128 250.400000 289.600000
619.685270 250.400000 280.400000
620.703035 250.400000 280.400000
621.712280 250.400000 280.400000
622.728779 250.400000 280.400000
623.736641 250.400000 280.400000
624.786055 250.400000 573.600000
625.795797 250.400000 467.200000
626.847049 250.400000 319.600000
627.883605 250.400000 314.000000
628.897486 250.400000 263.600000
629.915818 250.400000 263.600000
630.954706 250.400000 263.600000
632.031103 250.400000 263.600000
633.059999 250.400000 263.600000
634.126470 250.400000 263.600000
635.364214 250.400000 584.800000
636.373054 250.400000 332.800000
637.400078 250.400000 297.200000
638.412906 250.400000 297.200000
639.447205 250.400000 274.800000
640.473604 250.400000 274.800000
641.476637 250.400000 269.200000
642.503461 250.400000 269.200000
643.536450 250.400000 269.200000
644.544798 250.400000 269.200000
645.581825 250.400000 269.200000
646.619296 250.400000 269.200000
647.629277 250.400000 437.200000
648.657308 250.400000 330.800000
649.710908 250.400000 286.000000
650.760578 250.400000 286.000000
651.808192 250.400000 269.200000
652.826127 250.400000 263.600000
653.866608 250.400000 258.000000
654.867874 250.400000 258.000000
655.871762 250.400000 258.000000
656.878202 250.400000 258.000000
657.907167 250.400000 258.000000
658.944214 250.400000 579.200000
659.993761 250.400000 456.000000
661.001400 250.400000 302.800000
662.030780 250.400000 297.200000
663.034287 250.400000 267.200000
664.082801 250.400000 267.200000
665.118837 250.400000 267.200000
666.138629 250.400000 263.600000
667.187326 250.400000 263.600000
668.199535 250.400000 263.600000
669.212102 250.400000 263.600000
670.227432 250.400000 263.600000
671.230126 250.400000 263.600000
672.243238 250.400000 566.000000
673.255974 250.400000 388.800000
674.306853 250.400000 336.400000
675.369123 250.400000 291.600000
676.400902 250.400000 280.400000
677.413045 250.400000 272.800000
678.449396 250.400000 272.800000
679.465923 250.400000 272.800000
680.478106 250.400000 272.800000
681.499610 250.400000 272.800000
682.511872 250.400000 272.800000
683.526776 250.400000 568.000000
684.551270 250.400000 358.800000
685.568662 250.400000 325.200000
686.579375 250.400000 274.800000
687.599848 250.400000 269.200000
688.612249 250.400000 269.200000
689.616041 250.400000 269.200000
690.634493 250.400000 269.200000
691.635820 250.400000 269.200000
692.641243 250.400000 573.600000
693.714089 250.400000 495.200000
694.721178 250.400000 370.000000
695.729877 250.400000 317.600000
696.732214 250.400000 280.400000
697.756931 250.400000 269.200000
698.769841 250.400000 269.200000
699.784474 250.400000 269.200000
700.794166 250.400000 269.200000
701.800844 250.400000 269.200000
702.870505 250.400000 581.200000
703.955076 250.400000 330.800000
705.056472 250.400000 302.800000
706.074943 250.400000 302.800000
707.077494 250.400000 274.800000
708.086235 250.400000 269.200000
709.109203 250.400000 269.200000
710.129661 250.400000 269.200000
711.159826 250.400000 269.200000
712.183718 250.400000 269.200000
713.224801 250.400000 584.800000
714.234417 250.400000 360.800000
715.245853 250.400000 286.000000
716.256894 250.400000 286.000000
717.266882 250.400000 274.800000
718.272080 250.400000 272.800000
719.282765 250.400000 272.800000
720.304156 250.400000 272.800000
721.487648 250.400000 579.200000
722.506641 250.400000 291.600000
723.547614 250.400000 291.600000
724.598682 250.400000 280.400000
725.631192 250.400000 274.800000
726.651933 250.400000 274.800000
727.669856 250.400000 274.800000
728.735834 250.400000 274.800000
729.755988 250.400000 274.800000
730.777239 250.400000 274.800000
731.797850 250.400000 444.800000
732.826752 250.400000 308.400000
733.841375 250.400000 274.800000
734.860872 250.400000 274.800000
735.932984 250.400000 269.200000
736.940488 250.400000 269.200000
738.016490 250.400000 269.200000
739.023425 250.400000 269.200000
740.030590 250.400000 269.200000
741.070944 250.400000 269.200000
742.102143 250.400000 422.400000
743.137627 250.400000 416.800000
744.147397 250.400000 302.800000
745.166149 250.400000 291.600000
746.206434 250.400000 280.400000
747.237801 250.400000 269.200000
748.241059 250.400000 269.200000
749.242475 250.400000 269.200000
750.245145 250.400000 269.200000
751.392368 250.400000 575.600000
752.402464 250.400000 362.400000
753.408448 250.400000 302.800000
754.422529 250.400000 291.600000
755.431310 250.400000 286.000000
756.441359 250.400000 286.000000
757.445358 250.400000 286.000000
758.501459 250.400000 286.000000
759.525233 250.400000 286.000000
760.534418 250.400000 286.000000
761.536685 250.400000 579.200000
762.601676 250.400000 433.600000
763.619094 250.400000 302.800000
764.634439 250.400000 280.400000
765.636350 250.400000 274.800000
766.686566 250.400000 274.800000
767.701850 250.400000 274.800000
768.703307 250.400000 274.800000
769.723483 250.400000 274.800000
770.733553 250.400000 274.800000
771.735339 250.400000 573.600000
772.762207 250.400000 330.800000
773.783332 250.400000 325.200000
774.786727 250.400000 325.200000
775.810830 250.400000 291.600000
776.836132 250.400000 291.600000
777.846455 250.400000 291.600000
778.917680 250.400000 291.600000
779.940485 250.400000 291.600000
780.940597 250.400000 584.800000
781.958603 250.400000 386.800000
783.020387 250.400000 280.400000
784.059844 250.400000 258.000000
785.069711 250.400000 252.400000
786.069987 250.400000 252.400000
787.085269 250.400000 252.400000
788.089098 250.400000 252.400000
789.110518 250.400000 252.400000
790.129745 250.400000 252.400000
791.145871 250.400000 573.600000
792.200138 250.400000 342.000000
793.206646 250.400000 280.400000
794.213917 250.400000 280.400000
795.225383 250.400000 274.800000
796.247341 250.400000 269.200000
797.253249 250.400000 269.200000
798.261019 250.400000 269.200000
799.275002 250.400000 269.200000
