0 773.2 0.013648 300 0
0 666.8 0.019182 1
0 661.2 0.025139 1
0 532.4 0.02994 1
0 526.8 0.038744 2
0 510 0.089829 31
0 496.8 0.094473 31
0 491.2 0.099203 31
0 465.2 0.136864 31
0 465.2 0.203293 300 60
0 446.4 0.247868 60
0 442.8 0.254474 60
0 442.8 0.324824 300 80
0 440.8 0.360972 80
0 429.6 0.364091 80
0 429.6 0.452617 300 86
0 429.6 0.547213 300 86
0 429.6 0.685446 300 86
0 429.6 0.846008 300 86
0 429.6 1.0323 300 86
0 429.6 1.16458 300 86
0 429.6 1.26517 300 86
0 424 1.34151 86
0 418.4 1.34859 86
0 418.4 1.43965 300 86
0 418.4 1.53968 300 86
0 418.4 1.70612 300 86
0 418.4 1.83683 300 86
0 414.8 1.86994 86
0 412.8 1.93663 86
0 412.8 2.00532 300 86
0 412.8 2.18305 300 86
0 412.8 2.37644 300 86
0 412.8 2.51413 300 86
0 412.8 2.69639 300 86
0 412.8 2.83899 300 89
0 412.8 3.03054 300 89
0 407.2 3.11955 89
0 407.2 3.21398 300 89
0 407.2 3.38888 300 89
0 407.2 3.55734 300 89
0 407.2 3.70267 300 89
0 407.2 3.87156 300 89
0 407.2 4.05362 300 89
0 407.2 4.19814 300 89
0 407.2 4.34133 300 89
0 407.2 4.481 300 89
0 407.2 4.62301 300 89
0 407.2 4.75994 300 89
0 407.2 4.86353 300 89
0 407.2 5.04729 300 89
0 396 5.17206 89
0 396 5.308 300 89
0 396 5.63462 300 89
0 396 5.92716 300 89
0 396 6.18564 300 89
0 396 6.37799 300 89
0 396 6.65408 300 89
0 396 6.95758 300 89
0 396 7.3127 300 89
0 396 7.69776 300 89
0 396 8.00519 300 89
0 396 8.29767 300 89
0 396 8.59668 300 89
0 396 8.87689 300 89
0 396 9.07384 300 89
0 396 9.30229 300 89
0 396 9.59399 300 89
0 396 9.99609 300 89
0 396 10.1761 300 89
0 396 10.3988 300 89
0 396 10.6442 300 89
0 396 10.9585 300 89
0 396 11.2411 300 89
0 396 11.4235 300 89
0 396 11.6822 300 89
0 396 11.9152 300 89
0 396 12.11 300 89
0 396 12.4253 300 89
0 396 12.659 300 89
0 396 12.8698 300 89
0 396 13.1274 300 89
0 396 13.3028 300 89
0 396 13.4843 300 89
0 396 13.7818 300 89
0 396 14.0109 300 89
0 396 14.2418 300 89
0 396 14.4741 300 89
0 396 14.6751 300 89
0 396 14.9315 300 89
0 396 15.184 300 89
0 396 15.6674 300 89
0 396 15.8531 300 89
0 396 16.0424 300 89
0 396 16.282 300 89
0 396 16.4673 300 89
0 396 16.71 300 89
0 390.4 16.871 89
0 390.4 16.9996 300 89
0 390.4 17.3225 300 89
0 390.4 17.4998 300 89
0 390.4 17.7469 300 89
0 390.4 17.9376 300 89
0 390.4 18.3739 300 89
0 390.4 18.6654 300 89
0 390.4 19.0122 300 89
0 390.4 19.2861 300 89
0 390.4 19.479 300 89
0 390.4 19.7469 300 89
0 390.4 20.0606 300 89
0 390.4 20.5241 300 89
0 390.4 20.7492 300 89
0 390.4 21.0516 300 89
0 390.4 21.3179 300 89
0 390.4 21.6159 300 89
0 390.4 21.8535 300 89
0 390.4 22.149 300 89
0 390.4 22.3455 300 89
0 390.4 22.5382 300 89
0 390.4 22.7202 300 89
0 390.4 23.0259 300 89
0 390.4 23.3251 300 89
0 390.4 23.5825 300 89
0 390.4 23.7738 300 89
0 390.4 24.0851 300 89
0 390.4 24.3727 300 89
0 390.4 24.5725 300 89
0 390.4 24.952 300 89
0 390.4 25.2154 300 89
0 390.4 25.4681 300 89
0 390.4 25.709 300 89
0 390.4 25.8851 300 89
0 390.4 26.3098 300 89
0 390.4 26.5846 300 89
0 390.4 26.7758 300 89
0 390.4 27.0229 300 89
0 390.4 27.4559 300 89
0 390.4 27.8082 300 89
0 390.4 27.984 300 89
0 390.4 28.1765 300 89
0 390.4 28.5234 300 89
0 390.4 28.7454 300 89
0 390.4 28.974 300 89
0 390.4 29.1483 300 89
0 390.4 29.3956 300 89
0 390.4 29.7058 300 89
0 390.4 29.9273 300 89
0 390.4 30.1664 300 89
0 390.4 30.4003 300 89
0 390.4 30.5773 300 89
0 390.4 30.7962 300 89
0 390.4 31.0708 300 89
0 390.4 31.2344 300 89
0 390.4 31.4156 300 89
0 390.4 31.694 300 89
0 390.4 31.9328 300 89
0 390.4 32.3828 300 89
0 390.4 32.5672 300 89
0 390.4 32.9321 300 89
0 390.4 33.1512 300 89
0 390.4 33.4826 300 89
0 390.4 33.6646 300 89
0 390.4 34.1032 300 89
0 390.4 34.2843 300 89
0 390.4 34.5672 300 89
0 390.4 34.7911 300 89
0 390.4 35.0217 300 89
0 390.4 35.3175 300 89
0 390.4 35.6267 300 89
0 390.4 35.9409 300 89
0 390.4 36.1353 300 89
0 390.4 36.357 300 89
0 390.4 36.697 300 89
0 390.4 37.0099 300 89
0 390.4 37.3721 300 89
0 390.4 37.612 300 89
0 390.4 37.9192 300 89
0 390.4 38.2446 300 89
0 390.4 38.4866 300 89
0 390.4 38.8921 300 89
0 390.4 39.0603 300 89
0 390.4 39.2941 300 89
0 390.4 39.6706 300 89
0 390.4 39.9627 300 89
0 390.4 40.1147 300 89
0 390.4 40.3369 300 89
0 390.4 40.6147 300 89
0 390.4 40.8781 300 89
0 390.4 41.0393 300 89
0 390.4 41.3606 300 89
0 390.4 41.5645 300 89
0 390.4 41.7442 300 89
0 390.4 41.9485 300 89
0 390.4 42.2176 300 89
0 390.4 42.4642 300 89
0 390.4 42.8029 300 89
0 390.4 42.9573 300 89
0 390.4 43.234 300 89
0 390.4 43.4062 300 89
0 390.4 43.6398 300 89
0 390.4 43.7586 300 89
0 390.4 43.9288 300 89
0 390.4 44.2032 300 89
0 390.4 44.4237 300 89
0 390.4 44.7114 300 89
0 390.4 44.933 300 89
0 390.4 45.1392 300 89
0 390.4 45.3232 300 89
0 390.4 45.547 300 89
0 390.4 45.7416 300 89
0 390.4 45.8918 300 89
0 390.4 46.1221 300 89
0 390.4 46.3322 300 89
0 390.4 46.5434 300 89
0 390.4 46.713 300 89
0 390.4 46.9613 300 89
0 390.4 47.1348 300 89
0 390.4 47.3867 300 89
0 390.4 47.5535 300 89
0 390.4 47.7601 300 89
0 390.4 47.9258 300 89
0 390.4 48.2032 300 89
0 390.4 48.4823 300 89
0 390.4 48.7177 300 89
0 390.4 49.0265 300 89
0 390.4 49.2443 300 89
0 390.4 49.4832 300 89
0 390.4 49.7134 300 89
0 390.4 49.9685 300 89
0 390.4 50.2196 300 89
0 390.4 50.4564 300 89
0 390.4 50.6155 300 89
0 390.4 50.7852 300 89
0 390.4 51.1702 300 89
0 390.4 51.3611 300 89
0 390.4 51.6207 300 89
0 390.4 51.8944 300 89
0 390.4 52.2119 300 89
0 390.4 52.3739 300 89
0 390.4 52.6293 300 89
0 390.4 52.9334 300 89
0 390.4 53.1847 300 89
0 390.4 53.5087 300 89
0 390.4 53.92 300 89
0 390.4 54.1776 300 89
0 390.4 54.3895 300 89
0 390.4 54.7512 300 89
0 390.4 54.9209 300 89
0 390.4 55.1072 300 89
0 390.4 55.3034 300 89
0 390.4 55.526 300 89
0 390.4 55.8121 300 89
0 390.4 56.1833 300 89
0 390.4 56.3793 300 89
0 390.4 56.6142 300 89
0 390.4 56.7739 300 89
0 390.4 56.9524 300 89
0 390.4 57.1661 300 89
0 390.4 57.3889 300 89
0 390.4 57.55 300 89
0 390.4 57.7598 300 89
0 390.4 57.9383 300 89
0 390.4 58.1576 300 89
0 390.4 58.3691 300 89
0 390.4 58.5318 300 89
0 390.4 58.8894 300 89
0 390.4 59.0831 300 89
0 390.4 59.245 300 89
0 390.4 59.4714 300 89
0 390.4 59.6172 300 89
0 390.4 59.8467 300 89
0 390.4 60.0211 300 89
0 390.4 60.358 300 89
0 390.4 60.5695 300 89
0 390.4 60.8 300 89
0 390.4 61.1053 300 89
0 390.4 61.2771 300 89
0 390.4 61.5527 300 89
0 390.4 61.7478 300 89
0 390.4 62.0732 300 89
0 390.4 62.2325 300 89
0 390.4 62.4877 300 89
0 390.4 62.6236 300 89
0 390.4 62.9025 300 89
0 390.4 63.1398 300 89
0 390.4 63.2925 300 89
0 390.4 63.5542 300 89
0 390.4 63.7381 300 89
0 390.4 63.9376 300 89
0 390.4 64.1871 300 89
0 390.4 64.3962 300 89
0 390.4 64.5534 300 89
0 390.4 64.7599 300 89
0 390.4 64.9718 300 89
0 390.4 65.1956 300 89
0 390.4 65.4054 300 89
0 390.4 65.6187 300 89
0 390.4 65.792 300 89
0 390.4 65.9755 300 89
0 390.4 66.2428 300 89
0 390.4 66.4025 300 89
0 390.4 66.6054 300 89
0 390.4 66.831 300 89
0 390.4 67.1675 300 89
0 390.4 67.4145 300 89
0 390.4 67.6731 300 89
0 390.4 67.8873 300 89
0 390.4 68.1655 300 89
0 390.4 68.3848 300 89
0 390.4 68.646 300 89
0 390.4 68.8021 300 89
0 390.4 69.0915 300 89
0 390.4 69.3685 300 89
0 390.4 69.5624 300 89
0 390.4 69.6769 300 89
0 390.4 69.8607 300 89
0 390.4 69.9988 300 89
0 390.4 70.195 300 89
0 390.4 70.35 300 89
0 390.4 70.4475 300 89
0 390.4 70.6437 300 89
0 390.4 70.8028 300 89
0 390.4 71.0038 300 89
0 390.4 71.1585 300 89
0 390.4 71.374 300 89
0 390.4 71.659 300 89
0 390.4 71.889 300 89
0 390.4 72.1739 300 89
0 390.4 72.3333 300 89
0 390.4 72.5498 300 89
0 390.4 72.7837 300 89
0 390.4 72.9348 300 89
0 390.4 73.1952 300 89
0 390.4 73.4603 300 89
0 390.4 73.7414 300 89
0 390.4 73.9315 300 89
0 390.4 74.1829 300 89
0 390.4 74.4205 300 89
0 390.4 74.6099 300 89
0 390.4 74.8091 300 89
0 390.4 75.0097 300 89
0 390.4 75.2114 300 89
0 390.4 75.4527 300 89
0 390.4 75.6414 300 89
0 390.4 75.782 300 89
0 390.4 75.9787 300 89
0 390.4 76.2014 300 89
0 390.4 76.3957 300 89
0 390.4 76.74 300 89
0 390.4 76.9444 300 89
0 390.4 77.0883 300 89
0 390.4 77.234 300 89
0 390.4 77.3738 300 89
0 390.4 77.5254 300 89
0 390.4 77.8218 300 89
0 390.4 78.0762 300 89
0 390.4 78.3154 300 89
0 390.4 78.6409 300 89
0 390.4 78.8421 300 89
0 390.4 79.0412 300 89
0 390.4 79.2522 300 89
0 390.4 79.4483 300 89
0 390.4 79.6742 300 89
0 390.4 79.8293 300 89
0 390.4 79.991 300 89
0 390.4 80.1971 300 89
0 390.4 80.4774 300 89
0 390.4 80.67 300 89
0 390.4 80.9546 300 89
0 390.4 81.2316 300 89
0 390.4 81.4249 300 89
0 390.4 81.644 300 89
0 390.4 81.7732 300 89
0 390.4 81.9069 300 89
0 390.4 82.09 300 89
0 390.4 82.1867 300 89
0 390.4 82.392 300 89
0 390.4 82.5928 300 89
0 390.4 82.7379 300 89
0 390.4 82.8762 300 89
0 390.4 83.0226 300 89
0 390.4 83.1799 300 89
0 390.4 83.3204 300 89
0 390.4 83.4866 300 89
0 390.4 83.724 300 89
0 390.4 83.8622 300 89
0 390.4 84.0349 300 89
0 390.4 84.1706 300 89
0 390.4 84.3586 300 89
0 390.4 84.4705 300 89
0 390.4 84.5699 300 89
0 390.4 84.6994 300 89
0 390.4 84.8686 300 89
0 390.4 85.054 300 89
0 390.4 85.1926 300 89
0 390.4 85.3347 300 89
0 390.4 85.4405 300 89
0 390.4 85.6969 300 89
0 390.4 85.9065 300 89
0 390.4 86.0926 300 89
0 390.4 86.2455 300 89
0 390.4 86.5518 300 89
0 390.4 86.7559 300 89
0 390.4 87.0149 300 89
0 390.4 87.168 300 89
0 390.4 87.3219 300 89
0 390.4 87.4694 300 89
0 390.4 87.6712 300 89
0 390.4 87.9186 300 89
0 390.4 88.1086 300 89
0 390.4 88.3028 300 89
0 390.4 88.4622 300 89
0 390.4 88.8438 300 89
0 390.4 89.1039 300 89
0 390.4 89.3082 300 89
0 390.4 89.5806 300 89
0 390.4 89.7827 300 89
0 390.4 89.9155 300 89
0 390.4 90.1313 300 89
0 390.4 90.2708 300 89
0 390.4 90.384 300 89
0 390.4 90.5258 300 89
0 390.4 90.6763 300 89
0 390.4 90.9222 300 89
0 390.4 91.1193 300 89
0 390.4 91.2786 300 89
0 390.4 91.5384 300 89
0 390.4 91.6835 300 89
0 390.4 91.8797 300 89
0 390.4 92.2255 300 89
0 390.4 92.4178 300 89
0 390.4 92.6137 300 89
0 390.4 92.8497 300 89
0 390.4 93.0491 300 89
0 390.4 93.3022 300 89
0 390.4 93.5425 300 89
0 390.4 93.7975 300 89
0 390.4 94.0362 300 89
0 390.4 94.2871 300 89
0 390.4 94.447 300 89
0 390.4 94.6671 300 89
0 390.4 94.8903 300 89
0 390.4 95.132 300 89
0 390.4 95.3382 300 89
0 390.4 95.5287 300 89
0 390.4 95.7392 300 89
0 390.4 95.8937 300 89
0 390.4 96.0898 300 89
0 390.4 96.2892 300 89
0 390.4 96.4468 300 89
0 390.4 96.6504 300 89
0 390.4 96.941 300 89
0 390.4 97.1087 300 89
0 390.4 97.3253 300 89
0 390.4 97.4789 300 89
0 390.4 97.6194 300 89
0 390.4 97.7891 300 89
0 390.4 97.985 300 89
0 390.4 98.1375 300 89
0 390.4 98.2851 300 89
0 390.4 98.4747 300 89
0 390.4 98.6373 300 89
0 390.4 98.8433 300 89
0 390.4 98.9981 300 89
0 390.4 99.2489 300 89
0 390.4 99.447 300 89
0 390.4 99.7145 300 89
0 390.4 99.9322 300 89
0 390.4 100.127 300 89
0 390.4 100.47 300 89
0 390.4 100.614 300 89
0 390.4 100.9 300 89
0 390.4 101.147 300 89
0 390.4 101.345 300 89
0 390.4 101.496 300 89
0 390.4 101.642 300 89
0 390.4 101.871 300 89
0 390.4 102.1 300 89
0 390.4 102.338 300 89
0 390.4 102.472 300 89
0 390.4 102.748 300 89
0 390.4 103.014 300 89
0 390.4 103.18 300 89
0 390.4 103.422 300 89
0 390.4 103.566 300 89
0 390.4 103.764 300 89
0 390.4 104.097 300 89
0 390.4 104.288 300 89
0 390.4 104.565 300 89
0 390.4 104.729 300 89
0 390.4 104.896 300 89
0 390.4 105.041 300 89
0 390.4 105.233 300 89
0 390.4 105.429 300 89
0 390.4 105.622 300 89
0 390.4 105.816 300 89
0 390.4 105.962 300 89
0 390.4 106.11 300 89
0 390.4 106.275 300 89
0 390.4 106.542 300 89
0 390.4 106.767 300 89
0 390.4 106.926 300 89
0 390.4 107.178 300 89
0 390.4 107.426 300 89
0 390.4 107.615 300 89
0 390.4 107.824 300 89
0 390.4 108.114 300 89
0 390.4 108.324 300 89
0 390.4 108.464 300 89
0 390.4 108.699 300 89
0 390.4 108.9 300 89
0 390.4 109.106 300 89
0 390.4 109.349 300 89
0 390.4 109.509 300 89
0 390.4 109.691 300 89
0 390.4 109.882 300 89
0 390.4 110.082 300 89
0 390.4 110.342 300 89
0 390.4 110.551 300 89
0 390.4 110.826 300 89
0 390.4 111.032 300 89
0 390.4 111.19 300 89
0 390.4 111.338 300 89
0 390.4 111.481 300 89
0 390.4 111.708 300 89
0 390.4 111.858 300 90
0 390.4 111.997 300 90
0 390.4 112.263 300 90
0 390.4 112.521 300 90
0 390.4 112.794 300 90
0 390.4 113.028 300 90
0 390.4 113.233 300 90
0 390.4 113.506 300 90
0 390.4 113.695 300 90
0 390.4 113.938 300 90
0 390.4 114.216 300 90
0 390.4 114.47 300 90
0 390.4 114.73 300 90
0 390.4 114.984 300 90
0 390.4 115.181 300 90
0 390.4 115.326 300 90
0 390.4 115.494 300 90
0 390.4 115.705 300 90
0 390.4 115.957 300 90
0 390.4 116.161 300 90
0 390.4 116.468 300 90
0 390.4 116.677 300 90
0 390.4 117.013 300 90
0 390.4 117.22 300 90
0 390.4 117.444 300 90
0 390.4 117.65 300 90
0 390.4 117.859 300 90
0 390.4 118.273 300 90
0 390.4 118.526 300 90
0 390.4 118.762 300 90
0 390.4 119.006 300 90
0 390.4 119.158 300 90
0 390.4 119.358 300 90
0 390.4 119.638 300 90
0 390.4 119.886 300 90
0 390.4 120.099 300 90
0 390.4 120.257 300 90
0 390.4 120.42 300 90
0 390.4 120.747 300 90
0 390.4 120.914 300 90
0 390.4 121.067 300 90
0 390.4 121.206 300 90
0 390.4 121.518 300 90
0 390.4 121.724 300 90
0 390.4 121.899 300 90
0 390.4 122.301 300 90
0 390.4 122.467 300 90
0 390.4 122.759 300 90
0 390.4 122.973 300 90
0 390.4 123.221 300 90
0 390.4 123.422 300 90
0 390.4 123.659 300 90
0 390.4 123.871 300 90
0 390.4 124.003 300 90
0 390.4 124.21 300 90
0 390.4 124.479 300 90
0 390.4 124.704 300 90
0 390.4 124.9 300 90
0 390.4 125.095 300 90
0 390.4 125.263 300 90
0 390.4 125.553 300 90
0 390.4 125.691 300 90
0 390.4 125.87 300 90
0 390.4 126.014 300 90
0 390.4 126.258 300 90
0 390.4 126.467 300 90
0 390.4 126.668 300 90
0 390.4 126.878 300 90
0 390.4 127.072 300 90
0 390.4 127.266 300 90
0 390.4 127.434 300 90
0 390.4 127.704 300 90
0 390.4 127.917 300 90
0 390.4 128.066 300 90
0 390.4 128.243 300 90
0 390.4 128.483 300 90
0 390.4 128.712 300 90
0 390.4 129 300 90
0 390.4 129.192 300 90
0 390.4 129.378 300 90
0 390.4 129.533 300 90
0 390.4 129.73 300 90
0 390.4 129.892 300 90
0 390.4 130.099 300 90
0 390.4 130.308 300 90
0 390.4 130.524 300 90
0 390.4 130.767 300 90
0 390.4 131.053 300 90
0 390.4 131.361 300 90
0 390.4 131.571 300 90
0 390.4 131.819 300 90
0 390.4 132.003 300 90
0 390.4 132.248 300 90
0 390.4 132.48 300 90
0 390.4 132.779 300 90
0 390.4 133.109 300 90
0 390.4 133.355 300 90
0 390.4 133.613 300 90
0 390.4 133.812 300 90
0 390.4 134.034 300 90
0 390.4 134.22 300 90
0 390.4 134.5 300 90
0 390.4 134.684 300 90
0 390.4 134.942 300 90
0 390.4 135.166 300 90
0 390.4 135.334 300 90
0 390.4 135.501 300 90
0 390.4 135.705 300 90
0 390.4 135.862 300 90
0 390.4 136.127 300 90
0 390.4 136.323 300 90
0 390.4 136.484 300 90
0 390.4 136.721 300 90
0 390.4 136.912 300 90
0 390.4 137.171 300 90
0 390.4 137.394 300 90
0 390.4 137.67 300 90
0 390.4 137.964 300 90
0 390.4 138.219 300 90
0 390.4 138.618 300 90
0 390.4 138.84 300 90
0 390.4 139.051 300 90
0 390.4 139.317 300 90
0 390.4 139.597 300 90
0 390.4 139.887 300 90
0 390.4 140.112 300 90
0 390.4 140.301 300 90
0 390.4 140.608 300 90
0 390.4 140.811 300 90
0 390.4 141.13 300 90
0 390.4 141.339 300 90
0 390.4 141.634 300 90
0 390.4 141.799 300 90
0 390.4 141.963 300 90
0 390.4 142.25 300 90
0 390.4 142.586 300 90
0 390.4 142.835 300 90
0 390.4 143.245 300 90
0 390.4 143.609 300 90
0 390.4 143.824 300 90
0 390.4 144.145 300 90
0 390.4 144.495 300 90
0 390.4 144.692 300 90
0 390.4 145.066 300 90
0 390.4 145.318 300 90
0 390.4 145.465 300 90
0 390.4 145.683 300 90
0 390.4 145.937 300 90
0 390.4 146.178 300 90
0 390.4 146.442 300 90
0 390.4 146.712 300 90
0 390.4 146.944 300 90
0 390.4 147.267 300 90
0 390.4 147.526 300 90
0 390.4 147.834 300 90
0 390.4 148.076 300 90
0 390.4 148.253 300 90
0 390.4 148.538 300 90
0 390.4 148.738 300 90
0 390.4 148.942 300 90
0 390.4 149.148 300 90
0 390.4 149.299 300 90
0 390.4 149.509 300 90
0 390.4 149.719 300 90
0 390.4 150.017 300 90
0 390.4 150.319 300 90
0 390.4 150.542 300 90
0 390.4 150.73 300 90
0 390.4 150.95 300 90
0 390.4 151.116 300 90
0 390.4 151.325 300 90
0 390.4 151.63 300 90
0 390.4 151.94 300 90
0 390.4 152.207 300 90
0 390.4 152.473 300 90
0 390.4 152.646 300 90
0 390.4 152.816 300 90
0 390.4 153.15 300 90
0 390.4 153.428 300 90
0 390.4 153.687 300 90
0 390.4 153.899 300 90
0 390.4 154.116 300 90
0 390.4 154.313 300 90
0 390.4 154.466 300 90
0 390.4 154.63 300 90
0 390.4 154.747 300 90
0 390.4 154.864 300 90
0 390.4 155.057 300 90
0 390.4 155.197 300 90
0 390.4 155.316 300 90
0 390.4 155.471 300 90
0 390.4 155.746 300 90
0 390.4 155.972 300 90
0 390.4 156.137 300 90
0 390.4 156.315 300 90
0 390.4 156.492 300 90
0 390.4 156.762 300 90
0 390.4 156.946 300 90
0 390.4 157.314 300 90
0 390.4 157.559 300 90
0 390.4 157.79 300 90
0 390.4 158.103 300 90
0 390.4 158.311 300 90
0 390.4 158.575 300 90
0 390.4 158.783 300 90
0 390.4 159.041 300 90
0 390.4 159.233 300 90
0 390.4 159.434 300 90
0 390.4 159.741 300 90
0 390.4 159.973 300 90
0 390.4 160.183 300 90
0 390.4 160.398 300 90
0 390.4 160.612 300 90
0 390.4 160.885 300 90
0 390.4 161.037 300 90
0 390.4 161.283 300 90
0 390.4 161.545 300 90
0 390.4 161.759 300 90
0 390.4 162.156 300 90
0 390.4 162.411 300 90
0 390.4 162.677 300 90
0 390.4 162.894 300 90
0 390.4 163.08 300 90
0 390.4 163.262 300 90
0 390.4 163.58 300 90
0 390.4 163.745 300 90
0 390.4 163.959 300 90
0 390.4 164.123 300 90
0 390.4 164.371 300 90
0 390.4 164.589 300 90
0 390.4 164.757 300 90
0 390.4 164.968 300 90
0 390.4 165.139 300 90
0 390.4 165.411 300 90
0 390.4 165.622 300 90
0 390.4 165.931 300 90
0 390.4 166.163 300 90
0 390.4 166.469 300 90
0 390.4 166.633 300 90
0 390.4 166.929 300 90
0 390.4 167.303 300 90
0 390.4 167.555 300 90
0 390.4 167.752 300 90
0 390.4 168.052 300 90
0 390.4 168.382 300 90
0 390.4 168.64 300 90
0 390.4 169.004 300 90
0 390.4 169.317 300 90
0 390.4 169.578 300 90
0 390.4 169.819 300 90
0 390.4 170.023 300 90
0 390.4 170.275 300 90
0 390.4 170.53 300 90
0 390.4 170.688 300 90
0 390.4 170.83 300 90
0 390.4 171.126 300 90
0 390.4 171.375 300 90
0 390.4 171.676 300 90
0 390.4 171.939 300 90
0 390.4 172.155 300 90
0 390.4 172.426 300 90
0 390.4 172.687 300 90
0 390.4 172.963 300 90
0 390.4 173.177 300 90
0 390.4 173.332 300 90
0 390.4 173.587 300 90
0 390.4 173.844 300 90
0 390.4 174.16 300 90
0 390.4 174.445 300 90
0 390.4 174.586 300 90
0 390.4 174.826 300 90
0 390.4 175 300 90
0 390.4 175.267 300 90
0 390.4 175.525 300 90
0 390.4 175.763 300 90
0 390.4 175.967 300 90
0 390.4 176.147 300 90
0 390.4 176.457 300 90
0 390.4 176.778 300 90
0 390.4 177.102 300 90
0 390.4 177.445 300 90
0 390.4 177.673 300 90
0 390.4 177.823 300 90
0 390.4 177.998 300 90
0 390.4 178.223 300 90
0 390.4 178.464 300 90
0 390.4 178.715 300 90
0 390.4 178.877 300 90
0 390.4 179.151 300 90
0 390.4 179.45 300 90
0 390.4 179.621 300 90
0 390.4 179.882 300 90
0 390.4 180.08 300 90
0 390.4 180.272 300 90
0 390.4 180.542 300 90
0 390.4 180.697 300 90
0 390.4 180.982 300 90
0 390.4 181.268 300 90
0 390.4 181.501 300 90
0 390.4 181.713 300 90
0 390.4 182.12 300 90
0 390.4 182.331 300 90
0 390.4 182.595 300 90
0 390.4 182.812 300 90
0 390.4 183.027 300 90
0 390.4 183.185 300 90
0 390.4 183.508 300 90
0 390.4 183.834 300 90
0 390.4 184.071 300 90
0 390.4 184.386 300 90
0 390.4 184.649 300 90
0 390.4 184.979 300 90
0 390.4 185.139 300 90
0 390.4 185.417 300 90
0 390.4 185.617 300 90
0 390.4 185.83 300 90
0 390.4 186.082 300 90
0 390.4 186.281 300 90
0 390.4 186.54 300 90
0 390.4 186.744 300 90
0 390.4 186.888 300 90
0 390.4 187.3 300 90
0 390.4 187.45 300 90
0 390.4 187.655 300 90
0 390.4 187.815 300 90
0 390.4 187.965 300 90
0 390.4 188.216 300 90
0 390.4 188.468 300 90
0 390.4 188.719 300 90
0 390.4 188.886 300 90
0 390.4 189.08 300 90
0 390.4 189.269 300 90
0 390.4 189.487 300 90
0 390.4 189.63 300 90
0 390.4 189.872 300 90
0 390.4 189.986 300 90
0 390.4 190.096 300 90
0 390.4 190.405 300 90
0 390.4 190.675 300 90
0 390.4 190.826 300 90
0 390.4 191.073 300 90
0 390.4 191.24 300 90
0 390.4 191.518 300 90
0 390.4 191.809 300 90
0 390.4 192.034 300 90
0 390.4 192.184 300 90
0 390.4 192.287 300 90
0 390.4 192.453 300 90
0 390.4 192.568 300 90
0 390.4 192.778 300 90
0 390.4 192.892 300 90
0 390.4 193 300 90
0 390.4 193.138 300 90
0 390.4 193.246 300 90
0 390.4 193.433 300 90
0 390.4 193.546 300 90
0 390.4 193.7 300 90
0 390.4 193.847 300 90
0 390.4 194.027 300 90
0 390.4 194.242 300 90
0 390.4 194.46 300 90
0 390.4 194.607 300 90
0 390.4 194.82 300 90
0 390.4 195.071 300 90
0 390.4 195.265 300 90
0 390.4 195.424 300 90
0 390.4 195.577 300 90
0 390.4 195.709 300 90
0 390.4 195.818 300 90
0 390.4 195.94 300 90
0 390.4 196.052 300 90
0 390.4 196.167 300 90
0 390.4 196.303 300 90
0 390.4 196.506 300 90
0 390.4 196.651 300 90
0 390.4 196.792 300 90
0 390.4 196.908 300 90
0 390.4 197.054 300 90
0 390.4 197.2 300 90
0 390.4 197.311 300 90
0 390.4 197.453 300 90
0 390.4 197.557 300 90
0 390.4 197.666 300 90
0 390.4 197.764 300 90
0 390.4 197.869 300 90
0 390.4 198.084 300 90
0 390.4 198.191 300 90
0 390.4 198.441 300 90
0 390.4 198.544 300 90
0 390.4 198.726 300 90
0 390.4 198.929 300 90
0 390.4 199.087 300 90
0 390.4 199.19 300 90
0 390.4 199.33 300 90
0 390.4 199.481 300 90
0 390.4 199.627 300 90
0 390.4 199.807 300 90
0 390.4 199.957 300 90
0 390.4 200.068 300 90
0 390.4 200.224 300 90
0 390.4 200.502 300 90
0 390.4 200.81 300 90
0 390.4 201.018 300 90
0 390.4 201.329 300 90
0 390.4 201.53 300 90
0 390.4 201.804 300 90
0 390.4 201.961 300 90
0 390.4 202.175 300 90
0 390.4 202.383 300 90
0 390.4 202.544 300 90
0 390.4 202.839 300 90
0 390.4 203.057 300 90
0 390.4 203.239 300 90
0 390.4 203.405 300 90
0 390.4 203.563 300 90
0 390.4 203.707 300 90
0 390.4 203.855 300 90
0 390.4 204.115 300 90
0 390.4 204.354 300 90
0 390.4 204.64 300 90
0 390.4 204.967 300 90
0 390.4 205.222 300 90
0 390.4 205.475 300 90
0 390.4 205.631 300 90
0 390.4 205.924 300 90
0 390.4 206.091 300 90
0 390.4 206.363 300 90
0 390.4 206.578 300 90
0 390.4 206.749 300 90
0 390.4 206.906 300 90
0 390.4 207.094 300 90
0 390.4 207.376 300 90
0 390.4 207.745 300 90
0 390.4 207.899 300 90
0 390.4 208.059 300 90
0 390.4 208.261 300 90
0 390.4 208.669 300 90
0 390.4 208.874 300 90
0 390.4 209.068 300 90
0 390.4 209.576 300 90
0 390.4 209.764 300 90
0 390.4 210.094 300 90
0 390.4 210.33 300 90
0 390.4 210.526 300 90
0 390.4 210.805 300 90
0 390.4 211.071 300 90
0 390.4 211.286 300 90
0 390.4 211.457 300 90
0 390.4 211.724 300 90
0 390.4 211.947 300 90
0 390.4 212.105 300 90
0 390.4 212.364 300 90
0 390.4 212.642 300 90
0 390.4 212.826 300 90
0 390.4 213.117 300 90
0 390.4 213.395 300 90
0 390.4 213.575 300 90
0 390.4 213.873 300 90
0 390.4 214.254 300 90
0 390.4 214.531 300 90
0 390.4 214.761 300 90
0 390.4 215.051 300 90
0 390.4 215.236 300 90
0 390.4 215.471 300 90
0 390.4 215.754 300 90
0 390.4 216.004 300 90
0 390.4 216.233 300 90
0 390.4 216.478 300 90
0 390.4 216.699 300 90
0 390.4 216.919 300 90
0 390.4 217.157 300 90
0 390.4 217.473 300 90
0 390.4 217.752 300 90
0 390.4 217.947 300 90
0 390.4 218.178 300 90
0 390.4 218.401 300 90
0 390.4 218.62 300 90
0 390.4 218.856 300 90
0 390.4 219.07 300 90
0 390.4 219.307 300 90
0 390.4 219.552 300 90
0 390.4 219.772 300 90
0 390.4 219.968 300 90
0 390.4 220.143 300 90
0 390.4 220.312 300 90
0 390.4 220.545 300 90
0 390.4 220.805 300 90
0 390.4 220.971 300 90
0 390.4 221.181 300 90
0 390.4 221.348 300 90
0 390.4 221.663 300 90
0 390.4 221.932 300 90
0 390.4 222.107 300 90
0 390.4 222.322 300 90
0 390.4 222.577 300 90
0 390.4 223.016 300 90
0 390.4 223.238 300 90
0 390.4 223.392 300 90
0 390.4 223.561 300 90
0 390.4 223.794 300 90
0 390.4 224.015 300 90
0 390.4 224.191 300 90
0 390.4 224.46 300 90
0 390.4 224.885 300 90
0 390.4 225.206 300 90
0 390.4 225.432 300 90
0 390.4 225.728 300 90
0 390.4 226.013 300 90
0 390.4 226.232 300 90
0 390.4 226.456 300 90
0 390.4 226.738 300 90
0 390.4 226.969 300 90
0 390.4 227.347 300 90
0 390.4 227.584 300 90
0 390.4 227.804 300 90
0 390.4 228.024 300 90
0 390.4 228.344 300 90
0 390.4 228.645 300 90
0 390.4 228.813 300 90
0 390.4 229.108 300 90
0 390.4 229.423 300 90
0 390.4 229.576 300 90
0 390.4 229.898 300 90
0 390.4 230.118 300 90
0 390.4 230.343 300 90
0 390.4 230.509 300 90
0 384.8 230.659 90
0 384.8 230.786 300 90
0 384.8 231.002 300 90
0 384.8 231.163 300 90
0 384.8 231.434 300 90
0 384.8 231.763 300 90
0 384.8 231.997 300 90
0 384.8 232.213 300 90
0 384.8 232.546 300 90
0 384.8 232.776 300 90
0 384.8 232.997 300 90
0 384.8 233.163 300 90
0 384.8 233.428 300 90
0 384.8 233.805 300 90
0 384.8 233.979 300 90
0 384.8 234.192 300 90
0 384.8 234.379 300 90
0 384.8 234.552 300 90
0 384.8 234.745 300 90
0 384.8 234.972 300 90
0 384.8 235.194 300 90
0 384.8 235.412 300 90
0 384.8 235.59 300 90
0 384.8 235.82 300 90
0 384.8 236.084 300 90
0 384.8 236.323 300 90
0 384.8 236.492 300 90
0 384.8 236.663 300 90
0 384.8 236.904 300 90
0 384.8 237.201 300 90
0 384.8 237.493 300 90
0 384.8 237.649 300 90
0 384.8 237.932 300 90
0 384.8 238.153 300 90
0 384.8 238.323 300 90
0 384.8 238.491 300 90
0 384.8 238.723 300 90
0 384.8 238.948 300 90
0 384.8 239.107 300 90
0 384.8 239.489 300 90
0 384.8 239.781 300 90
0 384.8 240.168 300 90
0 384.8 240.456 300 90
0 384.8 240.703 300 90
0 384.8 241.065 300 90
0 384.8 241.352 300 90
0 384.8 241.608 300 90
0 384.8 241.85 300 90
0 384.8 242.121 300 90
0 384.8 242.349 300 90
0 384.8 242.691 300 90
0 384.8 242.909 300 90
0 384.8 243.078 300 90
0 384.8 243.324 300 90
0 384.8 243.526 300 90
0 384.8 243.746 300 90
0 384.8 243.983 300 90
0 384.8 244.213 300 90
0 384.8 244.426 300 90
0 384.8 244.753 300 90
0 384.8 245.073 300 90
0 384.8 245.288 300 90
0 384.8 245.442 300 90
0 384.8 245.61 300 90
0 384.8 245.773 300 90
0 384.8 245.927 300 90
0 384.8 246.198 300 90
0 384.8 246.375 300 90
0 384.8 246.55 300 90
0 384.8 246.724 300 90
0 384.8 246.954 300 90
0 384.8 247.193 300 90
0 384.8 247.418 300 90
0 384.8 247.639 300 90
0 384.8 247.873 300 90
0 384.8 248.089 300 90
0 384.8 248.361 300 90
0 384.8 248.654 300 90
0 384.8 248.83 300 90
0 384.8 249.118 300 90
0 384.8 249.4 300 90
0 384.8 249.608 300 90
0 384.8 249.831 300 90
0 384.8 250.137 300 90
0 384.8 250.446 300 90
0 384.8 250.676 300 90
0 384.8 250.925 300 90
0 384.8 251.152 300 90
0 384.8 251.316 300 90
0 384.8 251.521 300 90
0 384.8 251.791 300 90
0 384.8 252.061 300 90
0 384.8 252.353 300 90
0 384.8 252.623 300 90
0 384.8 252.802 300 90
0 384.8 253.04 300 90
0 384.8 253.281 300 90
0 384.8 253.561 300 90
0 384.8 253.787 300 90
0 384.8 253.948 300 90
0 384.8 254.274 300 90
0 384.8 254.453 300 90
0 384.8 254.842 300 90
0 384.8 255.029 300 90
0 384.8 255.322 300 90
0 384.8 255.488 300 90
0 384.8 255.691 300 90
0 384.8 255.868 300 90
0 384.8 256.141 300 90
0 384.8 256.376 300 90
0 384.8 256.594 300 90
0 384.8 256.821 300 90
0 384.8 257.052 300 90
0 384.8 257.375 300 90
0 384.8 257.645 300 90
0 384.8 257.929 300 90
0 384.8 258.095 300 90
0 384.8 258.436 300 90
0 384.8 258.8 300 90
0 384.8 259.039 300 90
0 384.8 259.274 300 90
0 384.8 259.5 300 90
0 384.8 259.718 300 90
0 384.8 259.943 300 90
0 384.8 260.179 300 90
0 384.8 260.471 300 90
0 384.8 260.714 300 90
0 384.8 260.937 300 90
0 384.8 261.149 300 90
0 384.8 261.404 300 90
0 384.8 261.565 300 90
0 384.8 261.829 300 90
0 384.8 262.06 300 90
0 384.8 262.298 300 90
0 384.8 262.609 300 90
0 384.8 262.888 300 90
0 384.8 263.116 300 90
0 384.8 263.346 300 90
0 384.8 263.626 300 90
0 384.8 263.829 300 90
0 384.8 264.106 300 90
0 384.8 264.336 300 90
0 384.8 264.606 300 90
0 384.8 264.754 300 90
0 384.8 264.949 300 90
0 384.8 265.109 300 90
0 384.8 265.327 300 90
0 384.8 265.602 300 90
0 384.8 265.803 300 90
0 384.8 266.034 300 90
0 384.8 266.218 300 90
0 384.8 266.501 300 90
0 384.8 266.872 300 90
0 384.8 267.187 300 90
0 384.8 267.536 300 90
0 384.8 267.684 300 90
0 384.8 267.902 300 90
0 384.8 268.181 300 90
0 384.8 268.498 300 90
0 384.8 268.668 300 90
0 384.8 269.008 300 90
0 384.8 269.251 300 90
0 384.8 269.453 300 90
0 384.8 269.632 300 90
0 384.8 269.83 300 90
0 384.8 270.057 300 90
0 384.8 270.239 300 90
0 384.8 270.426 300 90
0 384.8 270.651 300 90
0 384.8 270.866 300 90
0 384.8 271.195 300 90
0 384.8 271.444 300 90
0 384.8 271.609 300 90
0 384.8 271.842 300 90
0 384.8 272.178 300 90
0 384.8 272.406 300 90
0 384.8 272.606 300 90
0 384.8 272.84 300 90
0 384.8 273.002 300 90
0 384.8 273.271 300 90
0 384.8 273.627 300 90
0 384.8 273.851 300 90
0 384.8 274.016 300 90
0 384.8 274.289 300 90
0 384.8 274.667 300 90
0 384.8 274.863 300 90
0 384.8 275.039 300 90
0 384.8 275.366 300 90
0 384.8 275.641 300 90
0 384.8 275.877 300 90
0 384.8 276.104 300 90
0 384.8 276.331 300 90
0 384.8 276.552 300 90
0 384.8 276.723 300 90
0 384.8 276.895 300 90
0 384.8 277.121 300 90
0 384.8 277.382 300 90
0 384.8 277.56 300 90
0 384.8 277.789 300 90
0 384.8 278.066 300 90
0 384.8 278.341 300 90
0 384.8 278.507 300 90
0 384.8 278.666 300 90
0 384.8 278.827 300 90
0 384.8 279.117 300 90
0 384.8 279.411 300 90
0 384.8 279.677 300 90
0 384.8 280.133 300 90
0 384.8 280.465 300 90
0 384.8 280.689 300 90
0 384.8 280.96 300 90
0 384.8 281.179 300 90
0 384.8 281.405 300 90
0 384.8 281.592 300 90
0 384.8 281.897 300 90
0 384.8 282.112 300 90
0 384.8 282.377 300 90
0 384.8 282.704 300 90
0 384.8 282.926 300 90
0 384.8 283.155 300 90
0 384.8 283.388 300 90
0 384.8 283.571 300 90
0 384.8 283.811 300 90
0 384.8 283.988 300 90
0 384.8 284.277 300 90
0 384.8 284.528 300 90
0 384.8 284.742 300 90
0 384.8 285.001 300 90
0 384.8 285.347 300 90
0 384.8 285.656 300 90
0 384.8 285.868 300 90
0 384.8 286.069 300 90
0 384.8 286.379 300 90
0 384.8 286.608 300 90
0 384.8 286.79 300 90
0 384.8 287.035 300 90
0 384.8 287.301 300 90
0 384.8 287.544 300 90
0 384.8 287.806 300 90
0 384.8 288.086 300 90
0 384.8 288.343 300 90
0 384.8 288.563 300 90
0 384.8 288.824 300 90
0 384.8 289.111 300 90
0 384.8 289.285 300 90
0 384.8 289.523 300 90
0 384.8 289.751 300 90
0 384.8 289.964 300 90
0 384.8 290.244 300 90
0 384.8 290.47 300 90
0 384.8 290.7 300 90
0 384.8 290.931 300 90
0 384.8 291.172 300 90
0 384.8 291.514 300 90
0 384.8 291.74 300 90
0 384.8 291.914 300 90
0 384.8 292.164 300 90
0 384.8 292.359 300 90
0 384.8 292.577 300 90
0 384.8 292.731 300 90
0 384.8 293.094 300 90
0 384.8 293.417 300 90
0 384.8 293.622 300 90
0 384.8 293.828 300 90
0 384.8 294.012 300 90
0 384.8 294.292 300 90
0 384.8 294.551 300 90
0 384.8 294.789 300 90
0 384.8 295.16 300 90
0 384.8 295.391 300 90
0 384.8 295.755 300 90
0 384.8 295.92 300 90
0 384.8 296.127 300 90
0 384.8 296.437 300 90
0 384.8 296.672 300 90
0 384.8 296.835 300 90
0 384.8 297.119 300 90
0 384.8 297.348 300 90
0 384.8 297.528 300 90
0 384.8 297.722 300 90
0 384.8 297.942 300 90
0 384.8 298.378 300 90
0 384.8 298.668 300 90
0 384.8 298.836 300 90
0 384.8 299.063 300 90
0 384.8 299.328 300 90
0 384.8 299.569 300 90
0 384.8 299.842 300 90
0 384.8 300.024 300 90
0 384.8 300.194 300 90
0 384.8 300.457 300 90
0 384.8 300.696 300 90
0 384.8 300.856 300 90
0 384.8 301.075 300 90
0 384.8 301.287 300 90
0 384.8 301.498 300 90
0 384.8 301.763 300 90
0 384.8 302.063 300 90
0 384.8 302.316 300 90
0 384.8 302.472 300 90
0 384.8 302.627 300 90
0 384.8 302.859 300 90
0 384.8 303.046 300 90
0 384.8 303.31 300 90
0 384.8 303.506 300 90
0 384.8 303.734 300 90
0 384.8 303.989 300 90
0 384.8 304.14 300 90
0 384.8 304.252 300 90
0 384.8 304.406 300 90
0 384.8 304.516 300 90
0 384.8 304.612 300 90
0 384.8 304.744 300 90
0 384.8 304.895 300 90
0 384.8 305.103 300 90
0 384.8 305.271 300 90
0 384.8 305.41 300 90
0 384.8 305.547 300 90
0 384.8 305.726 300 90
0 384.8 305.868 300 90
0 384.8 306.026 300 90
0 384.8 306.215 300 90
0 384.8 306.416 300 90
0 384.8 306.635 300 90
0 384.8 306.854 300 90
0 384.8 307.064 300 90
0 384.8 307.237 300 90
0 384.8 307.488 300 90
0 384.8 307.683 300 90
0 384.8 307.924 300 90
0 384.8 308.116 300 90
0 384.8 308.322 300 90
0 384.8 308.521 300 90
0 384.8 308.739 300 90
0 384.8 308.906 300 90
0 384.8 309.06 300 90
0 384.8 309.31 300 90
0 384.8 309.566 300 90
0 384.8 309.765 300 90
0 384.8 310.019 300 90
0 384.8 310.236 300 90
0 384.8 310.454 300 90
0 384.8 310.712 300 90
0 384.8 310.913 300 90
0 384.8 311.111 300 90
0 384.8 311.306 300 90
0 384.8 311.508 300 90
0 384.8 311.667 300 90
0 384.8 312.039 300 90
0 384.8 312.308 300 90
0 384.8 312.698 300 90
0 384.8 313.048 300 90
0 384.8 313.395 300 90
0 384.8 313.646 300 90
0 384.8 313.898 300 90
0 384.8 314.14 300 90
0 384.8 314.314 300 90
0 384.8 314.527 300 90
0 384.8 314.827 300 90
0 384.8 315.043 300 90
0 384.8 315.302 300 90
0 384.8 315.446 300 90
0 384.8 315.631 300 90
0 384.8 315.847 300 90
0 384.8 316.007 300 90
0 384.8 316.259 300 90
0 384.8 316.574 300 90
0 384.8 316.775 300 90
0 384.8 317.022 300 90
0 384.8 317.276 300 90
0 384.8 317.572 300 90
0 384.8 317.824 300 90
0 384.8 317.978 300 90
0 384.8 318.137 300 90
0 384.8 318.3 300 90
0 384.8 318.606 300 90
0 384.8 318.813 300 90
0 384.8 319.024 300 90
0 384.8 319.187 300 90
0 384.8 319.351 300 90
0 384.8 319.642 300 90
0 384.8 319.846 300 90
0 384.8 320.135 300 90
0 384.8 320.388 300 90
0 384.8 320.542 300 90
0 384.8 320.79 300 90
0 384.8 321.049 300 90
0 384.8 321.247 300 90
0 384.8 321.419 300 90
0 384.8 321.645 300 90
0 384.8 321.797 300 90
0 384.8 322.008 300 90
0 384.8 322.326 300 90
0 384.8 322.483 300 90
0 384.8 322.68 300 90
0 384.8 322.88 300 90
0 384.8 323.086 300 90
0 384.8 323.302 300 90
0 384.8 323.442 300 90
0 384.8 323.587 300 90
0 384.8 323.797 300 90
0 384.8 323.965 300 90
0 384.8 324.159 300 90
0 384.8 324.545 300 90
0 384.8 324.758 300 90
0 384.8 324.965 300 90
0 384.8 325.172 300 90
0 384.8 325.503 300 90
0 384.8 325.72 300 90
0 384.8 326.025 300 90
0 384.8 326.164 300 90
0 384.8 326.435 300 90
0 384.8 326.65 300 90
0 384.8 326.906 300 90
0 384.8 327.113 300 90
0 384.8 327.303 300 90
0 384.8 327.456 300 90
0 384.8 327.678 300 90
0 384.8 327.891 300 90
0 384.8 328.108 300 90
0 384.8 328.265 300 90
0 384.8 328.432 300 90
0 384.8 328.606 300 90
0 384.8 328.763 300 90
0 384.8 328.91 300 90
0 384.8 329.216 300 90
0 384.8 329.415 300 90
0 384.8 329.671 300 90
0 384.8 329.873 300 90
0 384.8 330.025 300 90
0 384.8 330.18 300 90
0 384.8 330.327 300 90
0 384.8 330.588 300 90
0 384.8 330.894 300 90
0 384.8 331.056 300 90
0 384.8 331.314 300 90
0 384.8 331.513 300 90
0 384.8 331.786 300 90
0 384.8 331.985 300 90
0 384.8 332.248 300 90
0 384.8 332.448 300 90
0 384.8 332.678 300 90
0 384.8 332.842 300 90
0 384.8 333.105 300 90
0 384.8 333.325 300 90
0 384.8 333.535 300 90
0 384.8 333.675 300 90
0 384.8 333.957 300 90
0 384.8 334.156 300 90
0 384.8 334.378 300 90
0 384.8 334.598 300 90
0 384.8 334.88 300 90
0 384.8 335.116 300 90
0 384.8 335.429 300 90
0 384.8 335.578 300 90
0 384.8 335.794 300 90
0 384.8 335.946 300 90
0 384.8 336.114 300 90
0 384.8 336.372 300 90
0 384.8 336.576 300 90
0 384.8 336.739 300 90
0 384.8 336.985 300 90
0 384.8 337.134 300 90
0 384.8 337.323 300 90
0 384.8 337.525 300 90
0 384.8 337.688 300 90
0 384.8 337.904 300 90
0 384.8 338.168 300 90
0 384.8 338.528 300 90
0 384.8 338.735 300 90
0 384.8 338.929 300 90
0 384.8 339.075 300 90
0 384.8 339.267 300 90
0 384.8 339.529 300 90
0 384.8 339.68 300 90
0 384.8 339.982 300 90
0 384.8 340.238 300 90
0 384.8 340.487 300 90
0 384.8 340.743 300 90
0 384.8 341.095 300 90
0 384.8 341.314 300 90
0 384.8 341.459 300 90
0 384.8 341.628 300 90
0 384.8 341.832 300 90
0 384.8 342.045 300 90
0 384.8 342.256 300 90
0 384.8 342.513 300 90
0 384.8 342.734 300 90
0 384.8 342.937 300 90
0 384.8 343.088 300 90
0 384.8 343.28 300 90
0 384.8 343.504 300 90
0 384.8 343.715 300 90
0 384.8 343.934 300 90
0 384.8 344.185 300 90
0 384.8 344.452 300 90
0 384.8 344.717 300 90
0 384.8 344.943 300 90
0 384.8 345.097 300 90
0 384.8 345.273 300 90
0 384.8 345.489 300 90
0 384.8 345.747 300 90
0 384.8 345.96 300 90
0 384.8 346.235 300 90
0 384.8 346.498 300 90
0 384.8 346.746 300 90
0 384.8 347 300 90
0 384.8 347.2 300 90
0 384.8 347.396 300 90
0 384.8 347.605 300 90
0 384.8 347.81 300 90
0 384.8 348.021 300 90
0 384.8 348.176 300 90
0 384.8 348.45 300 90
0 384.8 348.655 300 90
0 384.8 348.944 300 90
0 384.8 349.175 300 90
0 384.8 349.377 300 90
0 384.8 349.57 300 90
0 384.8 349.72 300 90
0 384.8 349.929 300 90
0 384.8 350.186 300 90
0 384.8 350.472 300 90
0 384.8 350.635 300 90
0 384.8 350.801 300 90
0 384.8 350.953 300 90
0 384.8 351.125 300 90
0 384.8 351.282 300 90
0 384.8 351.487 300 90
0 384.8 351.789 300 90
0 384.8 351.939 300 90
0 384.8 352.237 300 90
0 384.8 352.439 300 90
0 384.8 352.656 300 90
0 384.8 352.805 300 90
0 384.8 352.96 300 90
0 384.8 353.223 300 90
0 384.8 353.486 300 90
0 384.8 353.65 300 90
0 384.8 353.907 300 90
0 384.8 354.113 300 90
0 384.8 354.475 300 90
0 384.8 354.787 300 90
0 384.8 354.927 300 90
0 384.8 355.113 300 90
0 384.8 355.328 300 90
0 384.8 355.521 300 90
0 384.8 355.766 300 90
0 384.8 355.976 300 90
0 384.8 356.166 300 90
0 384.8 356.318 300 90
0 384.8 356.529 300 90
0 384.8 356.716 300 90
0 384.8 356.98 300 90
0 384.8 357.229 300 90
0 384.8 357.381 300 90
0 384.8 357.59 300 90
0 384.8 357.911 300 90
0 384.8 358.246 300 90
0 384.8 358.408 300 90
0 384.8 358.592 300 90
0 384.8 358.752 300 90
0 384.8 358.925 300 90
0 384.8 359.072 300 90
0 384.8 359.274 300 90
0 384.8 359.466 300 90
0 384.8 359.683 300 90
0 384.8 359.958 300 90
0 384.8 360.099 300 90
0 384.8 360.312 300 90
0 384.8 360.594 300 90
0 384.8 360.79 300 90
0 384.8 360.987 300 90
0 384.8 361.126 300 90
0 384.8 361.373 300 90
0 384.8 361.671 300 90
0 384.8 361.877 300 90
0 384.8 362.111 300 90
0 384.8 362.276 300 90
0 384.8 362.477 300 90
0 384.8 362.638 300 90
0 384.8 362.902 300 90
0 384.8 363.155 300 90
0 384.8 363.356 300 90
0 384.8 363.558 300 90
0 384.8 363.763 300 90
0 384.8 363.961 300 90
0 384.8 364.173 300 90
0 384.8 364.433 300 90
0 384.8 364.64 300 90
0 384.8 364.848 300 90
0 384.8 365.104 300 90
0 384.8 365.244 300 90
0 384.8 365.497 300 90
0 384.8 365.634 300 90
0 384.8 365.793 300 90
0 384.8 365.986 300 90
0 384.8 366.21 300 90
0 384.8 366.492 300 90
0 384.8 366.688 300 90
0 384.8 366.875 300 90
0 384.8 367.01 300 90
0 384.8 367.224 300 90
0 384.8 367.484 300 90
0 384.8 367.726 300 90
0 384.8 367.953 300 90
0 384.8 368.111 300 90
0 384.8 368.272 300 90
0 384.8 368.542 300 90
0 384.8 368.79 300 90
0 384.8 369.039 300 90
0 384.8 369.201 300 90
0 384.8 369.4 300 90
0 384.8 369.702 300 90
0 384.8 370.046 300 90
0 384.8 370.266 300 90
0 384.8 370.524 300 90
0 384.8 370.801 300 90
0 384.8 371.014 300 90
0 384.8 371.277 300 90
0 384.8 371.527 300 90
0 384.8 371.686 300 90
0 384.8 371.841 300 90
0 384.8 372.016 300 90
0 384.8 372.225 300 90
0 384.8 372.447 300 90
0 384.8 372.658 300 90
0 384.8 372.819 300 90
0 384.8 373.075 300 90
0 384.8 373.3 300 90
0 384.8 373.434 300 90
0 384.8 373.644 300 90
0 384.8 373.846 300 90
0 384.8 374.11 300 90
0 384.8 374.316 300 90
0 384.8 374.559 300 90
0 384.8 374.785 300 90
0 384.8 375.136 300 90
0 384.8 375.36 300 90
0 384.8 375.566 300 90
0 384.8 375.835 300 90
0 384.8 376.006 300 90
0 384.8 376.276 300 90
0 384.8 376.527 300 90
0 384.8 376.686 300 90
0 384.8 376.876 300 90
0 384.8 377.088 300 90
0 384.8 377.298 300 90
0 384.8 377.515 300 90
0 384.8 377.795 300 90
0 384.8 377.958 300 90
0 384.8 378.216 300 90
0 384.8 378.441 300 90
0 384.8 378.593 300 90
0 384.8 378.892 300 90
0 384.8 379.25 300 90
0 384.8 379.448 300 90
0 384.8 379.719 300 90
0 384.8 379.883 300 90
0 384.8 380.16 300 90
0 384.8 380.365 300 90
0 384.8 380.55 300 90
0 384.8 380.764 300 90
0 384.8 381.037 300 90
0 384.8 381.241 300 90
0 384.8 381.441 300 90
0 384.8 381.679 300 90
0 384.8 381.952 300 90
0 384.8 382.217 300 90
0 384.8 382.427 300 90
0 384.8 382.694 300 90
0 384.8 382.884 300 90
0 384.8 383.044 300 90
0 384.8 383.203 300 90
0 384.8 383.479 300 90
0 384.8 383.642 300 90
0 384.8 383.805 300 90
0 384.8 384.018 300 90
0 384.8 384.169 300 90
0 384.8 384.368 300 90
0 384.8 384.693 300 90
0 384.8 384.962 300 90
0 384.8 385.167 300 90
0 384.8 385.323 300 90
0 384.8 385.643 300 90
0 384.8 385.874 300 90
0 384.8 386.143 300 90
0 384.8 386.403 300 90
0 384.8 386.621 300 90
0 384.8 386.832 300 90
0 384.8 386.987 300 90
0 384.8 387.196 300 90
0 384.8 387.449 300 90
0 384.8 387.666 300 90
0 384.8 387.874 300 90
0 384.8 388.1 300 90
0 384.8 388.35 300 90
0 384.8 388.612 300 90
0 384.8 388.886 300 90
0 384.8 389.047 300 90
0 384.8 389.208 300 90
0 384.8 389.42 300 90
0 384.8 389.618 300 90
0 384.8 389.813 300 90
0 384.8 390.059 300 90
0 384.8 390.265 300 90
0 384.8 390.485 300 90
0 384.8 390.652 300 90
0 384.8 390.828 300 90
0 384.8 390.997 300 90
0 384.8 391.16 300 90
0 384.8 391.365 300 90
0 384.8 391.51 300 90
0 384.8 391.789 300 90
0 384.8 391.993 300 90
0 384.8 392.201 300 90
0 384.8 392.528 300 90
0 384.8 392.69 300 90
0 384.8 392.899 300 90
0 384.8 393.058 300 90
0 384.8 393.312 300 90
0 384.8 393.476 300 90
0 384.8 393.695 300 90
0 384.8 393.929 300 90
0 384.8 394.101 300 90
0 384.8 394.239 300 90
0 384.8 394.431 300 90
0 384.8 394.74 300 90
0 384.8 394.924 300 90
0 384.8 395.18 300 90
0 384.8 395.38 300 90
0 384.8 395.732 300 90
0 384.8 395.937 300 90
0 384.8 396.175 300 90
0 384.8 396.428 300 90
0 384.8 396.618 300 90
0 384.8 396.799 300 90
0 384.8 397.051 300 90
0 384.8 397.234 300 90
0 384.8 397.437 300 90
0 384.8 397.729 300 90
0 384.8 397.889 300 90
0 384.8 398.117 300 90
0 384.8 398.314 300 90
0 384.8 398.466 300 90
0 384.8 398.667 300 90
0 384.8 398.92 300 90
0 384.8 399.195 300 90
0 384.8 399.339 300 90
0 384.8 399.532 300 90
0 384.8 399.693 300 90
0 384.8 399.84 300 90
0 384.8 400.13 300 90
0 384.8 400.332 300 90
0 384.8 400.576 300 90
0 384.8 400.777 300 90
0 384.8 400.915 300 90
0 384.8 401.095 300 90
0 384.8 401.342 300 90
0 384.8 401.489 300 90
0 384.8 401.656 300 90
0 384.8 401.797 300 90
0 384.8 401.993 300 90
0 384.8 402.21 300 90
0 384.8 402.454 300 90
0 384.8 402.708 300 90
0 384.8 402.898 300 90
0 384.8 403.017 300 90
0 384.8 403.126 300 90
0 384.8 403.28 300 90
0 384.8 403.432 300 90
0 384.8 403.724 300 90
0 384.8 403.876 300 90
0 384.8 404.037 300 90
0 384.8 404.24 300 90
0 384.8 404.506 300 90
0 384.8 404.708 300 90
0 384.8 404.915 300 90
0 384.8 405.126 300 90
0 384.8 405.286 300 90
0 384.8 405.507 300 90
0 384.8 405.751 300 90
0 384.8 406.01 300 90
0 384.8 406.266 300 90
0 384.8 406.475 300 90
0 384.8 406.625 300 90
0 384.8 406.771 300 90
0 384.8 406.995 300 90
0 384.8 407.19 300 90
0 384.8 407.398 300 90
0 384.8 407.554 300 90
0 384.8 407.805 300 90
0 384.8 408.166 300 90
0 384.8 408.324 300 90
0 384.8 408.563 300 90
0 384.8 408.778 300 90
0 384.8 408.981 300 90
0 384.8 409.228 300 90
0 384.8 409.519 300 90
0 384.8 409.735 300 90
0 384.8 410.084 300 90
0 384.8 410.349 300 90
0 384.8 410.509 300 90
0 384.8 410.725 300 90
0 384.8 411.021 300 90
0 384.8 411.178 300 90
0 384.8 411.321 300 90
0 384.8 411.519 300 90
0 384.8 411.735 300 90
0 384.8 411.947 300 90
0 384.8 412.145 300 90
0 384.8 412.474 300 90
0 384.8 412.779 300 90
0 384.8 412.994 300 90
0 384.8 413.329 300 90
0 384.8 413.491 300 90
0 384.8 413.695 300 90
0 384.8 413.851 300 90
0 384.8 414.162 300 90
0 384.8 414.463 300 90
0 384.8 414.754 300 90
0 384.8 414.906 300 90
0 384.8 415.267 300 90
0 384.8 415.539 300 90
0 384.8 415.685 300 90
0 384.8 415.843 300 90
0 384.8 416.061 300 90
0 384.8 416.382 300 90
0 384.8 416.628 300 90
0 384.8 416.948 300 90
0 384.8 417.096 300 90
0 384.8 417.359 300 90
0 384.8 417.614 300 90
0 384.8 417.847 300 90
0 384.8 418.096 300 90
0 384.8 418.368 300 90
0 384.8 418.614 300 90
0 384.8 418.821 300 90
0 384.8 418.992 300 90
0 384.8 419.32 300 90
0 384.8 419.612 300 90
0 384.8 419.811 300 90
0 384.8 420.206 300 90
0 384.8 420.434 300 90
0 384.8 420.701 300 90
0 384.8 420.941 300 90
0 384.8 421.147 300 90
0 384.8 421.306 300 90
0 384.8 421.468 300 90
0 384.8 421.62 300 90
0 384.8 421.907 300 90
0 384.8 422.126 300 90
0 384.8 422.387 300 90
0 384.8 422.631 300 90
0 384.8 422.905 300 90
0 384.8 423.137 300 90
0 384.8 423.338 300 90
0 384.8 423.533 300 90
0 384.8 423.747 300 90
0 384.8 424.082 300 90
0 384.8 424.292 300 90
0 384.8 424.451 300 90
0 384.8 424.728 300 90
0 384.8 424.892 300 90
0 384.8 425.242 300 90
0 384.8 425.543 300 90
0 384.8 425.76 300 90
0 384.8 425.922 300 90
0 384.8 426.171 300 90
0 384.8 426.325 300 90
0 384.8 426.524 300 90
0 384.8 426.883 300 90
0 384.8 427.144 300 90
0 384.8 427.413 300 90
0 384.8 427.575 300 90
0 384.8 427.784 300 90
0 384.8 428.114 300 90
0 384.8 428.381 300 90
0 384.8 428.556 300 90
0 384.8 428.691 300 90
0 384.8 428.83 300 90
0 384.8 429.023 300 90
0 384.8 429.159 300 90
0 384.8 429.348 300 90
0 384.8 429.503 300 90
0 384.8 429.633 300 90
0 384.8 429.782 300 90
0 384.8 429.886 300 90
0 384.8 430.06 300 90
0 384.8 430.162 300 90
0 384.8 430.369 300 90
0 384.8 430.624 300 90
0 384.8 430.958 300 90
0 384.8 431.156 300 90
0 384.8 431.35 300 90
0 384.8 431.548 300 90
0 384.8 431.758 300 90
0 384.8 431.957 300 90
0 384.8 432.109 300 90
0 384.8 432.313 300 90
0 384.8 432.522 300 90
0 384.8 432.762 300 90
0 384.8 432.988 300 90
0 384.8 433.201 300 90
0 384.8 433.364 300 90
0 384.8 433.622 300 90
0 384.8 433.827 300 90
0 384.8 434.066 300 90
0 384.8 434.312 300 90
0 384.8 434.481 300 90
0 384.8 434.706 300 90
0 384.8 434.955 300 90
0 384.8 435.212 300 90
0 384.8 435.377 300 90
0 384.8 435.677 300 90
0 384.8 435.892 300 90
0 384.8 436.12 300 90
0 384.8 436.233 300 90
0 384.8 436.384 300 90
0 384.8 436.627 300 90
0 384.8 436.842 300 90
0 384.8 437.129 300 90
0 384.8 437.346 300 90
0 384.8 437.554 300 90
0 384.8 437.723 300 90
0 384.8 437.987 300 90
0 384.8 438.28 300 90
0 384.8 438.569 300 90
0 384.8 438.858 300 90
0 384.8 439.163 300 90
0 384.8 439.453 300 90
0 384.8 439.677 300 90
0 384.8 439.889 300 90
0 384.8 440.165 300 90
0 384.8 440.397 300 90
0 384.8 440.619 300 90
0 384.8 440.854 300 90
0 384.8 441.023 300 90
0 384.8 441.516 300 90
0 384.8 441.81 300 90
0 384.8 442.003 300 90
0 384.8 442.162 300 90
0 384.8 442.361 300 90
0 384.8 442.573 300 90
0 384.8 442.805 300 90
0 384.8 442.938 300 90
0 384.8 443.309 300 90
0 384.8 443.57 300 90
0 384.8 443.759 300 90
0 384.8 444.015 300 90
0 384.8 444.181 300 90
0 384.8 444.481 300 90
0 384.8 444.768 300 90
0 384.8 445.072 300 90
0 384.8 445.336 300 90
0 384.8 445.538 300 90
0 384.8 445.786 300 90
0 384.8 445.952 300 90
0 384.8 446.157 300 90
0 384.8 446.454 300 90
0 384.8 446.594 300 90
0 384.8 446.74 300 90
0 384.8 446.925 300 90
0 384.8 447.236 300 90
0 384.8 447.493 300 90
0 384.8 447.784 300 90
0 384.8 448.082 300 90
0 384.8 448.309 300 90
0 384.8 448.472 300 90
0 384.8 448.671 300 90
0 384.8 448.999 300 90
0 384.8 449.223 300 90
0 384.8 449.462 300 90
0 384.8 449.819 300 90
0 384.8 450.022 300 90
0 384.8 450.324 300 90
0 384.8 450.528 300 90
0 384.8 450.67 300 90
0 384.8 450.874 300 90
0 384.8 451.117 300 90
0 384.8 451.427 300 90
0 384.8 451.586 300 90
0 384.8 451.732 300 90
0 384.8 452.046 300 90
0 384.8 452.251 300 90
0 384.8 452.408 300 90
0 384.8 452.607 300 90
0 384.8 452.893 300 90
0 384.8 453.053 300 90
0 384.8 453.199 300 90
0 384.8 453.354 300 90
0 384.8 453.612 300 90
0 384.8 453.77 300 90
0 384.8 453.926 300 90
0 384.8 454.145 300 90
0 384.8 454.356 300 90
0 384.8 454.569 300 90
0 384.8 454.762 300 90
0 384.8 454.962 300 90
0 384.8 455.115 300 90
0 384.8 455.517 300 90
0 384.8 455.74 300 90
0 384.8 455.928 300 90
0 384.8 456.082 300 90
0 384.8 456.293 300 90
0 384.8 456.698 300 90
0 384.8 456.853 300 90
0 384.8 457.008 300 90
0 384.8 457.165 300 90
0 384.8 457.323 300 90
0 384.8 457.523 300 90
0 384.8 457.771 300 90
0 384.8 457.993 300 90
0 384.8 458.262 300 90
0 384.8 458.464 300 90
0 384.8 458.732 300 90
0 384.8 458.939 300 90
0 384.8 459.219 300 90
0 384.8 459.42 300 90
0 384.8 459.572 300 90
0 384.8 459.734 300 90
0 384.8 459.989 300 90
0 384.8 460.185 300 90
0 384.8 460.499 300 90
0 384.8 460.705 300 90
0 384.8 460.923 300 90
0 384.8 461.13 300 90
0 384.8 461.286 300 90
0 384.8 461.583 300 90
0 384.8 461.741 300 90
0 384.8 462.016 300 90
0 384.8 462.23 300 90
0 384.8 462.546 300 90
0 384.8 462.692 300 90
0 384.8 462.84 300 90
0 384.8 463.163 300 90
0 384.8 463.353 300 90
0 384.8 463.692 300 90
0 384.8 463.888 300 90
0 384.8 464.049 300 90
0 384.8 464.39 300 90
0 384.8 464.543 300 90
0 384.8 464.745 300 90
0 384.8 465.098 300 90
0 384.8 465.402 300 90
0 384.8 465.591 300 90
0 384.8 465.803 300 90
0 384.8 465.996 300 90
0 384.8 466.196 300 90
0 384.8 466.34 300 90
0 384.8 466.552 300 90
0 384.8 466.781 300 90
0 384.8 466.928 300 90
0 384.8 467.076 300 90
0 384.8 467.267 300 90
0 384.8 467.566 300 90
0 384.8 467.779 300 90
0 384.8 467.931 300 90
0 384.8 468.078 300 90
0 384.8 468.33 300 90
0 384.8 468.488 300 90
0 384.8 468.702 300 90
0 384.8 468.896 300 90
0 384.8 469.128 300 90
0 384.8 469.382 300 90
0 384.8 469.593 300 90
0 384.8 469.802 300 90
0 384.8 469.957 300 90
0 384.8 470.203 300 90
0 384.8 470.478 300 90
0 384.8 470.733 300 90
0 384.8 470.948 300 90
0 384.8 471.162 300 90
0 384.8 471.331 300 90
0 384.8 471.549 300 90
0 384.8 471.753 300 90
0 384.8 471.988 300 90
0 384.8 472.293 300 90
0 384.8 472.521 300 90
0 384.8 472.669 300 90
0 384.8 472.822 300 90
0 384.8 473.034 300 90
0 384.8 473.25 300 90
0 384.8 473.514 300 90
0 384.8 473.775 300 90
0 384.8 473.972 300 90
0 384.8 474.122 300 90
0 384.8 474.302 300 90
0 384.8 474.51 300 90
0 384.8 474.674 300 90
0 384.8 474.871 300 90
0 384.8 475.114 300 90
0 384.8 475.369 300 90
0 384.8 475.68 300 90
0 384.8 475.825 300 90
0 384.8 476.086 300 90
0 384.8 476.297 300 90
0 384.8 476.44 300 90
0 384.8 476.661 300 90
0 384.8 476.929 300 90
0 384.8 477.086 300 90
0 384.8 477.337 300 90
0 384.8 477.491 300 90
0 384.8 477.63 300 90
0 384.8 477.866 300 90
0 384.8 478.158 300 90
0 384.8 478.318 300 90
0 384.8 478.508 300 90
0 384.8 478.816 300 90
0 384.8 479.031 300 90
0 384.8 479.244 300 90
0 384.8 479.496 300 90
0 384.8 479.667 300 90
0 384.8 479.826 300 90
0 384.8 480.185 300 90
0 384.8 480.473 300 90
0 384.8 480.666 300 90
0 384.8 480.912 300 90
0 384.8 481.135 300 90
0 384.8 481.452 300 90
0 384.8 481.697 300 90
0 384.8 481.889 300 90
0 384.8 482.054 300 90
0 384.8 482.286 300 90
0 384.8 482.498 300 90
0 384.8 482.815 300 90
0 384.8 482.98 300 90
0 384.8 483.233 300 90
0 384.8 483.415 300 90
0 384.8 483.67 300 90
0 384.8 483.859 300 90
0 384.8 484.061 300 90
0 384.8 484.203 300 90
0 384.8 484.349 300 90
0 384.8 484.6 300 90
0 384.8 484.901 300 90
0 384.8 485.208 300 90
0 384.8 485.547 300 90
0 384.8 485.684 300 90
0 384.8 485.829 300 90
0 384.8 486.065 300 90
0 384.8 486.281 300 90
0 384.8 486.529 300 90
0 384.8 486.693 300 90
0 384.8 486.944 300 90
0 384.8 487.147 300 90
0 384.8 487.311 300 90
0 384.8 487.523 300 90
0 384.8 487.777 300 90
0 384.8 487.964 300 90
0 384.8 488.108 300 90
0 384.8 488.318 300 90
0 384.8 488.475 300 90
0 384.8 488.624 300 90
0 384.8 488.88 300 90
0 384.8 489.07 300 90
0 384.8 489.372 300 90
0 384.8 489.516 300 90
0 384.8 489.709 300 90
0 384.8 489.926 300 90
0 384.8 490.174 300 90
0 384.8 490.535 300 90
0 384.8 490.782 300 90
0 384.8 490.941 300 90
0 384.8 491.082 300 90
0 384.8 491.265 300 90
0 384.8 491.382 300 90
0 384.8 491.563 300 90
0 384.8 491.715 300 90
0 384.8 491.903 300 90
0 384.8 492.09 300 90
0 384.8 492.322 300 90
0 384.8 492.466 300 90
0 384.8 492.615 300 90
0 384.8 493.005 300 90
0 384.8 493.206 300 90
0 384.8 493.504 300 90
0 384.8 493.741 300 90
0 384.8 494 300 90
0 384.8 494.296 300 90
0 384.8 494.473 300 90
0 384.8 494.686 300 90
0 384.8 494.947 300 90
0 384.8 495.199 300 90
0 384.8 495.377 300 90
0 384.8 495.585 300 90
0 384.8 495.745 300 90
0 384.8 496.023 300 90
0 384.8 496.236 300 90
0 384.8 496.546 300 90
0 384.8 496.699 300 90
0 384.8 496.921 300 90
0 384.8 497.174 300 90
0 384.8 497.467 300 90
0 384.8 497.804 300 90
0 384.8 498.013 300 90
0 384.8 498.195 300 90
0 384.8 498.445 300 90
0 384.8 498.749 300 90
0 384.8 499.066 300 90
0 384.8 499.271 300 90
0 384.8 499.5 300 90
0 384.8 499.643 300 90
0 384.8 499.794 300 90
0 384.8 499.951 300 90
0 384.8 500.104 300 90
0 384.8 500.282 300 90
0 384.8 500.476 300 90
0 384.8 500.634 300 90
0 384.8 500.856 300 90
0 384.8 501.024 300 90
0 384.8 501.183 300 90
0 384.8 501.429 300 90
0 384.8 501.632 300 90
0 384.8 501.854 300 90
0 384.8 502.051 300 90
0 384.8 502.204 300 90
0 384.8 502.357 300 90
0 384.8 502.574 300 90
0 384.8 502.779 300 90
0 384.8 502.991 300 90
0 384.8 503.152 300 90
0 384.8 503.412 300 90
0 384.8 503.711 300 90
0 384.8 503.916 300 90
0 384.8 504.267 300 90
0 384.8 504.432 300 90
0 384.8 504.653 300 90
0 384.8 504.812 300 90
0 384.8 505.028 300 90
0 384.8 505.236 300 90
0 384.8 505.371 300 90
0 384.8 505.538 300 90
0 384.8 505.737 300 90
0 384.8 505.896 300 90
0 384.8 506.153 300 90
0 384.8 506.366 300 90
0 384.8 506.617 300 90
0 384.8 506.819 300 90
0 384.8 507.129 300 90
0 384.8 507.35 300 90
0 384.8 507.517 300 90
0 384.8 507.664 300 90
0 384.8 507.812 300 90
0 384.8 508.111 300 90
0 384.8 508.272 300 90
0 384.8 508.514 300 90
0 384.8 508.821 300 90
0 384.8 509.085 300 90
0 384.8 509.255 300 90
0 384.8 509.422 300 90
0 384.8 509.655 300 90
0 384.8 509.914 300 90
0 384.8 510.075 300 90
0 384.8 510.234 300 90
0 384.8 510.396 300 90
0 384.8 510.553 300 90
0 384.8 510.718 300 90
0 384.8 510.942 300 90
0 384.8 511.106 300 90
0 384.8 511.454 300 90
0 384.8 511.705 300 90
0 384.8 511.908 300 90
0 384.8 512.124 300 90
0 384.8 512.379 300 90
0 384.8 512.675 300 90
0 384.8 512.922 300 90
0 384.8 513.167 300 90
0 384.8 513.393 300 90
0 384.8 513.55 300 90
0 384.8 513.758 300 90
0 384.8 513.915 300 90
0 384.8 514.177 300 90
0 384.8 514.425 300 90
0 384.8 514.718 300 90
0 384.8 514.926 300 90
0 384.8 515.19 300 90
0 384.8 515.36 300 90
0 384.8 515.582 300 90
0 384.8 515.748 300 90
0 384.8 515.965 300 90
0 384.8 516.244 300 90
0 384.8 516.39 300 90
0 384.8 516.643 300 90
0 384.8 516.839 300 90
0 384.8 517.068 300 90
0 384.8 517.234 300 90
0 384.8 517.466 300 90
0 384.8 517.672 300 90
0 384.8 517.881 300 90
0 384.8 518.082 300 90
0 384.8 518.298 300 90
0 384.8 518.471 300 90
0 384.8 518.663 300 90
0 384.8 518.908 300 90
0 384.8 519.13 300 90
0 384.8 519.297 300 90
0 384.8 519.516 300 90
0 384.8 519.818 300 90
0 384.8 520.027 300 90
0 384.8 520.329 300 90
0 384.8 520.519 300 90
0 384.8 520.763 300 90
0 384.8 520.999 300 90
0 384.8 521.265 300 90
0 384.8 521.493 300 90
0 384.8 521.707 300 90
0 384.8 521.994 300 90
0 384.8 522.203 300 90
0 384.8 522.407 300 90
0 384.8 522.575 300 90
0 384.8 522.778 300 90
0 384.8 522.964 300 90
0 384.8 523.127 300 90
0 384.8 523.47 300 90
0 384.8 523.629 300 90
0 384.8 523.789 300 90
0 384.8 524.017 300 90
0 384.8 524.179 300 90
0 384.8 524.327 300 90
0 384.8 524.508 300 90
0 384.8 524.767 300 90
0 384.8 525.014 300 90
0 384.8 525.283 300 90
0 384.8 525.486 300 90
0 384.8 525.714 300 90
0 384.8 525.914 300 90
0 384.8 526.123 300 90
0 384.8 526.324 300 90
0 384.8 526.485 300 90
0 384.8 526.634 300 90
0 384.8 526.839 300 90
0 384.8 527.089 300 90
0 384.8 527.258 300 90
0 384.8 527.475 300 90
0 384.8 527.672 300 90
0 384.8 527.832 300 90
0 384.8 528.036 300 90
0 384.8 528.191 300 90
0 384.8 528.345 300 90
0 384.8 528.598 300 90
0 384.8 528.84 300 90
0 384.8 529.093 300 90
0 384.8 529.354 300 90
0 384.8 529.603 300 90
0 384.8 529.818 300 90
0 384.8 529.982 300 90
0 384.8 530.173 300 90
0 384.8 530.373 300 90
0 384.8 530.574 300 90
0 384.8 530.827 300 90
0 384.8 531.021 300 90
0 384.8 531.258 300 90
0 384.8 531.462 300 90
0 384.8 531.727 300 90
0 384.8 532.091 300 90
0 384.8 532.346 300 90
0 384.8 532.54 300 90
0 384.8 532.68 300 90
0 384.8 532.893 300 90
0 384.8 533.202 300 90
0 384.8 533.41 300 90
0 384.8 533.665 300 90
0 384.8 533.925 300 90
0 384.8 534.132 300 90
0 384.8 534.323 300 90
0 384.8 534.518 300 90
0 384.8 534.697 300 90
0 384.8 534.946 300 90
0 384.8 535.16 300 90
0 384.8 535.379 300 90
0 384.8 535.597 300 90
0 384.8 535.802 300 90
0 384.8 535.992 300 90
0 384.8 536.283 300 90
0 384.8 536.483 300 90
0 384.8 536.696 300 90
0 384.8 536.907 300 90
0 384.8 537.122 300 90
0 384.8 537.331 300 90
0 384.8 537.602 300 90
0 384.8 537.853 300 90
0 384.8 538.209 300 90
0 384.8 538.382 300 90
0 384.8 538.58 300 90
0 384.8 538.799 300 90
0 384.8 539.017 300 90
0 384.8 539.295 300 90
0 384.8 539.454 300 90
0 384.8 539.714 300 90
0 384.8 539.927 300 90
0 384.8 540.145 300 90
0 384.8 540.379 300 90
0 384.8 540.585 300 90
0 384.8 540.847 300 90
0 384.8 541.066 300 90
0 384.8 541.206 300 90
0 384.8 541.417 300 90
0 384.8 541.606 300 90
0 384.8 541.768 300 90
0 384.8 541.914 300 90
0 384.8 542.088 300 90
0 384.8 542.312 300 90
0 384.8 542.532 300 90
0 384.8 542.747 300 90
0 384.8 542.9 300 90
0 384.8 543.051 300 90
0 384.8 543.218 300 90
0 384.8 543.463 300 90
0 384.8 543.695 300 90
0 384.8 543.833 300 90
0 384.8 543.991 300 90
0 384.8 544.162 300 90
0 384.8 544.395 300 90
0 384.8 544.725 300 90
0 384.8 544.98 300 90
0 384.8 545.167 300 90
0 384.8 545.38 300 90
0 384.8 545.602 300 90
0 384.8 545.824 300 90
0 384.8 546.089 300 90
0 384.8 546.324 300 90
0 384.8 546.541 300 90
0 384.8 546.772 300 90
0 384.8 546.946 300 90
0 384.8 547.232 300 90
0 384.8 547.549 300 90
0 384.8 547.767 300 90
0 384.8 548.019 300 90
0 384.8 548.184 300 90
0 384.8 548.461 300 90
0 384.8 548.718 300 90
0 384.8 549.053 300 90
0 384.8 549.262 300 90
0 384.8 549.531 300 90
0 384.8 549.859 300 90
0 384.8 550.078 300 90
0 384.8 550.256 300 90
0 384.8 550.398 300 90
0 384.8 550.614 300 90
0 384.8 550.77 300 90
0 384.8 550.935 300 90
0 384.8 551.104 300 90
0 384.8 551.348 300 90
0 384.8 551.708 300 90
0 384.8 551.847 300 90
0 384.8 551.949 300 90
0 384.8 552.125 300 90
0 384.8 552.233 300 90
0 384.8 552.41 300 90
0 384.8 552.555 300 90
0 384.8 552.694 300 90
0 384.8 552.833 300 90
0 384.8 552.947 300 90
0 384.8 553.081 300 90
0 384.8 553.197 300 90
0 384.8 553.414 300 90
0 384.8 553.569 300 90
0 384.8 553.781 300 90
0 384.8 554.06 300 90
0 384.8 554.294 300 90
0 384.8 554.456 300 90
0 384.8 554.661 300 90
0 384.8 554.888 300 90
0 384.8 555.054 300 90
0 384.8 555.38 300 90
0 384.8 555.537 300 90
0 384.8 555.729 300 90
0 384.8 555.941 300 90
0 384.8 556.424 300 90
0 384.8 556.823 300 90
0 384.8 556.989 300 90
0 384.8 557.209 300 90
0 384.8 557.43 300 90
0 384.8 557.573 300 90
0 384.8 557.683 300 90
0 384.8 557.847 300 90
0 384.8 558.095 300 90
0 384.8 558.285 300 90
0 384.8 558.477 300 90
0 384.8 558.644 300 90
0 384.8 558.828 300 90
0 384.8 558.98 300 90
0 384.8 559.129 300 90
0 384.8 559.262 300 90
0 384.8 559.45 300 90
0 384.8 559.59 300 90
0 384.8 559.744 300 90
0 384.8 559.917 300 90
0 384.8 560.07 300 90
0 384.8 560.29 300 90
0 384.8 560.415 300 90
0 384.8 560.585 300 90
0 384.8 560.742 300 90
0 384.8 560.986 300 90
0 384.8 561.333 300 90
0 384.8 561.493 300 90
0 384.8 561.717 300 90
0 384.8 561.83 300 90
0 384.8 561.943 300 90
0 384.8 562.05 300 90
0 384.8 562.253 300 90
0 384.8 562.387 300 90
0 384.8 562.534 300 90
0 384.8 562.685 300 90
0 384.8 562.799 300 90
0 384.8 562.957 300 90
0 384.8 563.155 300 90
0 384.8 563.296 300 90
0 384.8 563.488 300 90
0 384.8 563.612 300 90
0 384.8 563.914 300 90
0 384.8 564.11 300 90
0 384.8 564.285 300 90
0 384.8 564.495 300 90
0 384.8 564.615 300 90
0 384.8 564.775 300 90
0 384.8 565.025 300 90
0 384.8 565.179 300 90
0 384.8 565.35 300 90
0 384.8 565.62 300 90
0 384.8 565.796 300 90
0 384.8 566.012 300 90
0 384.8 566.321 300 90
0 384.8 566.6 300 90
0 384.8 566.828 300 90
0 384.8 567.086 300 90
0 384.8 567.292 300 90
0 384.8 567.45 300 90
0 384.8 567.739 300 90
0 384.8 568.005 300 90
0 384.8 568.174 300 90
0 384.8 568.478 300 90
0 384.8 568.753 300 90
0 384.8 568.965 300 90
0 384.8 569.121 300 90
0 384.8 569.339 300 90
0 384.8 569.564 300 90
0 384.8 569.797 300 90
0 384.8 570.023 300 90
0 384.8 570.179 300 90
0 384.8 570.515 300 90
0 384.8 570.767 300 90
0 384.8 571.002 300 90
0 384.8 571.206 300 90
0 384.8 571.481 300 90
0 384.8 571.766 300 90
0 384.8 571.935 300 90
0 384.8 572.209 300 90
0 384.8 572.418 300 90
0 384.8 572.714 300 90
0 384.8 573.103 300 90
0 384.8 573.315 300 90
0 384.8 573.467 300 90
0 384.8 573.684 300 90
0 384.8 573.98 300 90
0 384.8 574.252 300 90
0 384.8 574.465 300 90
0 384.8 574.634 300 90
0 384.8 574.845 300 90
0 384.8 575.054 300 90
0 384.8 575.31 300 90
0 384.8 575.504 300 90
0 384.8 575.72 300 90
0 384.8 575.931 300 90
0 384.8 576.085 300 90
0 384.8 576.268 300 90
0 384.8 576.499 300 90
0 384.8 576.633 300 90
0 384.8 576.851 300 90
0 384.8 576.999 300 90
0 384.8 577.198 300 90
0 384.8 577.563 300 90
0 384.8 577.818 300 90
0 384.8 578.067 300 90
0 384.8 578.333 300 90
0 384.8 578.568 300 90
0 384.8 578.72 300 90
0 384.8 579.017 300 90
0 384.8 579.262 300 90
0 384.8 579.473 300 90
0 384.8 579.623 300 90
0 384.8 579.924 300 90
0 384.8 580.157 300 90
0 384.8 580.48 300 90
0 384.8 580.686 300 90
0 384.8 580.841 300 90
0 384.8 580.991 300 90
0 384.8 581.2 300 90
0 384.8 581.497 300 90
0 384.8 581.697 300 90
0 384.8 581.893 300 90
0 384.8 582.179 300 90
0 384.8 582.357 300 90
0 384.8 582.563 300 90
0 384.8 582.918 300 90
0 384.8 583.211 300 90
0 384.8 583.369 300 90
0 384.8 583.56 300 90
0 384.8 583.955 300 90
0 384.8 584.353 300 90
0 384.8 584.578 300 90
0 384.8 584.831 300 90
0 384.8 585.143 300 90
0 384.8 585.382 300 90
0 384.8 585.688 300 90
0 384.8 585.9 300 90
0 384.8 586.049 300 90
0 384.8 586.285 300 90
0 384.8 586.543 300 90
0 384.8 586.7 300 90
0 384.8 586.919 300 90
0 384.8 587.216 300 90
0 384.8 587.357 300 90
0 384.8 587.496 300 90
0 384.8 587.638 300 90
0 384.8 587.791 300 90
0 384.8 587.904 300 90
0 384.8 588.034 300 90
0 384.8 588.135 300 90
0 384.8 588.309 300 90
0 384.8 588.414 300 90
0 384.8 588.54 300 90
0 384.8 588.714 300 90
0 384.8 588.924 300 90
0 384.8 589.028 300 90
0 384.8 589.2 300 90
0 384.8 589.337 300 90
0 384.8 589.546 300 90
0 384.8 589.704 300 90
0 384.8 589.92 300 90
0 384.8 590.07 300 90
0 384.8 590.231 300 90
0 384.8 590.416 300 90
0 384.8 590.565 300 90
0 384.8 590.707 300 90
0 384.8 590.818 300 90
0 384.8 590.913 300 90
0 384.8 591.1 300 90
0 384.8 591.365 300 90
0 384.8 591.552 300 90
0 384.8 591.757 300 90
0 384.8 592.117 300 90
0 384.8 592.428 300 90
0 384.8 592.685 300 90
0 384.8 592.999 300 90
0 384.8 593.169 300 90
0 384.8 593.391 300 90
0 384.8 593.582 300 90
0 384.8 593.901 300 90
0 384.8 594.068 300 90
0 384.8 594.225 300 90
0 384.8 594.391 300 90
0 384.8 594.592 300 90
0 384.8 594.759 300 90
0 384.8 594.976 300 90
0 384.8 595.299 300 90
0 384.8 595.548 300 90
0 384.8 595.795 300 90
0 384.8 596.102 300 90
0 384.8 596.246 300 90
0 384.8 596.455 300 90
0 384.8 596.675 300 90
0 384.8 596.893 300 90
0 384.8 597.255 300 90
0 384.8 597.673 300 90
0 384.8 597.989 300 90
0 384.8 598.147 300 90
0 384.8 598.311 300 90
0 384.8 598.524 300 90
0 384.8 598.689 300 90
0 384.8 598.973 300 90
0 384.8 599.135 300 90
0 384.8 599.391 300 90
0 384.8 599.642 300 90
0 384.8 599.813 300 90
0 384.8 600.126 300 90
0 384.8 600.347 300 90
0 384.8 600.619 300 90
0 384.8 600.974 300 90
0 384.8 601.177 300 90
0 384.8 601.55 300 90
0 384.8 601.716 300 90
0 384.8 601.878 300 90
0 384.8 602.088 300 90
0 384.8 602.251 300 90
0 384.8 602.468 300 90
0 384.8 602.637 300 90
0 384.8 602.914 300 90
0 384.8 603.178 300 90
0 384.8 603.399 300 90
0 384.8 603.622 300 90
0 384.8 603.976 300 90
0 384.8 604.22 300 90
0 384.8 604.456 300 90
0 384.8 604.675 300 90
0 384.8 604.833 300 90
0 384.8 605.048 300 90
0 384.8 605.286 300 90
0 384.8 605.572 300 90
0 384.8 605.974 300 90
0 384.8 606.199 300 90
0 384.8 606.353 300 90
0 384.8 606.567 300 90
0 384.8 606.832 300 90
0 384.8 607.025 300 90
0 384.8 607.26 300 90
0 384.8 607.584 300 90
0 384.8 607.905 300 90
0 384.8 608.074 300 90
0 384.8 608.304 300 90
0 384.8 608.485 300 90
0 384.8 608.786 300 90
0 384.8 609.018 300 90
0 384.8 609.18 300 90
0 384.8 609.329 300 90
0 384.8 609.643 300 90
0 384.8 609.882 300 90
0 384.8 610.086 300 90
0 384.8 610.386 300 90
0 384.8 610.68 300 90
0 384.8 610.861 300 90
0 384.8 611.123 300 90
0 384.8 611.344 300 90
0 384.8 611.564 300 90
0 384.8 611.823 300 90
0 384.8 611.965 300 90
0 384.8 612.183 300 90
0 384.8 612.384 300 90
0 384.8 612.553 300 90
0 384.8 612.82 300 90
0 384.8 613.19 300 90
0 384.8 613.52 300 90
0 384.8 613.72 300 90
0 384.8 613.982 300 90
0 384.8 614.198 300 90
0 384.8 614.528 300 90
0 384.8 614.75 300 90
0 384.8 614.96 300 90
0 384.8 615.231 300 90
0 384.8 615.4 300 90
0 384.8 615.561 300 90
0 384.8 615.768 300 90
0 384.8 615.978 300 90
0 384.8 616.124 300 90
0 384.8 616.364 300 90
0 384.8 616.523 300 90
0 384.8 616.739 300 90
0 384.8 617.012 300 90
0 384.8 617.177 300 90
0 384.8 617.436 300 90
0 384.8 617.694 300 90
0 384.8 617.913 300 90
0 384.8 618.175 300 90
0 384.8 618.404 300 90
0 384.8 618.61 300 90
0 384.8 618.826 300 90
0 384.8 619.068 300 90
0 384.8 619.3 300 90
0 384.8 619.516 300 90
0 384.8 619.682 300 90
0 384.8 619.841 300 90
0 384.8 620.201 300 90
0 384.8 620.42 300 90
0 384.8 620.598 300 90
0 384.8 620.857 300 90
0 384.8 621.054 300 90
0 384.8 621.213 300 90
0 384.8 621.377 300 90
0 384.8 621.567 300 90
0 384.8 621.782 300 90
0 384.8 622.044 300 90
0 384.8 622.286 300 90
0 384.8 622.486 300 90
0 384.8 622.633 300 90
0 384.8 622.807 300 90
0 384.8 622.956 300 90
0 384.8 623.155 300 90
0 384.8 623.335 300 90
0 384.8 623.853 300 90
0 384.8 624.01 300 90
0 384.8 624.321 300 90
0 384.8 624.573 300 90
0 384.8 624.82 300 90
0 384.8 625.145 300 90
0 384.8 625.423 300 90
0 384.8 625.517 300 90
0 384.8 625.749 300 90
0 384.8 625.964 300 90
0 384.8 626.284 300 90
0 384.8 626.458 300 90
0 384.8 626.686 300 90
0 384.8 626.851 300 90
0 384.8 627.159 300 90
0 384.8 627.368 300 90
0 384.8 627.593 300 90
0 384.8 627.821 300 90
0 384.8 627.995 300 90
0 384.8 628.324 300 90
0 384.8 628.479 300 90
0 384.8 628.705 300 90
0 384.8 628.869 300 90
0 384.8 629.089 300 90
0 384.8 629.294 300 90
0 384.8 629.504 300 90
0 384.8 629.709 300 90
0 384.8 629.864 300 90
0 384.8 630.132 300 90
0 384.8 630.346 300 90
0 384.8 630.506 300 90
0 384.8 630.866 300 90
0 384.8 631.082 300 90
0 384.8 631.238 300 90
0 384.8 631.546 300 90
0 384.8 631.745 300 90
0 384.8 631.965 300 90
0 384.8 632.178 300 90
0 384.8 632.398 300 90
0 384.8 632.649 300 90
0 384.8 632.874 300 90
0 384.8 633.146 300 90
0 384.8 633.372 300 90
0 384.8 633.671 300 90
0 384.8 633.828 300 90
0 384.8 634.106 300 90
0 384.8 634.327 300 90
0 384.8 634.492 300 90
0 384.8 634.645 300 90
0 384.8 634.962 300 90
0 384.8 635.111 300 90
0 384.8 635.299 300 90
0 384.8 635.532 300 90
0 384.8 635.758 300 90
0 384.8 635.917 300 90
0 384.8 636.12 300 90
0 384.8 636.323 300 90
0 384.8 636.54 300 90
0 384.8 636.744 300 90
0 384.8 636.897 300 90
0 384.8 637.055 300 90
0 384.8 637.209 300 90
0 384.8 637.468 300 90
0 384.8 637.803 300 90
0 384.8 637.967 300 90
0 384.8 638.118 300 90
0 384.8 638.36 300 90
0 384.8 638.575 300 90
0 384.8 638.832 300 90
0 384.8 639.095 300 90
0 384.8 639.318 300 90
0 384.8 639.547 300 90
0 384.8 639.822 300 90
0 384.8 640.079 300 90
0 384.8 640.374 300 90
0 384.8 640.569 300 90
0 384.8 640.84 300 90
0 384.8 641.057 300 90
0 384.8 641.26 300 90
0 384.8 641.638 300 90
0 384.8 641.801 300 90
0 384.8 641.967 300 90
0 384.8 642.231 300 90
0 384.8 642.408 300 90
0 384.8 642.622 300 90
0 384.8 642.841 300 90
0 384.8 643.063 300 90
0 384.8 643.241 300 90
0 384.8 643.436 300 90
0 384.8 643.71 300 90
0 384.8 643.975 300 90
0 384.8 644.148 300 90
0 384.8 644.348 300 90
0 384.8 644.509 300 90
0 384.8 644.748 300 90
0 384.8 645.069 300 90
0 384.8 645.223 300 90
0 384.8 645.437 300 90
0 384.8 645.662 300 90
0 384.8 645.833 300 90
0 384.8 646.113 300 90
0 384.8 646.379 300 90
0 384.8 646.65 300 90
0 384.8 646.837 300 90
0 384.8 647.139 300 90
0 384.8 647.466 300 90
0 384.8 647.718 300 90
0 384.8 647.932 300 90
0 384.8 648.192 300 90
0 384.8 648.471 300 90
0 384.8 648.681 300 90
0 384.8 648.829 300 90
0 384.8 649.08 300 90
0 384.8 649.401 300 90
0 384.8 649.621 300 90
0 384.8 649.77 300 90
0 384.8 650.026 300 90
0 384.8 650.18 300 90
0 384.8 650.37 300 90
0 384.8 650.52 300 90
0 384.8 650.791 300 90
0 384.8 651.041 300 90
0 384.8 651.364 300 90
0 384.8 651.578 300 90
0 384.8 651.817 300 90
0 384.8 652.071 300 90
0 384.8 652.453 300 90
0 384.8 652.678 300 90
0 384.8 652.93 300 90
0 384.8 653.15 300 90
0 384.8 653.321 300 90
0 384.8 653.54 300 90
0 384.8 653.764 300 90
0 384.8 653.924 300 90
0 384.8 654.197 300 90
0 384.8 654.51 300 90
0 384.8 654.754 300 90
0 384.8 654.936 300 90
0 384.8 655.158 300 90
0 384.8 655.5 300 90
0 384.8 655.723 300 90
0 384.8 656.036 300 90
0 384.8 656.23 300 90
0 384.8 656.491 300 90
0 384.8 656.724 300 90
0 384.8 656.934 300 90
0 384.8 657.142 300 90
0 384.8 657.359 300 90
0 384.8 657.58 300 90
0 384.8 657.787 300 90
0 384.8 657.948 300 90
0 384.8 658.216 300 90
0 384.8 658.432 300 90
0 384.8 658.627 300 90
0 384.8 658.894 300 90
0 384.8 659.26 300 90
0 384.8 659.499 300 90
0 384.8 659.817 300 90
0 384.8 660.034 300 90
0 384.8 660.232 300 90
0 384.8 660.492 300 90
0 384.8 660.727 300 90
0 384.8 660.976 300 90
0 384.8 661.248 300 90
0 384.8 661.407 300 90
0 384.8 661.554 300 90
0 384.8 661.705 300 90
0 384.8 661.938 300 90
0 384.8 662.158 300 90
0 384.8 662.386 300 90
0 384.8 662.784 300 90
0 384.8 663.044 300 90
0 384.8 663.214 300 90
0 384.8 663.385 300 90
0 384.8 663.597 300 90
0 384.8 663.897 300 90
0 384.8 664.168 300 90
0 384.8 664.408 300 90
0 384.8 664.712 300 90
0 384.8 664.949 300 90
0 384.8 665.126 300 90
0 384.8 665.407 300 90
0 384.8 665.566 300 90
0 384.8 665.896 300 90
0 384.8 666.208 300 90
0 384.8 666.363 300 90
0 384.8 666.609 300 90
0 384.8 666.807 300 90
0 384.8 666.97 300 90
0 384.8 667.215 300 90
0 384.8 667.441 300 90
0 384.8 667.684 300 90
0 384.8 667.998 300 90
0 384.8 668.26 300 90
0 384.8 668.418 300 90
0 384.8 668.647 300 90
0 384.8 668.806 300 90
0 384.8 669.091 300 90
0 384.8 669.313 300 90
0 384.8 669.468 300 90
0 384.8 669.908 300 90
0 384.8 670.122 300 90
0 384.8 670.343 300 90
0 384.8 670.515 300 90
0 384.8 670.818 300 90
0 384.8 671.03 300 90
0 384.8 671.262 300 90
0 384.8 671.471 300 90
0 384.8 671.75 300 90
0 384.8 671.976 300 90
0 384.8 672.179 300 90
0 384.8 672.34 300 90
0 384.8 672.553 300 90
0 384.8 672.786 300 90
0 384.8 672.945 300 90
0 384.8 673.178 300 90
0 384.8 673.443 300 90
0 384.8 673.592 300 90
0 384.8 673.869 300 90
0 384.8 674.096 300 90
0 384.8 674.31 300 90
0 384.8 674.521 300 90
0 384.8 674.738 300 90
0 384.8 675.248 300 90
0 384.8 675.486 300 90
0 384.8 675.71 300 90
0 384.8 675.943 300 90
0 384.8 676.164 300 90
0 384.8 676.4 300 90
0 384.8 676.601 300 90
0 384.8 676.835 300 90
0 384.8 677.093 300 90
0 384.8 677.361 300 90
0 384.8 677.499 300 90
0 384.8 677.657 300 90
0 384.8 677.816 300 90
0 384.8 678.043 300 90
0 384.8 678.321 300 90
0 384.8 678.465 300 90
0 384.8 678.653 300 90
0 384.8 678.858 300 90
0 384.8 679.063 300 90
0 384.8 679.266 300 90
0 384.8 679.409 300 90
0 384.8 679.581 300 90
0 384.8 679.733 300 90
0 384.8 679.846 300 90
0 384.8 680.059 300 90
0 384.8 680.227 300 90
0 384.8 680.476 300 90
0 384.8 680.639 300 90
0 384.8 680.905 300 90
0 384.8 681.1 300 90
0 384.8 681.266 300 90
0 384.8 681.459 300 90
0 384.8 681.776 300 90
0 384.8 681.94 300 90
0 384.8 682.144 300 90
0 384.8 682.432 300 90
0 384.8 682.673 300 90
0 384.8 682.977 300 90
0 384.8 683.192 300 90
0 384.8 683.358 300 90
0 384.8 683.509 300 90
0 384.8 683.671 300 90
0 384.8 683.836 300 90
0 384.8 684.057 300 90
0 384.8 684.331 300 90
0 384.8 684.492 300 90
0 384.8 684.596 300 90
0 384.8 684.75 300 90
0 384.8 684.916 300 90
0 384.8 685.108 300 90
0 384.8 685.357 300 90
0 384.8 685.601 300 90
0 384.8 685.843 300 90
0 384.8 686.038 300 90
0 384.8 686.243 300 90
0 384.8 686.464 300 90
0 384.8 686.66 300 90
0 384.8 686.836 300 90
0 384.8 687.072 300 90
0 384.8 687.269 300 90
0 384.8 687.468 300 90
0 384.8 687.679 300 90
0 384.8 687.826 300 90
0 384.8 687.977 300 90
0 384.8 688.261 300 90
0 384.8 688.601 300 90
0 384.8 688.814 300 90
0 384.8 689.037 300 90
0 384.8 689.244 300 90
0 384.8 689.403 300 90
0 384.8 689.511 300 90
0 384.8 689.672 300 90
0 384.8 689.873 300 90
0 384.8 690.204 300 90
0 384.8 690.37 300 90
0 384.8 690.75 300 90
0 384.8 690.956 300 90
0 384.8 691.131 300 90
0 384.8 691.339 300 90
0 384.8 691.673 300 90
0 384.8 691.821 300 90
0 384.8 692.029 300 90
0 384.8 692.248 300 90
0 384.8 692.507 300 90
0 384.8 692.753 300 90
0 384.8 693.024 300 90
0 384.8 693.285 300 90
0 384.8 693.443 300 90
0 384.8 693.656 300 90
0 384.8 693.903 300 90
0 384.8 694.131 300 90
0 384.8 694.438 300 90
0 384.8 694.646 300 90
0 384.8 694.882 300 90
0 384.8 695.303 300 90
0 384.8 695.453 300 90
0 384.8 695.767 300 90
0 384.8 695.972 300 90
0 384.8 696.325 300 90
0 384.8 696.57 300 90
0 384.8 696.719 300 90
0 384.8 696.878 300 90
0 384.8 697.177 300 90
0 384.8 697.384 300 90
0 384.8 697.623 300 90
0 384.8 697.845 300 90
0 384.8 698.092 300 90
0 384.8 698.371 300 90
0 384.8 698.605 300 90
0 384.8 698.884 300 90
0 384.8 699.066 300 90
0 384.8 699.244 300 90
0 384.8 699.544 300 90
0 384.8 699.889 300 90
0 384.8 700.063 300 90
0 384.8 700.267 300 90
0 384.8 700.478 300 90
0 384.8 700.71 300 90
0 384.8 700.962 300 90
0 384.8 701.122 300 90
0 384.8 701.409 300 90
0 384.8 701.765 300 90
0 384.8 701.922 300 90
0 384.8 702.138 300 90
0 384.8 702.357 300 90
0 384.8 702.6 300 90
0 384.8 702.803 300 90
0 384.8 702.981 300 90
0 384.8 703.156 300 90
0 384.8 703.355 300 90
0 384.8 703.665 300 90
0 384.8 703.885 300 90
0 384.8 704.123 300 90
0 384.8 704.375 300 90
0 384.8 704.62 300 90
0 384.8 704.855 300 90
0 384.8 705.04 300 90
0 384.8 705.297 300 90
0 384.8 705.519 300 90
0 384.8 705.816 300 90
0 384.8 705.97 300 90
0 384.8 706.179 300 90
0 384.8 706.483 300 90
0 384.8 706.646 300 90
0 384.8 706.891 300 90
0 384.8 707.155 300 90
0 384.8 707.478 300 90
0 384.8 707.7 300 90
0 384.8 707.915 300 90
0 384.8 708.135 300 90
0 384.8 708.295 300 90
0 384.8 708.461 300 90
0 384.8 708.702 300 90
0 384.8 708.915 300 90
0 384.8 709.138 300 90
0 384.8 709.35 300 90
0 384.8 709.709 300 90
0 384.8 709.974 300 90
0 384.8 710.156 300 90
0 384.8 710.475 300 90
0 384.8 710.743 300 90
0 384.8 710.973 300 90
0 384.8 711.192 300 90
0 384.8 711.352 300 90
0 384.8 711.548 300 90
0 384.8 711.7 300 90
0 384.8 711.925 300 90
0 384.8 712.284 300 90
0 384.8 712.558 300 90
0 384.8 712.826 300 90
0 384.8 712.978 300 90
0 384.8 713.272 300 90
0 384.8 713.629 300 90
0 384.8 713.91 300 90
0 384.8 714.139 300 90
0 384.8 714.437 300 90
0 384.8 714.66 300 90
0 384.8 714.904 300 90
0 384.8 715.199 300 90
0 384.8 715.486 300 90
0 384.8 715.734 300 90
0 384.8 716.085 300 90
0 384.8 716.311 300 90
0 384.8 716.568 300 90
0 384.8 716.769 300 90
0 384.8 716.991 300 90
0 384.8 717.219 300 90
0 384.8 717.475 300 90
0 384.8 717.705 300 90
0 384.8 718.009 300 90
0 384.8 718.231 300 90
0 384.8 718.379 300 90
0 384.8 718.613 300 90
0 384.8 718.799 300 90
0 384.8 719.023 300 90
0 384.8 719.398 300 90
0 384.8 719.58 300 90
0 384.8 719.856 300 90
0 384.8 720.02 300 90
0 384.8 720.293 300 90
0 384.8 720.504 300 90
0 384.8 720.714 300 90
0 384.8 720.906 300 90
0 384.8 721.12 300 90
0 384.8 721.339 300 90
0 384.8 721.748 300 90
0 384.8 722.043 300 90
0 384.8 722.214 300 90
0 384.8 722.418 300 90
0 384.8 722.732 300 90
0 384.8 722.907 300 90
0 384.8 723.13 300 90
0 384.8 723.362 300 90
0 384.8 723.57 300 90
0 384.8 723.901 300 90
0 384.8 724.179 300 90
0 384.8 724.432 300 90
0 384.8 724.752 300 90
0 384.8 724.983 300 90
0 384.8 725.311 300 90
0 384.8 725.528 300 90
0 384.8 725.797 300 90
0 384.8 726.029 300 90
0 384.8 726.298 300 90
0 384.8 726.526 300 90
0 384.8 726.694 300 90
0 384.8 727.043 300 90
0 384.8 727.207 300 90
0 384.8 727.46 300 90
0 384.8 727.63 300 90
0 384.8 727.842 300 90
0 384.8 728.043 300 90
0 384.8 728.28 300 90
0 384.8 728.451 300 90
0 384.8 728.759 300 90
0 384.8 729.015 300 90
0 384.8 729.249 300 90
0 384.8 729.453 300 90
0 384.8 729.623 300 90
0 384.8 729.918 300 90
0 384.8 730.079 300 90
0 384.8 730.248 300 90
0 384.8 730.475 300 90
0 384.8 730.724 300 90
0 384.8 730.948 300 90
0 384.8 731.221 300 90
0 384.8 731.494 300 90
0 384.8 731.75 300 90
0 384.8 731.901 300 90
0 384.8 732.059 300 90
0 384.8 732.296 300 90
0 384.8 732.605 300 90
0 384.8 732.793 300 90
0 384.8 733.017 300 90
0 384.8 733.349 300 90
0 384.8 733.724 300 90
0 384.8 734.183 300 90
0 384.8 734.417 300 90
0 384.8 734.612 300 90
0 384.8 734.911 300 90
0 384.8 735.098 300 90
0 384.8 735.265 300 90
0 384.8 735.526 300 90
0 384.8 735.86 300 90
0 384.8 736.172 300 90
0 384.8 736.394 300 90
0 384.8 736.727 300 90
0 384.8 737.033 300 90
0 384.8 737.171 300 90
0 384.8 737.375 300 90
0 384.8 737.568 300 90
0 384.8 737.794 300 90
0 384.8 737.941 300 90
0 384.8 738.098 300 90
0 384.8 738.302 300 90
0 384.8 738.541 300 90
0 384.8 738.889 300 90
0 384.8 739.182 300 90
0 384.8 739.45 300 90
0 384.8 739.671 300 90
0 384.8 739.876 300 90
0 384.8 740.08 300 90
0 384.8 740.23 300 90
0 384.8 740.531 300 90
0 384.8 740.715 300 90
0 384.8 740.864 300 90
0 384.8 741.063 300 90
0 384.8 741.289 300 90
0 384.8 741.444 300 90
0 384.8 741.665 300 90
0 384.8 742.034 300 90
0 384.8 742.353 300 90
0 384.8 742.562 300 90
0 384.8 742.765 300 90
0 384.8 743.003 300 90
0 384.8 743.141 300 90
0 384.8 743.28 300 90
0 384.8 743.434 300 90
0 384.8 743.694 300 90
0 384.8 743.946 300 90
0 384.8 744.115 300 90
0 384.8 744.367 300 90
0 384.8 744.507 300 90
0 384.8 744.704 300 90
0 384.8 745.017 300 90
0 384.8 745.278 300 90
0 384.8 745.597 300 90
0 384.8 745.749 300 90
0 384.8 745.973 300 90
0 384.8 746.129 300 90
0 384.8 746.464 300 90
0 384.8 746.705 300 90
0 384.8 747.025 300 90
0 384.8 747.244 300 90
0 384.8 747.392 300 90
0 384.8 747.572 300 90
0 384.8 747.9 300 90
0 384.8 748.226 300 90
0 384.8 748.513 300 90
0 384.8 748.673 300 90
0 384.8 748.819 300 90
0 384.8 749.016 300 90
0 384.8 749.261 300 90
0 384.8 749.42 300 90
0 384.8 749.583 300 90
0 384.8 749.884 300 90
0 384.8 750.092 300 90
0 384.8 750.26 300 90
0 384.8 750.494 300 90
0 384.8 750.643 300 90
0 384.8 750.838 300 90
0 384.8 751.169 300 90
0 384.8 751.319 300 90
0 384.8 751.525 300 90
0 384.8 751.677 300 90
0 384.8 751.898 300 90
0 384.8 752.093 300 90
0 384.8 752.318 300 90
0 384.8 752.499 300 90
0 384.8 752.794 300 90
0 384.8 752.987 300 90
0 384.8 753.253 300 90
0 384.8 753.502 300 90
0 384.8 753.653 300 90
0 384.8 753.813 300 90
0 384.8 754.11 300 90
0 384.8 754.459 300 90
0 384.8 754.641 300 90
0 384.8 754.841 300 90
0 384.8 755.117 300 90
0 384.8 755.329 300 90
0 384.8 755.486 300 90
0 384.8 755.636 300 90
0 384.8 755.787 300 90
0 384.8 756.063 300 90
0 384.8 756.297 300 90
0 384.8 756.509 300 90
0 384.8 756.672 300 90
0 384.8 756.817 300 90
0 384.8 757.029 300 90
0 384.8 757.239 300 90
0 384.8 757.44 300 90
0 384.8 757.641 300 90
0 384.8 757.864 300 90
0 384.8 758.11 300 90
0 384.8 758.307 300 90
0 384.8 758.457 300 90
0 384.8 758.817 300 90
0 384.8 759.036 300 90
0 384.8 759.192 300 90
0 384.8 759.505 300 90
0 384.8 759.665 300 90
0 384.8 760.002 300 90
0 384.8 760.257 300 90
0 384.8 760.395 300 90
0 384.8 760.621 300 90
0 384.8 760.861 300 90
0 384.8 761.072 300 90
0 384.8 761.27 300 90
0 384.8 761.444 300 90
0 384.8 761.72 300 90
0 384.8 761.953 300 90
0 384.8 762.2 300 90
0 384.8 762.41 300 90
0 384.8 762.68 300 90
0 384.8 762.941 300 90
0 384.8 763.189 300 90
0 384.8 763.397 300 90
0 384.8 763.765 300 90
0 384.8 763.959 300 90
0 384.8 764.321 300 90
0 384.8 764.554 300 90
0 384.8 764.807 300 90
0 384.8 765.008 300 90
0 384.8 765.27 300 90
0 384.8 765.502 300 90
0 384.8 765.787 300 90
0 384.8 766.012 300 90
0 384.8 766.223 300 90
0 384.8 766.496 300 90
0 384.8 766.747 300 90
0 384.8 766.962 300 90
0 384.8 767.291 300 90
0 384.8 767.526 300 90
0 384.8 767.767 300 90
0 384.8 767.932 300 90
0 384.8 768.276 300 90
0 384.8 768.617 300 90
0 384.8 768.797 300 90
0 384.8 768.95 300 90
0 384.8 769.111 300 90
0 384.8 769.317 300 90
0 384.8 769.46 300 90
0 384.8 769.74 300 90
0 384.8 770.005 300 90
0 384.8 770.42 300 90
0 384.8 770.62 300 90
0 384.8 770.851 300 90
0 384.8 771.051 300 90
0 384.8 771.318 300 90
0 384.8 771.618 300 90
0 384.8 771.872 300 90
0 384.8 772.1 300 90
0 384.8 772.303 300 90
0 384.8 772.539 300 90
0 384.8 772.885 300 90
0 384.8 773.208 300 90
0 384.8 773.436 300 90
0 384.8 773.582 300 90
0 384.8 773.735 300 90
0 384.8 773.993 300 90
0 384.8 774.29 300 90
0 384.8 774.496 300 90
0 384.8 774.711 300 90
0 384.8 775.155 300 90
0 384.8 775.427 300 90
0 384.8 775.603 300 90
0 384.8 775.846 300 90
0 384.8 776.129 300 90
0 384.8 776.338 300 90
0 384.8 776.491 300 90
0 384.8 776.71 300 90
0 384.8 777.018 300 90
0 384.8 777.245 300 90
0 384.8 777.406 300 90
0 384.8 777.604 300 90
0 384.8 777.814 300 90
0 384.8 778.077 300 90
0 384.8 778.341 300 90
0 384.8 778.514 300 90
0 384.8 778.753 300 90
0 384.8 778.908 300 90
0 384.8 779.045 300 90
0 384.8 779.18 300 90
0 384.8 779.449 300 90
0 384.8 779.728 300 90
0 384.8 779.948 300 90
0 384.8 780.109 300 90
0 384.8 780.367 300 90
0 384.8 780.571 300 90
0 384.8 780.886 300 90
0 384.8 781.2 300 90
0 384.8 781.436 300 90
0 384.8 781.662 300 90
0 384.8 781.891 300 90
0 384.8 782.109 300 90
0 384.8 782.26 300 90
0 384.8 782.418 300 90
0 384.8 782.567 300 90
0 384.8 782.931 300 90
0 384.8 783.244 300 90
0 384.8 783.49 300 90
0 384.8 783.758 300 90
0 384.8 784.079 300 90
0 384.8 784.383 300 90
0 384.8 784.658 300 90
0 384.8 784.881 300 90
0 384.8 785.083 300 90
0 384.8 785.383 300 90
0 384.8 785.539 300 90
0 384.8 785.799 300 90
0 384.8 786.072 300 90
0 384.8 786.318 300 90
0 384.8 786.507 300 90
0 384.8 786.731 300 90
0 384.8 786.855 300 90
0 384.8 786.97 300 90
0 384.8 787.182 300 90
0 384.8 787.327 300 90
0 384.8 787.504 300 90
0 384.8 787.646 300 90
0 384.8 787.921 300 90
0 384.8 788.115 300 90
0 384.8 788.33 300 90
0 384.8 788.541 300 90
0 384.8 788.766 300 90
0 384.8 788.988 300 90
0 384.8 789.212 300 90
0 384.8 789.485 300 90
0 384.8 789.606 300 90
0 384.8 789.747 300 90
0 384.8 789.855 300 90
0 384.8 790.091 300 90
0 384.8 790.226 300 90
0 384.8 790.45 300 90
0 384.8 790.6 300 90
0 384.8 790.781 300 90
0 384.8 790.898 300 90
0 384.8 791.075 300 90
0 384.8 791.187 300 90
0 384.8 791.32 300 90
0 384.8 791.472 300 90
0 384.8 791.628 300 90
0 384.8 791.854 300 90
0 384.8 792.029 300 90
0 384.8 792.188 300 90
0 384.8 792.346 300 90
0 384.8 792.49 300 90
0 384.8 792.705 300 90
0 384.8 792.887 300 90
0 384.8 793.095 300 90
0 384.8 793.487 300 90
0 384.8 793.69 300 90
0 384.8 793.999 300 90
0 384.8 794.146 300 90
0 384.8 794.353 300 90
0 384.8 794.629 300 90
0 384.8 794.852 300 90
0 384.8 795.116 300 90
0 384.8 795.299 300 90
0 384.8 795.513 300 90
0 384.8 795.752 300 90
0 384.8 795.916 300 90
0 384.8 796.114 300 90
0 384.8 796.315 300 90
0 384.8 796.529 300 90
0 384.8 796.728 300 90
0 384.8 796.967 300 90
0 384.8 797.12 300 90
0 384.8 797.414 300 90
0 384.8 797.659 300 90
0 384.8 797.864 300 90
0 384.8 798.082 300 90
0 384.8 798.262 300 90
0 384.8 798.409 300 90
0 384.8 798.546 300 90
0 384.8 798.664 300 90
0 384.8 798.8 300 90
0 384.8 798.924 300 90
0 384.8 799.064 300 90
0 384.8 799.261 300 90
0 384.8 799.422 300 90
0 384.8 799.579 300 90
0 384.8 799.709 300 90
0 384.8 799.845 300 90
0 384.8 799.975 300 90
