39.013563 498.800000 498.800000
40.181972 498.800000 498.800000
41.416822 498.800000 498.800000
43.605898 498.800000 470.800000
45.978723 470.800000 470.800000
47.471767 470.800000 470.800000
48.953675 470.800000 470.800000
51.486384 470.800000 454.000000
53.966348 454.000000 454.000000
56.063440 454.000000 454.000000
57.868421 454.000000 454.000000
59.297181 454.000000 454.000000
60.785188 454.000000 454.000000
61.864310 454.000000 454.000000
63.111041 454.000000 454.000000
64.403166 454.000000 454.000000
65.827941 454.000000 454.000000
67.083355 454.000000 454.000000
68.584296 454.000000 454.000000
70.981392 454.000000 454.000000
72.712350 454.000000 454.000000
74.455319 454.000000 454.000000
75.860116 454.000000 454.000000
78.606802 454.000000 437.200000
81.102371 437.200000 437.200000
83.390925 437.200000 437.200000
85.853779 437.200000 420.400000
88.075775 420.400000 420.400000
90.053235 420.400000 420.400000
91.729574 420.400000 338.400000
93.174892 338.400000 338.400000
94.981075 338.400000 338.400000
96.619136 338.400000 291.600000
97.940385 291.600000 291.600000
99.848378 291.600000 291.600000
101.236199 291.600000 291.600000
102.333817 291.600000 291.600000
104.406438 291.600000 291.600000
106.712256 291.600000 291.600000
108.256151 291.600000 291.600000
109.385339 291.600000 291.600000
111.259838 291.600000 291.600000
112.265911 291.600000 291.600000
113.828763 291.600000 291.600000
115.522407 291.600000 282.400000
116.994829 282.400000 282.400000
118.870635 282.400000 282.400000
120.554281 282.400000 280.400000
122.098959 280.400000 280.400000
124.031266 280.400000 280.400000
125.392645 280.400000 280.400000
127.088216 280.400000 280.400000
128.416587 280.400000 280.400000
129.528599 280.400000 280.400000
130.558119 280.400000 280.400000
131.600413 280.400000 280.400000
133.450805 280.400000 280.400000
135.807632 280.400000 280.400000
137.203646 280.400000 280.400000
138.205760 280.400000 280.400000
139.307750 280.400000 280.400000
140.794487 280.400000 280.400000
142.426238 280.400000 280.400000
143.499303 280.400000 280.400000
145.572649 280.400000 280.400000
147.831845 280.400000 280.400000
149.303015 280.400000 280.400000
150.355318 280.400000 280.400000
151.436538 280.400000 280.400000
152.450694 280.400000 280.400000
154.082549 280.400000 280.400000
156.292846 280.400000 280.400000
157.659901 280.400000 274.800000
158.837606 274.800000 274.800000
160.457653 274.800000 274.800000
162.607837 274.800000 274.800000
164.676527 274.800000 274.800000
166.691309 274.800000 274.800000
168.663133 274.800000 274.800000
170.675669 274.800000 274.800000
172.642431 274.800000 274.800000
174.656492 274.800000 274.800000
176.657618 274.800000 274.800000
179.126249 274.800000 274.800000
181.111911 274.800000 274.800000
183.111335 274.800000 274.800000
185.116275 274.800000 274.800000
187.596340 274.800000 274.800000
188.793788 274.800000 274.800000
189.801484 274.800000 274.800000
191.591060 274.800000 274.800000
193.551385 274.800000 274.800000
195.621399 274.800000 274.800000
197.105385 274.800000 274.800000
198.111190 274.800000 274.800000
199.176726 274.800000 274.800000
200.294978 274.800000 274.800000
201.787951 274.800000 274.800000
203.193426 274.800000 274.800000
204.436154 274.800000 274.800000
206.013124 274.800000 274.800000
208.012162 274.800000 274.800000
210.071781 274.800000 274.800000
212.128996 274.800000 274.800000
213.343559 274.800000 274.800000
214.378309 274.800000 274.800000
216.016051 274.800000 274.800000
218.238755 274.800000 274.800000
219.521567 274.800000 274.800000
220.543887 274.800000 274.800000
222.156023 274.800000 274.800000
223.333855 274.800000 274.800000
224.877438 274.800000 274.800000
226.092961 274.800000 274.800000
227.129811 274.800000 274.800000
228.769901 274.800000 274.800000
231.074921 274.800000 274.800000
232.232815 274.800000 274.800000
233.449870 274.800000 274.800000
234.987730 274.800000 274.800000
236.126786 274.800000 274.800000
237.363548 274.800000 274.800000
238.899702 274.800000 274.800000
241.317386 274.800000 274.800000
243.218308 274.800000 274.800000
244.342832 274.800000 274.800000
245.351472 274.800000 274.800000
246.921851 274.800000 274.800000
249.031861 274.800000 274.800000
250.087150 274.800000 274.800000
251.490147 274.800000 274.800000
252.848740 274.800000 274.800000
253.956367 274.800000 274.800000
255.295400 274.800000 274.800000
256.508225 274.800000 274.800000
257.651722 274.800000 274.800000
259.203634 274.800000 274.800000
261.147009 274.800000 274.800000
263.187317 274.800000 274.800000
265.271710 274.800000 274.800000
267.294651 274.800000 274.800000
268.432660 274.800000 274.800000
269.784293 274.800000 274.800000
271.106536 274.800000 274.800000
272.131488 274.800000 274.800000
273.262714 274.800000 274.800000
274.841268 274.800000 274.800000
275.913319 274.800000 274.800000
276.936782 274.800000 274.800000
278.434982 274.800000 274.800000
279.750946 274.800000 274.800000
280.990617 274.800000 274.800000
282.580739 274.800000 274.800000
284.575418 274.800000 274.800000
285.672929 274.800000 274.800000
286.805324 274.800000 274.800000
288.414502 274.800000 274.800000
289.467534 274.800000 274.800000
290.641213 274.800000 274.800000
292.188043 274.800000 274.800000
294.151246 274.800000 274.800000
296.205624 274.800000 274.800000
327.317174 274.800000 504.400000
328.777888 274.800000 504.400000
330.247888 274.800000 416.800000
331.262574 274.800000 416.800000
332.275110 274.800000 416.800000
333.381656 274.800000 414.800000
334.753484 274.800000 414.800000
335.823840 274.800000 414.800000
337.990731 274.800000 414.800000
340.063997 274.800000 414.800000
341.326785 274.800000 388.800000
342.917024 274.800000 388.800000
344.388754 274.800000 364.400000
346.202510 274.800000 364.400000
347.439668 274.800000 364.400000
348.465749 274.800000 364.400000
350.384323 274.800000 364.400000
351.501267 274.800000 364.400000
352.984304 274.800000 364.400000
354.325351 274.800000 330.800000
355.447154 274.800000 330.800000
356.604153 274.800000 330.800000
357.759990 274.800000 330.800000
358.819919 274.800000 330.800000
359.896467 274.800000 330.800000
361.086198 274.800000 330.800000
362.139276 274.800000 330.800000
363.191702 274.800000 330.800000
365.256464 274.800000 330.800000
366.270359 274.800000 330.800000
367.797442 274.800000 330.800000
369.075171 274.800000 327.200000
370.217654 274.800000 327.200000
371.219887 274.800000 327.200000
373.304831 274.800000 327.200000
374.587229 274.800000 314.000000
377.045746 274.800000 314.000000
378.053501 274.800000 314.000000
379.650177 274.800000 314.000000
381.110804 274.800000 308.400000
383.014531 274.800000 308.400000
384.684218 274.800000 308.400000
385.757589 274.800000 308.400000
387.608277 274.800000 308.400000
389.268138 274.800000 308.400000
390.324344 274.800000 308.400000
392.175840 274.800000 308.400000
393.512529 274.800000 308.400000
394.582020 274.800000 308.400000
396.464348 274.800000 308.400000
397.907005 274.800000 304.800000
399.538841 274.800000 304.800000
400.656039 274.800000 304.800000
402.065943 274.800000 304.800000
403.466107 274.800000 304.800000
405.035661 274.800000 304.800000
406.058672 274.800000 304.800000
408.432515 274.800000 304.800000
409.759261 274.800000 304.800000
411.340967 274.800000 304.800000
413.692213 274.800000 304.800000
414.875142 274.800000 304.800000
415.897829 274.800000 304.800000
416.973347 274.800000 304.800000
418.383744 274.800000 304.800000
420.472530 274.800000 304.800000
421.665251 274.800000 304.800000
422.932691 274.800000 304.800000
424.486945 274.800000 304.800000
427.052509 274.800000 304.800000
428.290303 274.800000 304.800000
429.306845 274.800000 304.800000
431.528445 274.800000 304.800000
434.001848 274.800000 304.800000
436.532235 274.800000 304.800000
439.448812 274.800000 304.800000
442.029531 274.800000 304.800000
443.076133 274.800000 304.800000
445.256195 274.800000 304.800000
447.659329 274.800000 304.800000
449.760024 274.800000 304.800000
451.164864 274.800000 304.800000
452.213407 274.800000 304.800000
453.871771 274.800000 304.800000
456.271486 274.800000 304.800000
457.401572 274.800000 304.800000
458.425321 274.800000 304.800000
459.522316 274.800000 304.800000
460.613613 274.800000 304.800000
462.463217 274.800000 304.800000
464.660470 274.800000 304.800000
466.850580 274.800000 304.800000
468.959524 274.800000 304.800000
470.328128 274.800000 304.800000
471.377513 274.800000 304.800000
473.226378 274.800000 304.800000
474.471755 274.800000 304.800000
475.513315 274.800000 304.800000
477.105483 274.800000 304.800000
478.159868 274.800000 304.800000
479.280481 274.800000 304.800000
480.361437 274.800000 304.800000
482.280941 274.800000 304.800000
483.583707 274.800000 304.800000
484.667426 274.800000 304.800000
486.238486 274.800000 304.800000
488.468889 274.800000 304.800000
489.625780 274.800000 304.800000
490.673656 274.800000 304.800000
492.212653 274.800000 304.800000
493.220058 274.800000 304.800000
495.029409 274.800000 304.800000
496.378873 274.800000 304.800000
497.934809 274.800000 304.800000
498.935835 274.800000 304.800000
500.698536 274.800000 304.800000
502.821485 274.800000 304.800000
504.273152 274.800000 304.800000
505.291556 274.800000 304.800000
506.912023 274.800000 304.800000
509.118067 274.800000 304.800000
511.119469 274.800000 304.800000
512.345548 274.800000 304.800000
513.386259 274.800000 304.800000
514.912241 274.800000 304.800000
516.236336 274.800000 304.800000
517.254882 274.800000 304.800000
518.838454 274.800000 304.800000
520.975351 274.800000 304.800000
523.000042 274.800000 304.800000
524.124757 274.800000 304.800000
525.131850 274.800000 304.800000
526.907746 274.800000 304.800000
528.027336 274.800000 304.800000
529.048748 274.800000 304.800000
530.555679 274.800000 304.800000
532.226575 274.800000 304.800000
533.365666 274.800000 304.800000
534.865951 274.800000 304.800000
536.825146 274.800000 304.800000
568.257788 274.800000 504.400000
569.306480 274.800000 504.400000
570.574086 274.800000 504.400000
571.950128 274.800000 470.800000
573.808102 274.800000 470.800000
575.094726 274.800000 470.800000
576.485091 274.800000 470.800000
578.229363 274.800000 470.800000
579.624215 274.800000 470.800000
580.719877 274.800000 470.800000
582.131039 274.800000 470.800000
583.809372 274.800000 470.800000
585.287451 274.800000 470.800000
586.312755 274.800000 470.800000
588.169411 274.800000 470.800000
589.687663 274.800000 414.800000
591.500091 274.800000 414.800000
592.776173 274.800000 319.600000
594.025475 274.800000 319.600000
595.096058 274.800000 319.600000
596.601873 274.800000 319.600000
597.725329 274.800000 319.600000
599.300077 274.800000 319.600000
600.931408 274.800000 319.600000
602.064950 274.800000 319.600000
603.109744 274.800000 319.600000
605.346152 274.800000 319.600000
606.602824 274.800000 319.600000
608.152527 274.800000 319.600000
610.352950 274.800000 319.600000
611.645298 274.800000 319.600000
613.263782 274.800000 319.600000
614.933362 274.800000 319.600000
616.063425 274.800000 319.600000
617.382032 274.800000 319.600000
618.601708 274.800000 319.600000
620.085745 274.800000 319.600000
621.405474 274.800000 314.000000
623.138594 274.800000 314.000000
624.323314 274.800000 308.400000
625.719230 274.800000 308.400000
626.867803 274.800000 308.400000
628.676261 274.800000 308.400000
629.843147 274.800000 308.400000
631.445583 274.800000 308.400000
632.574100 274.800000 308.400000
634.105593 274.800000 308.400000
635.295977 274.800000 308.400000
636.322789 274.800000 308.400000
637.886804 274.800000 308.400000
639.216644 274.800000 308.400000
640.304460 274.800000 308.400000
641.851858 274.800000 308.400000
643.137521 274.800000 308.400000
644.662187 274.800000 308.400000
646.185856 274.800000 302.800000
648.555648 274.800000 302.800000
650.617716 274.800000 302.800000
651.988706 274.800000 302.800000
653.029344 274.800000 302.800000
655.329630 274.800000 302.800000
657.764299 274.800000 302.800000
659.219680 274.800000 302.800000
660.327112 274.800000 302.800000
661.975715 274.800000 302.800000
663.035173 274.800000 302.800000
664.134859 274.800000 302.800000
665.317311 274.800000 302.800000
667.788732 274.800000 302.800000
669.881794 274.800000 302.800000
671.008523 274.800000 302.800000
672.171413 274.800000 302.800000
673.787210 274.800000 302.800000
675.179926 274.800000 302.800000
676.284942 274.800000 302.800000
678.152183 274.800000 302.800000
680.186757 274.800000 302.800000
681.287848 274.800000 302.800000
682.379550 274.800000 302.800000
684.087411 274.800000 302.800000
685.327858 274.800000 302.800000
686.936663 274.800000 302.800000
689.247195 274.800000 302.800000
691.281997 274.800000 302.800000
692.444728 274.800000 302.800000
693.571858 274.800000 302.800000
695.440037 274.800000 302.800000
697.299432 274.800000 302.800000
699.317111 274.800000 302.800000
701.457669 274.800000 302.800000
703.449437 274.800000 302.800000
704.690798 274.800000 302.800000
705.803068 274.800000 302.800000
706.819454 274.800000 302.800000
708.422828 274.800000 302.800000
709.618097 274.800000 302.800000
711.146916 274.800000 302.800000
712.371556 274.800000 302.800000
713.858044 274.800000 302.800000
715.613593 274.800000 302.800000
716.763179 274.800000 302.800000
717.767314 274.800000 302.800000
719.541212 274.800000 302.800000
720.876545 274.800000 302.800000
722.339031 274.800000 302.800000
723.752472 274.800000 302.800000
724.928202 274.800000 302.800000
726.294377 274.800000 302.800000
727.905239 274.800000 302.800000
729.300011 274.800000 302.800000
730.968436 274.800000 302.800000
732.349174 274.800000 302.800000
734.686156 274.800000 302.800000
735.995570 274.800000 302.800000
737.056231 274.800000 302.800000
738.127322 274.800000 302.800000
739.256318 274.800000 302.800000
741.513085 274.800000 302.800000
742.665432 274.800000 302.800000
743.876176 274.800000 302.800000
745.462862 274.800000 302.800000
747.580490 274.800000 302.800000
748.899775 274.800000 302.800000
749.904899 274.800000 302.800000
751.617096 274.800000 302.800000
753.658557 274.800000 302.800000
755.593693 274.800000 302.800000
756.853254 274.800000 302.800000
758.094691 274.800000 302.800000
759.536409 274.800000 302.800000
760.644774 274.800000 302.800000
762.406224 274.800000 302.800000
793.065726 274.800000 498.800000
794.925234 274.800000 498.800000
796.140317 274.800000 405.600000
797.857550 274.800000 405.600000
798.933966 274.800000 398.000000
800.071185 274.800000 398.000000
