0.000347 71.200000 71.200000
1.000347 71.200000 71.200000
2.000347 71.200000 71.200000
3.000347 71.200000 71.200000
4.000348 71.200000 71.200000
5.000348 71.200000 71.200000
6.000350 71.200000 71.200000
7.000352 71.200000 71.200000
8.000356 71.200000 71.200000
9.000362 71.200000 71.200000
10.000362 71.200000 71.200000
11.000363 71.200000 71.200000
12.000364 71.200000 71.200000
13.000365 71.200000 71.200000
14.000369 71.200000 71.200000
15.000373 71.200000 71.200000
16.000373 71.200000 71.200000
17.000375 71.200000 71.200000
18.000376 71.200000 71.200000
19.000376 71.200000 71.200000
20.000376 71.200000 71.200000
21.000376 71.200000 71.200000
22.000376 71.200000 71.200000
23.000378 71.200000 71.200000
24.000403 71.200000 71.200000
25.000404 71.200000 71.200000
26.000431 71.200000 71.200000
27.000431 71.200000 71.200000
28.000434 71.200000 71.200000
29.000436 71.200000 71.200000
30.000437 71.200000 71.200000
31.000438 71.200000 71.200000
32.000438 71.200000 71.200000
33.000439 71.200000 71.200000
34.000441 71.200000 71.200000
35.000444 71.200000 71.200000
36.000445 71.200000 71.200000
37.000449 71.200000 71.200000
38.000453 71.200000 71.200000
39.000453 71.200000 71.200000
40.000453 71.200000 71.200000
41.000453 71.200000 71.200000
42.000453 71.200000 71.200000
43.000456 71.200000 71.200000
44.000456 71.200000 71.200000
45.000459 71.200000 71.200000
46.000459 71.200000 71.200000
47.000461 71.200000 71.200000
48.000464 71.200000 71.200000
49.000466 71.200000 71.200000
50.000466 71.200000 71.200000
51.000466 71.200000 71.200000
52.000466 71.200000 71.200000
53.000466 71.200000 71.200000
54.000468 71.200000 71.200000
55.000471 71.200000 71.200000
56.000472 71.200000 71.200000
57.000475 71.200000 71.200000
58.000475 71.200000 71.200000
59.000475 71.200000 71.200000
60.000475 71.200000 71.200000
61.000475 71.200000 71.200000
62.000475 71.200000 71.200000
63.000475 71.200000 71.200000
64.000476 71.200000 71.200000
65.000478 71.200000 71.200000
66.000481 71.200000 71.200000
67.000483 71.200000 71.200000
68.000483 71.200000 71.200000
69.000483 71.200000 71.200000
70.000483 71.200000 71.200000
71.000483 71.200000 71.200000
72.000497 71.200000 71.200000
73.000497 71.200000 71.200000
74.000497 71.200000 71.200000
75.000497 71.200000 71.200000
76.000497 71.200000 71.200000
77.000498 71.200000 71.200000
78.000498 71.200000 71.200000
79.000498 71.200000 71.200000
80.000498 71.200000 71.200000
81.000499 71.200000 71.200000
82.000499 71.200000 71.200000
83.000501 71.200000 71.200000
84.000503 71.200000 71.200000
85.000503 71.200000 71.200000
86.000506 71.200000 71.200000
87.000507 71.200000 71.200000
88.000509 71.200000 71.200000
89.000513 71.200000 71.200000
90.000514 71.200000 71.200000
91.000514 71.200000 71.200000
92.000515 71.200000 71.200000
93.000515 71.200000 71.200000
94.000519 71.200000 71.200000
95.000520 71.200000 71.200000
96.000520 71.200000 71.200000
97.000521 71.200000 71.200000
98.000521 71.200000 71.200000
99.000524 71.200000 71.200000
100.000524 71.200000 71.200000
101.000524 71.200000 71.200000
102.000525 71.200000 71.200000
103.000525 71.200000 71.200000
104.000530 71.200000 71.200000
105.000538 71.200000 71.200000
106.000539 71.200000 71.200000
107.000540 71.200000 71.200000
108.000541 71.200000 71.200000
109.000541 71.200000 71.200000
110.000544 71.200000 71.200000
111.000547 71.200000 71.200000
112.000547 71.200000 71.200000
113.000548 71.200000 71.200000
114.000548 71.200000 71.200000
115.000551 71.200000 71.200000
116.000552 71.200000 71.200000
117.000553 71.200000 71.200000
118.000553 71.200000 71.200000
119.000553 71.200000 71.200000
120.000602 71.200000 71.200000
121.000603 71.200000 71.200000
122.000603 71.200000 71.200000
123.000604 71.200000 71.200000
124.000607 71.200000 71.200000
125.000607 71.200000 71.200000
126.000607 71.200000 71.200000
127.000608 71.200000 71.200000
128.000609 71.200000 71.200000
129.000609 71.200000 71.200000
130.000610 71.200000 71.200000
131.000612 71.200000 71.200000
132.000614 71.200000 71.200000
133.000618 71.200000 71.200000
134.000618 71.200000 71.200000
135.000618 71.200000 71.200000
136.000619 71.200000 71.200000
137.000619 71.200000 71.200000
138.000619 71.200000 71.200000
139.000619 71.200000 71.200000
140.000622 71.200000 71.200000
141.000626 71.200000 71.200000
142.000631 71.200000 71.200000
143.000631 71.200000 71.200000
144.000631 71.200000 71.200000
145.000633 71.200000 71.200000
146.000633 71.200000 71.200000
147.000633 71.200000 71.200000
148.000637 71.200000 71.200000
149.000638 71.200000 71.200000
150.000640 71.200000 71.200000
151.000641 71.200000 71.200000
152.000644 71.200000 71.200000
153.000655 71.200000 71.200000
154.000659 71.200000 71.200000
155.000659 71.200000 71.200000
156.000659 71.200000 71.200000
157.000660 71.200000 71.200000
158.000664 71.200000 71.200000
159.000667 71.200000 71.200000
160.000667 71.200000 71.200000
161.000667 71.200000 71.200000
162.000667 71.200000 71.200000
163.000669 71.200000 71.200000
164.000669 71.200000 71.200000
165.000719 71.200000 71.200000
166.000719 71.200000 71.200000
167.000719 71.200000 71.200000
168.000720 71.200000 71.200000
169.000721 71.200000 71.200000
170.000723 71.200000 71.200000
171.000724 71.200000 71.200000
172.000725 71.200000 71.200000
173.000725 71.200000 71.200000
174.000726 71.200000 71.200000
175.000726 71.200000 71.200000
176.000726 71.200000 71.200000
177.000784 71.200000 71.200000
178.000784 71.200000 71.200000
179.000787 71.200000 71.200000
180.000789 71.200000 71.200000
181.000789 71.200000 71.200000
182.000790 71.200000 71.200000
183.000791 71.200000 71.200000
184.000791 71.200000 71.200000
185.000793 71.200000 71.200000
186.000793 71.200000 71.200000
187.000793 71.200000 71.200000
188.000793 71.200000 71.200000
189.000796 71.200000 71.200000
190.000796 71.200000 71.200000
191.000796 71.200000 71.200000
192.000797 71.200000 71.200000
193.000798 71.200000 71.200000
194.000798 71.200000 71.200000
195.000800 71.200000 71.200000
196.000802 71.200000 71.200000
197.000802 71.200000 71.200000
198.000824 71.200000 71.200000
199.000824 71.200000 71.200000
200.000824 71.200000 71.200000
201.000825 71.200000 71.200000
202.000825 71.200000 71.200000
203.000825 71.200000 71.200000
204.000828 71.200000 71.200000
205.000828 71.200000 71.200000
206.000828 71.200000 71.200000
207.000828 71.200000 71.200000
208.000831 71.200000 71.200000
209.000832 71.200000 71.200000
210.000836 71.200000 71.200000
211.000836 71.200000 71.200000
212.000839 71.200000 71.200000
213.000845 71.200000 71.200000
214.000845 71.200000 71.200000
215.000847 71.200000 71.200000
216.000847 71.200000 71.200000
217.000847 71.200000 71.200000
218.000847 71.200000 71.200000
219.000848 71.200000 71.200000
220.000848 71.200000 71.200000
221.000852 71.200000 71.200000
222.000852 71.200000 71.200000
223.000854 71.200000 71.200000
224.000856 71.200000 71.200000
225.000856 71.200000 71.200000
226.000856 71.200000 71.200000
227.000857 71.200000 71.200000
228.000859 71.200000 71.200000
229.000859 71.200000 71.200000
230.000859 71.200000 71.200000
231.000859 71.200000 71.200000
232.000861 71.200000 71.200000
233.000866 71.200000 71.200000
234.000866 71.200000 71.200000
235.000868 71.200000 71.200000
236.000868 71.200000 71.200000
237.000868 71.200000 71.200000
238.000868 71.200000 71.200000
239.000868 71.200000 71.200000
240.000870 71.200000 71.200000
241.000870 71.200000 71.200000
242.000873 71.200000 71.200000
243.000875 71.200000 71.200000
244.000875 71.200000 71.200000
245.000875 71.200000 71.200000
246.000878 71.200000 71.200000
247.000878 71.200000 71.200000
248.000878 71.200000 71.200000
249.000879 71.200000 71.200000
250.000882 71.200000 71.200000
251.000883 71.200000 71.200000
252.000883 71.200000 71.200000
253.000883 71.200000 71.200000
254.000884 71.200000 71.200000
255.000887 71.200000 71.200000
256.000888 71.200000 71.200000
257.000888 71.200000 71.200000
258.000888 71.200000 71.200000
259.000890 71.200000 71.200000
260.000890 71.200000 71.200000
261.000890 71.200000 71.200000
262.000891 71.200000 71.200000
263.000891 71.200000 71.200000
264.000891 71.200000 71.200000
265.000891 71.200000 71.200000
266.000893 71.200000 71.200000
267.000896 71.200000 71.200000
268.000896 71.200000 71.200000
269.000900 71.200000 71.200000
270.000903 71.200000 71.200000
271.000903 71.200000 71.200000
272.000903 71.200000 71.200000
273.000916 71.200000 71.200000
274.000917 71.200000 71.200000
275.000918 71.200000 71.200000
276.000922 71.200000 71.200000
277.000922 71.200000 71.200000
278.000922 71.200000 71.200000
279.000926 71.200000 71.200000
280.000927 71.200000 71.200000
281.000928 71.200000 71.200000
282.001052 71.200000 71.200000
283.001052 71.200000 71.200000
284.001056 71.200000 71.200000
285.001057 71.200000 71.200000
286.001058 71.200000 71.200000
287.001059 71.200000 71.200000
288.001060 71.200000 71.200000
289.001060 71.200000 71.200000
290.001061 71.200000 71.200000
291.001061 71.200000 71.200000
292.001061 71.200000 71.200000
293.001061 71.200000 71.200000
294.001118 71.200000 71.200000
295.001118 71.200000 71.200000
296.001153 71.200000 71.200000
297.001153 71.200000 71.200000
298.001153 71.200000 71.200000
299.001157 71.200000 71.200000
300.001157 71.200000 71.200000
301.001157 71.200000 71.200000
302.001160 71.200000 71.200000
303.001160 71.200000 71.200000
304.001164 71.200000 71.200000
305.001164 71.200000 71.200000
306.001164 71.200000 71.200000
307.001164 71.200000 71.200000
308.001167 71.200000 71.200000
309.001170 71.200000 71.200000
310.001207 71.200000 71.200000
311.001209 71.200000 71.200000
312.001210 71.200000 71.200000
313.001252 71.200000 71.200000
314.001254 71.200000 71.200000
315.001255 71.200000 71.200000
316.001255 71.200000 71.200000
317.001297 71.200000 71.200000
318.001297 71.200000 71.200000
319.001297 71.200000 71.200000
320.001297 71.200000 71.200000
321.001297 71.200000 71.200000
322.001297 71.200000 71.200000
323.001297 71.200000 71.200000
324.001297 71.200000 71.200000
325.001297 71.200000 71.200000
326.001300 71.200000 71.200000
327.001308 71.200000 71.200000
328.001308 71.200000 71.200000
329.001351 71.200000 71.200000
330.001354 71.200000 71.200000
331.001366 71.200000 71.200000
332.001366 71.200000 71.200000
333.001367 71.200000 71.200000
334.001368 71.200000 71.200000
335.001416 71.200000 71.200000
336.001417 71.200000 71.200000
337.001467 71.200000 71.200000
338.001469 71.200000 71.200000
339.001469 71.200000 71.200000
340.001469 71.200000 71.200000
341.001469 71.200000 71.200000
342.001469 71.200000 71.200000
343.001469 71.200000 71.200000
344.001469 71.200000 71.200000
345.001469 71.200000 71.200000
346.001469 71.200000 71.200000
347.001470 71.200000 71.200000
348.001470 71.200000 71.200000
349.001472 71.200000 71.200000
350.001476 71.200000 71.200000
351.001509 71.200000 71.200000
352.001509 71.200000 71.200000
353.001513 71.200000 71.200000
354.001513 71.200000 71.200000
355.001514 71.200000 71.200000
356.001514 71.200000 71.200000
357.001514 71.200000 71.200000
358.001514 71.200000 71.200000
359.001514 71.200000 71.200000
360.001518 71.200000 71.200000
361.001522 71.200000 71.200000
362.001524 71.200000 71.200000
363.001560 71.200000 71.200000
364.001564 71.200000 71.200000
365.001568 71.200000 71.200000
366.001572 71.200000 71.200000
367.001572 71.200000 71.200000
368.001574 71.200000 71.200000
369.001576 71.200000 71.200000
370.001576 71.200000 71.200000
371.001576 71.200000 71.200000
372.001577 71.200000 71.200000
373.001577 71.200000 71.200000
374.001579 71.200000 71.200000
375.001582 71.200000 71.200000
376.001583 71.200000 71.200000
377.001614 71.200000 71.200000
378.001614 71.200000 71.200000
379.001614 71.200000 71.200000
380.001616 71.200000 71.200000
381.001618 71.200000 71.200000
382.001619 71.200000 71.200000
383.001620 71.200000 71.200000
384.001624 71.200000 71.200000
385.001626 71.200000 71.200000
386.001627 71.200000 71.200000
387.001627 71.200000 71.200000
388.001636 71.200000 71.200000
389.001640 71.200000 71.200000
390.001640 71.200000 71.200000
391.001640 71.200000 71.200000
392.001641 71.200000 71.200000
393.001643 71.200000 71.200000
394.001643 71.200000 71.200000
395.001646 71.200000 71.200000
396.001647 71.200000 71.200000
397.001650 71.200000 71.200000
398.001653 71.200000 71.200000
399.001653 71.200000 71.200000
400.001654 71.200000 71.200000
401.001656 71.200000 71.200000
402.001656 71.200000 71.200000
403.001657 71.200000 71.200000
404.001657 71.200000 71.200000
405.001659 71.200000 71.200000
406.001661 71.200000 71.200000
407.001661 71.200000 71.200000
408.001661 71.200000 71.200000
409.001664 71.200000 71.200000
410.001664 71.200000 71.200000
411.001664 71.200000 71.200000
412.001664 71.200000 71.200000
413.001666 71.200000 71.200000
414.001666 71.200000 71.200000
415.001668 71.200000 71.200000
416.001671 71.200000 71.200000
417.001672 71.200000 71.200000
418.001672 71.200000 71.200000
419.001673 71.200000 71.200000
420.001673 71.200000 71.200000
421.001673 71.200000 71.200000
422.001673 71.200000 71.200000
423.001673 71.200000 71.200000
424.001674 71.200000 71.200000
425.001676 71.200000 71.200000
426.001677 71.200000 71.200000
427.001677 71.200000 71.200000
428.001679 71.200000 71.200000
429.001679 71.200000 71.200000
430.001679 71.200000 71.200000
431.001679 71.200000 71.200000
432.001679 71.200000 71.200000
433.001680 71.200000 71.200000
434.001681 71.200000 71.200000
435.001702 71.200000 71.200000
436.001702 71.200000 71.200000
437.001706 71.200000 71.200000
438.001710 71.200000 71.200000
439.001710 71.200000 71.200000
440.001710 71.200000 71.200000
441.001711 71.200000 71.200000
442.001714 71.200000 71.200000
443.001714 71.200000 71.200000
444.001714 71.200000 71.200000
445.001716 71.200000 71.200000
446.001716 71.200000 71.200000
447.001720 71.200000 71.200000
448.001720 71.200000 71.200000
449.001720 71.200000 71.200000
450.001722 71.200000 71.200000
451.001722 71.200000 71.200000
452.001723 71.200000 71.200000
453.001724 71.200000 71.200000
454.001728 71.200000 71.200000
455.001732 71.200000 71.200000
456.001736 71.200000 71.200000
457.001736 71.200000 71.200000
458.001736 71.200000 71.200000
459.001737 71.200000 71.200000
460.001737 71.200000 71.200000
461.001740 71.200000 71.200000
462.001744 71.200000 71.200000
463.001746 71.200000 71.200000
464.001769 71.200000 71.200000
465.001771 71.200000 71.200000
466.001774 71.200000 71.200000
467.001775 71.200000 71.200000
468.001779 71.200000 71.200000
469.001783 71.200000 71.200000
470.001784 71.200000 71.200000
471.001784 71.200000 71.200000
472.001790 71.200000 71.200000
473.001792 71.200000 71.200000
474.001792 71.200000 71.200000
475.001792 71.200000 71.200000
476.001792 71.200000 71.200000
477.001792 71.200000 71.200000
478.001793 71.200000 71.200000
479.001796 71.200000 71.200000
480.001796 71.200000 71.200000
481.001803 71.200000 71.200000
482.001804 71.200000 71.200000
483.001807 71.200000 71.200000
484.001808 71.200000 71.200000
485.001810 71.200000 71.200000
486.001814 71.200000 71.200000
487.001814 71.200000 71.200000
488.001814 71.200000 71.200000
489.001815 71.200000 71.200000
490.001816 71.200000 71.200000
491.001818 71.200000 71.200000
492.001818 71.200000 71.200000
493.001820 71.200000 71.200000
494.001823 71.200000 71.200000
495.001823 71.200000 71.200000
496.001830 71.200000 71.200000
497.001830 71.200000 71.200000
498.001869 71.200000 71.200000
499.001869 71.200000 71.200000
500.001870 71.200000 71.200000
501.001870 71.200000 71.200000
502.001870 71.200000 71.200000
503.001871 71.200000 71.200000
504.001874 71.200000 71.200000
505.001874 71.200000 71.200000
506.001874 71.200000 71.200000
507.001875 71.200000 71.200000
508.001875 71.200000 71.200000
509.001882 71.200000 71.200000
510.001882 71.200000 71.200000
511.001883 71.200000 71.200000
512.001884 71.200000 71.200000
513.001887 71.200000 71.200000
514.001887 71.200000 71.200000
515.001890 71.200000 71.200000
516.001890 71.200000 71.200000
517.001890 71.200000 71.200000
518.001893 71.200000 71.200000
519.001894 71.200000 71.200000
520.001947 71.200000 71.200000
521.001949 71.200000 71.200000
522.001950 71.200000 71.200000
523.001953 71.200000 71.200000
524.001967 71.200000 71.200000
525.002006 71.200000 71.200000
526.002006 71.200000 71.200000
527.002007 71.200000 71.200000
528.002007 71.200000 71.200000
529.002026 71.200000 71.200000
530.002026 71.200000 71.200000
531.002026 71.200000 71.200000
532.002030 71.200000 71.200000
533.002032 71.200000 71.200000
534.002034 71.200000 71.200000
535.002035 71.200000 71.200000
536.002036 71.200000 71.200000
537.002036 71.200000 71.200000
538.002036 71.200000 71.200000
539.002036 71.200000 71.200000
540.002036 71.200000 71.200000
541.002038 71.200000 71.200000
542.002038 71.200000 71.200000
543.002038 71.200000 71.200000
544.002042 71.200000 71.200000
545.002043 71.200000 71.200000
546.002045 71.200000 71.200000
547.002045 71.200000 71.200000
548.002045 71.200000 71.200000
549.002051 71.200000 71.200000
550.002053 71.200000 71.200000
551.002054 71.200000 71.200000
552.002055 71.200000 71.200000
553.002056 71.200000 71.200000
554.002058 71.200000 71.200000
555.002060 71.200000 71.200000
556.002060 71.200000 71.200000
557.002060 71.200000 71.200000
558.002062 71.200000 71.200000
559.002062 71.200000 71.200000
560.002062 71.200000 71.200000
561.002063 71.200000 71.200000
562.002063 71.200000 71.200000
563.002064 71.200000 71.200000
564.002067 71.200000 71.200000
565.002067 71.200000 71.200000
566.002071 71.200000 71.200000
567.002071 71.200000 71.200000
568.002073 71.200000 71.200000
569.002073 71.200000 71.200000
570.002076 71.200000 71.200000
571.002077 71.200000 71.200000
572.002077 71.200000 71.200000
573.002081 71.200000 71.200000
574.002130 71.200000 71.200000
575.002132 71.200000 71.200000
576.002134 71.200000 71.200000
577.002134 71.200000 71.200000
578.002134 71.200000 71.200000
579.002134 71.200000 71.200000
580.002135 71.200000 71.200000
581.002136 71.200000 71.200000
582.002136 71.200000 71.200000
583.002181 71.200000 71.200000
584.002182 71.200000 71.200000
585.002233 71.200000 71.200000
586.002233 71.200000 71.200000
587.002233 71.200000 71.200000
588.002237 71.200000 71.200000
589.002238 71.200000 71.200000
590.002240 71.200000 71.200000
591.002240 71.200000 71.200000
592.002240 71.200000 71.200000
593.002243 71.200000 71.200000
594.002246 71.200000 71.200000
595.002246 71.200000 71.200000
596.002249 71.200000 71.200000
597.002250 71.200000 71.200000
598.002250 71.200000 71.200000
599.002250 71.200000 71.200000
600.002251 71.200000 71.200000
601.002251 71.200000 71.200000
602.002254 71.200000 71.200000
603.002255 71.200000 71.200000
604.002258 71.200000 71.200000
605.002259 71.200000 71.200000
606.002259 71.200000 71.200000
607.002264 71.200000 71.200000
608.002264 71.200000 71.200000
609.002269 71.200000 71.200000
610.002269 71.200000 71.200000
611.002276 71.200000 71.200000
612.002277 71.200000 71.200000
613.002281 71.200000 71.200000
614.002284 71.200000 71.200000
615.002285 71.200000 71.200000
616.002288 71.200000 71.200000
617.002290 71.200000 71.200000
618.002296 71.200000 71.200000
619.002301 71.200000 71.200000
620.002302 71.200000 71.200000
621.002303 71.200000 71.200000
622.002303 71.200000 71.200000
623.002303 71.200000 71.200000
624.002369 71.200000 71.200000
625.002373 71.200000 71.200000
626.002374 71.200000 71.200000
627.002382 71.200000 71.200000
628.002384 71.200000 71.200000
629.002384 71.200000 71.200000
630.002386 71.200000 71.200000
631.002386 71.200000 71.200000
632.002387 71.200000 71.200000
633.002387 71.200000 71.200000
634.002387 71.200000 71.200000
635.002388 71.200000 71.200000
636.002393 71.200000 71.200000
637.002394 71.200000 71.200000
638.002394 71.200000 71.200000
639.002395 71.200000 71.200000
640.002397 71.200000 71.200000
641.002397 71.200000 71.200000
642.002397 71.200000 71.200000
643.002397 71.200000 71.200000
644.002400 71.200000 71.200000
645.002400 71.200000 71.200000
646.002401 71.200000 71.200000
647.002403 71.200000 71.200000
648.002407 71.200000 71.200000
649.002407 71.200000 71.200000
650.002411 71.200000 71.200000
651.002411 71.200000 71.200000
652.002416 71.200000 71.200000
653.002417 71.200000 71.200000
654.002418 71.200000 71.200000
655.002418 71.200000 71.200000
656.002418 71.200000 71.200000
657.002418 71.200000 71.200000
658.002420 71.200000 71.200000
659.002420 71.200000 71.200000
660.002421 71.200000 71.200000
661.002421 71.200000 71.200000
662.002421 71.200000 71.200000
663.002421 71.200000 71.200000
664.002421 71.200000 71.200000
665.002421 71.200000 71.200000
666.002422 71.200000 71.200000
667.002458 71.200000 71.200000
668.002460 71.200000 71.200000
669.002463 71.200000 71.200000
670.002463 71.200000 71.200000
671.002501 71.200000 71.200000
672.002504 71.200000 71.200000
673.002504 71.200000 71.200000
674.002504 71.200000 71.200000
675.002504 71.200000 71.200000
676.002504 71.200000 71.200000
677.002505 71.200000 71.200000
678.002509 71.200000 71.200000
679.002512 71.200000 71.200000
680.002515 71.200000 71.200000
681.002515 71.200000 71.200000
682.002518 71.200000 71.200000
683.002519 71.200000 71.200000
684.002519 71.200000 71.200000
685.002519 71.200000 71.200000
686.002519 71.200000 71.200000
687.002519 71.200000 71.200000
688.002519 71.200000 71.200000
689.002519 71.200000 71.200000
690.002522 71.200000 71.200000
691.002522 71.200000 71.200000
692.002523 71.200000 71.200000
693.002525 71.200000 71.200000
694.002528 71.200000 71.200000
695.002529 71.200000 71.200000
696.002533 71.200000 71.200000
697.002536 71.200000 71.200000
698.002537 71.200000 71.200000
699.002537 71.200000 71.200000
700.002539 71.200000 71.200000
701.002540 71.200000 71.200000
702.002540 71.200000 71.200000
703.002540 71.200000 71.200000
704.002540 71.200000 71.200000
705.002540 71.200000 71.200000
706.002543 71.200000 71.200000
707.002543 71.200000 71.200000
708.002544 71.200000 71.200000
709.002546 71.200000 71.200000
710.002548 71.200000 71.200000
711.002548 71.200000 71.200000
712.002548 71.200000 71.200000
713.002597 71.200000 71.200000
714.002598 71.200000 71.200000
715.002600 71.200000 71.200000
716.002601 71.200000 71.200000
717.002601 71.200000 71.200000
718.002602 71.200000 71.200000
719.002603 71.200000 71.200000
720.002605 71.200000 71.200000
721.002630 71.200000 71.200000
722.002630 71.200000 71.200000
723.002630 71.200000 71.200000
724.002632 71.200000 71.200000
725.002632 71.200000 71.200000
726.002635 71.200000 71.200000
727.002635 71.200000 71.200000
728.002635 71.200000 71.200000
729.002636 71.200000 71.200000
730.002638 71.200000 71.200000
731.002638 71.200000 71.200000
732.002638 71.200000 71.200000
733.002638 71.200000 71.200000
734.002640 71.200000 71.200000
735.002659 71.200000 71.200000
736.002661 71.200000 71.200000
737.002662 71.200000 71.200000
738.002662 71.200000 71.200000
739.002663 71.200000 71.200000
740.002665 71.200000 71.200000
741.002665 71.200000 71.200000
742.002711 71.200000 71.200000
743.002714 71.200000 71.200000
744.002764 71.200000 71.200000
745.002766 71.200000 71.200000
746.002768 71.200000 71.200000
747.002771 71.200000 71.200000
748.002772 71.200000 71.200000
749.002772 71.200000 71.200000
750.002774 71.200000 71.200000
751.002793 71.200000 71.200000
752.002794 71.200000 71.200000
753.002796 71.200000 71.200000
754.002827 71.200000 71.200000
755.002827 71.200000 71.200000
756.002828 71.200000 71.200000
757.002829 71.200000 71.200000
758.002829 71.200000 71.200000
759.002832 71.200000 71.200000
760.002835 71.200000 71.200000
761.002836 71.200000 71.200000
762.002837 71.200000 71.200000
763.002837 71.200000 71.200000
764.002837 71.200000 71.200000
765.002837 71.200000 71.200000
766.002837 71.200000 71.200000
767.002838 71.200000 71.200000
768.002838 71.200000 71.200000
769.002838 71.200000 71.200000
770.002844 71.200000 71.200000
771.002844 71.200000 71.200000
772.002845 71.200000 71.200000
773.002846 71.200000 71.200000
774.002847 71.200000 71.200000
775.002847 71.200000 71.200000
776.002851 71.200000 71.200000
777.002852 71.200000 71.200000
778.002852 71.200000 71.200000
779.002855 71.200000 71.200000
780.002856 71.200000 71.200000
781.002856 71.200000 71.200000
782.002856 71.200000 71.200000
783.002856 71.200000 71.200000
784.002856 71.200000 71.200000
785.002856 71.200000 71.200000
786.002858 71.200000 71.200000
787.002900 71.200000 71.200000
788.002900 71.200000 71.200000
789.002902 71.200000 71.200000
790.002902 71.200000 71.200000
791.002902 71.200000 71.200000
792.002902 71.200000 71.200000
793.002902 71.200000 71.200000
794.002903 71.200000 71.200000
795.002903 71.200000 71.200000
796.002904 71.200000 71.200000
797.002926 71.200000 71.200000
798.002929 71.200000 71.200000
799.002929 71.200000 71.200000
