0.018411 745.200000 745.200000
1.019472 409.200000 549.200000
2.020128 407.200000 426.000000
3.020229 407.200000 564.000000
4.021149 407.200000 431.600000
5.021415 407.200000 496.800000
6.021713 407.200000 446.400000
7.021802 407.200000 547.200000
8.022172 396.000000 526.800000
9.022283 396.000000 560.400000
10.022589 396.000000 424.000000
11.022972 396.000000 448.400000
12.023322 396.000000 480.000000
13.023351 396.000000 448.400000
14.024924 396.000000 773.200000
15.024998 396.000000 407.200000
16.025355 396.000000 502.400000
17.025462 396.000000 627.600000
18.025667 396.000000 521.200000
19.027062 396.000000 655.600000
20.028116 396.000000 655.600000
21.029315 396.000000 594.000000
22.030352 396.000000 521.200000
23.030651 396.000000 442.800000
24.031786 396.000000 588.400000
25.031879 396.000000 440.800000
26.032785 396.000000 508.000000
27.032912 396.000000 638.800000
28.033832 396.000000 418.400000
29.034037 396.000000 538.000000
30.034558 396.000000 496.800000
31.034718 396.000000 549.200000
32.036781 396.000000 513.600000
33.037166 396.000000 446.400000
34.039723 396.000000 655.600000
35.039863 396.000000 530.400000
36.040445 396.000000 543.600000
37.040787 396.000000 526.800000
38.040963 396.000000 491.200000
39.041301 396.000000 452.000000
40.041454 396.000000 403.600000
41.041686 396.000000 431.600000
42.041988 396.000000 407.200000
43.042039 396.000000 440.800000
44.042217 396.000000 468.800000
45.042288 396.000000 496.800000
46.042439 396.000000 560.400000
47.042957 396.000000 482.000000
48.044790 396.000000 577.200000
49.044937 396.000000 493.200000
50.052315 396.000000 767.600000
51.052718 396.000000 538.000000
52.052985 396.000000 491.200000
53.053666 396.000000 420.400000
54.053709 396.000000 412.800000
55.054444 396.000000 538.000000
56.054934 396.000000 524.800000
57.055107 396.000000 560.400000
58.055213 396.000000 468.800000
59.055453 396.000000 532.400000
60.055576 396.000000 412.800000
61.055752 396.000000 457.600000
62.055952 396.000000 496.800000
63.056760 396.000000 655.600000
64.057188 396.000000 482.000000
65.057289 396.000000 470.800000
66.057595 396.000000 412.800000
67.058392 396.000000 538.000000
68.058564 396.000000 491.200000
69.058638 396.000000 418.400000
70.058753 396.000000 454.000000
71.059509 396.000000 420.400000
72.059711 396.000000 554.800000
73.059858 396.000000 424.000000
74.060201 396.000000 418.400000
75.060210 396.000000 459.600000
76.064539 396.000000 767.600000
77.065193 396.000000 429.600000
78.065757 396.000000 446.400000
79.065788 396.000000 521.200000
80.066387 396.000000 468.800000
81.066603 396.000000 418.400000
82.067300 396.000000 418.400000
83.070397 396.000000 526.800000
84.070438 396.000000 549.200000
85.070554 396.000000 396.000000
86.070653 396.000000 549.200000
87.070709 396.000000 412.800000
88.071335 396.000000 482.000000
89.071628 396.000000 457.600000
90.072130 396.000000 661.200000
91.072181 396.000000 498.800000
92.073548 396.000000 558.400000
93.073885 396.000000 470.800000
94.074584 396.000000 554.800000
95.075765 396.000000 420.400000
96.075958 396.000000 487.600000
97.076525 396.000000 465.200000
98.076981 396.000000 515.600000
99.077664 396.000000 465.200000
100.079903 396.000000 650.000000
101.079952 396.000000 465.200000
102.080902 396.000000 452.000000
103.081310 396.000000 424.000000
104.081409 396.000000 577.200000
105.081637 396.000000 515.600000
106.081736 396.000000 465.200000
107.081814 396.000000 526.800000
108.082427 396.000000 532.400000
109.082609 396.000000 650.000000
110.083859 396.000000 457.600000
111.086289 396.000000 463.200000
112.086326 396.000000 440.800000
113.086908 396.000000 457.600000
114.087159 396.000000 412.800000
115.087613 396.000000 496.800000
116.087721 396.000000 452.000000
117.088437 396.000000 435.200000
118.088589 396.000000 536.000000
119.089394 396.000000 418.400000
120.089501 396.000000 412.800000
121.089644 396.000000 412.800000
122.089882 396.000000 508.000000
123.090967 396.000000 508.000000
124.091121 396.000000 582.800000
125.091538 396.000000 474.400000
126.092017 396.000000 582.800000
127.092319 396.000000 418.400000
128.094999 396.000000 468.800000
129.095499 396.000000 480.000000
130.095690 396.000000 577.200000
131.099546 396.000000 773.200000
132.099837 396.000000 429.600000
133.100144 396.000000 431.600000
134.100249 396.000000 480.000000
135.100506 396.000000 519.200000
136.100883 396.000000 446.400000
137.101662 396.000000 487.600000
138.101815 396.000000 566.000000
139.102146 396.000000 519.200000
140.102219 396.000000 412.800000
141.102328 396.000000 566.000000
142.102448 396.000000 482.000000
143.103339 396.000000 429.600000
144.103457 396.000000 485.600000
145.103618 396.000000 485.600000
146.103636 396.000000 431.600000
147.105037 396.000000 502.400000
148.105069 396.000000 446.400000
149.105107 396.000000 487.600000
150.105775 396.000000 442.800000
151.106498 396.000000 457.600000
152.107145 396.000000 424.000000
153.107546 396.000000 605.200000
154.107628 396.000000 437.200000
155.108204 396.000000 457.600000
156.108225 396.000000 418.400000
157.108747 396.000000 457.600000
158.108816 396.000000 446.400000
159.108909 396.000000 440.800000
160.110321 390.400000 440.800000
161.110700 390.400000 457.600000
162.110825 390.400000 510.000000
163.111564 390.400000 538.000000
164.112717 390.400000 465.200000
165.113991 390.400000 468.800000
166.115289 390.400000 496.800000
167.115956 390.400000 412.800000
168.116122 390.400000 457.600000
169.116685 390.400000 485.600000
170.116995 390.400000 493.200000
171.118138 390.400000 412.800000
172.118164 390.400000 582.800000
173.118544 390.400000 437.200000
174.119242 390.400000 468.800000
175.123606 390.400000 588.400000
176.125200 390.400000 767.600000
177.128389 390.400000 510.000000
178.128690 390.400000 521.200000
179.136646 390.400000 773.200000
180.136734 390.400000 476.400000
181.137400 390.400000 566.000000
182.137404 390.400000 521.200000
183.137635 390.400000 426.000000
184.138199 390.400000 526.800000
185.138822 390.400000 435.200000
186.139023 390.400000 666.800000
187.139153 390.400000 435.200000
188.139317 390.400000 454.000000
189.139559 390.400000 496.800000
190.140344 390.400000 407.200000
191.143506 390.400000 571.600000
192.144040 390.400000 513.600000
193.144163 390.400000 554.800000
194.145360 390.400000 526.800000
195.145724 390.400000 468.800000
196.145913 390.400000 442.800000
197.146540 390.400000 470.800000
198.146643 390.400000 465.200000
199.146715 390.400000 465.200000
200.146912 390.400000 530.400000
201.147219 390.400000 440.800000
202.147476 390.400000 532.400000
203.148056 390.400000 418.400000
204.148179 390.400000 508.000000
205.148474 390.400000 407.200000
206.149514 390.400000 526.800000
207.149633 390.400000 498.800000
208.149725 390.400000 424.000000
209.149835 390.400000 440.800000
210.150176 390.400000 407.200000
211.150269 390.400000 513.600000
212.150284 390.400000 485.600000
213.151248 390.400000 487.600000
214.153179 390.400000 468.800000
215.153624 390.400000 566.000000
216.154254 390.400000 452.000000
217.154650 390.400000 457.600000
218.156408 390.400000 536.000000
219.157052 390.400000 571.600000
220.161084 390.400000 480.000000
221.161407 390.400000 543.600000
222.161756 390.400000 463.200000
223.172541 390.400000 778.800000
224.173093 390.400000 407.200000
225.173322 390.400000 440.800000
226.174453 390.400000 463.200000
227.174640 390.400000 468.800000
228.175952 390.400000 463.200000
229.176064 390.400000 521.200000
230.176598 390.400000 543.600000
231.176967 390.400000 778.800000
232.177653 390.400000 577.200000
233.177782 390.400000 543.600000
234.178878 390.400000 491.200000
235.179298 390.400000 424.000000
236.179299 390.400000 496.800000
237.180231 390.400000 442.800000
238.180250 390.400000 465.200000
239.180704 390.400000 424.000000
240.181971 390.400000 468.800000
241.182344 390.400000 485.600000
242.183230 390.400000 672.400000
243.183395 390.400000 661.200000
244.183451 390.400000 474.400000
245.183468 390.400000 588.400000
246.183538 390.400000 474.400000
247.184064 390.400000 605.200000
248.184142 390.400000 493.200000
249.184496 390.400000 431.600000
250.185998 390.400000 448.400000
251.186790 390.400000 666.800000
252.187153 390.400000 418.400000
253.193249 390.400000 773.200000
254.194516 390.400000 599.600000
255.195298 390.400000 526.800000
256.195560 390.400000 560.400000
257.195741 390.400000 474.400000
258.195785 390.400000 767.600000
259.196293 390.400000 594.000000
260.197754 390.400000 582.800000
261.198167 390.400000 431.600000
262.198287 390.400000 459.600000
263.198953 390.400000 474.400000
264.199541 390.400000 526.800000
265.200143 390.400000 448.400000
266.203355 390.400000 504.400000
267.204063 390.400000 650.000000
268.204902 390.400000 487.600000
269.205369 390.400000 440.800000
270.205627 390.400000 429.600000
271.205966 390.400000 480.000000
272.207176 390.400000 510.000000
273.207434 390.400000 666.800000
274.208290 390.400000 448.400000
275.208407 390.400000 424.000000
276.208710 390.400000 480.000000
277.209455 390.400000 502.400000
278.209821 390.400000 435.200000
279.210033 390.400000 510.000000
280.210857 390.400000 463.200000
281.211363 390.400000 633.200000
282.211712 390.400000 493.200000
283.211823 390.400000 412.800000
284.212094 390.400000 502.400000
285.212887 390.400000 566.000000
286.213339 390.400000 414.800000
287.213954 390.400000 435.200000
288.213962 390.400000 502.400000
289.214885 390.400000 554.800000
290.214976 390.400000 560.400000
291.216079 390.400000 476.400000
292.216270 390.400000 435.200000
293.216656 390.400000 530.400000
294.216862 390.400000 412.800000
295.216991 390.400000 616.400000
296.217046 390.400000 407.200000
297.217618 390.400000 442.800000
298.217729 390.400000 554.800000
299.218172 390.400000 435.200000
300.220262 390.400000 655.600000
301.220402 390.400000 407.200000
302.220610 390.400000 474.400000
303.220646 390.400000 468.800000
304.220754 390.400000 566.000000
305.220974 390.400000 515.600000
306.221837 390.400000 412.800000
307.221920 390.400000 470.800000
308.222223 390.400000 412.800000
309.224166 390.400000 502.400000
310.224267 390.400000 418.400000
311.224371 390.400000 504.400000
312.225272 390.400000 666.800000
313.225933 390.400000 554.800000
314.226154 390.400000 513.600000
315.226432 390.400000 504.400000
316.227491 390.400000 412.800000
317.227616 390.400000 487.600000
318.227956 390.400000 519.200000
319.228734 390.400000 470.800000
320.228747 390.400000 429.600000
321.228785 390.400000 480.000000
322.229189 390.400000 485.600000
323.229984 390.400000 577.200000
324.230830 390.400000 538.000000
325.231756 390.400000 431.600000
326.232309 390.400000 429.600000
327.232335 390.400000 426.000000
328.232543 390.400000 666.800000
329.232783 390.400000 577.200000
330.233498 390.400000 442.800000
331.233965 390.400000 448.400000
332.233976 390.400000 412.800000
333.234232 390.400000 407.200000
334.234924 390.400000 532.400000
335.236476 390.400000 519.200000
336.236562 390.400000 650.000000
337.236716 390.400000 409.200000
338.237765 390.400000 524.800000
339.237960 390.400000 424.000000
340.238618 390.400000 627.600000
341.244800 390.400000 773.200000
342.244839 390.400000 485.600000
343.245567 390.400000 418.400000
344.245935 390.400000 571.600000
345.249377 390.400000 470.800000
346.249483 390.400000 429.600000
347.250106 390.400000 560.400000
348.250693 390.400000 496.800000
349.253397 390.400000 448.400000
350.253647 390.400000 515.600000
351.253864 390.400000 463.200000
352.254980 390.400000 582.800000
353.255336 390.400000 424.000000
354.256606 390.400000 577.200000
355.256637 390.400000 510.000000
356.256813 390.400000 468.800000
357.257835 390.400000 448.400000
358.258382 390.400000 577.200000
359.258397 390.400000 508.000000
360.259484 390.400000 582.800000
361.259517 390.400000 485.600000
362.259565 390.400000 485.600000
363.260880 390.400000 773.200000
364.260957 390.400000 485.600000
365.261002 390.400000 526.800000
366.261635 390.400000 407.200000
367.262176 390.400000 524.800000
368.262478 390.400000 504.400000
369.262933 390.400000 457.600000
370.262975 390.400000 418.400000
371.263001 390.400000 412.800000
372.263951 390.400000 440.800000
373.264411 390.400000 573.600000
374.264545 390.400000 414.800000
375.264867 390.400000 446.400000
376.265885 390.400000 446.400000
377.266355 390.400000 547.200000
378.266594 390.400000 463.200000
379.266859 390.400000 446.400000
380.266894 390.400000 508.000000
381.268274 390.400000 491.200000
382.268423 390.400000 532.400000
383.268914 390.400000 610.800000
384.270280 390.400000 454.000000
385.270678 390.400000 457.600000
386.270860 390.400000 457.600000
387.271473 390.400000 482.000000
388.272180 390.400000 468.800000
389.273309 390.400000 465.200000
390.273658 390.400000 470.800000
391.273730 390.400000 491.200000
392.274210 390.400000 457.600000
393.275113 390.400000 446.400000
394.275511 390.400000 560.400000
395.275570 390.400000 474.400000
396.275925 390.400000 543.600000
397.277669 390.400000 728.400000
398.277822 390.400000 773.200000
399.278076 390.400000 487.600000
400.278705 390.400000 463.200000
401.279983 390.400000 498.800000
402.280425 390.400000 526.800000
403.280742 390.400000 454.000000
404.281681 390.400000 424.000000
405.281777 390.400000 446.400000
406.282219 390.400000 493.200000
407.282507 390.400000 487.600000
408.282882 390.400000 474.400000
409.282984 390.400000 418.400000
410.282998 390.400000 538.000000
411.284038 390.400000 554.800000
412.285371 390.400000 543.600000
413.285875 390.400000 468.800000
414.286046 390.400000 412.800000
415.286788 390.400000 487.600000
416.287325 390.400000 452.000000
417.287739 390.400000 412.800000
418.288212 390.400000 463.200000
419.288620 390.400000 526.800000
420.288704 390.400000 549.200000
421.288879 390.400000 558.400000
422.289503 390.400000 487.600000
423.289722 390.400000 409.200000
424.290106 390.400000 409.200000
425.290398 390.400000 513.600000
426.291609 390.400000 582.800000
427.291704 390.400000 487.600000
428.293293 390.400000 418.400000
429.293823 390.400000 418.400000
430.294398 390.400000 470.800000
431.294520 390.400000 412.800000
432.294767 390.400000 521.200000
433.295212 390.400000 622.000000
434.295444 390.400000 491.200000
435.297846 390.400000 524.800000
436.298118 390.400000 426.000000
437.298138 390.400000 463.200000
438.299035 390.400000 661.200000
439.299128 390.400000 566.000000
440.299910 390.400000 767.600000
441.301719 390.400000 700.400000
442.302837 390.400000 474.400000
443.303265 390.400000 457.600000
444.303415 390.400000 470.800000
445.304282 390.400000 435.200000
446.304350 390.400000 418.400000
447.304403 390.400000 510.000000
448.304605 390.400000 424.000000
449.308589 390.400000 773.200000
450.308882 390.400000 418.400000
451.309133 390.400000 504.400000
452.309273 390.400000 487.600000
453.309593 390.400000 521.200000
454.309882 390.400000 440.800000
455.310251 390.400000 498.800000
456.310717 390.400000 745.200000
457.311217 390.400000 465.200000
458.311389 390.400000 543.600000
459.311712 390.400000 412.800000
460.311756 390.400000 541.600000
461.312455 390.400000 412.800000
462.316569 390.400000 773.200000
463.316587 390.400000 468.800000
464.316827 390.400000 412.800000
465.317876 390.400000 532.400000
466.318991 390.400000 420.400000
467.321528 390.400000 485.600000
468.322013 390.400000 429.600000
469.322248 390.400000 487.600000
470.322331 390.400000 549.200000
471.322795 390.400000 588.400000
472.323479 390.400000 418.400000
473.323672 390.400000 429.600000
474.323770 390.400000 435.200000
475.324029 390.400000 452.000000
476.324074 390.400000 407.200000
477.325584 390.400000 508.000000
478.325712 390.400000 554.800000
479.325835 390.400000 496.800000
480.326592 390.400000 446.400000
481.327367 390.400000 442.800000
482.328441 390.400000 543.600000
483.329065 390.400000 424.000000
484.329085 390.400000 459.600000
485.329611 390.400000 524.800000
486.330035 390.400000 496.800000
487.330059 390.400000 412.800000
488.330865 390.400000 655.600000
489.331126 390.400000 446.400000
490.331629 390.400000 577.200000
491.331656 390.400000 442.800000
492.332202 390.400000 504.400000
493.332458 390.400000 515.600000
494.332683 390.400000 418.400000
495.333194 390.400000 407.200000
496.333508 390.400000 414.800000
497.334107 390.400000 468.800000
498.334178 390.400000 463.200000
499.334486 390.400000 519.200000
500.334588 390.400000 666.800000
501.334796 390.400000 435.200000
502.335236 390.400000 457.600000
503.335681 390.400000 437.200000
504.336107 390.400000 465.200000
505.336294 390.400000 622.000000
506.336614 390.400000 482.000000
507.339744 390.400000 446.400000
508.340496 390.400000 412.800000
509.340506 390.400000 412.800000
510.340630 390.400000 476.400000
511.340914 390.400000 418.400000
512.341612 390.400000 616.400000
513.341812 390.400000 407.200000
514.342037 390.400000 418.400000
515.342138 390.400000 498.800000
516.342349 390.400000 414.800000
517.342405 390.400000 554.800000
518.343085 390.400000 452.000000
519.343238 390.400000 538.000000
520.343529 390.400000 470.800000
521.343883 390.400000 498.800000
522.344021 390.400000 496.800000
523.345112 390.400000 661.200000
524.345460 390.400000 470.800000
525.345714 390.400000 532.400000
526.346037 390.400000 672.400000
527.347288 390.400000 502.400000
528.347383 390.400000 532.400000
529.347560 390.400000 493.200000
530.348125 390.400000 457.600000
531.348200 390.400000 431.600000
532.348202 390.400000 577.200000
533.348604 390.400000 440.800000
534.348739 390.400000 476.400000
535.348797 390.400000 666.800000
536.349074 390.400000 571.600000
537.353696 390.400000 773.200000
538.353908 390.400000 429.600000
539.354595 390.400000 577.200000
540.355034 390.400000 440.800000
541.356052 390.400000 554.800000
542.356092 390.400000 470.800000
543.356187 390.400000 426.000000
544.358052 390.400000 599.600000
545.359198 390.400000 496.800000
546.359640 390.400000 470.800000
547.362507 390.400000 582.800000
548.362776 390.400000 424.000000
549.363482 390.400000 459.600000
550.363888 390.400000 435.200000
551.363942 390.400000 448.400000
552.364481 390.400000 582.800000
553.365468 390.400000 414.800000
554.365704 390.400000 571.600000
555.365993 390.400000 465.200000
556.366103 390.400000 508.000000
557.366171 390.400000 429.600000
558.366537 390.400000 463.200000
559.366617 390.400000 526.800000
560.366711 390.400000 412.800000
561.367004 390.400000 521.200000
562.367523 390.400000 661.200000
563.368479 390.400000 452.000000
564.369903 390.400000 493.200000
565.370459 390.400000 474.400000
566.371726 390.400000 463.200000
567.372844 390.400000 468.800000
568.373081 390.400000 521.200000
569.373123 390.400000 463.200000
570.373310 390.400000 496.800000
571.373382 390.400000 480.000000
572.373589 390.400000 474.400000
573.380388 390.400000 762.000000
574.380428 390.400000 599.600000
575.380941 390.400000 412.800000
576.381368 390.400000 407.200000
577.382133 390.400000 465.200000
578.382287 390.400000 414.800000
579.382995 390.400000 440.800000
580.383016 390.400000 571.600000
581.384027 390.400000 431.600000
582.384451 390.400000 426.000000
583.384560 390.400000 463.200000
584.385026 390.400000 513.600000
585.385957 390.400000 412.800000
586.387251 390.400000 560.400000
587.387719 390.400000 424.000000
588.389067 390.400000 661.200000
589.389184 390.400000 498.800000
590.389378 390.400000 485.600000
591.389441 390.400000 508.000000
592.390662 390.400000 536.000000
593.391357 390.400000 508.000000
594.391975 390.400000 480.000000
595.392195 390.400000 412.800000
596.393191 390.400000 401.600000
597.393203 390.400000 493.200000
598.393635 390.400000 571.600000
599.394206 390.400000 442.800000
600.394636 390.400000 571.600000
601.394961 390.400000 510.000000
602.396408 390.400000 491.200000
603.398936 390.400000 655.600000
604.400284 390.400000 554.800000
605.400829 390.400000 465.200000
606.401121 390.400000 627.600000
607.403176 390.400000 519.200000
608.403467 390.400000 429.600000
609.403856 390.400000 476.400000
610.404406 390.400000 435.200000
611.404913 390.400000 524.800000
612.410996 390.400000 767.600000
613.411228 390.400000 459.600000
614.411403 390.400000 474.400000
615.411586 390.400000 457.600000
616.411747 390.400000 504.400000
617.411866 390.400000 418.400000
618.412150 390.400000 429.600000
619.412206 390.400000 452.000000
620.412208 390.400000 504.400000
621.412524 390.400000 412.800000
622.413061 390.400000 502.400000
623.413121 390.400000 448.400000
624.413382 390.400000 468.800000
625.413475 390.400000 476.400000
626.413546 390.400000 435.200000
627.413569 390.400000 496.800000
628.414063 390.400000 459.600000
629.414419 390.400000 496.800000
630.414468 390.400000 661.200000
631.416230 390.400000 459.600000
632.417072 390.400000 554.800000
633.417393 390.400000 496.800000
634.417651 390.400000 426.000000
635.417680 390.400000 480.000000
636.417753 390.400000 412.800000
637.418068 390.400000 470.800000
638.419417 390.400000 424.000000
639.421785 390.400000 508.000000
640.422237 390.400000 437.200000
641.422846 390.400000 502.400000
642.422909 390.400000 452.000000
643.424990 390.400000 513.600000
644.426069 390.400000 437.200000
645.431367 390.400000 440.800000
646.431729 390.400000 610.800000
647.431962 390.400000 412.800000
648.432081 390.400000 454.000000
649.432086 390.400000 491.200000
650.434644 390.400000 502.400000
651.434769 390.400000 474.400000
652.436172 390.400000 454.000000
653.436274 390.400000 429.600000
654.436725 390.400000 435.200000
655.436955 390.400000 448.400000
656.437416 390.400000 493.200000
657.437627 390.400000 530.400000
658.437891 390.400000 412.800000
659.438349 390.400000 508.000000
660.438878 390.400000 554.800000
661.438933 390.400000 431.600000
662.439115 390.400000 429.600000
663.439423 390.400000 407.200000
664.439706 390.400000 549.200000
665.445185 390.400000 767.600000
666.445310 390.400000 424.000000
667.445602 390.400000 468.800000
668.446021 390.400000 577.200000
669.447221 390.400000 474.400000
670.448578 390.400000 519.200000
671.448707 390.400000 429.600000
672.450052 390.400000 510.000000
673.450333 390.400000 412.800000
674.451427 390.400000 480.000000
675.451546 390.400000 459.600000
676.452201 390.400000 515.600000
677.453704 390.400000 515.600000
678.454245 390.400000 412.800000
679.454360 390.400000 485.600000
680.454757 390.400000 530.400000
681.455285 390.400000 407.200000
682.455292 390.400000 519.200000
683.457296 390.400000 442.800000
684.457614 390.400000 407.200000
685.460134 390.400000 519.200000
686.460237 390.400000 426.000000
687.460484 390.400000 407.200000
688.460600 390.400000 470.800000
689.460803 390.400000 459.600000
690.460897 390.400000 485.600000
691.461134 390.400000 463.200000
692.462030 390.400000 521.200000
693.462182 390.400000 476.400000
694.462401 390.400000 429.600000
695.463340 390.400000 694.800000
696.469259 390.400000 773.200000
697.469271 390.400000 661.200000
698.469703 390.400000 508.000000
699.469882 390.400000 435.200000
700.470007 390.400000 493.200000
701.471481 390.400000 521.200000
702.472512 390.400000 610.800000
703.472632 390.400000 767.600000
704.473969 390.400000 463.200000
705.474169 390.400000 412.800000
706.474342 390.400000 470.800000
707.474376 390.400000 515.600000
708.477379 390.400000 396.000000
709.477533 390.400000 426.000000
710.478102 390.400000 420.400000
711.478452 390.400000 457.600000
712.479264 390.400000 491.200000
713.479310 390.400000 480.000000
714.480731 390.400000 418.400000
715.481108 390.400000 521.200000
716.481404 390.400000 412.800000
717.483008 390.400000 610.800000
718.485220 390.400000 409.200000
719.485524 390.400000 470.800000
720.492842 390.400000 767.600000
721.493077 390.400000 502.400000
722.493464 390.400000 459.600000
723.493729 390.400000 773.200000
724.493806 390.400000 610.800000
725.494149 390.400000 418.400000
726.494452 390.400000 480.000000
727.494481 390.400000 773.200000
728.494513 390.400000 610.800000
729.495119 390.400000 468.800000
730.495157 390.400000 412.800000
731.495162 390.400000 463.200000
732.495574 390.400000 435.200000
733.495725 390.400000 521.200000
734.495798 390.400000 521.200000
735.496451 390.400000 457.600000
736.496614 390.400000 582.800000
737.496936 390.400000 498.800000
738.499386 390.400000 435.200000
739.499410 390.400000 485.600000
740.499607 390.400000 412.800000
741.500090 390.400000 498.800000
742.500127 390.400000 448.400000
743.500324 390.400000 435.200000
744.500586 390.400000 554.800000
745.501125 390.400000 538.000000
746.501532 390.400000 418.400000
747.501693 390.400000 465.200000
748.502919 390.400000 487.600000
749.504382 390.400000 468.800000
750.504646 390.400000 655.600000
751.505017 390.400000 463.200000
752.506070 390.400000 521.200000
753.506204 390.400000 452.000000
754.508887 390.400000 435.200000
755.509728 390.400000 470.800000
756.510239 390.400000 431.600000
757.510513 390.400000 470.800000
758.510944 390.400000 448.400000
759.511308 390.400000 543.600000
760.511637 390.400000 446.400000
761.512842 390.400000 429.600000
762.512854 390.400000 412.800000
763.513340 390.400000 504.400000
764.513366 390.400000 496.800000
765.513443 390.400000 470.800000
766.514941 390.400000 424.000000
767.515218 390.400000 463.200000
768.515841 390.400000 454.000000
769.516108 390.400000 468.800000
770.516200 390.400000 463.200000
771.516563 390.400000 412.800000
772.516994 390.400000 560.400000
773.517280 390.400000 666.800000
774.517424 390.400000 526.800000
775.517861 390.400000 424.000000
776.518280 390.400000 504.400000
777.518330 390.400000 424.000000
778.518474 390.400000 474.400000
779.518641 390.400000 474.400000
780.518714 390.400000 493.200000
781.519061 390.400000 577.200000
782.519159 390.400000 412.800000
783.519185 390.400000 457.600000
784.519331 390.400000 496.800000
785.519412 390.400000 532.400000
786.519709 390.400000 510.000000
787.520231 390.400000 463.200000
788.521124 390.400000 480.000000
789.521253 390.400000 493.200000
790.522501 390.400000 536.000000
791.523229 390.400000 412.800000
792.523578 390.400000 446.400000
793.523631 390.400000 407.200000
794.523790 390.400000 457.600000
795.524017 390.400000 582.800000
796.524365 390.400000 582.800000
797.525052 390.400000 554.800000
798.526232 390.400000 459.600000
799.526616 390.400000 446.400000
