0.465974 581.200000 581.200000
1.472707 562.400000 562.400000
2.479734 433.600000 433.600000
3.547628 308.400000 308.400000
4.619287 308.400000 308.400000
5.631220 302.800000 297.200000
6.688567 291.600000 291.600000
7.729820 291.600000 291.600000
8.743115 291.600000 291.600000
9.743384 291.600000 291.600000
10.812180 291.600000 291.600000
11.814473 291.600000 568.000000
12.840593 291.600000 435.600000
13.891898 286.000000 286.000000
14.916274 280.400000 280.400000
15.926573 274.800000 274.800000
16.928305 274.800000 274.800000
17.936304 274.800000 274.800000
18.975231 274.800000 274.800000
19.976144 274.800000 274.800000
21.047927 274.800000 562.400000
22.058075 274.800000 332.800000
23.073339 274.800000 286.000000
24.075618 274.800000 280.400000
25.082135 274.800000 280.400000
26.091390 274.800000 280.400000
27.145895 274.800000 280.400000
28.154234 274.800000 280.400000
29.269576 274.800000 573.600000
30.283120 274.800000 291.600000
31.286639 274.800000 274.800000
32.330934 274.800000 274.800000
33.354765 274.800000 274.800000
34.363145 274.800000 274.800000
35.368753 274.800000 274.800000
36.380462 274.800000 579.200000
37.381202 274.800000 358.800000
38.420539 274.800000 302.800000
39.494915 274.800000 272.800000
40.531874 272.800000 272.800000
41.544548 272.800000 272.800000
42.599151 272.800000 272.800000
43.649479 272.800000 272.800000
44.657405 272.800000 272.800000
45.664602 272.800000 272.800000
46.688911 272.800000 272.800000
47.720569 272.800000 573.600000
48.743244 272.800000 353.200000
49.766475 272.800000 330.800000
50.853378 272.800000 302.800000
51.858909 272.800000 297.200000
52.916905 272.800000 280.400000
53.968258 269.200000 269.200000
54.977335 269.200000 269.200000
56.003659 269.200000 269.200000
57.013639 269.200000 269.200000
58.036798 269.200000 269.200000
59.039818 269.200000 269.200000
60.042318 269.200000 269.200000
61.067921 269.200000 269.200000
62.133588 269.200000 461.600000
63.197657 269.200000 372.000000
64.244155 269.200000 314.000000
65.312528 269.200000 291.600000
66.328113 269.200000 291.600000
67.345022 269.200000 291.600000
68.349444 269.200000 291.600000
69.410700 269.200000 291.600000
70.436712 269.200000 291.600000
71.459441 269.200000 291.600000
72.477496 269.200000 291.600000
73.523341 269.200000 495.200000
74.543230 269.200000 381.200000
75.551603 269.200000 308.400000
76.614574 269.200000 286.000000
77.625706 269.200000 286.000000
78.659794 269.200000 280.400000
79.698472 269.200000 280.400000
80.719004 269.200000 280.400000
81.720604 269.200000 280.400000
82.721021 269.200000 280.400000
83.746866 269.200000 573.600000
84.780463 269.200000 403.600000
85.797100 269.200000 302.800000
86.801516 269.200000 291.600000
87.816921 269.200000 272.800000
88.877831 269.200000 272.800000
89.942215 269.200000 269.200000
90.972378 269.200000 269.200000
91.984054 269.200000 269.200000
92.991889 269.200000 269.200000
93.991923 269.200000 269.200000
95.006880 269.200000 330.800000
96.036591 269.200000 286.000000
97.098014 269.200000 263.600000
98.107287 263.600000 263.600000
99.108679 263.600000 263.600000
100.132909 263.600000 263.600000
101.194037 263.600000 263.600000
102.201284 263.600000 263.600000
103.212937 263.600000 263.600000
104.327648 263.600000 573.600000
105.330742 263.600000 308.400000
106.338013 263.600000 280.400000
107.344274 263.600000 280.400000
108.353422 263.600000 269.200000
109.380074 263.600000 269.200000
110.406197 263.600000 269.200000
111.459085 263.600000 269.200000
112.460525 263.600000 269.200000
113.527031 263.600000 269.200000
114.578925 263.600000 568.000000
115.610198 263.600000 542.000000
116.654024 263.600000 314.000000
117.711716 263.600000 291.600000
118.717703 263.600000 286.000000
119.734767 263.600000 286.000000
120.745162 263.600000 286.000000
121.765481 263.600000 286.000000
122.776602 263.600000 286.000000
123.786584 263.600000 286.000000
124.929286 263.600000 584.800000
126.018517 263.600000 342.000000
127.024885 263.600000 297.200000
128.094753 263.600000 286.000000
129.102289 263.600000 286.000000
130.123810 261.600000 261.600000
131.135129 261.600000 261.600000
132.157930 261.600000 261.600000
133.222237 261.600000 261.600000
134.248798 261.600000 261.600000
135.334972 261.600000 579.200000
136.373819 261.600000 444.800000
137.429671 261.600000 291.600000
138.435618 261.600000 291.600000
139.437820 261.600000 274.800000
140.471162 261.600000 274.800000
141.471210 261.600000 269.200000
142.516113 261.600000 269.200000
143.575574 261.600000 269.200000
144.606373 261.600000 269.200000
145.633191 261.600000 269.200000
146.658624 261.600000 269.200000
147.715697 261.600000 584.800000
148.717917 261.600000 523.200000
149.723002 261.600000 316.000000
150.737299 261.600000 316.000000
151.778130 261.600000 280.400000
152.783220 261.600000 278.400000
153.802458 261.600000 278.400000
154.814256 261.600000 278.400000
155.826219 261.600000 278.400000
156.844980 261.600000 278.400000
157.977457 261.600000 573.600000
158.979584 261.600000 349.600000
160.004232 261.600000 308.400000
161.059043 261.600000 291.600000
162.123731 261.600000 280.400000
163.126060 261.600000 280.400000
164.134923 261.600000 280.400000
165.157449 261.600000 280.400000
166.166382 261.600000 280.400000
167.171412 261.600000 568.000000
168.203926 261.600000 297.200000
169.206885 261.600000 286.000000
170.209708 261.600000 286.000000
171.257932 261.600000 286.000000
172.267851 261.600000 416.800000
173.276082 261.600000 291.600000
174.326080 261.600000 274.800000
175.341056 261.600000 272.800000
176.368673 261.600000 272.800000
177.371896 261.600000 272.800000
178.408330 261.600000 272.800000
179.433643 261.600000 272.800000
180.446132 261.600000 573.600000
181.461699 261.600000 484.000000
182.462075 261.600000 302.800000
183.474201 261.600000 297.200000
184.504718 261.600000 297.200000
185.507526 261.600000 297.200000
186.540165 261.600000 573.600000
187.555465 261.600000 364.400000
188.576285 261.600000 314.000000
189.597789 261.600000 297.200000
190.608784 261.600000 297.200000
191.625168 261.600000 278.400000
192.629496 261.600000 278.400000
193.632098 261.600000 278.400000
194.663393 261.600000 278.400000
195.673443 261.600000 278.400000
196.677877 261.600000 278.400000
197.678695 261.600000 573.600000
198.699093 261.600000 444.800000
199.701532 261.600000 314.000000
200.708925 261.600000 286.000000
201.725245 261.600000 286.000000
202.732903 261.600000 286.000000
203.795303 261.600000 286.000000
204.815174 261.600000 286.000000
205.818874 261.600000 286.000000
206.830375 261.600000 489.600000
207.888649 261.600000 297.200000
208.897067 261.600000 274.800000
209.909420 261.600000 274.800000
210.912776 261.600000 274.800000
211.913230 261.600000 274.800000
212.919129 261.600000 274.800000
213.938815 261.600000 459.600000
214.948458 261.600000 297.200000
215.964435 261.600000 291.600000
216.974518 261.600000 280.400000
217.975078 261.600000 274.800000
218.980304 261.600000 272.800000
219.994526 261.600000 272.800000
220.995186 261.600000 272.800000
222.003804 261.600000 272.800000
223.018924 261.600000 272.800000
224.030971 261.600000 272.800000
225.048231 261.600000 570.000000
226.060393 261.600000 353.200000
227.065428 261.600000 297.200000
228.070711 261.600000 280.400000
229.073565 261.600000 274.800000
230.126200 261.600000 274.800000
231.130372 261.600000 274.800000
232.144412 261.600000 274.800000
233.264144 261.600000 573.600000
234.273824 261.600000 381.200000
235.274577 261.600000 297.200000
236.321034 261.600000 286.000000
237.339776 261.600000 274.800000
238.357374 261.600000 263.600000
239.364905 261.600000 263.600000
240.399797 261.600000 263.600000
241.399961 261.600000 263.600000
242.415628 261.600000 263.600000
243.457693 261.600000 568.000000
244.507984 261.600000 414.800000
245.518675 261.600000 302.800000
246.519424 261.600000 297.200000
247.526034 261.600000 291.600000
248.530606 261.600000 291.600000
249.534454 261.600000 291.600000
250.535249 261.600000 291.600000
251.546023 261.600000 291.600000
252.580720 261.600000 500.800000
253.631420 261.600000 319.600000
254.639940 261.600000 280.400000
255.641290 261.600000 274.800000
256.672962 261.600000 274.800000
257.737012 261.600000 274.800000
258.739417 261.600000 274.800000
259.754623 261.600000 274.800000
260.770563 261.600000 568.000000
261.790796 261.600000 342.000000
262.794295 261.600000 274.800000
263.804539 261.600000 274.800000
264.873919 258.000000 258.000000
265.895445 252.400000 252.400000
266.897743 252.400000 252.400000
267.899286 252.400000 252.400000
268.904499 252.400000 252.400000
269.908355 252.400000 252.400000
270.939725 252.400000 252.400000
271.940757 252.400000 568.000000
272.952442 252.400000 319.600000
273.954535 252.400000 302.800000
274.957106 252.400000 280.400000
275.964853 252.400000 274.800000
276.970943 252.400000 274.800000
277.993354 252.400000 274.800000
279.030116 252.400000 274.800000
280.044422 252.400000 274.800000
281.044738 252.400000 579.200000
282.055041 252.400000 342.000000
283.069616 252.400000 286.000000
284.104580 252.400000 286.000000
285.114431 252.400000 286.000000
286.127918 252.400000 286.000000
287.137490 252.400000 286.000000
288.160935 252.400000 573.600000
289.207598 252.400000 433.600000
290.224915 252.400000 319.600000
291.226221 252.400000 297.200000
292.226382 252.400000 291.600000
293.241625 252.400000 291.600000
294.244657 252.400000 291.600000
295.246788 252.400000 291.600000
296.248714 252.400000 291.600000
297.261613 252.400000 549.200000
298.306644 252.400000 347.600000
299.356862 252.400000 291.600000
300.357856 252.400000 291.600000
301.372978 252.400000 286.000000
302.383006 252.400000 286.000000
303.397911 252.400000 286.000000
304.399747 252.400000 286.000000
305.583208 252.400000 573.600000
306.595681 252.400000 330.800000
307.676938 252.400000 291.600000
308.688677 252.400000 284.000000
309.707932 252.400000 274.800000
310.711697 252.400000 274.800000
311.761554 252.400000 274.800000
312.777607 252.400000 274.800000
313.783411 252.400000 274.800000
314.792189 252.400000 274.800000
315.825006 252.400000 573.600000
316.833741 252.400000 456.000000
317.884293 252.400000 280.400000
318.898021 252.400000 274.800000
319.915329 252.400000 274.800000
320.920713 252.400000 274.800000
321.975983 252.400000 274.800000
323.111653 252.400000 581.200000
324.114637 252.400000 444.800000
325.119455 252.400000 358.800000
326.138525 252.400000 297.200000
327.167038 252.400000 269.200000
328.174960 252.400000 263.600000
329.189911 252.400000 263.600000
330.202158 252.400000 263.600000
331.261151 252.400000 263.600000
332.289498 252.400000 263.600000
333.307316 252.400000 512.000000
334.326179 252.400000 342.000000
335.339184 252.400000 286.000000
336.362793 252.400000 284.000000
337.365732 252.400000 284.000000
338.387921 252.400000 284.000000
339.406100 252.400000 284.000000
340.419296 252.400000 280.400000
341.432313 252.400000 280.400000
342.443621 252.400000 280.400000
343.504935 252.400000 280.400000
344.509489 252.400000 568.000000
345.537337 252.400000 344.000000
346.543840 252.400000 325.200000
347.544683 252.400000 302.800000
348.556455 252.400000 297.200000
349.587038 252.400000 272.800000
350.600470 252.400000 272.800000
351.659814 252.400000 272.800000
352.682656 252.400000 272.800000
353.692171 252.400000 584.800000
354.723779 252.400000 562.400000
355.745228 252.400000 467.200000
356.766091 252.400000 280.400000
357.767769 252.400000 269.200000
358.767782 252.400000 269.200000
359.779041 252.400000 269.200000
360.806750 252.400000 269.200000
361.836010 252.400000 269.200000
362.856834 252.400000 269.200000
363.873051 252.400000 269.200000
364.886030 252.400000 573.600000
365.897855 252.400000 325.200000
366.910240 252.400000 308.400000
367.960923 252.400000 291.600000
368.974937 252.400000 269.200000
370.000795 252.400000 263.600000
371.005843 252.400000 263.600000
372.010878 252.400000 263.600000
373.021492 252.400000 263.600000
374.155641 252.400000 640.800000
375.205079 252.400000 336.400000
376.219938 252.400000 291.600000
377.227425 252.400000 291.600000
378.267208 252.400000 258.000000
379.314165 252.400000 258.000000
380.328553 252.400000 258.000000
381.393761 252.400000 258.000000
382.410099 252.400000 258.000000
383.420107 252.400000 258.000000
384.434426 252.400000 495.200000
385.466780 252.400000 336.400000
386.497332 252.400000 286.000000
387.501976 252.400000 284.000000
388.569118 252.400000 284.000000
389.587958 252.400000 284.000000
390.594741 252.400000 284.000000
391.604907 252.400000 284.000000
392.611957 252.400000 284.000000
393.615441 252.400000 472.800000
394.623248 252.400000 355.200000
395.629367 252.400000 302.800000
396.641898 252.400000 297.200000
397.658666 252.400000 297.200000
398.671588 252.400000 297.200000
399.688732 252.400000 297.200000
400.693093 252.400000 297.200000
401.713347 252.400000 297.200000
402.737870 252.400000 568.000000
403.739821 252.400000 439.200000
404.751211 252.400000 302.800000
405.758858 252.400000 286.000000
406.801850 252.400000 286.000000
407.802949 252.400000 274.800000
408.825130 252.400000 274.800000
409.845978 252.400000 274.800000
410.875851 252.400000 274.800000
411.877410 252.400000 274.800000
412.904107 252.400000 274.800000
413.938874 252.400000 274.800000
414.975545 252.400000 353.200000
415.982667 252.400000 314.000000
417.042440 252.400000 297.200000
418.044435 252.400000 274.800000
419.059871 252.400000 274.800000
420.083120 252.400000 269.200000
421.103013 252.400000 269.200000
422.132293 252.400000 269.200000
423.137391 252.400000 269.200000
424.157493 252.400000 269.200000
425.161600 252.400000 269.200000
426.215375 252.400000 347.600000
427.260336 252.400000 291.600000
428.288119 252.400000 286.000000
429.304007 252.400000 263.600000
430.332652 252.400000 263.600000
431.351818 252.400000 263.600000
432.365139 252.400000 263.600000
433.369415 252.400000 263.600000
434.373577 252.400000 263.600000
435.432388 252.400000 573.600000
436.461033 252.400000 556.800000
437.479835 252.400000 325.200000
438.525077 252.400000 302.800000
439.532720 252.400000 302.800000
440.548936 252.400000 269.200000
441.555373 252.400000 267.200000
442.588364 252.400000 267.200000
443.600934 252.400000 267.200000
444.631527 252.400000 267.200000
445.635741 252.400000 342.000000
446.644704 252.400000 314.000000
447.653260 252.400000 280.400000
448.657716 252.400000 278.400000
449.691030 252.400000 278.400000
450.691958 252.400000 278.400000
451.731329 252.400000 278.400000
452.754380 252.400000 274.800000
453.755946 252.400000 274.800000
454.758119 252.400000 274.800000
455.762766 252.400000 274.800000
456.772665 252.400000 274.800000
457.788004 252.400000 568.000000
458.807072 252.400000 325.200000
459.822814 252.400000 274.800000
460.824264 252.400000 269.200000
461.834041 252.400000 269.200000
462.841201 252.400000 269.200000
464.038544 252.400000 581.200000
465.087957 252.400000 332.800000
466.091588 252.400000 274.800000
467.092871 252.400000 274.800000
468.097271 252.400000 269.200000
469.109051 252.400000 263.600000
470.138808 252.400000 261.600000
471.195357 252.400000 261.600000
472.224280 252.400000 261.600000
473.274268 252.400000 261.600000
474.476654 252.400000 579.200000
475.532346 252.400000 370.000000
476.532374 252.400000 364.400000
477.585727 252.400000 291.600000
478.633060 252.400000 274.800000
479.668570 252.400000 274.800000
480.678485 252.400000 274.800000
481.693941 252.400000 274.800000
482.726272 252.400000 274.800000
483.771760 252.400000 573.600000
484.812087 252.400000 431.600000
485.842309 252.400000 286.000000
486.881445 252.400000 280.400000
487.893285 252.400000 274.800000
488.924272 252.400000 274.800000
489.991185 252.400000 274.800000
491.029100 252.400000 274.800000
492.086448 252.400000 274.800000
493.092896 252.400000 568.000000
494.096148 252.400000 325.200000
495.097063 252.400000 269.200000
496.154463 252.400000 258.000000
497.184657 252.400000 258.000000
498.233047 252.400000 258.000000
499.258106 252.400000 258.000000
500.437012 252.400000 652.000000
501.464807 252.400000 330.800000
502.487557 252.400000 274.800000
503.498928 252.400000 274.800000
504.509851 252.400000 274.800000
505.532986 252.400000 274.800000
506.541959 252.400000 274.800000
507.542229 252.400000 274.800000
508.621836 252.400000 302.800000
509.639812 252.400000 302.800000
510.687441 252.400000 291.600000
511.695613 252.400000 286.000000
512.699696 252.400000 286.000000
513.769700 252.400000 284.000000
514.782710 252.400000 284.000000
515.785002 252.400000 284.000000
516.798529 252.400000 284.000000
517.810524 252.400000 284.000000
518.835846 252.400000 472.800000
519.892848 252.400000 319.600000
520.924076 252.400000 297.200000
521.943023 252.400000 286.000000
522.944958 252.400000 280.400000
523.987807 252.400000 278.400000
524.996074 252.400000 278.400000
526.004542 252.400000 278.400000
527.014368 252.400000 278.400000
528.032858 252.400000 278.400000
529.041422 252.400000 278.400000
530.110112 252.400000 573.600000
531.112731 252.400000 325.200000
532.123362 252.400000 308.400000
533.144635 252.400000 291.600000
534.149430 252.400000 286.000000
535.177937 252.400000 286.000000
536.201646 252.400000 286.000000
537.269425 252.400000 286.000000
538.270346 252.400000 286.000000
539.294622 252.400000 456.000000
540.357699 252.400000 308.400000
541.378715 252.400000 280.400000
542.380001 252.400000 278.400000
543.381463 252.400000 278.400000
544.393386 252.400000 278.400000
545.401739 252.400000 278.400000
546.416183 252.400000 278.400000
547.481739 252.400000 278.400000
548.502462 252.400000 489.600000
549.520150 252.400000 291.600000
550.533956 252.400000 284.000000
551.557549 252.400000 280.400000
552.570552 252.400000 280.400000
553.573489 252.400000 280.400000
554.594514 252.400000 280.400000
555.615216 252.400000 280.400000
556.625123 252.400000 573.600000
557.662676 252.400000 444.800000
558.704953 252.400000 291.600000
559.719548 252.400000 278.400000
560.722128 252.400000 272.800000
561.749876 252.400000 269.200000
562.760721 252.400000 269.200000
563.771254 252.400000 269.200000
564.788229 252.400000 269.200000
565.846429 252.400000 269.200000
566.887185 252.400000 584.800000
567.961615 252.400000 450.400000
568.972572 252.400000 297.200000
570.039606 252.400000 286.000000
571.060455 252.400000 280.400000
572.084507 252.400000 280.400000
573.097443 252.400000 280.400000
574.147240 252.400000 280.400000
575.172920 252.400000 280.400000
576.225294 252.400000 502.800000
577.230574 252.400000 297.200000
578.230607 252.400000 295.200000
579.263119 252.400000 280.400000
580.266086 252.400000 280.400000
581.324166 252.400000 261.600000
582.326778 252.400000 261.600000
583.338021 252.400000 261.600000
584.393136 252.400000 261.600000
585.393522 252.400000 261.600000
586.426905 252.400000 261.600000
587.462955 252.400000 571.600000
588.473520 252.400000 426.000000
589.484905 252.400000 353.200000
590.500064 252.400000 295.200000
591.507403 252.400000 291.600000
592.515808 252.400000 286.000000
593.526219 252.400000 286.000000
594.540730 252.400000 286.000000
595.555980 252.400000 286.000000
596.557227 252.400000 286.000000
597.568284 252.400000 573.600000
598.590636 252.400000 342.000000
599.598631 252.400000 297.200000
600.616670 252.400000 291.600000
601.618008 252.400000 263.600000
602.632694 252.400000 263.600000
603.638510 252.400000 263.600000
604.652638 252.400000 263.600000
605.665518 252.400000 263.600000
606.707019 252.400000 263.600000
607.729458 252.400000 330.800000
608.752979 252.400000 330.800000
609.782388 252.400000 308.400000
610.786991 252.400000 291.600000
611.797642 252.400000 291.600000
612.805162 252.400000 291.600000
613.822604 252.400000 291.600000
614.865037 252.400000 291.600000
615.890685 252.400000 291.600000
616.909613 252.400000 456.000000
617.914473 252.400000 302.800000
618.953640 252.400000 269.200000
619.957022 252.400000 267.200000
620.963305 252.400000 267.200000
622.025613 252.400000 263.600000
623.033770 252.400000 263.600000
624.049800 252.400000 263.600000
625.073012 252.400000 263.600000
626.149355 252.400000 263.600000
627.170151 252.400000 263.600000
628.321547 252.400000 584.800000
629.323099 252.400000 472.800000
630.330619 252.400000 325.200000
631.343472 252.400000 325.200000
632.358764 252.400000 280.400000
633.378828 252.400000 280.400000
634.409760 252.400000 274.800000
635.411836 252.400000 274.800000
636.411918 252.400000 274.800000
637.461686 252.400000 274.800000
638.730371 252.400000 581.200000
639.777056 252.400000 330.800000
640.784612 252.400000 330.800000
641.805531 252.400000 267.200000
642.813363 252.400000 267.200000
643.824147 252.400000 267.200000
644.828995 252.400000 267.200000
645.850942 252.400000 267.200000
646.852905 252.400000 579.200000
647.858737 252.400000 308.400000
648.897737 252.400000 280.400000
649.982502 252.400000 280.400000
650.986527 252.400000 252.400000
652.001532 246.800000 246.800000
653.056960 241.200000 241.200000
654.074169 241.200000 241.200000
655.088401 241.200000 241.200000
656.120567 241.200000 241.200000
657.128864 241.200000 241.200000
658.149473 241.200000 241.200000
659.168413 241.200000 573.600000
660.171026 241.200000 400.000000
661.226549 241.200000 302.800000
662.287201 241.200000 286.000000
663.327658 241.200000 286.000000
664.386840 241.200000 286.000000
665.394791 241.200000 286.000000
666.464499 241.200000 286.000000
667.474033 241.200000 568.000000
668.500175 241.200000 364.400000
669.513669 241.200000 314.000000
670.551964 241.200000 297.200000
671.627756 241.200000 286.000000
672.662599 241.200000 286.000000
673.674404 241.200000 286.000000
674.733859 241.200000 286.000000
675.746040 241.200000 286.000000
676.758434 241.200000 286.000000
677.786862 241.200000 286.000000
678.815228 241.200000 568.000000
679.867490 241.200000 314.000000
680.945978 241.200000 291.600000
681.952997 241.200000 291.600000
683.001276 241.200000 280.400000
684.002718 241.200000 280.400000
685.014636 241.200000 280.400000
686.050811 241.200000 274.800000
687.059331 241.200000 274.800000
688.075892 241.200000 274.800000
689.080433 241.200000 274.800000
690.127778 241.200000 274.800000
691.154718 241.200000 274.800000
692.167361 241.200000 274.800000
693.175105 241.200000 566.000000
694.196125 241.200000 551.200000
695.223264 241.200000 444.800000
696.236820 241.200000 364.400000
697.244217 241.200000 286.000000
698.269043 241.200000 274.800000
699.274508 241.200000 274.800000
700.307907 241.200000 274.800000
701.326432 241.200000 274.800000
702.361642 241.200000 274.800000
703.384212 241.200000 274.800000
704.394550 241.200000 575.600000
705.402338 241.200000 314.000000
706.439032 241.200000 291.600000
707.446614 241.200000 289.600000
708.468370 241.200000 286.000000
709.489453 241.200000 286.000000
710.516153 241.200000 286.000000
711.532480 241.200000 286.000000
712.539231 241.200000 286.000000
713.550707 241.200000 286.000000
714.622812 241.200000 409.200000
715.679420 241.200000 316.000000
716.691450 241.200000 291.600000
717.727026 241.200000 280.400000
718.761514 241.200000 272.800000
719.803506 241.200000 269.200000
720.805847 241.200000 269.200000
721.812990 241.200000 269.200000
722.824709 241.200000 269.200000
723.853707 241.200000 269.200000
724.862668 241.200000 269.200000
726.121499 241.200000 573.600000
727.152439 241.200000 484.000000
728.170177 241.200000 291.600000
729.172538 241.200000 291.600000
730.212079 241.200000 280.400000
731.238114 241.200000 280.400000
732.246849 241.200000 280.400000
733.264428 241.200000 280.400000
734.309539 241.200000 280.400000
735.359668 241.200000 280.400000
736.383298 241.200000 573.600000
737.420686 241.200000 472.800000
738.455026 241.200000 330.800000
739.459236 241.200000 274.800000
740.464251 241.200000 274.800000
741.482115 241.200000 274.800000
742.513002 241.200000 274.800000
743.547534 241.200000 274.800000
744.565967 241.200000 274.800000
745.611202 241.200000 646.400000
746.622460 241.200000 568.000000
747.693890 241.200000 302.800000
748.710440 241.200000 274.800000
749.721063 241.200000 274.800000
750.753450 241.200000 274.800000
751.784828 241.200000 274.800000
752.821054 241.200000 274.800000
753.885366 241.200000 568.000000
754.954606 241.200000 342.000000
755.954884 241.200000 325.200000
757.017274 241.200000 325.200000
758.029379 241.200000 274.800000
759.071699 241.200000 263.600000
760.095777 241.200000 263.600000
761.106207 241.200000 263.600000
762.114903 241.200000 263.600000
763.160266 241.200000 263.600000
764.180411 241.200000 263.600000
765.182621 241.200000 579.200000
766.191518 241.200000 411.200000
767.207677 241.200000 336.400000
768.243025 241.200000 314.000000
769.267871 241.200000 308.400000
770.334502 241.200000 297.200000
771.336416 241.200000 297.200000
772.337192 241.200000 297.200000
773.340405 241.200000 297.200000
774.367894 241.200000 297.200000
775.378466 241.200000 297.200000
776.394834 241.200000 584.800000
777.415573 241.200000 375.600000
778.442095 241.200000 316.000000
779.480423 241.200000 286.000000
780.482155 241.200000 284.000000
781.485858 241.200000 284.000000
782.510989 241.200000 284.000000
783.531389 241.200000 284.000000
784.560308 241.200000 284.000000
785.569019 241.200000 284.000000
786.574756 241.200000 573.600000
787.647331 241.200000 302.800000
788.651152 241.200000 297.200000
789.676100 241.200000 297.200000
790.697499 241.200000 291.600000
791.720688 241.200000 272.800000
792.739637 241.200000 272.800000
793.779157 241.200000 272.800000
794.789098 241.200000 272.800000
795.809605 241.200000 272.800000
796.834469 241.200000 579.200000
797.898735 241.200000 424.400000
798.906138 241.200000 291.600000
799.908357 241.200000 284.000000
