0.469165 596.000000 596.000000
1.490616 325.200000 325.200000
2.520254 302.800000 302.800000
3.534109 291.600000 291.600000
4.545834 274.800000 274.800000
5.549316 263.600000 263.600000
6.584460 263.600000 263.600000
7.591891 263.600000 263.600000
8.595902 263.600000 263.600000
9.600463 263.600000 263.600000
10.613706 263.600000 263.600000
11.629951 263.600000 263.600000
12.947928 263.600000 579.200000
14.003178 263.600000 448.400000
15.042244 263.600000 308.400000
16.054848 263.600000 274.800000
17.088560 263.600000 274.800000
18.154616 263.600000 274.800000
19.197345 263.600000 274.800000
20.197838 263.600000 274.800000
21.201496 263.600000 579.200000
22.222627 263.600000 349.600000
23.293859 263.600000 280.400000
24.321181 263.600000 280.400000
25.334177 263.600000 280.400000
26.350342 263.600000 280.400000
27.353867 263.600000 528.800000
28.383352 263.600000 314.000000
29.408828 263.600000 286.000000
30.412797 263.600000 286.000000
31.424482 263.600000 286.000000
32.446482 263.600000 286.000000
33.479587 263.600000 286.000000
34.686743 263.600000 579.200000
35.720767 263.600000 347.600000
36.759644 263.600000 308.400000
37.761447 263.600000 274.800000
38.779942 263.600000 263.600000
39.787972 263.600000 263.600000
40.800198 263.600000 263.600000
41.806566 263.600000 263.600000
42.810024 263.600000 263.600000
43.828688 263.600000 472.800000
44.844160 263.600000 308.400000
45.848152 263.600000 291.600000
46.860948 263.600000 286.000000
47.861151 263.600000 286.000000
48.872501 263.600000 286.000000
49.884639 263.600000 286.000000
50.922112 263.600000 280.400000
51.991204 263.600000 280.400000
53.008468 263.600000 280.400000
54.073875 263.600000 280.400000
55.075996 263.600000 484.000000
56.086729 263.600000 304.800000
57.117886 263.600000 274.800000
58.122035 263.600000 269.200000
59.127201 263.600000 269.200000
60.135731 263.600000 269.200000
61.136912 263.600000 269.200000
62.140386 263.600000 269.200000
63.147330 263.600000 573.600000
64.149344 263.600000 336.400000
65.156320 263.600000 321.600000
66.203609 263.600000 286.000000
67.204119 263.600000 286.000000
68.255875 263.600000 280.400000
69.263928 263.600000 280.400000
70.264669 263.600000 280.400000
71.267671 263.600000 280.400000
72.270122 263.600000 280.400000
73.270935 263.600000 512.000000
74.277553 263.600000 364.400000
75.320142 263.600000 308.400000
76.327843 263.600000 286.000000
77.394705 263.600000 286.000000
78.443015 263.600000 286.000000
79.451072 263.600000 286.000000
80.494006 263.600000 286.000000
81.504085 263.600000 405.600000
82.513095 263.600000 280.400000
83.516264 263.600000 280.400000
84.520086 263.600000 274.800000
85.524966 263.600000 274.800000
86.536158 263.600000 274.800000
87.542416 263.600000 274.800000
88.578961 263.600000 274.800000
89.646935 263.600000 325.200000
90.660914 263.600000 286.000000
91.716092 263.600000 274.800000
92.739468 252.400000 250.400000
93.800861 250.400000 250.400000
94.857342 250.400000 250.400000
95.870965 250.400000 250.400000
96.881650 250.400000 250.400000
97.942852 250.400000 601.600000
98.969781 250.400000 336.400000
100.008122 250.400000 286.000000
101.026272 250.400000 274.800000
102.040597 250.400000 269.200000
103.067313 250.400000 269.200000
104.075762 250.400000 269.200000
105.095355 250.400000 269.200000
106.107436 250.400000 269.200000
107.148322 250.400000 416.800000
108.204878 250.400000 366.400000
109.248483 250.400000 269.200000
110.259931 250.400000 267.200000
111.330867 250.400000 267.200000
112.338385 250.400000 267.200000
113.396671 250.400000 267.200000
114.402651 250.400000 579.200000
115.416079 250.400000 394.400000
116.419959 250.400000 344.000000
117.487861 250.400000 280.400000
118.504458 250.400000 278.400000
119.517549 250.400000 274.800000
120.519798 250.400000 274.800000
121.532617 250.400000 274.800000
122.561327 250.400000 274.800000
123.567499 250.400000 579.200000
124.578102 250.400000 461.600000
125.596649 250.400000 274.800000
126.604020 250.400000 263.600000
127.635896 250.400000 263.600000
128.644301 250.400000 263.600000
129.688265 250.400000 263.600000
130.698375 250.400000 263.600000
131.706654 250.400000 568.000000
132.708790 250.400000 355.200000
133.763929 250.400000 316.000000
134.777334 250.400000 280.400000
135.791456 250.400000 274.800000
136.811055 250.400000 274.800000
137.811354 250.400000 274.800000
138.826566 250.400000 274.800000
139.973095 250.400000 579.200000
140.990711 250.400000 398.000000
142.003620 250.400000 297.200000
143.004298 250.400000 269.200000
144.022626 250.400000 269.200000
145.033973 250.400000 269.200000
146.043584 250.400000 269.200000
147.072467 250.400000 269.200000
148.108597 250.400000 269.200000
149.134979 250.400000 383.200000
150.186622 250.400000 302.800000
151.197894 250.400000 297.200000
152.270305 250.400000 297.200000
153.272931 250.400000 297.200000
154.335335 250.400000 297.200000
155.380504 250.400000 297.200000
156.408968 250.400000 392.400000
157.442406 250.400000 364.400000
158.452823 250.400000 342.000000
159.471512 250.400000 274.800000
160.472353 250.400000 269.200000
161.474931 250.400000 269.200000
162.481851 250.400000 269.200000
163.495055 250.400000 269.200000
164.523001 250.400000 269.200000
165.528789 250.400000 506.400000
166.542480 250.400000 286.000000
167.563675 250.400000 286.000000
168.564194 250.400000 274.800000
169.564598 250.400000 269.200000
170.584777 250.400000 269.200000
171.590880 250.400000 269.200000
172.597968 250.400000 269.200000
173.606012 250.400000 596.000000
174.615297 250.400000 314.000000
175.622448 250.400000 314.000000
176.669315 250.400000 293.600000
177.701326 250.400000 288.000000
178.702534 250.400000 288.000000
179.711900 250.400000 288.000000
180.724448 250.400000 288.000000
181.744816 250.400000 288.000000
182.754325 250.400000 288.000000
183.810697 250.400000 568.000000
184.817793 250.400000 495.200000
185.838261 250.400000 274.800000
186.865058 250.400000 269.200000
187.885922 250.400000 263.600000
188.893773 250.400000 263.600000
189.911148 250.400000 263.600000
190.945290 250.400000 263.600000
191.949610 250.400000 263.600000
192.970301 250.400000 573.600000
194.020520 250.400000 314.000000
195.042442 250.400000 308.400000
196.063036 250.400000 291.600000
197.120872 250.400000 280.400000
198.153474 250.400000 280.400000
199.179490 250.400000 280.400000
200.180864 250.400000 280.400000
201.229567 250.400000 579.200000
202.233106 250.400000 444.800000
203.239928 250.400000 330.800000
204.244310 250.400000 286.000000
205.245176 250.400000 280.400000
206.251547 250.400000 278.400000
207.315629 250.400000 278.400000
208.327236 250.400000 278.400000
209.339360 250.400000 278.400000
210.401861 250.400000 568.000000
211.444773 250.400000 478.400000
212.446432 250.400000 302.800000
213.484587 250.400000 269.200000
214.489260 250.400000 261.600000
215.535218 250.400000 258.000000
216.597371 250.400000 258.000000
217.612320 250.400000 258.000000
218.615759 250.400000 258.000000
219.643868 250.400000 258.000000
220.658061 250.400000 258.000000
221.659917 250.400000 568.000000
222.710183 250.400000 372.000000
223.712709 250.400000 325.200000
224.749842 250.400000 308.400000
225.751087 250.400000 304.800000
226.755000 250.400000 304.800000
227.768787 250.400000 304.800000
228.770084 250.400000 304.800000
229.823200 250.400000 304.800000
230.855029 250.400000 304.800000
231.867689 250.400000 575.600000
232.870047 250.400000 478.400000
233.906288 250.400000 319.600000
234.970693 250.400000 286.000000
235.973082 250.400000 286.000000
236.981480 250.400000 286.000000
237.985260 250.400000 286.000000
239.046541 250.400000 286.000000
240.111568 250.400000 286.000000
241.123528 250.400000 286.000000
242.126207 250.400000 573.600000
243.135055 250.400000 448.400000
244.136931 250.400000 280.400000
245.141188 250.400000 274.800000
246.146803 250.400000 263.600000
247.188047 250.400000 263.600000
248.202571 250.400000 263.600000
249.219293 250.400000 263.600000
250.242918 250.400000 263.600000
251.319833 250.400000 556.800000
252.333226 250.400000 302.800000
253.347824 250.400000 302.800000
254.348197 250.400000 269.200000
255.348420 250.400000 263.600000
256.418150 250.400000 263.600000
257.450564 250.400000 263.600000
258.454235 250.400000 263.600000
259.617933 250.400000 575.600000
260.630175 250.400000 562.400000
261.630398 250.400000 336.400000
262.640364 250.400000 330.800000
263.704481 250.400000 291.600000
264.707801 250.400000 291.600000
265.714290 250.400000 291.600000
266.770604 250.400000 291.600000
267.789612 250.400000 291.600000
268.803893 250.400000 573.600000
269.855344 250.400000 353.200000
270.871860 250.400000 286.000000
271.890255 250.400000 280.400000
272.908801 250.400000 280.400000
273.934017 250.400000 280.400000
274.939056 250.400000 280.400000
275.939693 250.400000 280.400000
276.958867 250.400000 568.000000
277.981703 250.400000 319.600000
278.986827 250.400000 308.400000
280.028518 250.400000 272.800000
281.053738 250.400000 261.600000
282.067234 250.400000 261.600000
283.148276 250.400000 261.600000
284.166970 250.400000 261.600000
285.202521 250.400000 575.600000
286.211076 250.400000 375.600000
287.285417 250.400000 308.400000
288.302282 250.400000 297.200000
289.309302 250.400000 280.400000
290.327297 250.400000 280.400000
291.335231 250.400000 280.400000
292.364971 250.400000 278.400000
293.375927 250.400000 278.400000
294.390149 250.400000 278.400000
295.397093 250.400000 278.400000
296.456575 250.400000 278.400000
297.460630 250.400000 278.400000
298.476776 250.400000 278.400000
299.536922 250.400000 400.000000
300.584866 250.400000 330.800000
301.597125 250.400000 330.800000
302.598512 250.400000 280.400000
303.639767 250.400000 274.800000
304.639892 250.400000 274.800000
305.657114 250.400000 274.800000
306.675527 250.400000 274.800000
307.686763 250.400000 274.800000
308.726543 250.400000 274.800000
309.740833 250.400000 353.200000
310.751155 250.400000 330.800000
311.759940 250.400000 284.000000
312.833304 250.400000 269.200000
313.847705 250.400000 267.200000
314.852132 250.400000 267.200000
315.859560 250.400000 267.200000
316.882344 250.400000 267.200000
317.896735 250.400000 267.200000
318.901829 250.400000 267.200000
319.966764 250.400000 568.000000
320.981852 250.400000 302.800000
321.997397 250.400000 302.800000
323.033640 250.400000 286.000000
324.052513 250.400000 274.800000
325.092271 250.400000 269.200000
326.101745 250.400000 269.200000
327.140226 250.400000 269.200000
328.142236 250.400000 269.200000
329.154256 250.400000 579.200000
330.169000 250.400000 562.400000
331.173394 250.400000 366.400000
332.178564 250.400000 353.200000
333.219798 250.400000 286.000000
334.278392 250.400000 286.000000
335.304068 250.400000 274.800000
336.367078 250.400000 274.800000
337.405724 250.400000 274.800000
338.473039 250.400000 274.800000
339.491908 250.400000 274.800000
340.537042 250.400000 579.200000
341.567334 250.400000 353.200000
342.584317 250.400000 325.200000
343.585159 250.400000 297.200000
344.652891 250.400000 286.000000
345.657645 250.400000 272.800000
346.666792 250.400000 272.800000
347.701454 250.400000 272.800000
348.711185 250.400000 272.800000
349.719892 250.400000 568.000000
350.731957 250.400000 428.000000
351.736825 250.400000 308.400000
352.799414 250.400000 297.200000
353.815595 250.400000 291.600000
354.823733 250.400000 291.600000
355.836745 250.400000 291.600000
356.905794 250.400000 291.600000
358.042164 250.400000 573.600000
359.052846 250.400000 439.200000
360.069214 250.400000 386.800000
361.070182 250.400000 342.000000
362.076039 250.400000 280.400000
363.135320 250.400000 280.400000
364.138090 250.400000 280.400000
365.174043 250.400000 280.400000
366.180935 250.400000 280.400000
367.234403 250.400000 280.400000
368.264418 250.400000 562.400000
369.318466 250.400000 319.600000
370.345583 250.400000 269.200000
371.348795 250.400000 263.600000
372.362479 250.400000 263.600000
373.405697 250.400000 261.600000
374.470551 250.400000 261.600000
375.496302 250.400000 261.600000
376.525979 250.400000 261.600000
377.536408 250.400000 261.600000
378.548312 250.400000 573.600000
379.561932 250.400000 366.400000
380.591549 250.400000 319.600000
381.603443 250.400000 291.600000
382.605502 250.400000 286.000000
383.672292 250.400000 286.000000
384.925728 250.400000 596.000000
385.969783 250.400000 512.000000
386.994135 250.400000 308.400000
388.028261 250.400000 280.400000
389.037780 250.400000 269.200000
390.081916 250.400000 269.200000
391.088637 250.400000 269.200000
392.093613 250.400000 269.200000
393.096643 250.400000 269.200000
394.108204 250.400000 472.800000
395.124416 250.400000 308.400000
396.145784 250.400000 286.000000
397.174754 250.400000 286.000000
398.186933 250.400000 286.000000
399.194332 250.400000 286.000000
400.197459 250.400000 573.600000
401.197891 250.400000 336.400000
402.215561 250.400000 295.200000
403.223808 250.400000 291.600000
404.235889 250.400000 286.000000
405.239084 250.400000 286.000000
406.295703 250.400000 286.000000
407.318551 250.400000 286.000000
408.560706 250.400000 579.200000
409.572197 250.400000 325.200000
410.578469 250.400000 291.600000
411.582821 250.400000 280.400000
412.588061 250.400000 274.800000
413.606366 250.400000 274.800000
414.611644 250.400000 274.800000
415.622481 250.400000 274.800000
416.626927 250.400000 274.800000
417.652864 250.400000 573.600000
418.675509 250.400000 364.400000
419.679647 250.400000 291.600000
420.713728 250.400000 280.400000
421.716082 250.400000 280.400000
422.719545 250.400000 280.400000
423.726087 250.400000 280.400000
424.752945 250.400000 280.400000
425.753559 250.400000 280.400000
426.757703 250.400000 280.400000
427.758678 250.400000 573.600000
428.775924 250.400000 394.400000
429.778357 250.400000 360.800000
430.843058 250.400000 280.400000
431.843757 250.400000 280.400000
432.887409 250.400000 280.400000
433.893977 250.400000 280.400000
435.109990 250.400000 579.200000
436.150687 250.400000 291.600000
437.190010 250.400000 284.000000
438.220479 250.400000 263.600000
439.239926 250.400000 263.600000
440.240977 250.400000 263.600000
441.275407 250.400000 263.600000
442.282678 250.400000 573.600000
443.305756 250.400000 308.400000
444.325423 250.400000 289.600000
445.338116 250.400000 278.400000
446.338560 250.400000 278.400000
447.341926 250.400000 278.400000
448.411941 250.400000 278.400000
449.421688 250.400000 278.400000
450.450067 250.400000 556.800000
451.497034 250.400000 325.200000
452.504717 250.400000 286.000000
453.519994 250.400000 274.800000
454.527223 250.400000 274.800000
455.579006 250.400000 274.800000
456.583197 250.400000 274.800000
457.598398 250.400000 274.800000
458.612476 250.400000 528.800000
459.618428 250.400000 297.200000
460.677934 250.400000 286.000000
461.681732 250.400000 274.800000
462.683066 250.400000 272.800000
463.697516 250.400000 272.800000
464.716221 250.400000 272.800000
465.721231 250.400000 272.800000
466.729970 250.400000 575.600000
467.777091 250.400000 375.600000
468.780355 250.400000 319.600000
469.781926 250.400000 286.000000
470.810018 250.400000 280.400000
471.822557 250.400000 280.400000
472.825192 250.400000 280.400000
473.962418 250.400000 573.600000
474.984667 250.400000 314.000000
475.988330 250.400000 280.400000
477.038268 250.400000 263.600000
478.086878 250.400000 263.600000
479.091488 250.400000 263.600000
480.121094 250.400000 263.600000
481.146521 250.400000 263.600000
482.373696 250.400000 579.200000
483.437202 250.400000 358.800000
484.486643 250.400000 302.800000
485.511538 250.400000 291.600000
486.514680 250.400000 261.600000
487.515998 250.400000 261.600000
488.521658 250.400000 261.600000
489.554852 250.400000 261.600000
490.572427 250.400000 261.600000
491.610038 250.400000 570.000000
492.673120 250.400000 308.400000
493.719943 250.400000 297.200000
494.739956 250.400000 256.000000
495.750002 250.400000 252.400000
496.781029 250.400000 252.400000
497.791894 250.400000 252.400000
498.800723 250.400000 252.400000
499.803236 250.400000 252.400000
500.807286 250.400000 467.200000
501.808937 250.400000 280.400000
502.812748 250.400000 267.200000
503.820410 250.400000 267.200000
504.885621 250.400000 263.600000
505.927594 250.400000 263.600000
506.953745 250.400000 263.600000
508.003314 250.400000 263.600000
509.007344 250.400000 579.200000
510.030461 250.400000 360.800000
511.030727 250.400000 280.400000
512.031835 250.400000 269.200000
513.037057 250.400000 269.200000
514.083021 250.400000 269.200000
515.111070 250.400000 269.200000
516.126830 250.400000 269.200000
517.190768 250.400000 269.200000
518.190982 250.400000 568.000000
519.193487 250.400000 372.000000
520.196368 250.400000 286.000000
521.217819 250.400000 280.400000
522.232911 250.400000 280.400000
523.258144 250.400000 280.400000
524.301867 250.400000 280.400000
525.315473 250.400000 280.400000
526.317477 250.400000 280.400000
527.319582 250.400000 472.800000
528.336641 250.400000 472.800000
529.341495 250.400000 314.000000
530.363226 250.400000 308.400000
531.415716 250.400000 308.400000
532.443760 250.400000 308.400000
533.505642 250.400000 308.400000
534.523494 250.400000 308.400000
535.534606 250.400000 308.400000
536.543834 250.400000 562.400000
537.548378 250.400000 319.600000
538.584972 250.400000 278.400000
539.587938 250.400000 278.400000
540.606725 250.400000 274.800000
541.622477 250.400000 274.800000
542.634196 250.400000 274.800000
543.675433 250.400000 274.800000
544.678476 250.400000 573.600000
545.692295 250.400000 338.400000
546.752352 250.400000 302.800000
547.770073 250.400000 286.000000
548.832718 250.400000 284.000000
549.835842 250.400000 284.000000
550.843941 250.400000 284.000000
551.905052 250.400000 284.000000
552.935969 250.400000 284.000000
554.185688 250.400000 579.200000
555.186758 250.400000 478.400000
556.190343 250.400000 314.000000
557.206872 250.400000 297.200000
558.228255 250.400000 291.600000
559.240948 250.400000 286.000000
560.242007 250.400000 286.000000
561.242353 250.400000 286.000000
562.312791 250.400000 286.000000
563.375139 250.400000 562.400000
564.378940 250.400000 366.400000
565.383042 250.400000 263.600000
566.392104 250.400000 252.400000
567.399834 250.400000 252.400000
568.407257 250.400000 252.400000
569.480619 250.400000 252.400000
570.483951 250.400000 252.400000
571.494716 250.400000 551.200000
572.496631 250.400000 308.400000
573.497634 250.400000 291.600000
574.515606 250.400000 280.400000
575.520110 250.400000 274.800000
576.545309 250.400000 274.800000
577.552916 250.400000 274.800000
578.556212 250.400000 274.800000
579.607436 250.400000 568.000000
580.607550 250.400000 297.200000
581.641334 250.400000 291.600000
582.670686 250.400000 274.800000
583.677811 250.400000 274.800000
584.681820 250.400000 274.800000
585.701153 250.400000 573.600000
586.709659 250.400000 330.800000
587.727885 250.400000 330.800000
588.730675 250.400000 291.600000
589.760934 250.400000 291.600000
590.763747 250.400000 291.600000
591.774250 250.400000 291.600000
592.784038 250.400000 291.600000
593.791331 250.400000 500.800000
594.794872 250.400000 347.600000
595.821835 250.400000 297.200000
596.828491 250.400000 272.800000
597.850645 250.400000 272.800000
598.862173 250.400000 272.800000
599.912071 250.400000 272.800000
600.913207 250.400000 272.800000
602.049371 250.400000 573.600000
603.050362 250.400000 353.200000
604.109135 250.400000 330.800000
605.123225 250.400000 286.000000
606.131410 250.400000 280.400000
607.150284 250.400000 280.400000
608.158305 250.400000 280.400000
609.165648 250.400000 280.400000
610.168512 250.400000 517.600000
611.178805 250.400000 286.000000
612.223057 250.400000 280.400000
613.226526 250.400000 280.400000
614.246140 250.400000 280.400000
615.251502 250.400000 280.400000
616.252793 250.400000 302.800000
617.287109 250.400000 280.400000
618.310247 250.400000 258.000000
619.327288 250.400000 258.000000
620.364410 250.400000 256.000000
621.382876 250.400000 256.000000
622.385541 250.400000 256.000000
623.392690 250.400000 256.000000
624.405205 250.400000 584.800000
625.411680 250.400000 461.600000
626.436591 250.400000 291.600000
627.458173 250.400000 280.400000
628.469946 250.400000 274.800000
629.525124 250.400000 274.800000
630.553605 250.400000 274.800000
631.578444 250.400000 274.800000
632.594837 250.400000 274.800000
633.657163 250.400000 573.600000
634.662219 250.400000 388.800000
635.669692 250.400000 286.000000
636.681632 250.400000 274.800000
637.687307 250.400000 274.800000
638.695577 250.400000 274.800000
639.697475 250.400000 274.800000
640.774900 250.400000 484.000000
641.782497 250.400000 308.400000
642.843763 250.400000 274.800000
643.844932 250.400000 269.200000
644.866733 250.400000 252.400000
645.873484 250.400000 252.400000
646.884872 250.400000 252.400000
647.914230 250.400000 252.400000
648.929706 250.400000 252.400000
649.937203 250.400000 568.000000
650.970621 250.400000 372.000000
651.976814 250.400000 330.800000
652.991143 250.400000 280.400000
653.994019 250.400000 274.800000
654.994216 250.400000 274.800000
655.996252 250.400000 272.800000
657.001073 250.400000 272.800000
658.017666 250.400000 272.800000
659.018807 250.400000 272.800000
660.035835 250.400000 272.800000
661.102503 250.400000 573.600000
662.180374 250.400000 422.400000
663.224353 250.400000 291.600000
664.244343 250.400000 284.000000
665.258739 250.400000 278.400000
666.315901 250.400000 256.000000
667.339377 250.400000 256.000000
668.356297 250.400000 256.000000
669.361843 250.400000 256.000000
670.371887 250.400000 256.000000
671.424390 250.400000 370.000000
672.469926 250.400000 291.600000
673.525081 250.400000 272.800000
674.530935 250.400000 269.200000
675.561554 250.400000 269.200000
676.605425 250.400000 269.200000
677.606225 250.400000 269.200000
678.635669 250.400000 269.200000
679.649500 250.400000 584.800000
680.676518 250.400000 523.200000
681.708446 250.400000 302.800000
682.721232 250.400000 272.800000
683.724778 250.400000 272.800000
684.742899 250.400000 272.800000
685.760199 250.400000 272.800000
686.782469 250.400000 272.800000
687.815872 250.400000 272.800000
689.048837 250.400000 601.600000
690.110807 250.400000 489.600000
691.173036 250.400000 366.400000
692.204014 250.400000 297.200000
693.213293 250.400000 274.800000
694.236017 250.400000 274.800000
695.298356 250.400000 274.800000
696.311812 250.400000 274.800000
697.313746 250.400000 274.800000
698.345722 250.400000 274.800000
699.355860 250.400000 584.800000
700.360672 250.400000 377.600000
701.371108 250.400000 353.200000
702.379072 250.400000 325.200000
703.395494 250.400000 286.000000
704.426955 250.400000 280.400000
705.446830 250.400000 280.400000
706.458465 250.400000 280.400000
707.469883 250.400000 280.400000
708.478128 250.400000 280.400000
709.549015 250.400000 280.400000
710.574127 250.400000 280.400000
711.589488 250.400000 573.600000
712.596504 250.400000 330.800000
713.648213 250.400000 308.400000
714.664700 250.400000 291.600000
715.700871 250.400000 291.600000
716.703297 250.400000 286.000000
717.713603 250.400000 286.000000
718.722400 250.400000 286.000000
719.723304 250.400000 286.000000
720.740017 250.400000 286.000000
721.749978 250.400000 286.000000
722.765339 250.400000 330.800000
723.767599 250.400000 314.000000
724.817861 250.400000 302.800000
725.834710 250.400000 302.800000
726.863619 250.400000 302.800000
727.882913 250.400000 302.800000
728.983267 250.400000 579.200000
729.986903 250.400000 286.000000
731.007038 250.400000 286.000000
732.015907 250.400000 258.000000
733.034939 250.400000 258.000000
734.035459 250.400000 258.000000
735.049951 250.400000 258.000000
736.061173 250.400000 411.200000
737.099237 250.400000 297.200000
738.107281 250.400000 284.000000
739.110149 250.400000 278.400000
740.166952 250.400000 274.800000
741.177251 250.400000 274.800000
742.227405 250.400000 274.800000
743.245013 250.400000 274.800000
744.270350 250.400000 274.800000
745.276592 250.400000 274.800000
746.294549 250.400000 358.800000
747.301580 250.400000 308.400000
748.379323 250.400000 291.600000
749.398314 250.400000 269.200000
750.399556 250.400000 269.200000
751.417974 250.400000 269.200000
752.450635 250.400000 269.200000
753.468241 250.400000 269.200000
754.468804 250.400000 568.000000
755.475953 250.400000 308.400000
756.478780 250.400000 297.200000
757.506535 250.400000 297.200000
758.509731 250.400000 286.000000
759.587905 250.400000 286.000000
760.633008 250.400000 286.000000
761.695576 250.400000 286.000000
762.705881 250.400000 286.000000
763.716956 250.400000 286.000000
764.721772 250.400000 579.200000
765.733291 250.400000 521.200000
766.737133 250.400000 314.000000
767.790079 250.400000 269.200000
768.793775 250.400000 267.200000
769.793927 250.400000 267.200000
770.797547 250.400000 267.200000
771.806965 250.400000 267.200000
772.835484 250.400000 267.200000
773.848293 250.400000 267.200000
774.863266 250.400000 573.600000
775.889977 250.400000 342.000000
776.909911 250.400000 286.000000
777.911771 250.400000 280.400000
778.921273 250.400000 274.800000
779.927685 250.400000 274.800000
780.964564 250.400000 274.800000
781.969061 250.400000 269.200000
783.016983 250.400000 269.200000
784.021010 250.400000 269.200000
785.058405 250.400000 269.200000
786.117970 250.400000 428.000000
787.150669 250.400000 330.800000
788.166555 250.400000 280.400000
789.192385 250.400000 274.800000
790.219189 250.400000 274.800000
791.220056 250.400000 274.800000
792.223958 250.400000 274.800000
793.238913 250.400000 274.800000
794.252007 250.400000 274.800000
795.279400 250.400000 465.200000
796.282459 250.400000 274.800000
797.284088 250.400000 261.600000
798.316356 250.400000 261.600000
799.331576 250.400000 261.600000
