0.014205 773.200000 773.200000
1.014392 412.800000 412.800000
2.014870 412.800000 454.000000
3.014921 412.800000 465.200000
4.014956 412.800000 515.600000
5.015026 407.200000 407.200000
6.017308 401.600000 424.000000
7.017328 401.600000 496.800000
8.017466 401.600000 435.200000
9.017737 401.600000 491.200000
10.018083 401.600000 482.000000
11.019803 401.600000 532.400000
12.020308 401.600000 431.600000
13.020421 401.600000 519.200000
14.020771 401.600000 536.000000
15.021222 401.600000 435.200000
16.021813 401.600000 412.800000
17.022203 401.600000 463.200000
18.022552 401.600000 526.800000
19.023069 401.600000 457.600000
20.023864 401.600000 412.800000
21.024372 401.600000 485.600000
22.024781 401.600000 474.400000
23.025954 401.600000 424.000000
24.026178 401.600000 485.600000
25.026399 401.600000 521.200000
26.026520 401.600000 554.800000
27.027235 401.600000 526.800000
28.027861 401.600000 487.600000
29.028090 401.600000 485.600000
30.028090 401.600000 493.200000
31.028915 401.600000 418.400000
32.029698 401.600000 420.400000
33.029809 401.600000 530.400000
34.031132 401.600000 487.600000
35.031163 401.600000 633.200000
36.032287 401.600000 666.800000
37.032627 401.600000 480.000000
38.033752 401.600000 418.400000
39.034217 401.600000 418.400000
40.034503 401.600000 431.600000
41.034724 401.600000 524.800000
42.043722 401.600000 412.800000
43.044004 401.600000 661.200000
44.044245 401.600000 661.200000
45.044340 401.600000 493.200000
46.044385 401.600000 468.800000
47.044975 401.600000 543.600000
48.045264 401.600000 412.800000
49.045942 401.600000 418.400000
50.047007 401.600000 463.200000
51.047306 401.600000 476.400000
52.049299 401.600000 491.200000
53.049485 401.600000 429.600000
54.055562 401.600000 767.600000
55.055655 401.600000 440.800000
56.056671 401.600000 480.000000
57.056958 401.600000 437.200000
58.057118 401.600000 448.400000
59.057390 390.400000 549.200000
60.057492 390.400000 474.400000
61.057797 390.400000 414.800000
62.059016 390.400000 446.400000
63.059056 390.400000 599.600000
64.059364 390.400000 454.000000
65.059879 390.400000 485.600000
66.063063 390.400000 463.200000
67.063373 390.400000 594.000000
68.064978 390.400000 485.600000
69.065071 390.400000 424.000000
70.065553 390.400000 571.600000
71.067924 390.400000 566.000000
72.068410 390.400000 661.200000
73.068473 390.400000 414.800000
74.068646 390.400000 530.400000
75.071645 390.400000 616.400000
76.071950 390.400000 440.800000
77.072631 390.400000 521.200000
78.073466 390.400000 526.800000
79.073592 390.400000 407.200000
80.073862 390.400000 577.200000
81.073972 390.400000 599.600000
82.074468 390.400000 463.200000
83.074720 390.400000 431.600000
84.074795 390.400000 480.000000
85.074930 390.400000 521.200000
86.075114 390.400000 480.000000
87.076212 390.400000 536.000000
88.077678 390.400000 745.200000
89.078277 390.400000 468.800000
90.078777 390.400000 418.400000
91.079706 390.400000 498.800000
92.079895 390.400000 418.400000
93.081309 390.400000 476.400000
94.082200 390.400000 672.400000
95.082359 390.400000 476.400000
96.082476 390.400000 543.600000
97.082902 390.400000 599.600000
98.083322 390.400000 420.400000
99.083429 390.400000 457.600000
100.083724 390.400000 493.200000
101.083759 390.400000 487.600000
102.083813 390.400000 496.800000
103.084014 390.400000 470.800000
104.084161 390.400000 504.400000
105.084608 390.400000 491.200000
106.084806 390.400000 470.800000
107.085265 390.400000 418.400000
108.085718 390.400000 470.800000
109.086479 390.400000 508.000000
110.086936 390.400000 571.600000
111.087104 390.400000 412.800000
112.087449 390.400000 412.800000
113.087518 390.400000 429.600000
114.087768 390.400000 426.000000
115.088460 390.400000 496.800000
116.089108 390.400000 452.000000
117.089693 390.400000 426.000000
118.090055 390.400000 412.800000
119.090314 390.400000 474.400000
120.091229 390.400000 633.200000
121.091609 390.400000 448.400000
122.092966 390.400000 435.200000
123.093126 390.400000 420.400000
124.093815 390.400000 424.000000
125.093910 390.400000 510.000000
126.094425 390.400000 554.800000
127.094617 390.400000 429.600000
128.095124 390.400000 521.200000
129.096981 390.400000 474.400000
130.097241 390.400000 577.200000
131.098077 390.400000 446.400000
132.098592 390.400000 543.600000
133.098654 390.400000 440.800000
134.099078 390.400000 429.600000
135.099513 390.400000 739.600000
136.101361 390.400000 515.600000
137.101386 390.400000 468.800000
138.102610 390.400000 463.200000
139.102698 390.400000 429.600000
140.102945 390.400000 457.600000
141.102957 390.400000 616.400000
142.103217 390.400000 502.400000
143.103431 390.400000 448.400000
144.103695 390.400000 482.000000
145.105117 390.400000 463.200000
146.105372 390.400000 418.400000
147.105804 390.400000 431.600000
148.105894 390.400000 773.200000
149.106117 390.400000 429.600000
150.106156 390.400000 440.800000
151.106325 390.400000 429.600000
152.106904 390.400000 440.800000
153.107007 390.400000 536.000000
154.107632 390.400000 498.800000
155.107749 390.400000 767.600000
156.108180 390.400000 485.600000
157.108825 390.400000 454.000000
158.108827 390.400000 513.600000
159.108968 390.400000 448.400000
160.110378 390.400000 468.800000
161.110462 390.400000 566.000000
162.111167 390.400000 521.200000
163.113752 390.400000 474.400000
164.114149 390.400000 513.600000
165.115372 390.400000 543.600000
166.115547 390.400000 655.600000
167.123100 390.400000 666.800000
168.124108 390.400000 706.000000
169.124374 390.400000 446.400000
170.124723 390.400000 588.400000
171.124762 390.400000 414.800000
172.125319 390.400000 513.600000
173.125426 390.400000 418.400000
174.125649 390.400000 463.200000
175.125914 390.400000 448.400000
176.126993 390.400000 515.600000
177.127546 390.400000 510.000000
178.127764 390.400000 412.800000
179.128445 390.400000 655.600000
180.129415 390.400000 549.200000
181.130358 390.400000 655.600000
182.130550 390.400000 418.400000
183.130873 390.400000 722.800000
184.131168 390.400000 493.200000
185.132124 390.400000 407.200000
186.132178 390.400000 459.600000
187.132676 390.400000 622.000000
188.134002 390.400000 496.800000
189.134322 390.400000 463.200000
190.134343 390.400000 429.600000
191.135368 390.400000 560.400000
192.135899 390.400000 485.600000
193.135916 390.400000 431.600000
194.136450 390.400000 440.800000
195.136759 390.400000 463.200000
196.137700 390.400000 491.200000
197.137873 390.400000 508.000000
198.138046 390.400000 437.200000
199.138059 390.400000 412.800000
200.138192 390.400000 480.000000
201.138505 390.400000 493.200000
202.139153 390.400000 412.800000
203.139255 390.400000 532.400000
204.139261 390.400000 661.200000
205.139393 390.400000 491.200000
206.140206 390.400000 496.800000
207.140224 390.400000 536.000000
208.140937 390.400000 496.800000
209.141863 390.400000 407.200000
210.141895 390.400000 560.400000
211.145511 390.400000 773.200000
212.145887 390.400000 496.800000
213.146336 390.400000 543.600000
214.146736 390.400000 560.400000
215.147621 390.400000 418.400000
216.147710 390.400000 504.400000
217.147887 390.400000 437.200000
218.148328 390.400000 412.800000
219.148594 390.400000 412.800000
220.148655 390.400000 418.400000
221.148901 390.400000 418.400000
222.151274 390.400000 526.800000
223.151346 390.400000 487.600000
224.152145 390.400000 515.600000
225.152342 390.400000 485.600000
226.153286 390.400000 650.000000
227.153334 390.400000 407.200000
228.153921 390.400000 468.800000
229.155306 390.400000 498.800000
230.155606 390.400000 431.600000
231.156156 390.400000 418.400000
232.156287 390.400000 412.800000
233.157251 390.400000 435.200000
234.157764 390.400000 666.800000
235.158329 390.400000 459.600000
236.158553 390.400000 538.000000
237.158852 390.400000 452.000000
238.158857 390.400000 437.200000
239.159466 390.400000 566.000000
240.159818 390.400000 530.400000
241.159881 390.400000 485.600000
242.160353 390.400000 502.400000
243.160981 390.400000 476.400000
244.161032 390.400000 513.600000
245.161041 390.400000 412.800000
246.161535 390.400000 510.000000
247.162599 390.400000 442.800000
248.163392 390.400000 429.600000
249.163680 390.400000 661.200000
250.164128 390.400000 435.200000
251.164617 390.400000 480.000000
252.165242 390.400000 468.800000
253.165356 390.400000 420.400000
254.165701 390.400000 420.400000
255.167572 390.400000 644.400000
256.167597 390.400000 521.200000
257.167929 390.400000 480.000000
258.168052 390.400000 448.400000
259.168239 390.400000 476.400000
260.168320 390.400000 519.200000
261.168823 390.400000 666.800000
262.169631 390.400000 468.800000
263.169754 390.400000 510.000000
264.170804 390.400000 407.200000
265.171026 390.400000 491.200000
266.171154 390.400000 524.800000
267.171437 390.400000 418.400000
268.171853 390.400000 429.600000
269.171956 390.400000 549.200000
270.172192 390.400000 407.200000
271.172235 390.400000 485.600000
272.172354 390.400000 409.200000
273.173437 390.400000 440.800000
274.174035 390.400000 407.200000
275.174906 390.400000 773.200000
276.175203 390.400000 504.400000
277.175536 390.400000 521.200000
278.175557 390.400000 412.800000
279.175741 390.400000 429.600000
280.176353 390.400000 407.200000
281.176817 390.400000 767.600000
282.176931 390.400000 487.600000
283.177289 390.400000 538.000000
284.178093 390.400000 407.200000
285.178419 390.400000 435.200000
286.178640 390.400000 474.400000
287.178926 390.400000 457.600000
288.179057 390.400000 412.800000
289.179595 390.400000 424.000000
290.179771 390.400000 463.200000
291.180616 390.400000 504.400000
292.180737 390.400000 521.200000
293.181099 390.400000 538.000000
294.181105 390.400000 440.800000
295.181427 390.400000 440.800000
296.181904 390.400000 532.400000
297.181995 390.400000 468.800000
298.182283 390.400000 638.800000
299.182620 390.400000 526.800000
300.183245 390.400000 526.800000
301.183745 390.400000 582.800000
302.183831 390.400000 468.800000
303.183911 390.400000 465.200000
304.184005 390.400000 470.800000
305.187104 390.400000 498.800000
306.187586 390.400000 504.400000
307.187689 390.400000 513.600000
308.187791 390.400000 538.000000
309.188242 390.400000 446.400000
310.188779 390.400000 465.200000
311.189104 390.400000 504.400000
312.189912 390.400000 650.000000
313.190385 390.400000 661.200000
314.191614 390.400000 672.400000
315.191634 390.400000 412.800000
316.191867 390.400000 554.800000
317.193875 390.400000 465.200000
318.194099 390.400000 498.800000
319.194193 390.400000 426.000000
320.194841 390.400000 504.400000
321.197260 390.400000 493.200000
322.197426 390.400000 474.400000
323.198179 390.400000 594.000000
324.198469 390.400000 582.800000
325.198493 390.400000 468.800000
326.198528 390.400000 429.600000
327.199093 390.400000 571.600000
328.199200 390.400000 599.600000
329.199202 390.400000 538.000000
330.199459 390.400000 549.200000
331.199932 390.400000 536.000000
332.200022 390.400000 412.800000
333.200277 390.400000 463.200000
334.200371 390.400000 577.200000
335.203316 390.400000 773.200000
336.203555 390.400000 412.800000
337.204593 390.400000 773.200000
338.205298 390.400000 429.600000
339.205375 390.400000 412.800000
340.205426 390.400000 734.000000
341.205836 390.400000 452.000000
342.206634 390.400000 407.200000
343.206681 390.400000 536.000000
344.206707 390.400000 504.400000
345.206824 390.400000 442.800000
346.206952 390.400000 496.800000
347.206984 390.400000 476.400000
348.207381 390.400000 493.200000
349.207456 390.400000 418.400000
350.207624 390.400000 510.000000
351.207803 390.400000 412.800000
352.209213 390.400000 470.800000
353.209312 390.400000 407.200000
354.212353 390.400000 457.600000
355.212718 390.400000 412.800000
356.213295 390.400000 470.800000
357.213470 390.400000 412.800000
358.217837 390.400000 745.200000
359.218052 390.400000 429.600000
360.218171 390.400000 463.200000
361.218402 390.400000 424.000000
362.218650 390.400000 502.400000
363.218708 390.400000 521.200000
364.219262 390.400000 412.800000
365.219622 390.400000 554.800000
366.219777 390.400000 482.000000
367.219866 390.400000 407.200000
368.220027 390.400000 767.600000
369.222155 390.400000 532.400000
370.222595 390.400000 526.800000
371.223185 390.400000 571.600000
372.223467 390.400000 452.000000
373.223857 390.400000 571.600000
374.224120 390.400000 435.200000
375.224400 390.400000 412.800000
376.224893 390.400000 414.800000
377.225327 390.400000 412.800000
378.225363 390.400000 412.800000
379.225617 390.400000 532.400000
380.225911 390.400000 491.200000
381.226919 390.400000 493.200000
382.227024 390.400000 429.600000
383.227449 390.400000 510.000000
384.227533 390.400000 429.600000
385.228535 390.400000 409.200000
386.228820 390.400000 521.200000
387.228868 390.400000 476.400000
388.228885 390.400000 446.400000
389.229578 390.400000 459.600000
390.229989 390.400000 543.600000
391.230019 390.400000 459.600000
392.230041 390.400000 480.000000
393.230046 390.400000 502.400000
394.230481 390.400000 463.200000
395.230689 390.400000 429.600000
396.230868 390.400000 508.000000
397.231243 390.400000 482.000000
398.231317 390.400000 638.800000
399.233468 390.400000 407.200000
400.233833 390.400000 762.000000
401.234565 390.400000 487.600000
402.234668 390.400000 412.800000
403.237661 390.400000 767.600000
404.237712 390.400000 468.800000
405.238127 390.400000 424.000000
406.238157 390.400000 515.600000
407.238405 390.400000 435.200000
408.238475 390.400000 407.200000
409.239327 390.400000 457.600000
410.239672 390.400000 496.800000
411.239778 390.400000 459.600000
412.240240 390.400000 491.200000
413.240809 390.400000 418.400000
414.241561 390.400000 407.200000
415.241955 390.400000 424.000000
416.242245 390.400000 498.800000
417.243396 390.400000 429.600000
418.244094 390.400000 694.800000
419.245952 390.400000 480.000000
420.246112 390.400000 491.200000
421.246415 390.400000 418.400000
422.246670 390.400000 412.800000
423.246828 390.400000 424.000000
424.247180 390.400000 431.600000
425.247391 390.400000 414.800000
426.247520 390.400000 429.600000
427.247621 390.400000 412.800000
428.248008 390.400000 504.400000
429.248447 390.400000 431.600000
430.248538 390.400000 463.200000
431.248822 390.400000 412.800000
432.249073 390.400000 515.600000
433.249238 390.400000 463.200000
434.250108 390.400000 493.200000
435.250925 390.400000 666.800000
436.251096 390.400000 504.400000
437.251730 390.400000 454.000000
438.252486 390.400000 474.400000
439.252712 390.400000 452.000000
440.253953 390.400000 538.000000
441.254173 390.400000 541.600000
442.254243 390.400000 446.400000
443.254271 390.400000 588.400000
444.254459 390.400000 435.200000
445.257791 390.400000 496.800000
446.258111 390.400000 485.600000
447.258538 390.400000 407.200000
448.258710 390.400000 452.000000
449.258964 390.400000 463.200000
450.259816 390.400000 418.400000
451.260292 390.400000 429.600000
452.263462 390.400000 560.400000
453.263651 390.400000 482.000000
454.264767 390.400000 459.600000
455.265516 390.400000 560.400000
456.266076 390.400000 487.600000
457.266473 390.400000 524.800000
458.267123 390.400000 496.800000
459.267389 390.400000 547.200000
460.267641 390.400000 468.800000
461.268610 390.400000 446.400000
462.270561 390.400000 767.600000
463.270572 390.400000 655.600000
464.271987 390.400000 448.400000
465.272677 390.400000 480.000000
466.273730 390.400000 412.800000
467.273946 390.400000 454.000000
468.274096 390.400000 429.600000
469.274400 390.400000 480.000000
470.274556 390.400000 414.800000
471.275344 390.400000 508.000000
472.275738 390.400000 412.800000
473.275969 390.400000 515.600000
474.276101 390.400000 465.200000
475.276629 390.400000 773.200000
476.277308 390.400000 521.200000
477.283685 390.400000 767.600000
478.283742 390.400000 407.200000
479.283831 390.400000 440.800000
480.283867 390.400000 498.800000
481.284183 390.400000 491.200000
482.284628 390.400000 470.800000
483.285927 390.400000 491.200000
484.286747 390.400000 554.800000
485.286975 390.400000 482.000000
486.287191 390.400000 435.200000
487.287382 390.400000 778.800000
488.287933 390.400000 493.200000
489.288138 390.400000 491.200000
490.288185 390.400000 412.800000
491.288886 390.400000 424.000000
492.288974 390.400000 508.000000
493.289566 390.400000 468.800000
494.291061 390.400000 666.800000
495.296917 390.400000 767.600000
496.296972 390.400000 442.800000
497.297564 390.400000 504.400000
498.297688 390.400000 504.400000
499.297961 390.400000 502.400000
500.298169 390.400000 452.000000
501.298314 390.400000 424.000000
502.298654 390.400000 424.000000
503.299786 390.400000 485.600000
504.300028 390.400000 412.800000
505.300805 390.400000 435.200000
506.301195 390.400000 480.000000
507.301196 390.400000 418.400000
508.301581 390.400000 463.200000
509.301827 390.400000 470.800000
510.302300 390.400000 407.200000
511.302546 390.400000 672.400000
512.304162 390.400000 577.200000
513.304832 390.400000 496.800000
514.305193 390.400000 474.400000
515.305321 390.400000 672.400000
516.306261 390.400000 482.000000
517.306709 390.400000 429.600000
518.307367 390.400000 474.400000
519.307430 390.400000 470.800000
520.307499 390.400000 435.200000
521.308021 390.400000 414.800000
522.308749 390.400000 452.000000
523.309521 390.400000 510.000000
524.309855 390.400000 476.400000
525.311995 390.400000 767.600000
526.312202 390.400000 549.200000
527.312217 390.400000 429.600000
528.312561 390.400000 435.200000
529.313253 390.400000 508.000000
530.313487 390.400000 582.800000
531.313871 390.400000 429.600000
532.314251 390.400000 424.000000
533.314565 390.400000 435.200000
534.314830 390.400000 412.800000
535.315175 390.400000 429.600000
536.315181 390.400000 485.600000
537.322118 390.400000 773.200000
538.322572 390.400000 429.600000
539.323140 390.400000 661.200000
540.323264 390.400000 566.000000
541.323321 390.400000 521.200000
542.323405 390.400000 463.200000
543.323714 390.400000 429.600000
544.323871 390.400000 454.000000
545.324613 390.400000 538.000000
546.324761 390.400000 491.200000
547.326805 390.400000 767.600000
548.326997 390.400000 429.600000
549.327790 390.400000 476.400000
550.327879 390.400000 728.400000
551.328028 390.400000 424.000000
552.328403 390.400000 538.000000
553.328570 390.400000 435.200000
554.328791 390.400000 459.600000
555.329025 390.400000 429.600000
556.329207 390.400000 515.600000
557.329889 390.400000 401.600000
558.329937 390.400000 502.400000
559.330709 390.400000 418.400000
560.330809 390.400000 420.400000
561.330828 390.400000 519.200000
562.331094 390.400000 767.600000
563.331597 390.400000 498.800000
564.331934 390.400000 655.600000
565.332300 390.400000 426.000000
566.332644 390.400000 424.000000
567.333492 390.400000 571.600000
568.334208 390.400000 706.000000
569.335344 390.400000 532.400000
570.335701 390.400000 513.600000
571.335882 390.400000 554.800000
572.337430 390.400000 547.200000
573.337711 390.400000 390.400000
574.337930 390.400000 491.200000
575.338094 390.400000 485.600000
576.338483 390.400000 560.400000
577.338589 390.400000 485.600000
578.339585 390.400000 435.200000
579.340315 390.400000 407.200000
580.340483 390.400000 440.800000
581.340919 390.400000 510.000000
582.341324 390.400000 532.400000
583.341399 390.400000 498.800000
584.341880 390.400000 468.800000
585.342314 390.400000 510.000000
586.342449 390.400000 468.800000
587.347152 390.400000 778.800000
588.347157 390.400000 463.200000
589.348608 390.400000 515.600000
590.349006 390.400000 424.000000
591.349089 390.400000 515.600000
592.349259 390.400000 526.800000
593.349735 390.400000 552.800000
594.349921 390.400000 409.200000
595.350313 390.400000 465.200000
596.350944 390.400000 778.800000
597.351260 390.400000 435.200000
598.351293 390.400000 412.800000
599.352475 390.400000 407.200000
600.352619 390.400000 446.400000
601.352811 390.400000 480.000000
602.352857 390.400000 487.600000
603.353026 390.400000 498.800000
604.360899 390.400000 773.200000
605.361085 390.400000 431.600000
606.361343 390.400000 457.600000
607.361345 390.400000 508.000000
608.361820 390.400000 532.400000
609.363677 390.400000 468.800000
610.364530 390.400000 538.000000
611.364836 390.400000 767.600000
612.365258 390.400000 480.000000
613.365532 390.400000 457.600000
614.365757 390.400000 571.600000
615.365796 390.400000 468.800000
616.366870 390.400000 549.200000
617.368321 390.400000 773.200000
618.368518 390.400000 454.000000
619.368895 390.400000 476.400000
620.369576 390.400000 412.800000
621.369720 390.400000 418.400000
622.369793 390.400000 491.200000
623.370099 390.400000 502.400000
624.370264 390.400000 491.200000
625.370264 390.400000 487.600000
626.370884 390.400000 745.200000
627.371388 390.400000 502.400000
628.374860 390.400000 454.000000
629.376291 390.400000 491.200000
630.376487 390.400000 502.400000
631.376789 390.400000 412.800000
632.378275 390.400000 482.000000
633.379819 390.400000 429.600000
634.379893 390.400000 666.800000
635.381526 390.400000 560.400000
636.383063 390.400000 498.800000
637.383579 390.400000 485.600000
638.384507 390.400000 470.800000
639.384879 390.400000 442.800000
640.385055 390.400000 480.000000
641.385619 390.400000 508.000000
642.386409 390.400000 554.800000
643.387060 390.400000 424.000000
644.387132 390.400000 420.400000
645.387233 390.400000 661.200000
646.387344 390.400000 463.200000
647.388373 390.400000 412.800000
648.388830 390.400000 582.800000
649.389030 390.400000 491.200000
650.389122 390.400000 480.000000
651.389332 390.400000 519.200000
652.390209 390.400000 446.400000
653.390469 390.400000 526.800000
654.392671 390.400000 412.800000
655.392792 390.400000 524.800000
656.393158 390.400000 418.400000
657.393526 390.400000 543.600000
658.394511 390.400000 454.000000
659.394511 390.400000 482.000000
660.395322 390.400000 536.000000
661.396528 390.400000 605.200000
662.396632 390.400000 414.800000
663.397871 390.400000 429.600000
664.403265 390.400000 767.600000
665.404274 390.400000 463.200000
666.404344 390.400000 452.000000
667.404713 390.400000 418.400000
668.404812 390.400000 577.200000
669.405108 390.400000 435.200000
670.405127 390.400000 491.200000
671.405271 390.400000 577.200000
672.406318 390.400000 396.000000
673.411909 390.400000 773.200000
674.413868 390.400000 521.200000
675.413893 390.400000 549.200000
676.414028 390.400000 474.400000
677.415311 390.400000 429.600000
678.416649 390.400000 532.400000
679.417310 390.400000 480.000000
680.418010 390.400000 577.200000
681.419070 390.400000 440.800000
682.422575 390.400000 470.800000
683.422824 390.400000 465.200000
684.427649 390.400000 767.600000
685.429900 390.400000 762.000000
686.430220 390.400000 498.800000
687.431004 390.400000 468.800000
688.431047 390.400000 536.000000
689.431159 390.400000 521.200000
690.431282 390.400000 418.400000
691.431666 390.400000 552.800000
692.431840 390.400000 485.600000
693.432246 390.400000 536.000000
694.432349 390.400000 465.200000
695.432501 390.400000 508.000000
696.433052 390.400000 530.400000
697.433103 390.400000 476.400000
698.433116 390.400000 577.200000
699.433608 390.400000 437.200000
700.433706 390.400000 502.400000
701.433763 390.400000 412.800000
702.434232 390.400000 412.800000
703.434579 390.400000 496.800000
704.434606 390.400000 526.800000
705.434629 390.400000 571.600000
706.434791 390.400000 510.000000
707.434811 390.400000 412.800000
708.435218 390.400000 403.600000
709.435456 390.400000 468.800000
710.435583 390.400000 554.800000
711.436044 390.400000 485.600000
712.437073 390.400000 424.000000
713.437092 390.400000 493.200000
714.437349 390.400000 521.200000
715.437587 390.400000 560.400000
716.438051 390.400000 424.000000
717.438424 390.400000 616.400000
718.438869 390.400000 510.000000
719.438985 390.400000 566.000000
720.439325 390.400000 485.600000
721.439546 390.400000 515.600000
722.440047 390.400000 457.600000
723.440362 390.400000 418.400000
724.440896 390.400000 487.600000
725.441214 390.400000 412.800000
726.441416 390.400000 470.800000
727.441833 390.400000 418.400000
728.442563 390.400000 485.600000
729.442903 390.400000 452.000000
730.448352 390.400000 762.000000
731.449695 390.400000 549.200000
732.450936 390.400000 508.000000
733.451163 390.400000 491.200000
734.451308 390.400000 409.200000
735.451450 390.400000 424.000000
736.451844 390.400000 498.800000
737.452701 390.400000 452.000000
738.452984 390.400000 767.600000
739.455767 390.400000 610.800000
740.456194 390.400000 493.200000
741.456622 390.400000 414.800000
742.456685 390.400000 521.200000
743.457024 390.400000 767.600000
744.457034 390.400000 448.400000
745.457062 390.400000 448.400000
746.457267 390.400000 476.400000
747.458072 390.400000 426.000000
748.458136 390.400000 418.400000
749.458509 390.400000 476.400000
750.458969 390.400000 407.200000
751.459012 390.400000 521.200000
752.459909 390.400000 424.000000
753.460109 390.400000 493.200000
754.460556 390.400000 468.800000
755.461069 390.400000 412.800000
756.461271 390.400000 424.000000
757.461872 390.400000 437.200000
758.462414 390.400000 407.200000
759.462449 390.400000 468.800000
760.463086 390.400000 521.200000
761.463147 390.400000 605.200000
762.463325 390.400000 491.200000
763.463878 390.400000 521.200000
764.467299 390.400000 431.600000
765.467579 390.400000 482.000000
766.467704 390.400000 480.000000
767.468221 390.400000 407.200000
768.468388 390.400000 463.200000
769.473470 390.400000 773.200000
770.473588 390.400000 437.200000
771.473970 390.400000 468.800000
772.474465 390.400000 515.600000
773.480918 390.400000 773.200000
774.480981 390.400000 582.800000
775.481114 390.400000 412.800000
776.481488 390.400000 440.800000
777.481617 390.400000 457.600000
778.481714 390.400000 577.200000
779.485347 390.400000 510.000000
780.485902 390.400000 480.000000
781.486138 390.400000 543.600000
782.486159 390.400000 594.000000
783.488404 390.400000 496.800000
784.489579 390.400000 468.800000
785.489850 390.400000 566.000000
786.490602 390.400000 739.600000
787.491128 390.400000 498.800000
788.491201 390.400000 502.400000
789.491419 390.400000 582.800000
790.491804 390.400000 485.600000
791.491860 390.400000 457.600000
792.492057 390.400000 470.800000
793.492089 390.400000 577.200000
794.492096 390.400000 566.000000
795.492363 390.400000 424.000000
796.492868 390.400000 414.800000
797.493328 390.400000 513.600000
798.493471 390.400000 510.000000
799.493513 390.400000 437.200000
