0 581.2 0.412016 300 0
0 573.6 0.567294 0
0 568 0.730316 0
0 562.4 0.910038 0
0 461.6 1.17033 2
0 454 1.37006 2
0 450.4 1.51669 2
0 433.6 1.78247 3
0 332.8 1.91595 3
0 308.4 2.04297 3
0 302.8 3.21426 21
0 297.2 3.7446 21
0 291.6 4.50729 21
0 291.6 9.01798 300 64
0 286 10.839 64
0 280.4 11.7364 64
0 274.8 12.5284 64
0 274.8 17.7266 300 76
0 274.8 24.9898 300 76
0 274.8 31.9055 300 76
0 272.8 35.4139 76
0 272.8 41.8957 300 84
0 269.2 45.6701 84
0 269.2 51.8463 300 84
0 269.2 62.263 300 89
0 269.2 71.047 300 89
0 269.2 82.7082 300 89
0 263.6 85.6368 89
0 263.6 93.7098 300 89
0 263.6 104.173 300 89
0 263.6 116.511 300 89
0 261.6 122.789 89
0 261.6 127.849 300 89
0 261.6 140.998 300 89
0 261.6 152.218 300 89
0 261.6 161.574 300 89
0 261.6 169.138 300 89
0 261.6 178.522 300 89
0 261.6 185.269 300 89
0 261.6 196.516 300 89
0 261.6 205.65 300 89
0 261.6 212.898 300 89
0 261.6 225.09 300 89
0 261.6 234.177 300 89
0 261.6 244.074 300 89
0 261.6 253.334 300 89
0 261.6 262.218 300 89
0 258 265.937 89
0 256 267.18 89
0 252.4 267.37 89
0 252.4 273.594 300 89
0 252.4 282.566 300 89
0 252.4 289.515 300 89
0 252.4 298.101 300 89
0 252.4 307.46 300 89
0 252.4 316.13 300 89
0 252.4 322.319 300 89
0 252.4 331.397 300 89
0 252.4 342.445 300 89
0 252.4 351.218 300 89
0 252.4 361.746 300 89
0 252.4 371.206 300 89
0 252.4 380.191 300 89
0 252.4 388.815 300 89
0 252.4 397.345 300 89
0 252.4 408.291 300 89
0 252.4 418.584 300 89
0 252.4 427.069 300 89
0 252.4 436.606 300 89
0 252.4 450.015 300 89
0 252.4 456.723 300 89
0 252.4 467.426 300 89
0 252.4 475.904 300 89
0 252.4 485.424 300 89
0 252.4 494.002 300 89
0 252.4 501.079 300 89
0 252.4 511.977 300 89
0 252.4 523.514 300 89
0 252.4 531.779 300 89
0 252.4 540.78 300 89
0 252.4 548.967 300 89
0 252.4 559.401 300 89
0 252.4 569.065 300 89
0 252.4 581.283 300 89
0 252.4 591.807 300 89
0 252.4 601.59 300 89
0 252.4 610.424 300 89
0 252.4 622.396 300 89
0 252.4 632.057 300 89
0 252.4 639.032 300 89
0 246.8 642.567 89
0 241.2 643.745 89
0 241.2 649.274 300 89
0 241.2 656.357 300 89
0 241.2 666.654 300 89
0 241.2 679.282 300 89
0 241.2 688.57 300 89
0 241.2 698.011 300 89
0 241.2 710.482 300 89
0 241.2 720.111 300 89
0 241.2 729.409 300 89
0 241.2 736.788 300 89
0 241.2 747.529 300 89
0 241.2 757.639 300 89
0 241.2 766.72 300 89
0 241.2 775.731 300 89
0 241.2 786.154 300 89
0 241.2 795.138 300 89
