0 773.2 0.014781 300 0
0 661.2 0.020229 0
0 655.6 0.028746 1
0 577.2 0.035299 1
0 566 0.056004 5
0 554.8 0.076985 7
0 480 0.084814 7
0 440.8 0.094783 7
0 426 0.101985 7
0 426 0.256043 300 66
0 426 0.490357 300 67
0 426 0.793018 300 67
0 426 1.09692 300 70
0 426 1.31283 300 74
0 426 1.65735 300 86
0 426 1.8706 300 86
0 426 2.34518 300 86
0 426 2.72295 300 88
0 426 3.1829 300 88
0 426 3.52537 300 88
0 426 3.77237 300 88
0 426 4.20061 300 88
0 426 4.45509 300 88
0 424 4.68185 88
0 424 4.8689 300 88
0 424 5.21251 300 89
0 424 5.52795 300 89
0 424 5.71968 300 89
0 424 6.0164 300 89
0 424 6.29552 300 89
0 420.4 6.48574 89
0 420.4 6.60984 300 89
0 420.4 6.88469 300 89
0 420.4 7.17326 300 89
0 420.4 7.4531 300 89
0 418.4 7.72775 89
0 412.8 7.74259 89
0 412.8 7.88216 300 89
0 412.8 8.14944 300 89
0 407.2 8.4325 89
0 407.2 8.61888 300 89
0 407.2 8.82589 300 89
0 407.2 9.15666 300 89
0 407.2 9.48776 300 89
0 407.2 9.87226 300 89
0 407.2 10.128 300 89
0 407.2 10.4403 300 89
0 407.2 10.6845 300 89
0 407.2 11.0655 300 89
0 407.2 11.274 300 89
0 407.2 11.4655 300 89
0 407.2 11.792 300 89
0 407.2 12.0625 300 89
0 407.2 12.3621 300 89
0 396 12.692 89
0 396 12.8474 300 89
0 396 13.129 300 89
0 396 13.5031 300 89
0 396 13.7054 300 89
0 396 13.9495 300 89
0 396 14.2045 300 89
0 396 14.4661 300 89
0 396 14.716 300 89
0 396 15.0446 300 89
0 396 15.3076 300 89
0 396 15.5492 300 89
0 396 15.7519 300 89
0 396 16.0118 300 89
0 396 16.2596 300 89
0 396 16.6536 300 89
0 396 16.8383 300 89
0 396 17.1038 300 89
0 396 17.3289 300 89
0 396 17.6928 300 89
0 396 17.9972 300 89
0 396 18.3064 300 89
0 396 18.6191 300 89
0 396 18.8743 300 89
0 396 19.2359 300 89
0 396 19.4839 300 89
0 396 19.7886 300 89
0 396 19.9655 300 89
0 396 20.3187 300 89
0 396 20.4819 300 89
0 396 20.6792 300 89
0 396 20.861 300 89
0 396 21.1151 300 89
0 396 21.3821 300 89
0 396 21.7033 300 89
0 396 22.0116 300 89
0 396 22.2714 300 89
0 396 22.569 300 89
0 396 22.8822 300 89
0 396 23.2864 300 89
0 396 23.5413 300 89
0 396 23.8322 300 89
0 396 24.1463 300 89
0 396 24.3162 300 89
0 396 24.5528 300 89
0 396 24.8484 300 89
0 396 25.1446 300 89
0 396 25.515 300 89
0 396 25.8133 300 89
0 396 26.0507 300 89
0 396 26.3286 300 89
0 396 26.7247 300 89
0 396 27.0275 300 89
0 396 27.3113 300 89
0 396 27.5539 300 89
0 396 27.7297 300 89
0 396 28.0225 300 89
0 390.4 28.2605 89
0 390.4 28.4059 300 89
0 390.4 28.6354 300 89
0 390.4 28.9417 300 89
0 390.4 29.1242 300 89
0 390.4 29.3427 300 89
0 390.4 29.6583 300 89
0 390.4 29.9416 300 89
0 390.4 30.1726 300 89
0 390.4 30.4378 300 89
0 390.4 30.6497 300 89
0 390.4 30.9931 300 89
0 390.4 31.33 300 89
0 390.4 31.5861 300 89
0 390.4 31.924 300 89
0 390.4 32.3533 300 89
0 390.4 32.5799 300 89
0 390.4 32.7676 300 89
0 390.4 32.9976 300 89
0 390.4 33.2642 300 89
0 390.4 33.4858 300 89
0 390.4 33.6528 300 89
0 390.4 33.8327 300 89
0 390.4 34.0896 300 89
0 390.4 34.391 300 89
0 390.4 34.6247 300 89
0 390.4 34.9886 300 89
0 390.4 35.2695 300 89
0 390.4 35.5032 300 89
0 390.4 35.7288 300 89
0 390.4 35.9605 300 89
0 390.4 36.1213 300 89
0 390.4 36.3039 300 89
0 390.4 36.4453 300 89
0 390.4 36.6484 300 89
0 390.4 36.809 300 89
0 390.4 37.2331 300 89
0 390.4 37.4053 300 89
0 390.4 37.6812 300 89
0 390.4 37.9432 300 89
0 390.4 38.4786 300 89
0 390.4 38.9161 300 89
0 390.4 39.1431 300 89
0 390.4 39.3534 300 89
0 390.4 39.6398 300 89
0 390.4 40.3456 300 89
0 390.4 40.4469 300 89
0 390.4 40.5877 300 89
0 390.4 40.7488 300 89
0 390.4 40.9637 300 89
0 390.4 41.1564 300 89
0 390.4 41.2703 300 89
0 390.4 41.4377 300 89
0 390.4 41.6679 300 89
0 390.4 41.8713 300 89
0 390.4 41.9833 300 89
0 390.4 42.1644 300 89
0 390.4 42.294 300 89
0 390.4 42.4105 300 89
0 390.4 42.5754 300 89
0 390.4 42.8193 300 89
0 390.4 43.0116 300 89
0 390.4 43.2642 300 89
0 390.4 43.4697 300 89
0 390.4 44.1781 300 89
0 390.4 44.6507 300 89
0 390.4 44.7996 300 89
0 390.4 44.9997 300 89
0 390.4 45.3441 300 89
0 390.4 46.1276 300 89
0 390.4 46.4516 300 89
0 390.4 46.7132 300 89
0 390.4 46.906 300 89
0 390.4 47.239 300 89
0 390.4 47.3979 300 89
0 390.4 47.548 300 89
0 390.4 47.6825 300 89
0 390.4 47.8614 300 89
0 390.4 48.0643 300 89
0 390.4 48.315 300 89
0 390.4 48.6867 300 89
0 390.4 48.8487 300 89
0 390.4 49.0313 300 89
0 390.4 49.2787 300 89
0 390.4 49.4985 300 89
0 390.4 49.6567 300 89
0 390.4 49.8438 300 89
0 390.4 50.0013 300 89
0 390.4 50.2384 300 89
0 390.4 50.499 300 89
0 390.4 50.7136 300 89
0 390.4 51.0941 300 89
0 390.4 51.464 300 89
0 390.4 51.6522 300 89
0 390.4 51.8802 300 89
0 390.4 52.0666 300 89
0 390.4 52.2072 300 89
0 390.4 52.3954 300 89
0 390.4 52.5948 300 89
0 390.4 52.8776 300 89
0 390.4 53.1462 300 89
0 390.4 53.3959 300 89
0 390.4 53.6329 300 89
0 390.4 53.9163 300 89
0 390.4 54.063 300 89
0 390.4 54.223 300 89
0 390.4 54.4467 300 89
0 390.4 54.6199 300 89
0 390.4 54.7619 300 89
0 390.4 54.9589 300 89
0 390.4 55.0918 300 89
0 390.4 55.2529 300 89
0 390.4 55.6287 300 89
0 390.4 55.933 300 89
0 390.4 56.2807 300 89
0 390.4 56.6029 300 89
0 390.4 56.8514 300 89
0 390.4 57.0686 300 89
0 390.4 57.2889 300 89
0 390.4 57.5185 300 89
0 390.4 57.6584 300 89
0 390.4 57.838 300 89
0 390.4 58.0216 300 89
0 390.4 58.2511 300 89
0 390.4 58.4823 300 89
0 390.4 58.7125 300 89
0 390.4 59.0606 300 89
0 390.4 59.5555 300 89
0 390.4 59.7913 300 89
0 390.4 60.0267 300 89
0 390.4 60.3351 300 89
0 390.4 60.4981 300 89
0 390.4 60.7042 300 89
0 390.4 60.9187 300 89
0 390.4 61.1536 300 89
0 390.4 61.3665 300 89
0 390.4 61.6467 300 89
0 390.4 61.8455 300 89
0 390.4 62.0476 300 89
0 390.4 62.2213 300 89
0 390.4 62.4345 300 89
0 390.4 62.6922 300 89
0 390.4 62.9517 300 89
0 390.4 63.1506 300 89
0 390.4 63.3339 300 89
0 390.4 63.5249 300 89
0 390.4 63.7233 300 89
0 390.4 63.9134 300 89
0 390.4 64.1241 300 89
0 390.4 64.3636 300 89
0 390.4 64.5638 300 89
0 390.4 64.7729 300 89
0 390.4 65.0044 300 89
0 390.4 65.1799 300 89
0 390.4 65.4932 300 89
0 390.4 65.7556 300 89
0 390.4 65.9714 300 89
0 390.4 66.1462 300 89
0 390.4 66.4506 300 89
0 390.4 66.6535 300 89
0 390.4 66.9075 300 89
0 390.4 67.0674 300 89
0 390.4 67.2844 300 89
0 390.4 67.5083 300 89
0 390.4 67.7101 300 89
0 390.4 67.8584 300 89
0 390.4 68.112 300 89
0 390.4 68.3808 300 89
0 390.4 68.6536 300 89
0 390.4 68.7994 300 89
0 390.4 69.1422 300 89
0 390.4 69.4605 300 89
0 390.4 69.6122 300 89
0 390.4 69.7979 300 89
0 390.4 69.9871 300 89
0 390.4 70.1333 300 89
0 390.4 70.3456 300 89
0 390.4 70.6625 300 89
0 390.4 70.9123 300 89
0 390.4 71.2069 300 89
0 390.4 71.4142 300 89
0 390.4 71.5805 300 89
0 390.4 71.7602 300 89
0 390.4 71.913 300 89
0 390.4 72.142 300 89
0 390.4 72.3537 300 89
0 390.4 72.6395 300 89
0 390.4 72.8813 300 89
0 390.4 73.1071 300 89
0 390.4 73.3136 300 89
0 390.4 73.5365 300 89
0 390.4 73.79 300 89
0 390.4 73.9658 300 89
0 390.4 74.1478 300 89
0 390.4 74.3054 300 89
0 390.4 74.5727 300 89
0 390.4 74.7715 300 89
0 390.4 75.0217 300 89
0 390.4 75.2596 300 89
0 390.4 75.5772 300 89
0 390.4 75.7978 300 89
0 390.4 76.0062 300 89
0 390.4 76.2515 300 89
0 390.4 76.5715 300 89
0 390.4 76.7409 300 89
0 390.4 76.9327 300 89
0 390.4 77.2413 300 89
0 390.4 77.4479 300 89
0 390.4 77.791 300 89
0 390.4 78.0382 300 89
0 390.4 78.1996 300 89
0 390.4 78.4206 300 89
0 390.4 78.5939 300 89
0 390.4 78.9203 300 89
0 390.4 79.1694 300 89
0 390.4 79.3845 300 89
0 390.4 79.613 300 89
0 390.4 79.9389 300 89
0 390.4 80.2633 300 89
0 390.4 80.4202 300 89
0 390.4 80.6554 300 89
0 390.4 80.7963 300 89
0 390.4 81.0488 300 89
0 390.4 81.2476 300 89
0 390.4 81.4835 300 89
0 390.4 81.7553 300 89
0 390.4 81.9609 300 89
0 390.4 82.2116 300 89
0 390.4 82.428 300 89
0 390.4 82.6217 300 89
0 390.4 82.8159 300 89
0 390.4 82.97 300 89
0 390.4 83.1741 300 89
0 390.4 83.3185 300 89
0 390.4 83.4149 300 89
0 390.4 83.6156 300 89
0 390.4 83.8296 300 89
0 390.4 84.0404 300 89
0 390.4 84.2498 300 89
0 390.4 84.4296 300 89
0 390.4 84.6425 300 89
0 390.4 85.0045 300 89
0 390.4 85.1938 300 89
0 390.4 85.4037 300 89
0 390.4 85.5678 300 89
0 390.4 85.7561 300 89
0 390.4 85.9235 300 89
0 390.4 86.1351 300 89
0 390.4 86.5444 300 89
0 390.4 86.7463 300 89
0 390.4 86.9436 300 89
0 390.4 87.0993 300 89
0 390.4 87.2401 300 89
0 390.4 87.4336 300 89
0 390.4 87.7595 300 89
0 390.4 88.0945 300 89
0 390.4 88.2996 300 89
0 390.4 88.5897 300 89
0 390.4 88.8512 300 89
0 390.4 89.0539 300 89
0 390.4 89.2411 300 89
0 390.4 89.5911 300 89
0 390.4 89.7553 300 89
0 390.4 89.8927 300 89
0 390.4 90.0295 300 89
0 390.4 90.1238 300 89
0 390.4 90.3738 300 89
0 390.4 90.6342 300 89
0 390.4 90.8168 300 89
0 390.4 91.1655 300 89
0 390.4 91.4416 300 89
0 390.4 91.6174 300 89
0 390.4 91.9504 300 89
0 390.4 92.1533 300 89
0 390.4 92.4571 300 89
0 390.4 92.6143 300 89
0 390.4 92.7733 300 89
0 390.4 93.1431 300 89
0 390.4 93.4886 300 89
0 390.4 93.7761 300 89
0 390.4 94.0324 300 89
0 390.4 94.1911 300 89
0 390.4 94.3917 300 89
0 390.4 94.6077 300 89
0 390.4 94.9218 300 89
0 390.4 95.1932 300 89
0 390.4 95.4871 300 89
0 390.4 95.6472 300 89
0 390.4 95.9643 300 89
0 390.4 96.1774 300 89
0 390.4 96.4254 300 89
0 390.4 96.6071 300 89
0 390.4 96.7809 300 89
0 390.4 97.0919 300 89
0 390.4 97.3038 300 89
0 390.4 97.5003 300 89
0 390.4 97.6492 300 89
0 390.4 97.938 300 89
0 390.4 98.1128 300 89
0 390.4 98.3726 300 89
0 390.4 98.5852 300 89
0 390.4 98.8076 300 89
0 390.4 99.1166 300 89
0 390.4 99.3856 300 89
0 390.4 99.5357 300 89
0 390.4 99.7992 300 89
0 390.4 100.076 300 89
0 390.4 100.23 300 89
0 390.4 100.378 300 89
0 390.4 100.598 300 89
0 390.4 100.747 300 89
0 390.4 100.905 300 89
0 390.4 101.147 300 89
0 390.4 101.433 300 89
0 390.4 101.633 300 89
0 390.4 101.946 300 89
0 390.4 102.258 300 89
0 390.4 102.424 300 89
0 390.4 102.585 300 89
0 390.4 102.781 300 89
0 390.4 103.017 300 89
0 390.4 103.178 300 89
0 390.4 103.364 300 89
0 390.4 103.678 300 89
0 390.4 103.925 300 89
0 390.4 104.131 300 89
0 390.4 104.33 300 89
0 390.4 104.566 300 89
0 390.4 104.817 300 89
0 390.4 105.036 300 89
0 390.4 105.309 300 89
0 390.4 105.543 300 89
0 390.4 105.919 300 89
0 390.4 106.092 300 89
0 390.4 106.236 300 89
0 390.4 106.439 300 89
0 390.4 106.619 300 89
0 390.4 106.728 300 89
0 390.4 106.91 300 89
0 390.4 107.077 300 89
0 390.4 107.234 300 89
0 390.4 107.373 300 89
0 390.4 107.565 300 89
0 390.4 107.76 300 89
0 390.4 107.873 300 89
0 390.4 107.983 300 89
0 390.4 108.154 300 89
0 390.4 108.291 300 89
0 390.4 108.399 300 89
0 390.4 108.496 300 89
0 390.4 108.637 300 89
0 390.4 108.746 300 89
0 390.4 108.885 300 89
0 390.4 108.986 300 89
0 390.4 109.115 300 89
0 390.4 109.286 300 89
0 390.4 109.456 300 89
0 390.4 109.652 300 89
0 390.4 109.762 300 89
0 390.4 109.929 300 89
0 390.4 110.119 300 89
0 390.4 110.271 300 89
0 390.4 110.417 300 89
0 390.4 110.577 300 89
0 390.4 110.804 300 89
0 390.4 110.917 300 89
0 390.4 111.081 300 89
0 390.4 111.254 300 89
0 390.4 111.4 300 89
0 390.4 111.655 300 89
0 390.4 111.847 300 89
0 390.4 112.174 300 89
0 390.4 112.348 300 89
0 390.4 112.542 300 89
0 390.4 112.8 300 89
0 390.4 113.082 300 89
0 390.4 113.318 300 89
0 390.4 113.456 300 89
0 390.4 113.612 300 89
0 390.4 113.756 300 89
0 390.4 113.945 300 89
0 390.4 114.1 300 89
0 390.4 114.478 300 89
0 390.4 114.851 300 89
0 390.4 115.038 300 89
0 390.4 115.303 300 89
0 390.4 115.62 300 89
0 390.4 115.825 300 89
0 390.4 115.973 300 89
0 390.4 116.325 300 89
0 390.4 116.494 300 89
0 390.4 116.709 300 89
0 390.4 116.974 300 89
0 390.4 117.195 300 89
0 390.4 117.561 300 89
0 390.4 117.923 300 89
0 390.4 118.198 300 89
0 390.4 118.426 300 89
0 390.4 118.648 300 89
0 390.4 118.947 300 89
0 390.4 119.269 300 89
0 390.4 119.532 300 89
0 390.4 119.688 300 89
0 390.4 119.815 300 89
0 390.4 120.053 300 89
0 390.4 120.204 300 89
0 390.4 120.374 300 89
0 390.4 120.593 300 89
0 390.4 120.848 300 89
0 390.4 121.044 300 89
0 390.4 121.225 300 89
0 390.4 121.368 300 89
0 390.4 121.637 300 89
0 390.4 121.842 300 89
0 390.4 122.11 300 89
0 390.4 122.352 300 89
0 390.4 122.53 300 89
0 390.4 122.687 300 89
0 390.4 122.855 300 89
0 390.4 123.029 300 89
0 390.4 123.236 300 89
0 390.4 123.468 300 89
0 390.4 123.619 300 89
0 390.4 123.846 300 89
0 390.4 124.082 300 89
0 390.4 124.258 300 89
0 390.4 124.486 300 89
0 390.4 124.672 300 89
0 390.4 124.858 300 89
0 390.4 125.035 300 89
0 390.4 125.305 300 89
0 390.4 125.48 300 89
0 390.4 125.589 300 89
0 390.4 125.709 300 89
0 390.4 126.015 300 89
0 390.4 126.345 300 89
0 390.4 126.559 300 89
0 390.4 126.709 300 89
0 390.4 126.923 300 89
0 390.4 127.236 300 89
0 390.4 127.632 300 89
0 390.4 127.917 300 89
0 390.4 128.184 300 89
0 390.4 128.368 300 89
0 390.4 128.563 300 89
0 390.4 128.73 300 89
0 390.4 128.973 300 89
0 390.4 129.344 300 89
0 390.4 129.747 300 89
0 390.4 130.117 300 89
0 390.4 130.387 300 89
0 390.4 130.592 300 89
0 390.4 130.796 300 89
0 390.4 131.01 300 89
0 390.4 131.231 300 89
0 390.4 131.386 300 89
0 390.4 131.65 300 89
0 390.4 131.85 300 89
0 390.4 132.071 300 89
0 390.4 132.189 300 89
0 390.4 132.366 300 89
0 390.4 132.547 300 89
0 390.4 132.755 300 89
0 390.4 132.901 300 89
0 390.4 133.049 300 89
0 390.4 133.261 300 89
0 390.4 133.413 300 89
0 390.4 133.626 300 89
0 390.4 134.066 300 89
0 390.4 134.315 300 89
0 390.4 134.462 300 89
0 390.4 134.658 300 89
0 390.4 134.982 300 89
0 390.4 135.225 300 89
0 390.4 135.491 300 89
0 390.4 135.692 300 89
0 390.4 135.863 300 89
0 390.4 136.182 300 89
0 390.4 136.479 300 89
0 390.4 136.717 300 89
0 390.4 136.887 300 89
0 390.4 137.088 300 89
0 390.4 137.184 300 89
0 390.4 137.322 300 89
0 390.4 137.513 300 89
0 390.4 137.655 300 89
0 390.4 137.767 300 89
0 390.4 137.913 300 89
0 390.4 138.052 300 89
0 390.4 138.192 300 89
0 390.4 138.342 300 89
0 390.4 138.635 300 89
0 390.4 138.796 300 89
0 390.4 138.907 300 89
0 390.4 139.057 300 89
0 390.4 139.173 300 89
0 390.4 139.311 300 89
0 390.4 139.454 300 89
0 390.4 139.566 300 89
0 390.4 139.678 300 89
0 390.4 139.807 300 89
0 390.4 139.961 300 89
0 390.4 140.101 300 89
0 390.4 140.236 300 89
0 390.4 140.371 300 89
0 390.4 140.481 300 89
0 390.4 140.586 300 89
0 390.4 140.695 300 89
0 390.4 141.015 300 89
0 390.4 141.218 300 89
0 390.4 141.436 300 89
0 390.4 141.601 300 89
0 390.4 141.826 300 89
0 390.4 141.989 300 89
0 390.4 142.195 300 89
0 390.4 142.357 300 89
0 390.4 142.672 300 89
0 390.4 142.89 300 89
0 390.4 143.103 300 89
0 390.4 143.4 300 89
0 390.4 143.626 300 89
0 390.4 143.897 300 89
0 390.4 144.191 300 89
0 390.4 144.422 300 89
0 390.4 144.65 300 89
0 390.4 144.871 300 89
0 390.4 145.213 300 89
0 390.4 145.432 300 89
0 390.4 145.755 300 89
0 390.4 145.977 300 89
0 390.4 146.234 300 89
0 390.4 146.508 300 89
0 390.4 146.759 300 89
0 390.4 146.939 300 89
0 390.4 147.144 300 89
0 390.4 147.412 300 89
0 390.4 147.639 300 89
0 390.4 147.854 300 89
0 390.4 148.077 300 89
0 390.4 148.31 300 89
0 390.4 148.523 300 89
0 390.4 148.695 300 89
0 390.4 148.901 300 89
0 390.4 149.32 300 89
0 390.4 149.603 300 89
0 390.4 149.797 300 89
0 390.4 149.971 300 89
0 390.4 150.189 300 89
0 390.4 150.416 300 89
0 390.4 150.632 300 89
0 390.4 150.869 300 89
0 390.4 150.992 300 89
0 390.4 151.124 300 89
0 390.4 151.336 300 89
0 390.4 151.637 300 89
0 390.4 151.805 300 89
0 390.4 152.008 300 89
0 390.4 152.268 300 89
0 390.4 152.486 300 89
0 390.4 152.703 300 89
0 390.4 152.976 300 89
0 390.4 153.15 300 89
0 390.4 153.399 300 89
0 390.4 153.656 300 89
0 390.4 153.88 300 89
0 390.4 154.05 300 89
0 390.4 154.202 300 89
0 390.4 154.348 300 89
0 390.4 154.615 300 89
0 390.4 154.833 300 89
0 390.4 155.022 300 89
0 390.4 155.275 300 89
0 390.4 155.468 300 89
0 390.4 155.73 300 89
0 390.4 155.895 300 89
0 390.4 156.173 300 89
0 390.4 156.325 300 89
0 390.4 156.598 300 89
0 390.4 156.816 300 89
0 390.4 157.035 300 89
0 390.4 157.333 300 89
0 390.4 157.606 300 89
0 390.4 157.769 300 89
0 390.4 157.972 300 89
0 390.4 158.159 300 89
0 390.4 158.426 300 89
0 390.4 158.653 300 89
0 390.4 158.836 300 89
0 390.4 159.008 300 89
0 390.4 159.25 300 89
0 390.4 159.458 300 89
0 390.4 159.724 300 89
0 390.4 159.93 300 89
0 390.4 160.202 300 89
0 390.4 160.412 300 89
0 390.4 160.679 300 89
0 390.4 160.909 300 89
0 390.4 161.12 300 89
0 390.4 161.402 300 89
0 390.4 161.734 300 89
0 390.4 162.011 300 89
0 390.4 162.312 300 89
0 390.4 162.519 300 89
0 390.4 162.672 300 89
0 390.4 162.819 300 89
0 390.4 163.032 300 89
0 390.4 163.191 300 89
0 390.4 163.438 300 89
0 390.4 163.662 300 89
0 390.4 163.866 300 89
0 390.4 164.08 300 89
0 390.4 164.247 300 89
0 390.4 164.402 300 89
0 390.4 164.669 300 89
0 390.4 165.033 300 89
0 390.4 165.286 300 89
0 390.4 165.603 300 89
0 390.4 165.767 300 89
0 390.4 165.966 300 89
0 390.4 166.327 300 89
0 390.4 166.527 300 89
0 390.4 166.713 300 89
0 390.4 166.873 300 89
0 390.4 167.039 300 89
0 390.4 167.335 300 89
0 390.4 167.731 300 89
0 390.4 168.048 300 89
0 390.4 168.378 300 89
0 390.4 168.55 300 89
0 390.4 168.79 300 89
0 390.4 169.002 300 89
0 390.4 169.442 300 89
0 390.4 169.787 300 89
0 390.4 170.058 300 89
0 390.4 170.218 300 89
0 390.4 170.413 300 89
0 390.4 170.61 300 89
0 390.4 170.867 300 89
0 390.4 171.093 300 89
0 390.4 171.255 300 89
0 390.4 171.398 300 89
0 390.4 171.637 300 89
0 390.4 171.862 300 89
0 390.4 172.155 300 89
0 390.4 172.449 300 89
0 390.4 172.689 300 89
0 390.4 172.857 300 89
0 390.4 173.098 300 89
0 390.4 173.271 300 89
0 390.4 173.437 300 89
0 390.4 173.687 300 89
0 390.4 173.868 300 89
0 390.4 174.137 300 89
0 390.4 174.46 300 89
0 390.4 174.737 300 89
0 390.4 174.959 300 89
0 390.4 175.129 300 89
0 390.4 175.348 300 89
0 390.4 175.519 300 89
0 390.4 175.764 300 89
0 390.4 176.02 300 89
0 390.4 176.258 300 89
0 390.4 176.413 300 89
0 390.4 176.608 300 89
0 390.4 176.782 300 89
0 390.4 177.127 300 89
0 390.4 177.502 300 89
0 390.4 177.668 300 89
0 390.4 177.996 300 89
0 390.4 178.29 300 89
0 390.4 178.533 300 89
0 390.4 178.707 300 89
0 390.4 178.974 300 89
0 390.4 179.24 300 89
0 390.4 179.503 300 89
0 390.4 179.685 300 89
0 390.4 180.014 300 89
0 390.4 180.185 300 89
0 390.4 180.443 300 89
0 390.4 180.77 300 89
0 390.4 180.933 300 89
0 390.4 181.077 300 89
0 390.4 181.299 300 89
0 390.4 181.644 300 89
0 390.4 181.816 300 89
0 390.4 182.152 300 89
0 390.4 182.58 300 89
0 390.4 182.801 300 89
0 390.4 183.001 300 89
0 390.4 183.206 300 89
0 390.4 183.384 300 89
0 390.4 183.686 300 89
0 390.4 184.049 300 89
0 390.4 184.373 300 89
0 390.4 184.729 300 89
0 390.4 184.882 300 89
0 390.4 185.177 300 89
0 390.4 185.426 300 89
0 390.4 185.59 300 89
0 390.4 186.006 300 89
0 390.4 186.252 300 89
0 390.4 186.509 300 89
0 390.4 186.677 300 89
0 390.4 186.943 300 89
0 390.4 187.191 300 89
0 390.4 187.472 300 89
0 390.4 187.675 300 89
0 390.4 187.947 300 89
0 390.4 188.162 300 89
0 390.4 188.513 300 89
0 390.4 188.664 300 89
0 390.4 188.93 300 89
0 390.4 189.158 300 89
0 390.4 189.32 300 89
0 390.4 189.53 300 89
0 390.4 189.767 300 89
0 390.4 190.003 300 89
0 390.4 190.435 300 89
0 390.4 190.716 300 89
0 390.4 191.009 300 89
0 390.4 191.268 300 89
0 390.4 191.518 300 89
0 390.4 191.777 300 89
0 390.4 191.971 300 89
0 390.4 192.132 300 89
0 390.4 192.3 300 89
0 390.4 192.671 300 89
0 390.4 192.875 300 89
0 390.4 193.095 300 89
0 390.4 193.385 300 89
0 390.4 193.561 300 89
0 390.4 193.816 300 89
0 390.4 194.113 300 89
0 390.4 194.45 300 89
0 390.4 194.71 300 89
0 390.4 194.979 300 89
0 390.4 195.236 300 89
0 390.4 195.444 300 89
0 390.4 195.668 300 89
0 390.4 195.83 300 89
0 390.4 196.101 300 89
0 390.4 196.416 300 89
0 390.4 196.666 300 89
0 390.4 197.079 300 89
0 390.4 197.285 300 89
0 390.4 197.495 300 89
0 390.4 197.698 300 89
0 390.4 197.91 300 89
0 390.4 198.157 300 89
0 390.4 198.411 300 89
0 390.4 198.58 300 89
0 390.4 198.898 300 89
0 390.4 199.115 300 89
0 390.4 199.36 300 89
0 390.4 199.596 300 89
0 390.4 199.817 300 89
0 390.4 200.114 300 89
0 390.4 200.352 300 89
0 390.4 200.717 300 89
0 390.4 200.94 300 89
0 390.4 201.103 300 89
0 390.4 201.455 300 89
0 390.4 201.617 300 89
0 390.4 201.85 300 89
0 390.4 202.139 300 89
0 390.4 202.357 300 89
0 390.4 202.593 300 89
0 390.4 202.823 300 89
0 390.4 203.006 300 89
0 390.4 203.28 300 89
0 390.4 203.494 300 89
0 390.4 203.663 300 89
0 390.4 203.962 300 89
0 390.4 204.129 300 89
0 390.4 204.351 300 89
0 390.4 204.638 300 89
0 390.4 204.963 300 89
0 390.4 205.203 300 89
0 390.4 205.537 300 89
0 390.4 205.727 300 89
0 390.4 206.018 300 89
0 390.4 206.231 300 89
0 390.4 206.475 300 89
0 390.4 206.715 300 89
0 390.4 206.982 300 89
0 390.4 207.125 300 89
0 390.4 207.391 300 89
0 390.4 207.599 300 89
0 390.4 207.846 300 89
0 390.4 208.053 300 89
0 390.4 208.222 300 89
0 390.4 208.545 300 89
0 390.4 208.745 300 89
0 390.4 208.943 300 89
0 390.4 209.217 300 89
0 390.4 209.378 300 89
0 390.4 209.542 300 89
0 390.4 209.846 300 89
0 390.4 210.04 300 89
0 390.4 210.263 300 89
0 390.4 210.432 300 89
0 390.4 210.699 300 89
0 390.4 210.899 300 89
0 390.4 211.064 300 89
0 390.4 211.22 300 89
0 390.4 211.498 300 89
0 390.4 211.72 300 89
0 390.4 211.99 300 89
0 390.4 212.206 300 89
0 390.4 212.487 300 89
0 390.4 212.824 300 89
0 390.4 212.975 300 89
0 390.4 213.186 300 89
0 390.4 213.365 300 89
0 390.4 213.619 300 89
0 390.4 213.845 300 89
0 390.4 214.114 300 89
0 390.4 214.397 300 89
0 390.4 214.616 300 89
0 390.4 214.913 300 89
0 390.4 215.162 300 89
0 390.4 215.336 300 89
0 390.4 215.551 300 89
0 390.4 215.82 300 89
0 390.4 215.992 300 89
0 390.4 216.299 300 89
0 390.4 216.565 300 89
0 390.4 216.734 300 89
0 390.4 216.999 300 89
0 390.4 217.249 300 89
0 390.4 217.55 300 89
0 390.4 217.702 300 89
0 390.4 218.139 300 89
0 390.4 218.439 300 89
0 390.4 218.602 300 89
0 390.4 218.831 300 89
0 390.4 219.109 300 89
0 390.4 219.366 300 89
0 390.4 219.706 300 89
0 390.4 219.98 300 89
0 390.4 220.24 300 89
0 390.4 220.573 300 89
0 390.4 220.841 300 89
0 390.4 220.991 300 89
0 390.4 221.222 300 89
0 390.4 221.45 300 89
0 390.4 221.751 300 89
0 390.4 221.968 300 89
0 390.4 222.255 300 89
0 390.4 222.506 300 89
0 390.4 222.692 300 89
0 390.4 222.866 300 89
0 390.4 223.243 300 89
0 390.4 223.721 300 89
0 390.4 223.936 300 89
0 390.4 224.269 300 89
0 390.4 224.595 300 89
0 390.4 224.987 300 89
0 390.4 225.198 300 89
0 390.4 225.527 300 89
0 390.4 225.748 300 89
0 390.4 225.964 300 89
0 390.4 226.2 300 89
0 390.4 226.522 300 89
0 390.4 226.838 300 89
0 390.4 226.985 300 89
0 390.4 227.16 300 89
0 390.4 227.599 300 89
0 390.4 227.852 300 89
0 390.4 228.004 300 89
0 390.4 228.276 300 89
0 390.4 228.51 300 89
0 390.4 228.981 300 89
0 390.4 229.347 300 89
0 390.4 229.59 300 89
0 390.4 229.856 300 89
0 390.4 230.165 300 89
0 390.4 230.377 300 89
0 390.4 230.622 300 89
0 390.4 230.902 300 89
0 390.4 231.152 300 89
0 390.4 231.311 300 89
0 390.4 231.638 300 89
0 390.4 231.914 300 89
0 390.4 232.108 300 89
0 390.4 232.326 300 89
0 390.4 232.558 300 89
0 390.4 232.719 300 89
0 390.4 232.927 300 89
0 390.4 233.169 300 89
0 390.4 233.403 300 89
0 390.4 233.76 300 89
0 390.4 234.035 300 89
0 390.4 234.245 300 89
0 390.4 234.544 300 89
0 390.4 234.739 300 89
0 390.4 234.99 300 89
0 390.4 235.195 300 89
0 390.4 235.354 300 89
0 390.4 235.52 300 89
0 390.4 235.747 300 89
0 390.4 235.918 300 89
0 390.4 236.194 300 89
0 390.4 236.459 300 89
0 390.4 236.66 300 89
0 390.4 236.891 300 89
0 390.4 237.387 300 89
0 390.4 237.607 300 89
0 390.4 237.829 300 89
0 390.4 238.026 300 89
0 390.4 238.285 300 89
0 390.4 238.612 300 89
0 390.4 238.814 300 89
0 390.4 238.963 300 89
0 390.4 239.142 300 89
0 390.4 239.412 300 89
0 390.4 239.595 300 89
0 390.4 239.813 300 89
0 390.4 240.141 300 89
0 390.4 240.354 300 89
0 390.4 240.56 300 89
0 390.4 240.784 300 89
0 390.4 240.996 300 89
0 390.4 241.158 300 89
0 390.4 241.33 300 89
0 390.4 241.632 300 89
0 390.4 241.887 300 89
0 390.4 242.153 300 89
0 390.4 242.389 300 89
0 390.4 242.556 300 89
0 390.4 242.815 300 89
0 390.4 243.024 300 89
0 390.4 243.189 300 89
0 390.4 243.465 300 89
0 390.4 243.763 300 89
0 390.4 244.091 300 89
0 390.4 244.699 300 89
0 390.4 245.013 300 89
0 390.4 245.331 300 89
0 390.4 245.652 300 89
0 390.4 245.952 300 89
0 390.4 246.419 300 89
0 390.4 246.747 300 89
0 390.4 247.125 300 89
0 390.4 247.369 300 89
0 390.4 247.705 300 89
0 390.4 248.017 300 89
0 390.4 248.402 300 89
0 390.4 248.634 300 89
0 390.4 248.852 300 89
0 390.4 249.297 300 89
0 390.4 249.542 300 89
0 390.4 249.768 300 89
0 390.4 250.132 300 89
0 390.4 250.374 300 89
0 390.4 250.671 300 89
0 390.4 250.916 300 89
0 390.4 251.261 300 89
0 390.4 251.522 300 89
0 390.4 251.896 300 89
0 390.4 252.226 300 89
0 390.4 252.561 300 89
0 390.4 252.859 300 89
0 390.4 253.172 300 89
0 390.4 253.54 300 89
0 390.4 253.789 300 89
0 390.4 254.011 300 89
0 390.4 254.41 300 89
0 390.4 254.612 300 89
0 390.4 254.813 300 89
0 390.4 255.099 300 89
0 390.4 255.339 300 89
0 390.4 255.675 300 89
0 390.4 255.928 300 89
0 390.4 256.296 300 89
0 390.4 256.594 300 89
0 390.4 256.963 300 89
0 390.4 257.152 300 89
0 390.4 257.369 300 89
0 390.4 257.671 300 89
0 390.4 258.164 300 89
0 390.4 258.446 300 89
0 390.4 258.656 300 89
0 390.4 258.971 300 89
0 390.4 259.319 300 89
0 390.4 259.624 300 89
0 390.4 259.869 300 89
0 390.4 260.085 300 89
0 390.4 260.363 300 89
0 390.4 260.725 300 89
0 390.4 261.011 300 89
0 390.4 261.207 300 89
0 390.4 261.693 300 89
0 390.4 261.965 300 89
0 390.4 262.168 300 89
0 390.4 262.384 300 89
0 390.4 262.843 300 89
0 390.4 263.066 300 89
0 390.4 263.484 300 89
0 390.4 263.92 300 89
0 390.4 264.135 300 89
0 390.4 264.395 300 89
0 390.4 264.686 300 89
0 390.4 264.955 300 89
0 390.4 265.237 300 89
0 390.4 265.534 300 89
0 390.4 265.916 300 89
0 390.4 266.268 300 89
0 390.4 266.688 300 89
0 390.4 266.962 300 89
0 390.4 267.288 300 89
0 390.4 267.492 300 89
0 390.4 267.865 300 89
0 390.4 268.187 300 89
0 390.4 268.588 300 89
0 390.4 268.789 300 89
0 390.4 269.122 300 89
0 390.4 269.325 300 89
0 390.4 269.633 300 89
0 390.4 269.913 300 89
0 390.4 270.201 300 89
0 390.4 270.567 300 89
0 390.4 270.776 300 89
0 390.4 271.105 300 89
0 390.4 271.457 300 89
0 390.4 271.703 300 89
0 390.4 271.946 300 89
0 390.4 272.195 300 89
0 390.4 272.525 300 89
0 390.4 272.765 300 89
0 390.4 272.996 300 89
0 390.4 273.314 300 89
0 390.4 273.507 300 89
0 390.4 273.755 300 89
0 390.4 274.149 300 89
0 390.4 274.469 300 89
0 390.4 274.672 300 89
0 390.4 274.974 300 89
0 390.4 275.335 300 89
0 390.4 275.601 300 89
0 390.4 275.956 300 89
0 390.4 276.176 300 89
0 390.4 276.448 300 89
0 390.4 276.686 300 89
0 390.4 276.948 300 89
0 390.4 277.176 300 89
0 390.4 277.408 300 89
0 390.4 277.655 300 89
0 390.4 277.861 300 89
0 390.4 278.134 300 89
0 390.4 278.287 300 89
0 390.4 278.453 300 89
0 390.4 278.729 300 89
0 390.4 279.076 300 89
0 390.4 279.31 300 89
0 390.4 279.572 300 89
0 390.4 279.919 300 89
0 390.4 280.212 300 89
0 390.4 280.479 300 89
0 390.4 280.639 300 89
0 390.4 280.9 300 89
0 390.4 281.066 300 89
0 390.4 281.212 300 89
0 390.4 281.362 300 89
0 390.4 281.605 300 89
0 390.4 281.884 300 89
0 390.4 282.289 300 89
0 390.4 282.438 300 89
0 390.4 282.765 300 89
0 390.4 282.994 300 89
0 390.4 283.295 300 89
0 390.4 283.639 300 89
0 390.4 283.838 300 89
0 390.4 284.218 300 89
0 390.4 284.428 300 89
0 390.4 284.684 300 89
0 390.4 284.931 300 89
0 390.4 285.157 300 89
0 390.4 285.4 300 89
0 390.4 285.702 300 89
0 390.4 285.882 300 89
0 390.4 286.136 300 89
0 390.4 286.341 300 89
0 390.4 286.569 300 89
0 390.4 286.92 300 89
0 390.4 287.173 300 89
0 390.4 287.326 300 89
0 390.4 287.559 300 89
0 390.4 287.94 300 89
0 390.4 288.163 300 89
0 390.4 288.453 300 89
0 390.4 288.663 300 89
0 390.4 288.837 300 89
0 390.4 289.062 300 89
0 390.4 289.316 300 89
0 390.4 289.559 300 89
0 390.4 289.776 300 89
0 390.4 290.112 300 89
0 390.4 290.298 300 89
0 390.4 290.526 300 89
0 390.4 290.786 300 89
0 390.4 290.984 300 89
0 390.4 291.28 300 89
0 390.4 291.553 300 89
0 390.4 291.805 300 89
0 390.4 292.104 300 89
0 390.4 292.361 300 89
0 390.4 292.585 300 89
0 390.4 292.845 300 89
0 390.4 293.011 300 89
0 390.4 293.284 300 89
0 390.4 293.523 300 89
0 390.4 293.784 300 89
0 390.4 293.959 300 89
0 390.4 294.112 300 89
0 390.4 294.445 300 89
0 390.4 294.715 300 89
0 390.4 294.962 300 89
0 390.4 295.256 300 89
0 390.4 295.42 300 89
0 390.4 295.683 300 89
0 390.4 295.899 300 89
0 390.4 296.053 300 89
0 390.4 296.358 300 89
0 390.4 296.604 300 89
0 390.4 296.84 300 89
0 390.4 297.184 300 89
0 390.4 297.387 300 89
0 390.4 297.604 300 89
0 390.4 297.799 300 89
0 390.4 298.061 300 89
0 390.4 298.328 300 89
0 390.4 298.651 300 89
0 390.4 298.942 300 89
0 390.4 299.21 300 89
0 390.4 299.484 300 89
0 390.4 299.694 300 89
0 390.4 299.951 300 89
0 390.4 300.201 300 89
0 390.4 300.42 300 89
0 390.4 300.625 300 89
0 390.4 300.811 300 89
0 390.4 300.969 300 89
0 390.4 301.185 300 89
0 390.4 301.334 300 89
0 390.4 301.702 300 89
0 390.4 301.938 300 89
0 390.4 302.087 300 89
0 390.4 302.388 300 89
0 390.4 302.605 300 89
0 390.4 302.811 300 89
0 390.4 303.041 300 89
0 390.4 303.201 300 89
0 390.4 303.42 300 89
0 390.4 303.707 300 89
0 390.4 304.004 300 89
0 390.4 304.248 300 89
0 390.4 304.456 300 89
0 390.4 304.666 300 89
0 390.4 304.828 300 89
0 390.4 305.076 300 89
0 390.4 305.297 300 89
0 390.4 305.509 300 89
0 390.4 305.713 300 89
0 390.4 305.985 300 89
0 390.4 306.141 300 89
0 390.4 306.395 300 89
0 390.4 306.599 300 89
0 390.4 306.78 300 89
0 390.4 306.939 300 89
0 390.4 307.09 300 89
0 390.4 307.242 300 89
0 390.4 307.454 300 89
0 390.4 307.681 300 89
0 390.4 308.002 300 89
0 390.4 308.199 300 89
0 390.4 308.366 300 89
0 390.4 308.653 300 89
0 390.4 308.842 300 89
0 390.4 309.107 300 89
0 390.4 309.269 300 89
0 390.4 309.531 300 89
0 390.4 309.737 300 89
0 390.4 309.931 300 89
0 390.4 310.153 300 89
0 390.4 310.362 300 89
0 390.4 310.607 300 89
0 390.4 310.769 300 89
0 390.4 311.054 300 89
0 390.4 311.309 300 89
0 390.4 311.559 300 89
0 390.4 311.719 300 89
0 390.4 312.001 300 89
0 390.4 312.22 300 89
0 390.4 312.384 300 89
0 390.4 312.649 300 89
0 390.4 312.835 300 89
0 390.4 313.046 300 89
0 390.4 313.257 300 89
0 390.4 313.513 300 89
0 390.4 313.772 300 89
0 390.4 313.97 300 89
0 390.4 314.18 300 89
0 390.4 314.418 300 89
0 390.4 314.577 300 89
0 390.4 314.831 300 89
0 390.4 315.101 300 89
0 390.4 315.304 300 89
0 390.4 315.492 300 89
0 390.4 315.782 300 89
0 390.4 316.028 300 89
0 390.4 316.2 300 89
0 390.4 316.417 300 89
0 390.4 316.62 300 89
0 390.4 316.83 300 89
0 390.4 316.962 300 89
0 390.4 317.114 300 89
0 390.4 317.413 300 89
0 390.4 317.621 300 89
0 390.4 317.77 300 89
0 390.4 317.97 300 89
0 390.4 318.198 300 89
0 390.4 318.408 300 89
0 390.4 318.651 300 89
0 390.4 318.954 300 89
0 390.4 319.172 300 89
0 390.4 319.456 300 89
0 390.4 319.621 300 89
0 390.4 319.828 300 89
0 390.4 320.028 300 89
0 390.4 320.283 300 89
0 390.4 320.543 300 89
0 390.4 320.792 300 89
0 390.4 320.998 300 89
0 390.4 321.272 300 89
0 390.4 321.427 300 89
0 390.4 321.633 300 89
0 390.4 321.938 300 89
0 390.4 322.096 300 89
0 390.4 322.422 300 89
0 390.4 322.741 300 89
0 390.4 322.936 300 89
0 390.4 323.082 300 89
0 390.4 323.354 300 89
0 390.4 323.5 300 89
0 390.4 323.744 300 89
0 390.4 323.94 300 89
0 390.4 324.158 300 89
0 390.4 324.315 300 89
0 390.4 324.47 300 89
0 390.4 324.641 300 89
0 390.4 324.801 300 89
0 390.4 324.973 300 89
0 390.4 325.124 300 89
0 390.4 325.281 300 89
0 390.4 325.481 300 89
0 390.4 325.637 300 89
0 390.4 325.791 300 89
0 390.4 326.001 300 89
0 390.4 326.254 300 89
0 390.4 326.447 300 89
0 390.4 326.643 300 89
0 390.4 326.853 300 89
0 390.4 326.994 300 89
0 390.4 327.241 300 89
0 390.4 327.431 300 89
0 390.4 327.626 300 89
0 390.4 327.77 300 89
0 390.4 327.975 300 89
0 390.4 328.147 300 89
0 390.4 328.301 300 89
0 390.4 328.468 300 89
0 390.4 328.671 300 89
0 390.4 328.928 300 89
0 390.4 329.13 300 89
0 390.4 329.403 300 89
0 390.4 329.563 300 89
0 390.4 329.802 300 89
0 390.4 330.024 300 89
0 390.4 330.27 300 89
0 390.4 330.511 300 89
0 390.4 330.708 300 89
0 390.4 330.916 300 89
0 390.4 331.125 300 89
0 390.4 331.369 300 89
0 390.4 331.622 300 89
0 390.4 331.841 300 89
0 390.4 332.087 300 89
0 390.4 332.304 300 89
0 390.4 332.566 300 89
0 390.4 332.832 300 89
0 390.4 333.291 300 89
0 390.4 333.507 300 89
0 390.4 333.709 300 89
0 390.4 334.039 300 89
0 390.4 334.217 300 89
0 390.4 334.424 300 89
0 390.4 334.675 300 89
0 390.4 334.947 300 89
0 390.4 335.17 300 89
0 390.4 335.374 300 89
0 390.4 335.611 300 89
0 390.4 335.822 300 89
0 390.4 336.059 300 89
0 390.4 336.243 300 89
0 390.4 336.498 300 89
0 390.4 336.698 300 89
0 390.4 336.916 300 89
0 390.4 337.172 300 89
0 390.4 337.39 300 89
0 390.4 337.596 300 89
0 390.4 337.855 300 89
0 390.4 338.016 300 89
0 390.4 338.212 300 89
0 390.4 338.438 300 89
0 390.4 338.63 300 89
0 390.4 338.925 300 89
0 390.4 339.122 300 89
0 390.4 339.353 300 89
0 390.4 339.52 300 89
0 390.4 339.714 300 89
0 390.4 339.857 300 89
0 390.4 340.115 300 89
0 390.4 340.262 300 89
0 390.4 340.483 300 89
0 390.4 340.689 300 89
0 390.4 340.784 300 89
0 390.4 340.924 300 89
0 390.4 341.173 300 89
0 390.4 341.368 300 89
0 390.4 341.602 300 89
0 390.4 341.827 300 89
0 390.4 342.025 300 89
0 390.4 342.228 300 89
0 390.4 342.43 300 89
0 390.4 342.644 300 89
0 390.4 342.804 300 89
0 390.4 343.045 300 89
0 390.4 343.285 300 89
0 390.4 343.572 300 89
0 390.4 343.772 300 89
0 390.4 344.015 300 89
0 390.4 344.265 300 89
0 390.4 344.516 300 89
0 390.4 344.774 300 89
0 390.4 345.102 300 89
0 390.4 345.363 300 89
0 390.4 345.662 300 89
0 390.4 345.854 300 89
0 390.4 346.005 300 89
0 390.4 346.225 300 89
0 390.4 346.424 300 89
0 390.4 346.626 300 89
0 390.4 346.808 300 89
0 390.4 347.037 300 89
0 390.4 347.188 300 89
0 390.4 347.435 300 89
0 390.4 347.751 300 89
0 390.4 347.954 300 89
0 390.4 348.146 300 89
0 390.4 348.46 300 89
0 390.4 348.642 300 89
0 390.4 348.936 300 89
0 390.4 349.139 300 89
0 390.4 349.33 300 89
0 390.4 349.572 300 89
0 390.4 349.764 300 89
0 390.4 350.06 300 89
0 390.4 350.253 300 89
0 390.4 350.463 300 89
0 390.4 350.765 300 89
0 390.4 350.97 300 89
0 390.4 351.229 300 89
0 390.4 351.535 300 89
0 390.4 351.872 300 89
0 390.4 352.134 300 89
0 390.4 352.494 300 89
0 390.4 352.718 300 89
0 390.4 353.047 300 95
0 390.4 353.206 300 95
0 390.4 353.387 300 95
0 390.4 353.586 300 95
0 390.4 353.787 300 95
0 390.4 354.046 300 95
0 390.4 354.252 300 95
0 390.4 354.466 300 95
0 390.4 354.676 300 95
0 390.4 354.898 300 95
0 390.4 355.108 300 95
0 390.4 355.254 300 95
0 390.4 355.548 300 95
0 390.4 355.691 300 95
0 390.4 355.842 300 95
0 390.4 356.094 300 95
0 390.4 356.359 300 95
0 390.4 356.615 300 95
0 390.4 356.762 300 95
0 390.4 356.901 300 95
0 390.4 357.117 300 95
0 390.4 357.334 300 95
0 390.4 357.632 300 95
0 390.4 357.786 300 95
0 390.4 357.938 300 95
0 390.4 358.124 300 95
0 390.4 358.321 300 95
0 390.4 358.61 300 95
0 390.4 358.85 300 95
0 390.4 359.056 300 95
0 390.4 359.26 300 95
0 390.4 359.477 300 95
0 390.4 359.735 300 95
0 390.4 360.103 300 95
0 390.4 360.32 300 95
0 390.4 360.52 300 95
0 390.4 360.679 300 95
0 390.4 360.884 300 95
0 390.4 361.076 300 95
0 390.4 361.321 300 95
0 390.4 361.568 300 95
0 390.4 361.73 300 95
0 390.4 361.898 300 95
0 390.4 362.205 300 95
0 390.4 362.521 300 95
0 390.4 362.723 300 95
0 390.4 362.919 300 95
0 390.4 363.499 300 95
0 390.4 363.765 300 95
0 390.4 363.975 300 95
0 390.4 364.22 300 95
0 390.4 364.532 300 95
0 390.4 364.684 300 95
0 390.4 364.907 300 95
0 390.4 365.16 300 95
0 390.4 365.319 300 95
0 390.4 365.514 300 95
0 390.4 365.711 300 95
0 390.4 365.966 300 95
0 390.4 366.159 300 95
0 390.4 366.405 300 95
0 390.4 366.619 300 95
0 390.4 366.776 300 95
0 390.4 366.987 300 95
0 390.4 367.152 300 95
0 390.4 367.288 300 95
0 390.4 367.528 300 95
0 390.4 367.686 300 95
0 390.4 368.023 300 95
0 390.4 368.245 300 95
0 390.4 368.409 300 95
0 390.4 368.671 300 95
0 390.4 368.972 300 95
0 390.4 369.195 300 95
0 390.4 369.492 300 95
0 390.4 369.663 300 95
0 390.4 369.972 300 95
0 390.4 370.223 300 95
0 390.4 370.391 300 95
0 390.4 370.657 300 95
0 390.4 370.853 300 95
0 390.4 371.23 300 95
0 390.4 371.392 300 95
0 390.4 371.646 300 95
0 390.4 371.804 300 95
0 390.4 371.974 300 95
0 390.4 372.2 300 95
0 390.4 372.504 300 95
0 390.4 372.818 300 95
0 390.4 373.127 300 95
0 390.4 373.318 300 95
0 390.4 373.663 300 95
0 390.4 373.872 300 95
0 390.4 374.02 300 95
0 390.4 374.154 300 95
0 390.4 374.337 300 95
0 390.4 374.6 300 95
0 390.4 374.815 300 95
0 390.4 375.068 300 95
0 390.4 375.35 300 95
0 390.4 375.602 300 95
0 390.4 375.89 300 95
0 390.4 376.094 300 95
0 390.4 376.397 300 95
0 390.4 376.715 300 95
0 390.4 376.979 300 95
0 390.4 377.245 300 95
0 390.4 377.558 300 95
0 390.4 377.765 300 95
0 390.4 377.925 300 95
0 390.4 378.083 300 95
0 390.4 378.38 300 95
0 390.4 378.638 300 95
0 390.4 378.849 300 95
0 390.4 379.015 300 95
0 390.4 379.238 300 95
0 390.4 379.446 300 95
0 390.4 379.689 300 95
0 390.4 380.2 300 95
0 390.4 380.461 300 95
0 390.4 380.627 300 95
0 390.4 380.836 300 95
0 390.4 381.107 300 95
0 390.4 381.327 300 95
0 390.4 381.535 300 95
0 390.4 381.729 300 95
0 390.4 382.033 300 95
0 390.4 382.243 300 95
0 390.4 382.462 300 95
0 390.4 382.63 300 95
0 390.4 382.811 300 95
0 390.4 383.275 300 95
0 390.4 383.495 300 95
0 390.4 383.74 300 95
0 390.4 383.966 300 95
0 390.4 384.199 300 95
0 390.4 384.372 300 95
0 390.4 384.543 300 95
0 390.4 384.776 300 95
0 390.4 385.043 300 95
0 390.4 385.248 300 95
0 390.4 385.412 300 95
0 390.4 385.568 300 95
0 390.4 385.732 300 95
0 390.4 386.016 300 95
0 390.4 386.414 300 95
0 390.4 386.592 300 95
0 390.4 386.814 300 95
0 390.4 387.038 300 95
0 390.4 387.202 300 95
0 390.4 387.378 300 95
0 390.4 387.556 300 95
0 390.4 387.887 300 95
0 390.4 388.04 300 95
0 390.4 388.218 300 95
0 390.4 388.472 300 95
0 390.4 388.771 300 95
0 390.4 388.989 300 95
0 390.4 389.21 300 95
0 390.4 389.435 300 95
0 390.4 389.607 300 95
0 390.4 389.818 300 95
0 390.4 390.043 300 95
0 390.4 390.314 300 95
0 390.4 390.6 300 95
0 390.4 390.867 300 95
0 390.4 391.026 300 95
0 390.4 391.281 300 95
0 390.4 391.545 300 95
0 390.4 391.699 300 95
0 390.4 391.862 300 95
0 390.4 392.077 300 95
0 390.4 392.401 300 95
0 390.4 392.578 300 95
0 390.4 392.818 300 95
0 390.4 393.303 300 95
0 390.4 393.611 300 95
0 390.4 393.768 300 95
0 390.4 393.984 300 95
0 390.4 394.146 300 95
0 390.4 394.375 300 95
0 390.4 394.588 300 95
0 390.4 394.801 300 95
0 390.4 395.023 300 95
0 390.4 395.211 300 95
0 390.4 395.481 300 95
0 390.4 395.727 300 95
0 390.4 396.116 300 95
0 390.4 396.331 300 95
0 390.4 396.499 300 95
0 390.4 396.797 300 95
0 390.4 397 300 95
0 390.4 397.276 300 95
0 390.4 397.503 300 95
0 390.4 397.772 300 95
0 390.4 397.929 300 95
0 390.4 398.114 300 95
0 390.4 398.309 300 95
0 390.4 398.458 300 95
0 390.4 398.609 300 95
0 390.4 398.725 300 95
0 390.4 398.835 300 95
0 390.4 398.947 300 95
0 390.4 399.121 300 95
0 390.4 399.223 300 95
0 390.4 399.332 300 95
0 390.4 399.613 300 95
0 390.4 399.774 300 95
0 390.4 399.948 300 95
0 390.4 400.091 300 95
0 390.4 400.238 300 95
0 390.4 400.39 300 95
0 390.4 400.538 300 95
0 390.4 400.686 300 95
0 390.4 400.793 300 95
0 390.4 400.93 300 95
0 390.4 401.08 300 95
0 390.4 401.26 300 95
0 390.4 401.478 300 95
0 390.4 401.635 300 95
0 390.4 401.79 300 95
0 390.4 401.944 300 95
0 390.4 402.235 300 95
0 390.4 402.383 300 95
0 390.4 402.596 300 95
0 390.4 402.741 300 95
0 390.4 402.928 300 95
0 390.4 403.065 300 95
0 390.4 403.199 300 95
0 390.4 403.398 300 95
0 390.4 403.544 300 95
0 390.4 403.692 300 95
0 390.4 403.855 300 95
0 390.4 404.007 300 95
0 390.4 404.162 300 95
0 390.4 404.274 300 95
0 390.4 404.491 300 95
0 390.4 404.848 300 95
0 390.4 405.069 300 95
0 390.4 405.341 300 95
0 390.4 405.6 300 95
0 390.4 405.794 300 95
0 390.4 406.128 300 95
0 390.4 406.327 300 95
0 390.4 406.545 300 95
0 390.4 406.7 300 95
0 384.8 406.998 95
0 384.8 407.124 300 95
0 384.8 407.39 300 95
0 384.8 407.597 300 95
0 384.8 407.867 300 95
0 384.8 408.145 300 95
0 384.8 408.375 300 95
0 384.8 408.644 300 95
0 384.8 408.989 300 95
0 384.8 409.234 300 95
0 384.8 409.607 300 95
0 384.8 409.924 300 95
0 384.8 410.283 300 95
0 384.8 410.56 300 95
0 384.8 410.782 300 95
0 384.8 410.945 300 95
0 384.8 411.163 300 95
0 384.8 411.381 300 95
0 384.8 411.56 300 95
0 384.8 411.757 300 95
0 384.8 412.034 300 95
0 384.8 412.248 300 95
0 384.8 412.441 300 95
0 384.8 412.643 300 95
0 384.8 412.94 300 95
0 384.8 413.101 300 95
0 384.8 413.44 300 95
0 384.8 413.777 300 95
0 384.8 414.032 300 95
0 384.8 414.237 300 95
0 384.8 414.394 300 95
0 384.8 414.541 300 95
0 384.8 414.747 300 95
0 384.8 414.952 300 95
0 384.8 415.354 300 95
0 384.8 415.597 300 95
0 384.8 415.903 300 95
0 384.8 416.166 300 95
0 384.8 416.373 300 95
0 384.8 416.628 300 95
0 384.8 416.848 300 95
0 384.8 417.241 300 95
0 384.8 417.503 300 95
0 384.8 417.767 300 95
0 384.8 417.978 300 95
0 384.8 418.173 300 95
0 384.8 418.387 300 95
0 384.8 418.584 300 95
0 384.8 418.739 300 95
0 384.8 419.01 300 95
0 384.8 419.236 300 95
0 384.8 419.436 300 95
0 384.8 419.656 300 95
0 384.8 419.925 300 95
0 384.8 420.161 300 95
0 384.8 420.434 300 95
0 384.8 420.759 300 95
0 384.8 420.931 300 95
0 384.8 421.221 300 95
0 384.8 421.376 300 95
0 384.8 421.596 300 95
0 384.8 421.81 300 95
0 384.8 422.002 300 95
0 384.8 422.176 300 95
0 384.8 422.389 300 95
0 384.8 422.731 300 95
0 384.8 422.985 300 95
0 384.8 423.141 300 95
0 384.8 423.391 300 95
0 384.8 423.614 300 95
0 384.8 423.898 300 95
0 384.8 424.104 300 95
0 384.8 424.317 300 95
0 384.8 424.466 300 95
0 384.8 424.674 300 95
0 384.8 424.843 300 95
0 384.8 425.01 300 95
0 384.8 425.359 300 95
0 384.8 425.544 300 95
0 384.8 425.773 300 95
0 384.8 426.002 300 95
0 384.8 426.198 300 95
0 384.8 426.421 300 95
0 384.8 426.744 300 95
0 384.8 426.97 300 95
0 384.8 427.121 300 95
0 384.8 427.349 300 95
0 384.8 427.632 300 95
0 384.8 427.855 300 95
0 384.8 427.999 300 95
0 384.8 428.194 300 95
0 384.8 428.606 300 95
0 384.8 428.922 300 95
0 384.8 429.233 300 95
0 384.8 429.444 300 95
0 384.8 429.738 300 95
0 384.8 430.049 300 95
0 384.8 430.223 300 95
0 384.8 430.452 300 95
0 384.8 430.705 300 95
0 384.8 430.852 300 95
0 384.8 431.015 300 95
0 384.8 431.286 300 95
0 384.8 431.538 300 95
0 384.8 431.694 300 95
0 384.8 431.899 300 95
0 384.8 432.135 300 95
0 384.8 432.385 300 95
0 384.8 432.695 300 95
0 384.8 432.84 300 95
0 384.8 433.191 300 95
0 384.8 433.472 300 95
0 384.8 433.763 300 95
0 384.8 434.021 300 95
0 384.8 434.243 300 95
0 384.8 434.414 300 95
0 384.8 434.567 300 95
0 384.8 434.711 300 95
0 384.8 434.894 300 95
0 384.8 435.104 300 95
0 384.8 435.327 300 95
0 384.8 435.541 300 95
0 384.8 435.812 300 95
0 384.8 436.185 300 95
0 384.8 436.396 300 95
0 384.8 436.666 300 95
0 384.8 436.978 300 95
0 384.8 437.152 300 95
0 384.8 437.571 300 95
0 384.8 437.762 300 95
0 384.8 437.939 300 95
0 384.8 438.164 300 95
0 384.8 438.427 300 95
0 384.8 438.751 300 95
0 384.8 439.021 300 95
0 384.8 439.371 300 95
0 384.8 439.547 300 95
0 384.8 439.773 300 95
0 384.8 440.001 300 95
0 384.8 440.22 300 95
0 384.8 440.487 300 95
0 384.8 440.801 300 95
0 384.8 441.173 300 95
0 384.8 441.569 300 95
0 384.8 441.995 300 95
0 384.8 442.464 300 95
0 384.8 442.848 300 95
0 384.8 443.19 300 95
0 384.8 443.719 300 95
0 384.8 444.058 300 95
0 384.8 444.283 300 95
0 384.8 444.666 300 95
0 384.8 445.059 300 95
0 384.8 445.33 300 95
0 384.8 445.704 300 95
0 384.8 446.066 300 95
0 384.8 446.336 300 95
0 384.8 446.738 300 95
0 384.8 446.942 300 95
0 384.8 447.15 300 95
0 384.8 447.352 300 95
0 384.8 447.573 300 95
0 384.8 447.852 300 95
0 384.8 448.138 300 95
0 384.8 448.448 300 95
0 384.8 448.748 300 95
0 384.8 448.912 300 95
0 384.8 449.109 300 95
0 384.8 449.258 300 95
0 384.8 449.465 300 95
0 384.8 449.693 300 95
0 384.8 449.914 300 95
0 384.8 450.135 300 95
0 384.8 450.323 300 95
0 384.8 450.504 300 95
0 384.8 450.791 300 95
0 384.8 451.043 300 95
0 384.8 451.362 300 95
0 384.8 451.792 300 95
0 384.8 452.01 300 95
0 384.8 452.236 300 95
0 384.8 452.569 300 95
0 384.8 452.795 300 95
0 384.8 453.092 300 95
0 384.8 453.374 300 95
0 384.8 453.707 300 95
0 384.8 453.855 300 95
0 384.8 454.005 300 95
0 384.8 454.204 300 95
0 384.8 454.539 300 95
0 384.8 454.866 300 95
0 384.8 455.132 300 95
0 384.8 455.325 300 95
0 384.8 455.517 300 95
0 384.8 455.686 300 95
0 384.8 455.866 300 95
0 384.8 456.238 300 95
0 384.8 456.499 300 95
0 384.8 456.891 300 95
0 384.8 457.25 300 95
0 384.8 457.829 300 95
0 384.8 458.056 300 95
0 384.8 458.329 300 95
0 384.8 458.624 300 95
0 384.8 458.779 300 95
0 384.8 459.099 300 95
0 384.8 459.351 300 95
0 384.8 459.555 300 95
0 384.8 459.833 300 95
0 384.8 460.196 300 95
0 384.8 460.589 300 95
0 384.8 460.925 300 95
0 384.8 461.189 300 95
0 384.8 461.412 300 95
0 384.8 461.668 300 95
0 384.8 462.095 300 95
0 384.8 462.403 300 95
0 384.8 462.673 300 95
0 384.8 463.051 300 95
0 384.8 463.293 300 95
0 384.8 463.459 300 95
0 384.8 463.646 300 95
0 384.8 463.967 300 95
0 384.8 464.204 300 95
0 384.8 464.533 300 95
0 384.8 464.941 300 95
0 384.8 465.248 300 95
0 384.8 465.49 300 95
0 384.8 465.714 300 95
0 384.8 465.896 300 95
0 384.8 466.111 300 95
0 384.8 466.283 300 95
0 384.8 466.458 300 95
0 384.8 466.71 300 95
0 384.8 467.02 300 95
0 384.8 467.285 300 95
0 384.8 467.535 300 95
0 384.8 467.727 300 95
0 384.8 467.904 300 95
0 384.8 468.211 300 95
0 384.8 468.449 300 95
0 384.8 468.708 300 95
0 384.8 468.979 300 95
0 384.8 469.208 300 95
0 384.8 469.483 300 95
0 384.8 469.652 300 95
0 384.8 469.94 300 95
0 384.8 470.227 300 95
0 384.8 470.396 300 95
0 384.8 470.613 300 95
0 384.8 470.891 300 95
0 384.8 471.215 300 95
0 384.8 471.453 300 95
0 384.8 471.69 300 95
0 384.8 472.109 300 95
0 384.8 472.321 300 95
0 384.8 472.547 300 95
0 384.8 472.723 300 95
0 384.8 473.034 300 95
0 384.8 473.29 300 95
0 384.8 473.524 300 95
0 384.8 473.741 300 95
0 384.8 473.97 300 95
0 384.8 474.304 300 95
0 384.8 474.544 300 95
0 384.8 474.848 300 95
0 384.8 475.083 300 95
0 384.8 475.388 300 95
0 384.8 475.57 300 95
0 384.8 475.783 300 95
0 384.8 476.081 300 95
0 384.8 476.327 300 95
0 384.8 476.483 300 95
0 384.8 476.665 300 95
0 384.8 476.978 300 95
0 384.8 477.165 300 95
0 384.8 477.415 300 95
0 384.8 477.773 300 95
0 384.8 478.067 300 95
0 384.8 478.375 300 95
0 384.8 478.643 300 95
0 384.8 478.822 300 95
0 384.8 479.147 300 95
0 384.8 479.346 300 95
0 384.8 479.636 300 95
0 384.8 479.934 300 95
0 384.8 480.182 300 95
0 384.8 480.354 300 95
0 384.8 480.581 300 95
0 384.8 480.813 300 95
0 384.8 481.046 300 95
0 384.8 481.306 300 95
0 384.8 481.593 300 95
0 384.8 481.939 300 95
0 384.8 482.153 300 95
0 384.8 482.368 300 95
0 384.8 482.613 300 95
0 384.8 482.943 300 95
0 384.8 483.282 300 95
0 384.8 483.586 300 95
0 384.8 483.913 300 95
0 384.8 484.15 300 95
0 384.8 484.47 300 95
0 384.8 484.721 300 95
0 384.8 484.9 300 95
0 384.8 485.245 300 95
0 384.8 485.47 300 95
0 384.8 485.705 300 95
0 384.8 485.986 300 95
0 384.8 486.285 300 95
0 384.8 486.459 300 95
0 384.8 486.843 300 95
0 384.8 487.036 300 95
0 384.8 487.301 300 95
0 384.8 487.774 300 95
0 384.8 488.06 300 95
0 384.8 488.483 300 95
0 384.8 488.779 300 95
0 384.8 488.966 300 95
0 384.8 489.2 300 95
0 384.8 489.498 300 95
0 384.8 489.671 300 95
0 384.8 489.975 300 95
0 384.8 490.245 300 95
0 384.8 490.408 300 95
0 384.8 490.699 300 95
0 384.8 490.877 300 95
0 384.8 491.073 300 95
0 384.8 491.278 300 95
0 384.8 491.456 300 95
0 384.8 491.708 300 95
0 384.8 491.948 300 95
0 384.8 492.139 300 95
0 384.8 492.404 300 95
0 384.8 492.705 300 95
0 384.8 492.929 300 95
0 384.8 493.106 300 95
0 384.8 493.324 300 95
0 384.8 493.632 300 95
0 384.8 493.878 300 95
0 384.8 494.045 300 95
0 384.8 494.278 300 95
0 384.8 494.441 300 95
0 384.8 494.719 300 95
0 384.8 494.913 300 95
0 384.8 495.131 300 95
0 384.8 495.658 300 95
0 384.8 495.894 300 95
0 384.8 496.098 300 95
0 384.8 496.405 300 95
0 384.8 496.699 300 95
0 384.8 496.905 300 95
0 384.8 497.075 300 95
0 384.8 497.299 300 95
0 384.8 497.552 300 95
0 384.8 497.717 300 95
0 384.8 497.953 300 95
0 384.8 498.251 300 95
0 384.8 498.582 300 95
0 384.8 498.872 300 95
0 384.8 499.039 300 95
0 384.8 499.234 300 95
0 384.8 499.502 300 95
0 384.8 499.659 300 95
0 384.8 499.958 300 95
0 384.8 500.203 300 95
0 384.8 500.447 300 95
0 384.8 500.693 300 95
0 384.8 500.957 300 95
0 384.8 501.12 300 95
0 384.8 501.371 300 95
0 384.8 501.587 300 95
0 384.8 501.883 300 95
0 384.8 502.07 300 95
0 384.8 502.527 300 95
0 384.8 502.782 300 95
0 384.8 503.052 300 95
0 384.8 503.299 300 95
0 384.8 503.59 300 95
0 384.8 503.799 300 95
0 384.8 504.073 300 95
0 384.8 504.316 300 95
0 384.8 504.489 300 95
0 384.8 504.715 300 95
0 384.8 504.939 300 95
0 384.8 505.155 300 95
0 384.8 505.388 300 95
0 384.8 505.666 300 95
0 384.8 505.936 300 95
0 384.8 506.191 300 95
0 384.8 506.514 300 95
0 384.8 506.737 300 95
0 384.8 506.901 300 95
0 384.8 507.12 300 95
0 384.8 507.352 300 95
0 384.8 507.621 300 95
0 384.8 507.834 300 95
0 384.8 508.088 300 95
0 384.8 508.358 300 95
0 384.8 508.694 300 95
0 384.8 508.854 300 95
0 384.8 509.02 300 95
0 384.8 509.246 300 95
0 384.8 509.492 300 95
0 384.8 509.697 300 95
0 384.8 509.933 300 95
0 384.8 510.284 300 95
0 384.8 510.684 300 95
0 384.8 510.957 300 95
0 384.8 511.251 300 95
0 384.8 511.576 300 95
0 384.8 511.861 300 95
0 384.8 512.027 300 95
0 384.8 512.292 300 95
0 384.8 512.575 300 95
0 384.8 512.879 300 95
0 384.8 513.063 300 95
0 384.8 513.247 300 95
0 384.8 513.439 300 95
0 384.8 513.635 300 95
0 384.8 513.924 300 95
0 384.8 514.177 300 95
0 384.8 514.458 300 95
0 384.8 514.699 300 95
0 384.8 514.98 300 95
0 384.8 515.331 300 95
0 384.8 515.509 300 95
0 384.8 515.689 300 95
0 384.8 515.884 300 95
0 384.8 516.139 300 95
0 384.8 516.307 300 95
0 384.8 516.667 300 95
0 384.8 516.977 300 95
0 384.8 517.35 300 95
0 384.8 517.632 300 95
0 384.8 517.915 300 95
0 384.8 518.287 300 95
0 384.8 518.509 300 95
0 384.8 518.725 300 95
0 384.8 518.951 300 95
0 384.8 519.138 300 95
0 384.8 519.288 300 95
0 384.8 519.393 300 95
0 384.8 519.568 300 95
0 384.8 519.713 300 95
0 384.8 519.835 300 95
0 384.8 520.019 300 95
0 384.8 520.206 300 95
0 384.8 520.375 300 95
0 384.8 520.586 300 95
0 384.8 520.687 300 95
0 384.8 520.839 300 95
0 384.8 520.988 300 95
0 384.8 521.147 300 95
0 384.8 521.354 300 95
0 384.8 521.505 300 95
0 384.8 521.65 300 95
0 384.8 521.843 300 95
0 384.8 522.029 300 95
0 384.8 522.206 300 95
0 384.8 522.313 300 95
0 384.8 522.478 300 95
0 384.8 522.637 300 95
0 384.8 522.788 300 95
0 384.8 522.938 300 95
0 384.8 523.091 300 95
0 384.8 523.277 300 95
0 384.8 523.4 300 95
0 384.8 523.599 300 95
0 384.8 523.774 300 95
0 384.8 523.959 300 95
0 384.8 524.199 300 95
0 384.8 524.314 300 95
0 384.8 524.436 300 95
0 384.8 524.563 300 95
0 384.8 524.727 300 95
0 384.8 524.914 300 95
0 384.8 525.057 300 95
0 384.8 525.192 300 95
0 384.8 525.296 300 95
0 384.8 525.475 300 95
0 384.8 525.662 300 95
0 384.8 525.831 300 95
0 384.8 526.038 300 95
0 384.8 526.266 300 95
0 384.8 526.495 300 95
0 384.8 526.798 300 95
0 384.8 527.027 300 95
0 384.8 527.419 300 95
0 384.8 527.58 300 95
0 384.8 527.838 300 95
0 384.8 528.101 300 95
0 384.8 528.328 300 95
0 384.8 528.502 300 95
0 384.8 528.744 300 95
0 384.8 528.898 300 95
0 384.8 529.043 300 95
0 384.8 529.273 300 95
0 384.8 529.477 300 95
0 384.8 529.627 300 95
0 384.8 529.956 300 95
0 384.8 530.097 300 95
0 384.8 530.305 300 95
0 384.8 530.454 300 95
0 384.8 530.771 300 95
0 384.8 530.984 300 95
0 384.8 531.27 300 95
0 384.8 531.553 300 95
0 384.8 531.738 300 95
0 384.8 531.94 300 95
0 384.8 532.132 300 95
0 384.8 532.277 300 95
0 384.8 532.476 300 95
0 384.8 532.692 300 95
0 384.8 532.89 300 95
0 384.8 533.101 300 95
0 384.8 533.347 300 95
0 384.8 533.741 300 95
0 384.8 533.966 300 95
0 384.8 534.17 300 95
0 384.8 534.326 300 95
0 384.8 534.526 300 95
0 384.8 534.681 300 95
0 384.8 534.901 300 95
0 384.8 535.171 300 95
0 384.8 535.364 300 95
0 384.8 535.589 300 95
0 384.8 535.791 300 95
0 384.8 536.03 300 95
0 384.8 536.231 300 95
0 384.8 536.493 300 95
0 384.8 536.77 300 95
0 384.8 536.998 300 95
0 384.8 537.308 300 95
0 384.8 537.537 300 95
0 384.8 537.751 300 95
0 384.8 537.942 300 95
0 384.8 538.151 300 95
0 384.8 538.352 300 95
0 384.8 538.502 300 95
0 384.8 538.765 300 95
0 384.8 538.994 300 95
0 384.8 539.21 300 95
0 384.8 539.383 300 95
0 384.8 539.588 300 95
0 384.8 539.809 300 95
0 384.8 539.956 300 95
0 384.8 540.115 300 95
0 384.8 540.401 300 95
0 384.8 540.597 300 95
0 384.8 540.975 300 95
0 384.8 541.132 300 95
0 384.8 541.347 300 95
0 384.8 541.585 300 95
0 384.8 541.729 300 95
0 384.8 541.914 300 95
0 384.8 542.277 300 95
0 384.8 542.516 300 95
0 384.8 542.796 300 95
0 384.8 543.034 300 95
0 384.8 543.375 300 95
0 384.8 543.516 300 95
0 384.8 543.66 300 95
0 384.8 543.797 300 95
0 384.8 543.929 300 95
0 384.8 544.07 300 95
0 384.8 544.21 300 95
0 384.8 544.374 300 95
0 384.8 544.633 300 95
0 384.8 544.861 300 95
0 384.8 545.074 300 95
0 384.8 545.286 300 95
0 384.8 545.439 300 95
0 384.8 545.602 300 95
0 384.8 545.818 300 95
0 384.8 546.031 300 95
0 384.8 546.3 300 95
0 384.8 546.51 300 95
0 384.8 546.727 300 95
0 384.8 546.992 300 95
0 384.8 547.229 300 95
0 384.8 547.604 300 95
0 384.8 547.87 300 95
0 384.8 548.073 300 95
0 384.8 548.282 300 95
0 384.8 548.439 300 95
0 384.8 548.695 300 95
0 384.8 548.925 300 95
0 384.8 549.105 300 95
0 384.8 549.422 300 95
0 384.8 549.694 300 95
0 384.8 549.905 300 95
0 384.8 550.181 300 95
0 384.8 550.364 300 95
0 384.8 550.59 300 95
0 384.8 550.862 300 95
0 384.8 551.178 300 95
0 384.8 551.323 300 95
0 384.8 551.588 300 95
0 384.8 551.8 300 95
0 384.8 552.033 300 95
0 384.8 552.23 300 95
0 384.8 552.532 300 95
0 384.8 552.829 300 95
0 384.8 552.995 300 95
0 384.8 553.423 300 95
0 384.8 553.611 300 95
0 384.8 553.808 300 95
0 384.8 554.058 300 95
0 384.8 554.324 300 95
0 384.8 554.524 300 95
0 384.8 554.729 300 95
0 384.8 555.013 300 95
0 384.8 555.262 300 95
0 384.8 555.472 300 95
0 384.8 555.634 300 95
0 384.8 555.896 300 95
0 384.8 556.162 300 95
0 384.8 556.365 300 95
0 384.8 556.582 300 95
0 384.8 556.781 300 95
0 384.8 556.94 300 95
0 384.8 557.15 300 95
0 384.8 557.29 300 95
0 384.8 557.508 300 95
0 384.8 557.673 300 95
0 384.8 557.824 300 95
0 384.8 558.038 300 95
0 384.8 558.294 300 95
0 384.8 558.557 300 95
0 384.8 558.769 300 95
0 384.8 558.995 300 95
0 384.8 559.164 300 95
0 384.8 559.401 300 95
0 384.8 559.598 300 95
0 384.8 559.741 300 95
0 384.8 559.951 300 95
0 384.8 560.199 300 95
0 384.8 560.363 300 95
0 384.8 560.498 300 95
0 384.8 560.692 300 95
0 384.8 560.901 300 95
0 384.8 561.108 300 95
0 384.8 561.296 300 95
0 384.8 561.531 300 95
0 384.8 561.694 300 95
0 384.8 561.884 300 95
0 384.8 562.096 300 95
0 384.8 562.365 300 95
0 384.8 562.645 300 95
0 384.8 562.89 300 95
0 384.8 563.077 300 95
0 384.8 563.307 300 95
0 384.8 563.574 300 95
0 384.8 563.741 300 95
0 384.8 563.993 300 95
0 384.8 564.16 300 95
0 384.8 564.487 300 95
0 384.8 564.626 300 95
0 384.8 564.879 300 95
0 384.8 565.145 300 95
0 384.8 565.321 300 95
0 384.8 565.495 300 95
0 384.8 565.648 300 95
0 384.8 565.911 300 95
0 384.8 566.123 300 95
0 384.8 566.385 300 95
0 384.8 566.662 300 95
0 384.8 566.924 300 95
0 384.8 567.185 300 95
0 384.8 567.539 300 95
0 384.8 567.882 300 95
0 384.8 568.042 300 95
0 384.8 568.31 300 95
0 384.8 568.514 300 95
0 384.8 568.709 300 95
0 384.8 568.905 300 95
0 384.8 569.061 300 95
0 384.8 569.275 300 95
0 384.8 569.473 300 95
0 384.8 569.673 300 95
0 384.8 569.895 300 95
0 384.8 570.114 300 95
0 384.8 570.409 300 95
0 384.8 570.568 300 95
0 384.8 570.884 300 95
0 384.8 571.09 300 95
0 384.8 571.24 300 95
0 384.8 571.478 300 95
0 384.8 571.653 300 95
0 384.8 571.853 300 95
0 384.8 572.017 300 95
0 384.8 572.162 300 95
0 384.8 572.363 300 95
0 384.8 572.574 300 95
0 384.8 572.72 300 95
0 384.8 572.931 300 95
0 384.8 573.072 300 95
0 384.8 573.214 300 95
0 384.8 573.429 300 95
0 384.8 573.594 300 95
0 384.8 573.861 300 95
0 384.8 574.062 300 95
0 384.8 574.258 300 95
0 384.8 574.468 300 95
0 384.8 574.668 300 95
0 384.8 574.96 300 95
0 384.8 575.225 300 95
0 384.8 575.434 300 95
0 384.8 575.61 300 95
0 384.8 575.943 300 95
0 384.8 576.107 300 95
0 384.8 576.35 300 95
0 384.8 576.589 300 95
0 384.8 576.793 300 95
0 384.8 576.996 300 95
0 384.8 577.199 300 95
0 384.8 577.345 300 95
0 384.8 577.62 300 95
0 384.8 577.782 300 95
0 384.8 577.955 300 95
0 384.8 578.4 300 95
0 384.8 578.604 300 95
0 384.8 578.868 300 95
0 384.8 579.047 300 95
0 384.8 579.35 300 95
0 384.8 579.513 300 95
0 384.8 579.681 300 95
0 384.8 579.88 300 95
0 384.8 580.022 300 95
0 384.8 580.227 300 95
0 384.8 580.433 300 95
0 384.8 580.665 300 95
0 384.8 580.88 300 95
0 384.8 581.077 300 95
0 384.8 581.27 300 95
0 384.8 581.576 300 95
0 384.8 581.908 300 95
0 384.8 582.094 300 95
0 384.8 582.29 300 95
0 384.8 582.626 300 95
0 384.8 582.959 300 95
0 384.8 583.15 300 95
0 384.8 583.34 300 95
0 384.8 583.574 300 95
0 384.8 583.703 300 95
0 384.8 583.913 300 95
0 384.8 584.182 300 95
0 384.8 584.346 300 95
0 384.8 584.563 300 95
0 384.8 584.835 300 95
0 384.8 585.2 300 95
0 384.8 585.412 300 95
0 384.8 585.672 300 95
0 384.8 585.918 300 95
0 384.8 586.084 300 95
0 384.8 586.337 300 95
0 384.8 586.588 300 95
0 384.8 586.783 300 95
0 384.8 586.922 300 95
0 384.8 587.083 300 95
0 384.8 587.204 300 95
0 384.8 587.335 300 95
0 384.8 587.48 300 95
0 384.8 587.621 300 95
0 384.8 587.741 300 95
0 384.8 587.918 300 95
0 384.8 588.136 300 95
0 384.8 588.289 300 95
0 384.8 588.401 300 95
0 384.8 588.525 300 95
0 384.8 588.71 300 95
0 384.8 588.827 300 95
0 384.8 588.973 300 95
0 384.8 589.162 300 95
0 384.8 589.356 300 95
0 384.8 589.492 300 95
0 384.8 589.603 300 95
0 384.8 589.779 300 95
0 384.8 589.981 300 95
0 384.8 590.081 300 95
0 384.8 590.216 300 95
0 384.8 590.42 300 95
0 384.8 590.566 300 95
0 384.8 590.774 300 95
0 384.8 591.002 300 95
0 384.8 591.102 300 95
0 384.8 591.361 300 95
0 384.8 591.636 300 95
0 384.8 591.845 300 95
0 384.8 592.064 300 95
0 384.8 592.297 300 95
0 384.8 592.498 300 95
0 384.8 592.804 300 95
0 384.8 593.045 300 95
0 384.8 593.242 300 95
0 384.8 593.411 300 95
0 384.8 593.692 300 95
0 384.8 593.976 300 95
0 384.8 594.145 300 95
0 384.8 594.701 300 95
0 384.8 594.978 300 95
0 384.8 595.224 300 95
0 384.8 595.558 300 95
0 384.8 595.786 300 95
0 384.8 595.943 300 95
0 384.8 596.207 300 95
0 384.8 596.541 300 95
0 384.8 596.804 300 95
0 384.8 597.027 300 95
0 384.8 597.28 300 95
0 384.8 597.598 300 95
0 384.8 597.813 300 95
0 384.8 598.128 300 95
0 384.8 598.482 300 95
0 384.8 598.802 300 95
0 384.8 599.037 300 95
0 384.8 599.352 300 95
0 384.8 599.564 300 95
0 384.8 599.945 300 95
0 384.8 600.13 300 95
0 384.8 600.35 300 95
0 384.8 600.604 300 95
0 384.8 600.784 300 95
0 384.8 601.002 300 95
0 384.8 601.438 300 95
0 384.8 601.806 300 95
0 384.8 602.169 300 95
0 384.8 602.457 300 95
0 384.8 602.759 300 95
0 384.8 602.926 300 95
0 384.8 603.136 300 95
0 384.8 603.409 300 95
0 384.8 603.675 300 95
0 384.8 603.886 300 95
0 384.8 604.388 300 95
0 384.8 604.548 300 95
0 384.8 604.771 300 95
0 384.8 605.044 300 95
0 384.8 605.275 300 95
0 384.8 605.511 300 95
0 384.8 605.861 300 95
0 384.8 606.056 300 95
0 384.8 606.417 300 95
0 384.8 606.639 300 95
0 384.8 606.939 300 95
0 384.8 607.304 300 95
0 384.8 607.526 300 95
0 384.8 607.743 300 95
0 384.8 607.892 300 95
0 384.8 608.103 300 95
0 384.8 608.305 300 95
0 384.8 608.544 300 95
0 384.8 608.859 300 95
0 384.8 609.086 300 95
0 384.8 609.441 300 95
0 384.8 609.851 300 95
0 384.8 610.183 300 95
0 384.8 610.337 300 95
0 384.8 610.709 300 95
0 384.8 611.087 300 95
0 384.8 611.366 300 95
0 384.8 611.549 300 95
0 384.8 611.761 300 95
0 384.8 611.949 300 95
0 384.8 612.098 300 95
0 384.8 612.451 300 95
0 384.8 612.706 300 95
0 384.8 613.137 300 95
0 384.8 613.377 300 95
0 384.8 613.582 300 95
0 384.8 613.729 300 95
0 384.8 614.017 300 95
0 384.8 614.217 300 95
0 384.8 614.479 300 95
0 384.8 614.7 300 95
0 384.8 614.989 300 95
0 384.8 615.206 300 95
0 384.8 615.414 300 95
0 384.8 615.632 300 95
0 384.8 615.847 300 95
0 384.8 616.168 300 95
0 384.8 616.337 300 95
0 384.8 616.662 300 95
0 384.8 616.968 300 95
0 384.8 617.142 300 95
0 384.8 617.355 300 95
0 384.8 617.52 300 95
0 384.8 617.737 300 95
0 384.8 618.008 300 95
0 384.8 618.257 300 95
0 384.8 618.667 300 95
0 384.8 618.932 300 95
0 384.8 619.099 300 95
0 384.8 619.245 300 95
0 384.8 619.55 300 95
0 384.8 619.818 300 95
0 384.8 620.102 300 95
0 384.8 620.317 300 95
0 384.8 620.483 300 95
0 384.8 620.696 300 95
0 384.8 621.019 300 95
0 384.8 621.321 300 95
0 384.8 621.57 300 95
0 384.8 621.788 300 95
0 384.8 622.069 300 95
0 384.8 622.293 300 95
0 384.8 622.565 300 95
0 384.8 622.887 300 95
0 384.8 623.227 300 95
0 384.8 623.551 300 95
0 384.8 623.836 300 95
0 384.8 624.243 300 95
0 384.8 624.559 300 95
0 384.8 624.724 300 95
0 384.8 624.95 300 95
0 384.8 625.191 300 95
0 384.8 625.469 300 95
0 384.8 625.688 300 95
0 384.8 625.897 300 95
0 384.8 626.189 300 95
0 384.8 626.527 300 95
0 384.8 626.872 300 95
0 384.8 627.086 300 95
0 384.8 627.316 300 95
0 384.8 627.692 300 95
0 384.8 627.878 300 95
0 384.8 628.144 300 95
0 384.8 628.558 300 95
0 384.8 628.765 300 95
0 384.8 628.982 300 95
0 384.8 629.292 300 95
0 384.8 629.527 300 95
0 384.8 629.716 300 95
0 384.8 629.965 300 95
0 384.8 630.125 300 95
0 384.8 630.411 300 95
0 384.8 630.588 300 95
0 384.8 630.795 300 95
0 384.8 631.104 300 95
0 384.8 631.307 300 95
0 384.8 631.544 300 95
0 384.8 631.804 300 95
0 384.8 632.04 300 95
0 384.8 632.378 300 95
0 384.8 632.587 300 95
0 384.8 632.968 300 95
0 384.8 633.132 300 95
0 384.8 633.254 300 95
0 384.8 633.387 300 95
0 384.8 633.567 300 95
0 384.8 633.798 300 95
0 384.8 633.95 300 95
0 384.8 634.134 300 95
0 384.8 634.436 300 95
0 384.8 634.696 300 95
0 384.8 634.953 300 95
0 384.8 635.217 300 95
0 384.8 635.446 300 95
0 384.8 635.639 300 95
0 384.8 636.057 300 95
0 384.8 636.348 300 95
0 384.8 636.539 300 95
0 384.8 636.729 300 95
0 384.8 637.002 300 95
0 384.8 637.407 300 95
0 384.8 637.72 300 95
0 384.8 638.065 300 95
0 384.8 638.278 300 95
0 384.8 638.448 300 95
0 384.8 638.745 300 95
0 384.8 639.013 300 95
0 384.8 639.158 300 95
0 384.8 639.363 300 95
0 384.8 639.483 300 95
0 384.8 639.743 300 95
0 384.8 639.958 300 95
0 384.8 640.115 300 95
0 384.8 640.275 300 95
0 384.8 640.464 300 95
0 384.8 640.59 300 95
0 384.8 640.73 300 95
0 384.8 640.874 300 95
0 384.8 640.995 300 95
0 384.8 641.155 300 95
0 384.8 641.34 300 95
0 384.8 641.504 300 95
0 384.8 641.689 300 95
0 384.8 641.904 300 95
0 384.8 642.065 300 95
0 384.8 642.256 300 95
0 384.8 642.431 300 95
0 384.8 642.623 300 95
0 384.8 642.769 300 95
0 384.8 643.033 300 95
0 384.8 643.263 300 95
0 384.8 643.525 300 95
0 384.8 643.701 300 95
0 384.8 643.869 300 95
0 384.8 644.09 300 95
0 384.8 644.399 300 95
0 384.8 644.629 300 95
0 384.8 644.891 300 95
0 384.8 645.139 300 95
0 384.8 645.353 300 95
0 384.8 645.549 300 95
0 384.8 645.814 300 95
0 384.8 646.043 300 95
0 384.8 646.219 300 95
0 384.8 646.498 300 95
0 384.8 646.698 300 95
0 384.8 647.055 300 95
0 384.8 647.38 300 95
0 384.8 647.667 300 95
0 384.8 647.909 300 95
0 384.8 648.087 300 95
0 384.8 648.319 300 95
0 384.8 648.507 300 95
0 384.8 648.742 300 95
0 384.8 648.99 300 95
0 384.8 649.208 300 95
0 384.8 649.389 300 95
0 384.8 649.541 300 95
0 384.8 649.786 300 95
0 384.8 650.126 300 95
0 384.8 650.381 300 95
0 384.8 650.59 300 95
0 384.8 650.854 300 95
0 384.8 651.148 300 95
0 384.8 651.339 300 95
0 384.8 651.683 300 95
0 384.8 651.992 300 95
0 384.8 652.259 300 95
0 384.8 652.428 300 95
0 384.8 652.588 300 95
0 384.8 652.832 300 95
0 384.8 653.228 300 95
0 384.8 653.407 300 95
0 384.8 653.642 300 95
0 384.8 653.916 300 95
0 384.8 654.086 300 95
0 384.8 654.36 300 95
0 384.8 654.58 300 95
0 384.8 654.857 300 95
0 384.8 655.076 300 95
0 384.8 655.297 300 95
0 384.8 655.474 300 95
0 384.8 655.69 300 95
0 384.8 655.916 300 95
0 384.8 656.148 300 95
0 384.8 656.318 300 95
0 384.8 656.546 300 95
0 384.8 656.723 300 95
0 384.8 656.874 300 95
0 384.8 657.149 300 95
0 384.8 657.324 300 95
0 384.8 657.699 300 95
0 384.8 657.938 300 95
0 384.8 658.233 300 95
0 384.8 658.549 300 95
0 384.8 658.831 300 95
0 384.8 659.005 300 95
0 384.8 659.225 300 95
0 384.8 659.381 300 95
0 384.8 659.66 300 95
0 384.8 659.995 300 95
0 384.8 660.179 300 95
0 384.8 660.565 300 95
0 384.8 660.807 300 95
0 384.8 661.272 300 95
0 384.8 661.57 300 95
0 384.8 661.723 300 95
0 384.8 662.007 300 95
0 384.8 662.228 300 95
0 384.8 662.605 300 95
0 384.8 662.977 300 95
0 384.8 663.228 300 95
0 384.8 663.48 300 95
0 384.8 663.661 300 95
0 384.8 663.857 300 95
0 384.8 664.073 300 95
0 384.8 664.405 300 95
0 384.8 664.574 300 95
0 384.8 664.861 300 95
0 384.8 665.048 300 95
0 384.8 665.249 300 95
0 384.8 665.413 300 95
0 384.8 665.692 300 95
0 384.8 665.935 300 95
0 384.8 666.306 300 95
0 384.8 666.477 300 95
0 384.8 666.704 300 95
0 384.8 667.002 300 95
0 384.8 667.17 300 95
0 384.8 667.396 300 95
0 384.8 667.695 300 95
0 384.8 667.973 300 95
0 384.8 668.176 300 95
0 384.8 668.433 300 95
0 384.8 668.713 300 95
0 384.8 668.885 300 95
0 384.8 669.107 300 95
0 384.8 669.359 300 95
0 384.8 669.545 300 95
0 384.8 669.771 300 95
0 384.8 669.959 300 95
0 384.8 670.139 300 95
0 384.8 670.437 300 95
0 384.8 670.73 300 95
0 384.8 671.019 300 95
0 384.8 671.317 300 95
0 384.8 671.556 300 95
0 384.8 671.823 300 95
0 384.8 671.93 300 95
0 384.8 672.094 300 95
0 384.8 672.271 300 95
0 384.8 672.465 300 95
0 384.8 672.595 300 95
0 384.8 672.793 300 95
0 384.8 672.957 300 95
0 384.8 673.113 300 95
0 384.8 673.26 300 95
0 384.8 673.421 300 95
0 384.8 673.653 300 95
0 384.8 673.959 300 95
0 384.8 674.159 300 95
0 384.8 674.375 300 95
0 384.8 674.57 300 95
0 384.8 674.739 300 95
0 384.8 674.935 300 95
0 384.8 675.136 300 95
0 384.8 675.489 300 95
0 384.8 675.673 300 95
0 384.8 676.038 300 95
0 384.8 676.333 300 95
0 384.8 676.656 300 95
0 384.8 676.947 300 95
0 384.8 677.256 300 95
0 384.8 677.574 300 95
0 384.8 677.882 300 95
0 384.8 678.147 300 95
0 384.8 678.383 300 95
0 384.8 678.585 300 95
0 384.8 678.958 300 95
0 384.8 679.211 300 95
0 384.8 679.435 300 95
0 384.8 679.696 300 95
0 384.8 679.984 300 95
0 384.8 680.225 300 95
0 384.8 680.468 300 95
0 384.8 680.646 300 95
0 384.8 680.814 300 95
0 384.8 681.173 300 95
0 384.8 681.413 300 95
0 384.8 681.574 300 95
0 384.8 681.921 300 95
0 384.8 682.175 300 95
0 384.8 682.562 300 95
0 384.8 682.805 300 95
0 384.8 683.133 300 95
0 384.8 683.42 300 95
0 384.8 683.595 300 95
0 384.8 683.77 300 95
0 384.8 684.089 300 95
0 384.8 684.246 300 95
0 384.8 684.419 300 95
0 384.8 684.581 300 95
0 384.8 685.082 300 95
0 384.8 685.305 300 95
0 384.8 685.555 300 95
0 384.8 685.865 300 95
0 384.8 686.072 300 95
0 384.8 686.293 300 95
0 384.8 686.627 300 95
0 384.8 686.865 300 95
0 384.8 687.09 300 95
0 384.8 687.481 300 95
0 384.8 687.632 300 95
0 384.8 688.01 300 95
0 384.8 688.249 300 95
0 384.8 688.481 300 95
0 384.8 688.666 300 95
0 384.8 688.843 300 95
0 384.8 689.039 300 95
0 384.8 689.216 300 95
0 384.8 689.498 300 95
0 384.8 689.801 300 95
0 384.8 690.004 300 95
0 384.8 690.188 300 95
0 384.8 690.369 300 95
0 384.8 690.64 300 95
0 384.8 690.89 300 95
0 384.8 691.194 300 95
0 384.8 691.408 300 95
0 384.8 691.689 300 95
0 384.8 692.057 300 95
0 384.8 692.354 300 95
0 384.8 692.59 300 95
0 384.8 692.994 300 95
0 384.8 693.163 300 95
0 384.8 693.485 300 95
0 384.8 693.702 300 95
0 384.8 693.881 300 95
0 384.8 694.061 300 95
0 384.8 694.248 300 95
0 384.8 694.46 300 95
0 384.8 694.879 300 95
0 384.8 695.101 300 95
0 384.8 695.304 300 95
0 384.8 695.601 300 95
0 384.8 695.804 300 95
0 384.8 696.08 300 95
0 384.8 696.28 300 95
0 384.8 696.54 300 95
0 384.8 696.92 300 95
0 384.8 697.391 300 95
0 384.8 697.586 300 95
0 384.8 697.864 300 95
0 384.8 698.078 300 95
0 384.8 698.23 300 95
0 384.8 698.47 300 95
0 384.8 698.684 300 95
0 384.8 699.005 300 95
0 384.8 699.239 300 95
0 384.8 699.506 300 95
0 384.8 699.759 300 95
0 384.8 699.998 300 95
0 384.8 700.386 300 95
0 384.8 700.558 300 95
0 384.8 700.713 300 95
0 384.8 700.875 300 95
0 384.8 701.049 300 95
0 384.8 701.344 300 95
0 384.8 701.653 300 95
0 384.8 701.835 300 95
0 384.8 702.053 300 95
0 384.8 702.3 300 95
0 384.8 702.505 300 95
0 384.8 702.729 300 95
0 384.8 702.956 300 95
0 384.8 703.172 300 95
0 384.8 703.348 300 95
0 384.8 703.487 300 95
0 384.8 703.755 300 95
0 384.8 704.061 300 95
0 384.8 704.36 300 95
0 384.8 704.599 300 95
0 384.8 705.062 300 95
0 384.8 705.211 300 95
0 384.8 705.432 300 95
0 384.8 705.67 300 95
0 384.8 705.93 300 95
0 384.8 706.168 300 95
0 384.8 706.469 300 95
0 384.8 706.737 300 95
0 384.8 707.002 300 95
0 384.8 707.302 300 95
0 384.8 707.577 300 95
0 384.8 707.775 300 95
0 384.8 708.032 300 95
0 384.8 708.281 300 95
0 384.8 708.549 300 95
0 384.8 708.752 300 95
0 384.8 709.007 300 95
0 384.8 709.252 300 95
0 384.8 709.488 300 95
0 384.8 709.862 300 95
0 384.8 710.238 300 95
0 384.8 710.431 300 95
0 384.8 710.715 300 95
0 384.8 710.967 300 95
0 384.8 711.326 300 95
0 384.8 711.527 300 95
0 384.8 711.763 300 95
0 384.8 712.038 300 95
0 384.8 712.305 300 95
0 384.8 712.535 300 95
0 384.8 712.778 300 95
0 384.8 712.963 300 95
0 384.8 713.196 300 95
0 384.8 713.363 300 95
0 384.8 713.544 300 95
0 384.8 713.826 300 95
0 384.8 714.003 300 95
0 384.8 714.289 300 95
0 384.8 714.454 300 95
0 384.8 714.68 300 95
0 384.8 714.84 300 95
0 384.8 715.122 300 95
0 384.8 715.413 300 95
0 384.8 715.564 300 95
0 384.8 715.781 300 95
0 384.8 715.988 300 95
0 384.8 716.224 300 95
0 384.8 716.478 300 95
0 384.8 716.689 300 95
0 384.8 716.969 300 95
0 384.8 717.221 300 95
0 384.8 717.467 300 95
0 384.8 717.693 300 95
0 384.8 717.89 300 95
0 384.8 718.057 300 95
0 384.8 718.23 300 95
0 384.8 718.523 300 95
0 384.8 718.717 300 95
0 384.8 719.058 300 95
0 384.8 719.244 300 95
0 384.8 719.356 300 95
0 384.8 719.536 300 95
0 384.8 719.659 300 95
0 384.8 719.804 300 95
0 384.8 719.918 300 95
0 384.8 720.148 300 95
0 384.8 720.354 300 95
0 384.8 720.522 300 95
0 384.8 720.743 300 95
0 384.8 721.249 300 95
0 384.8 721.525 300 95
0 384.8 721.734 300 95
0 384.8 722.017 300 95
0 384.8 722.404 300 95
0 384.8 722.88 300 95
0 384.8 723.221 300 95
0 384.8 723.618 300 95
0 384.8 723.886 300 95
0 384.8 724.181 300 95
0 384.8 724.466 300 95
0 384.8 724.792 300 95
0 384.8 725.148 300 95
0 384.8 725.468 300 95
0 384.8 725.708 300 95
0 384.8 725.968 300 95
0 384.8 726.27 300 95
0 384.8 726.554 300 95
0 384.8 726.86 300 95
0 384.8 727.308 300 95
0 384.8 727.653 300 95
0 384.8 727.895 300 95
0 384.8 728.184 300 95
0 384.8 728.663 300 95
0 384.8 728.985 300 95
0 384.8 729.264 300 95
0 384.8 729.532 300 95
0 384.8 729.758 300 95
0 384.8 730.113 300 95
0 384.8 730.39 300 95
0 384.8 730.559 300 95
0 384.8 730.809 300 95
0 384.8 730.945 300 95
0 384.8 731.16 300 95
0 384.8 731.37 300 95
0 384.8 731.784 300 95
0 384.8 731.951 300 95
0 384.8 732.232 300 95
0 384.8 732.541 300 95
0 384.8 732.727 300 95
0 384.8 732.891 300 95
0 384.8 733.209 300 95
0 384.8 733.389 300 95
0 384.8 733.846 300 95
0 384.8 734.203 300 95
0 384.8 734.43 300 95
0 384.8 734.586 300 95
0 384.8 734.82 300 95
0 384.8 735.028 300 95
0 384.8 735.181 300 95
0 384.8 735.558 300 95
0 384.8 735.851 300 95
0 384.8 736.132 300 95
0 384.8 736.38 300 95
0 384.8 736.603 300 95
0 384.8 736.816 300 95
0 384.8 737.055 300 95
0 384.8 737.31 300 95
0 384.8 737.497 300 95
0 384.8 737.756 300 95
0 384.8 738.041 300 95
0 384.8 738.393 300 95
0 384.8 738.556 300 95
0 384.8 738.823 300 95
0 384.8 739.167 300 95
0 384.8 739.404 300 95
0 384.8 739.793 300 95
0 384.8 740.385 300 95
0 384.8 740.661 300 95
0 384.8 741.024 300 95
0 384.8 741.303 300 95
0 384.8 741.492 300 95
0 384.8 741.638 300 95
0 384.8 741.862 300 95
0 384.8 742.09 300 95
0 384.8 742.32 300 95
0 384.8 742.563 300 95
0 384.8 742.817 300 95
0 384.8 743.08 300 95
0 384.8 743.299 300 95
0 384.8 743.6 300 95
0 384.8 743.818 300 95
0 384.8 744.251 300 95
0 384.8 744.593 300 95
0 384.8 744.95 300 95
0 384.8 745.267 300 95
0 384.8 745.503 300 95
0 384.8 745.726 300 95
0 384.8 745.964 300 95
0 384.8 746.221 300 95
0 384.8 746.442 300 95
0 384.8 746.601 300 95
0 384.8 746.751 300 95
0 384.8 746.857 300 95
0 384.8 747 300 95
0 384.8 747.137 300 95
0 384.8 747.28 300 95
0 384.8 747.486 300 95
0 384.8 747.655 300 95
0 384.8 747.819 300 95
0 384.8 748.077 300 95
0 384.8 748.225 300 95
0 384.8 748.363 300 95
0 384.8 748.514 300 95
0 384.8 748.681 300 95
0 384.8 748.896 300 95
0 384.8 749.101 300 95
0 384.8 749.307 300 95
0 384.8 749.534 300 95
0 384.8 749.757 300 95
0 384.8 750.027 300 95
0 384.8 750.215 300 95
0 384.8 750.442 300 95
0 384.8 750.648 300 95
0 384.8 750.873 300 95
0 384.8 751.099 300 95
0 384.8 751.257 300 95
0 384.8 751.481 300 95
0 384.8 751.786 300 95
0 384.8 751.997 300 95
0 384.8 752.311 300 95
0 384.8 752.54 300 95
0 384.8 752.902 300 95
0 384.8 753.147 300 95
0 384.8 753.379 300 95
0 384.8 753.628 300 95
0 384.8 754.106 300 95
0 384.8 754.448 300 95
0 384.8 754.726 300 95
0 384.8 755.097 300 95
0 384.8 755.34 300 95
0 384.8 755.554 300 95
0 384.8 755.712 300 95
0 384.8 755.91 300 95
0 384.8 756.095 300 95
0 384.8 756.273 300 95
0 384.8 756.583 300 95
0 384.8 756.712 300 95
0 384.8 756.87 300 95
0 384.8 757.125 300 95
0 384.8 757.328 300 95
0 384.8 757.441 300 95
0 384.8 757.681 300 95
0 384.8 757.875 300 95
0 384.8 758.056 300 95
0 384.8 758.274 300 95
0 384.8 758.581 300 95
0 384.8 758.866 300 95
0 384.8 759.079 300 95
0 384.8 759.351 300 95
0 384.8 759.564 300 95
0 384.8 759.68 300 95
0 384.8 759.884 300 95
0 384.8 760.005 300 95
0 384.8 760.201 300 95
0 384.8 760.318 300 95
0 384.8 760.546 300 95
0 384.8 760.985 300 95
0 384.8 761.185 300 95
0 384.8 761.474 300 95
0 384.8 761.711 300 95
0 384.8 762.026 300 95
0 384.8 762.313 300 95
0 384.8 762.513 300 95
0 384.8 762.754 300 95
0 384.8 762.91 300 95
0 384.8 763.07 300 95
0 384.8 763.288 300 95
0 384.8 763.508 300 95
0 384.8 763.786 300 95
0 384.8 764.096 300 95
0 384.8 764.481 300 95
0 384.8 764.667 300 95
0 384.8 764.974 300 95
0 384.8 765.16 300 95
0 384.8 765.366 300 95
0 384.8 765.573 300 95
0 384.8 765.792 300 95
0 384.8 765.961 300 95
0 384.8 766.114 300 95
0 384.8 766.264 300 95
0 384.8 766.451 300 95
0 384.8 766.604 300 95
0 384.8 766.757 300 95
0 384.8 766.988 300 95
0 384.8 767.343 300 95
0 384.8 767.549 300 95
0 384.8 767.83 300 95
0 384.8 768.013 300 95
0 384.8 768.309 300 95
0 384.8 768.522 300 95
0 384.8 768.688 300 95
0 384.8 768.945 300 95
0 384.8 769.129 300 95
0 384.8 769.61 300 95
0 384.8 769.857 300 95
0 384.8 770.083 300 95
0 384.8 770.427 300 95
0 384.8 770.663 300 95
0 384.8 770.872 300 95
0 384.8 771.114 300 95
0 384.8 771.29 300 95
0 384.8 771.528 300 95
0 384.8 771.769 300 95
0 384.8 772.049 300 95
0 384.8 772.269 300 95
0 384.8 772.84 300 95
0 384.8 773.148 300 95
0 384.8 773.34 300 95
0 384.8 773.68 300 95
0 384.8 774.023 300 95
0 384.8 774.199 300 95
0 384.8 774.394 300 95
0 384.8 774.625 300 95
0 384.8 774.897 300 95
0 384.8 775.113 300 95
0 384.8 775.461 300 95
0 384.8 775.698 300 95
0 384.8 775.887 300 95
0 384.8 776.141 300 95
0 384.8 776.381 300 95
0 384.8 776.645 300 95
0 384.8 776.941 300 95
0 384.8 777.114 300 95
0 384.8 777.303 300 95
0 384.8 777.501 300 95
0 384.8 777.725 300 95
0 384.8 777.942 300 95
0 384.8 778.113 300 95
0 384.8 778.356 300 95
0 384.8 778.588 300 95
0 384.8 778.851 300 95
0 384.8 779.014 300 95
0 384.8 779.218 300 95
0 384.8 779.44 300 95
0 384.8 779.685 300 95
0 384.8 779.991 300 95
0 384.8 780.269 300 95
0 384.8 780.445 300 95
0 384.8 780.722 300 95
0 384.8 780.925 300 95
0 384.8 781.147 300 95
0 384.8 781.324 300 95
0 384.8 781.679 300 95
0 384.8 781.85 300 95
0 384.8 782.091 300 95
0 384.8 782.269 300 95
0 384.8 782.413 300 95
0 384.8 782.53 300 95
0 384.8 782.647 300 95
0 384.8 782.794 300 95
0 384.8 782.957 300 95
0 384.8 783.147 300 95
0 384.8 783.311 300 95
0 384.8 783.475 300 95
0 384.8 783.625 300 95
0 384.8 783.776 300 95
0 384.8 783.973 300 95
0 384.8 784.352 300 95
0 384.8 784.589 300 95
0 384.8 784.788 300 95
0 384.8 785.025 300 95
0 384.8 785.235 300 95
0 384.8 785.486 300 95
0 384.8 785.775 300 95
0 384.8 786.132 300 95
0 384.8 786.36 300 95
0 384.8 786.64 300 95
0 384.8 786.895 300 95
0 384.8 787.123 300 95
0 384.8 787.341 300 95
0 384.8 787.604 300 95
0 384.8 787.768 300 95
0 384.8 788.001 300 95
0 384.8 788.242 300 95
0 384.8 788.581 300 95
0 384.8 788.832 300 95
0 384.8 788.999 300 95
0 384.8 789.35 300 95
0 384.8 789.581 300 95
0 384.8 789.846 300 95
0 384.8 790.053 300 95
0 384.8 790.318 300 95
0 384.8 790.478 300 95
0 384.8 790.633 300 95
0 384.8 790.894 300 95
0 384.8 791.078 300 95
0 384.8 791.258 300 95
0 384.8 791.557 300 95
0 384.8 791.713 300 95
0 384.8 791.919 300 95
0 384.8 792.124 300 95
0 384.8 792.275 300 95
0 384.8 792.731 300 95
0 384.8 792.873 300 95
0 384.8 793.026 300 95
0 384.8 793.166 300 95
0 384.8 793.298 300 95
0 384.8 793.48 300 95
0 384.8 793.725 300 95
0 384.8 793.862 300 95
0 384.8 794.01 300 95
0 384.8 794.233 300 95
0 384.8 794.462 300 95
0 384.8 794.745 300 95
0 384.8 795.082 300 95
0 384.8 795.241 300 95
0 384.8 795.461 300 95
0 384.8 795.694 300 95
0 384.8 795.957 300 95
0 384.8 796.17 300 95
0 384.8 796.455 300 95
0 384.8 796.715 300 95
0 384.8 796.991 300 95
0 384.8 797.245 300 95
0 384.8 797.489 300 95
0 384.8 797.692 300 95
0 384.8 797.895 300 95
0 384.8 798.046 300 95
0 384.8 798.246 300 95
0 384.8 798.441 300 95
0 384.8 798.59 300 95
0 384.8 798.808 300 95
0 384.8 798.923 300 95
0 384.8 799.067 300 95
0 384.8 799.175 300 95
0 384.8 799.35 300 95
0 384.8 799.495 300 95
0 384.8 799.66 300 95
0 384.8 799.756 300 95
0 384.8 799.901 300 95
