0 762 0.020696 300 0
0 666.8 0.031499 0
0 655.6 0.043026 0
0 582.8 0.056911 0
0 491.2 0.081689 10
0 482 0.087008 10
0 448.4 0.099925 10
0 446.4 0.109844 10
0 424 0.117983 10
0 418.4 0.126732 10
0 418.4 0.310432 300 72
0 418.4 0.622404 300 72
0 414.8 0.843098 72
0 412.8 0.863599 72
0 409.2 0.893815 72
0 409.2 1.09482 300 79
0 409.2 1.41081 300 88
0 409.2 1.86308 300 88
0 409.2 2.20908 300 88
0 409.2 2.59511 300 88
0 409.2 2.8856 300 88
0 409.2 3.32623 300 88
0 409.2 4.00537 300 88
0 409.2 4.42225 300 88
0 409.2 4.9686 300 88
0 409.2 5.4359 300 88
0 409.2 6.01712 300 88
0 409.2 6.62566 300 88
0 409.2 6.93198 300 88
0 409.2 7.27478 300 88
0 409.2 7.62211 300 88
0 409.2 8.17022 300 88
0 409.2 8.68636 300 88
0 409.2 9.13818 300 88
0 409.2 9.61057 300 88
0 409.2 10.0371 300 88
0 409.2 10.5692 300 88
0 409.2 10.8777 300 88
0 409.2 11.2175 300 88
0 409.2 11.5216 300 88
0 409.2 12.0009 300 88
0 409.2 12.2902 300 88
0 409.2 12.7149 300 88
0 409.2 13.1983 300 88
0 409.2 13.6546 300 88
0 407.2 13.9271 88
0 407.2 14.1833 300 88
0 407.2 14.6241 300 88
0 407.2 14.9479 300 88
0 407.2 15.3453 300 88
0 407.2 15.7155 300 88
0 407.2 16.2769 300 88
0 407.2 16.857 300 88
0 407.2 17.2671 300 89
0 407.2 17.6621 300 89
0 407.2 17.9646 300 89
0 407.2 18.3723 300 89
0 407.2 18.7223 300 89
0 407.2 19.2559 300 89
0 407.2 19.6087 300 89
0 407.2 19.8874 300 89
0 407.2 20.247 300 89
0 407.2 20.5944 300 89
0 407.2 21.0321 300 89
0 407.2 21.294 300 89
0 396 21.4107 89
0 390.4 21.463 89
0 390.4 21.6444 300 89
0 390.4 22.0718 300 89
0 390.4 22.4051 300 89
0 390.4 22.8357 300 89
0 390.4 23.1623 300 89
0 390.4 23.4885 300 89
0 390.4 24.0462 300 89
0 390.4 24.3299 300 89
0 390.4 24.5787 300 89
0 390.4 24.9506 300 89
0 390.4 25.2736 300 89
0 390.4 25.6175 300 89
0 390.4 26.0425 300 89
0 390.4 26.5934 300 89
0 390.4 27.1987 300 89
0 390.4 27.5249 300 89
0 390.4 27.9726 300 89
0 390.4 28.3984 300 89
0 390.4 28.7884 300 89
0 390.4 29.0359 300 89
0 390.4 29.3366 300 89
0 390.4 29.5516 300 89
0 390.4 29.9155 300 89
0 390.4 30.2883 300 89
0 390.4 30.585 300 89
0 390.4 30.7806 300 89
0 390.4 31.0436 300 89
0 390.4 31.2898 300 89
0 390.4 31.636 300 89
0 390.4 31.9538 300 89
0 390.4 32.2016 300 89
0 390.4 32.4721 300 89
0 390.4 32.8954 300 89
0 390.4 33.0867 300 89
0 390.4 33.3051 300 89
0 390.4 33.5379 300 89
0 390.4 33.8831 300 89
0 390.4 34.2329 300 89
0 390.4 34.4912 300 89
0 390.4 34.9031 300 89
0 390.4 35.4872 300 89
0 390.4 35.856 300 89
0 390.4 36.0239 300 89
0 390.4 36.3594 300 89
0 390.4 36.9461 300 89
0 390.4 37.3878 300 89
0 390.4 37.6464 300 89
0 390.4 37.9732 300 89
0 390.4 38.3614 300 89
0 390.4 38.617 300 89
0 390.4 38.7695 300 89
0 390.4 38.9679 300 89
0 390.4 39.1783 300 89
0 390.4 39.478 300 89
0 390.4 39.7031 300 89
0 390.4 40.0876 300 89
0 390.4 40.33 300 89
0 390.4 40.5478 300 89
0 390.4 40.8447 300 89
0 390.4 41.0919 300 89
0 390.4 41.2325 300 89
0 390.4 41.4915 300 89
0 390.4 41.875 300 89
0 390.4 42.2392 300 89
0 390.4 42.4848 300 89
0 390.4 42.6288 300 89
0 390.4 42.8041 300 89
0 390.4 43.1012 300 89
0 390.4 44.1212 300 89
0 390.4 44.6757 300 89
0 390.4 45.0572 300 89
0 390.4 45.2741 300 89
0 390.4 45.463 300 89
0 390.4 45.6548 300 89
0 390.4 45.9813 300 89
0 390.4 46.1894 300 89
0 390.4 46.3985 300 89
0 390.4 46.7373 300 89
0 390.4 47.1848 300 89
0 390.4 47.5561 300 89
0 390.4 47.8713 300 89
0 390.4 48.1071 300 89
0 390.4 48.4361 300 89
0 390.4 48.5912 300 89
0 390.4 48.734 300 89
0 390.4 48.9609 300 89
0 390.4 49.2332 300 89
0 390.4 49.4408 300 89
0 390.4 49.7463 300 89
0 390.4 50.0726 300 89
0 390.4 50.2065 300 89
0 390.4 50.4783 300 89
0 390.4 50.617 300 89
0 390.4 50.9206 300 89
0 390.4 51.0727 300 89
0 390.4 51.2782 300 89
0 390.4 51.461 300 89
0 390.4 51.6674 300 89
0 390.4 51.8898 300 89
0 390.4 52.2964 300 89
0 390.4 52.7303 300 89
0 390.4 52.9291 300 89
0 390.4 53.0736 300 89
0 390.4 53.2661 300 89
0 390.4 53.5909 300 89
0 390.4 53.7443 300 89
0 390.4 54.0298 300 89
0 390.4 54.1816 300 89
0 390.4 54.4014 300 89
0 390.4 54.767 300 89
0 390.4 55.1473 300 89
0 390.4 55.7463 300 89
0 390.4 55.9537 300 89
0 390.4 56.3698 300 89
0 390.4 56.5637 300 89
0 390.4 56.7538 300 89
0 390.4 56.8922 300 89
0 390.4 57.1826 300 89
0 390.4 57.3749 300 89
0 390.4 57.5478 300 89
0 390.4 57.6951 300 89
0 390.4 57.7921 300 89
0 390.4 57.8966 300 89
0 390.4 58.0082 300 89
0 390.4 58.1168 300 89
0 390.4 58.2644 300 89
0 390.4 58.3803 300 89
0 390.4 58.5199 300 89
0 390.4 58.6982 300 89
0 390.4 58.8574 300 89
0 390.4 59.0005 300 89
0 390.4 59.1519 300 89
0 390.4 59.3016 300 89
0 390.4 59.4663 300 89
0 390.4 59.6355 300 89
0 390.4 59.7413 300 89
0 390.4 59.8457 300 89
0 390.4 60.086 300 89
0 390.4 60.2057 300 89
0 390.4 60.3529 300 89
0 390.4 60.6494 300 89
0 390.4 60.8586 300 89
0 390.4 61.0939 300 89
0 390.4 61.2056 300 89
0 390.4 61.3458 300 89
0 390.4 61.5703 300 89
0 390.4 61.9437 300 89
0 390.4 62.1576 300 89
0 390.4 62.517 300 89
0 390.4 62.7141 300 89
0 390.4 62.8332 300 90
0 390.4 63.0411 300 90
0 390.4 63.303 300 90
0 390.4 63.5435 300 90
0 390.4 63.7206 300 90
0 390.4 63.9038 300 90
0 390.4 64.1289 300 90
0 390.4 64.2894 300 90
0 390.4 64.4535 300 90
0 390.4 64.8121 300 90
0 390.4 65.0425 300 90
0 390.4 65.3303 300 90
0 390.4 65.6036 300 90
0 390.4 65.8072 300 90
0 390.4 66.0733 300 90
0 390.4 66.2909 300 90
0 390.4 66.5611 300 90
0 390.4 67.4592 300 90
0 390.4 67.5628 300 90
0 390.4 67.6671 300 90
0 390.4 67.946 300 90
0 390.4 68.2035 300 90
0 390.4 68.5054 300 90
0 390.4 68.7499 300 90
0 390.4 69.1147 300 90
0 390.4 69.3674 300 90
0 390.4 69.5994 300 90
0 390.4 69.8968 300 90
0 390.4 70.1534 300 90
0 390.4 70.4163 300 90
0 390.4 70.5779 300 90
0 390.4 70.8048 300 90
0 390.4 71.0662 300 90
0 390.4 71.2525 300 90
0 390.4 71.4973 300 90
0 390.4 71.6799 300 90
0 390.4 71.7818 300 90
0 390.4 71.8874 300 90
0 390.4 72.1355 300 90
0 390.4 72.2429 300 90
0 390.4 72.4542 300 90
0 390.4 72.7021 300 90
0 390.4 72.8788 300 90
0 390.4 73.2591 300 90
0 390.4 73.4354 300 90
0 390.4 73.8311 300 90
0 390.4 74.0411 300 90
0 390.4 74.2813 300 90
0 390.4 74.4792 300 90
0 390.4 74.7532 300 90
0 390.4 74.9072 300 90
0 390.4 75.1281 300 90
0 390.4 75.4551 300 90
0 390.4 75.6685 300 90
0 390.4 75.8442 300 90
0 390.4 76.1086 300 90
0 390.4 76.309 300 90
0 390.4 76.7021 300 90
0 390.4 76.8721 300 90
0 390.4 77.1403 300 90
0 390.4 77.3522 300 90
0 390.4 77.6035 300 90
0 390.4 77.9126 300 90
0 390.4 78.1177 300 90
0 390.4 78.3756 300 90
0 390.4 78.5467 300 90
0 390.4 78.7194 300 90
0 390.4 78.902 300 90
0 390.4 79.129 300 90
0 390.4 79.3207 300 90
0 390.4 79.5978 300 90
0 390.4 79.9244 300 90
0 390.4 80.2829 300 90
0 390.4 80.5713 300 90
0 390.4 80.7878 300 90
0 390.4 80.9842 300 90
0 390.4 81.1693 300 90
0 390.4 81.4395 300 90
0 390.4 81.5973 300 90
0 390.4 81.7831 300 90
0 390.4 82.0915 300 90
0 390.4 82.3587 300 90
0 390.4 82.5398 300 90
0 390.4 82.7635 300 90
0 390.4 82.9917 300 90
0 390.4 83.3305 300 90
0 390.4 83.5764 300 90
0 390.4 83.7658 300 90
0 390.4 84.1724 300 90
0 390.4 84.3438 300 90
0 390.4 84.5702 300 90
0 390.4 84.8013 300 90
0 390.4 84.9965 300 90
0 390.4 85.1748 300 90
0 390.4 85.3429 300 90
0 390.4 85.5976 300 90
0 390.4 85.8461 300 90
0 390.4 86.0718 300 90
0 390.4 86.3123 300 90
0 390.4 86.5349 300 90
0 390.4 86.7948 300 90
0 390.4 87.1818 300 90
0 390.4 87.4269 300 90
0 390.4 87.7488 300 90
0 390.4 88.0056 300 90
0 390.4 88.1668 300 90
0 390.4 88.445 300 90
0 390.4 88.6134 300 90
0 390.4 88.9803 300 90
0 390.4 89.1512 300 90
0 390.4 89.4413 300 90
0 390.4 89.6962 300 90
0 390.4 89.8747 300 90
0 390.4 90.0567 300 90
0 390.4 90.3882 300 90
0 390.4 90.5923 300 90
0 390.4 90.8503 300 90
0 390.4 91.0371 300 90
0 390.4 91.19 300 90
0 390.4 91.3433 300 90
0 390.4 91.5059 300 90
0 390.4 91.667 300 90
0 390.4 91.8131 300 90
0 390.4 91.9841 300 90
0 390.4 92.1633 300 90
0 390.4 92.3147 300 90
0 390.4 92.5253 300 90
0 390.4 92.6588 300 90
0 390.4 92.8069 300 90
0 390.4 92.9489 300 90
0 390.4 93.0938 300 90
0 390.4 93.2786 300 90
0 390.4 93.4685 300 90
0 390.4 93.6127 300 90
0 390.4 93.8212 300 90
0 390.4 94.0095 300 90
0 390.4 94.3059 300 90
0 390.4 94.4715 300 90
0 390.4 94.7676 300 90
0 390.4 95.0621 300 90
0 390.4 95.4044 300 90
0 390.4 95.5817 300 90
0 390.4 95.8351 300 90
0 390.4 96.1037 300 90
0 390.4 96.4643 300 90
0 390.4 96.7176 300 90
0 390.4 96.9659 300 90
0 390.4 97.252 300 90
0 390.4 97.6251 300 90
0 390.4 97.8496 300 90
0 390.4 98.0776 300 90
0 390.4 98.3199 300 90
0 390.4 98.5064 300 90
0 390.4 98.7052 300 90
0 390.4 98.8697 300 90
0 390.4 99.0291 300 90
0 390.4 99.2601 300 90
0 390.4 99.4909 300 90
0 390.4 99.7441 300 90
0 390.4 99.945 300 90
0 390.4 100.175 300 90
0 390.4 100.442 300 90
0 390.4 100.723 300 90
0 390.4 101.011 300 90
0 390.4 101.318 300 90
0 390.4 101.594 300 90
0 390.4 101.773 300 90
0 390.4 101.981 300 90
0 390.4 102.315 300 90
0 390.4 102.671 300 90
0 390.4 102.932 300 90
0 390.4 103.191 300 90
0 390.4 103.54 300 90
0 390.4 103.766 300 90
0 390.4 104.036 300 90
0 390.4 104.502 300 90
0 390.4 104.722 300 90
0 390.4 104.962 300 90
0 390.4 105.37 300 90
0 390.4 105.722 300 90
0 390.4 105.962 300 90
0 390.4 106.128 300 90
0 390.4 106.381 300 90
0 390.4 106.594 300 90
0 390.4 106.877 300 90
0 390.4 107.069 300 90
0 390.4 107.322 300 90
0 390.4 107.684 300 90
0 390.4 107.96 300 90
0 390.4 108.14 300 90
0 390.4 108.383 300 90
0 390.4 108.551 300 90
0 390.4 108.822 300 90
0 390.4 109.009 300 90
0 390.4 109.268 300 90
0 390.4 109.638 300 90
0 390.4 109.882 300 90
0 390.4 110.171 300 90
0 390.4 110.344 300 90
0 390.4 110.613 300 90
0 390.4 110.863 300 90
0 390.4 111.209 300 90
0 390.4 111.451 300 90
0 390.4 111.682 300 90
0 390.4 111.982 300 90
0 390.4 112.141 300 90
0 390.4 112.355 300 90
0 390.4 112.519 300 90
0 390.4 112.727 300 90
0 390.4 112.936 300 90
0 390.4 113.187 300 90
0 390.4 113.519 300 90
0 390.4 113.673 300 90
0 390.4 113.893 300 90
0 390.4 114.172 300 90
0 390.4 114.359 300 90
0 390.4 114.632 300 90
0 390.4 114.817 300 90
0 390.4 115.111 300 90
0 390.4 115.365 300 90
0 390.4 115.576 300 90
0 390.4 115.831 300 90
0 390.4 116.049 300 90
0 390.4 116.414 300 90
0 390.4 116.836 300 90
0 390.4 117.098 300 90
0 390.4 117.277 300 90
0 390.4 117.567 300 90
0 390.4 117.865 300 90
0 390.4 118.073 300 90
0 390.4 118.213 300 90
0 390.4 118.43 300 90
0 390.4 118.708 300 90
0 390.4 119.11 300 90
0 390.4 119.469 300 90
0 390.4 119.626 300 90
0 390.4 119.896 300 90
0 390.4 120.107 300 90
0 390.4 120.37 300 90
0 390.4 120.521 300 90
0 390.4 120.679 300 90
0 390.4 120.869 300 90
0 390.4 121.058 300 90
0 390.4 121.294 300 90
0 390.4 121.665 300 90
0 390.4 121.911 300 90
0 390.4 122.3 300 90
0 390.4 123 300 90
0 390.4 123.221 300 90
0 390.4 123.437 300 90
0 390.4 123.699 300 90
0 390.4 123.926 300 90
0 390.4 124.587 300 90
0 390.4 124.855 300 90
0 390.4 125.093 300 90
0 390.4 125.417 300 90
0 390.4 125.571 300 90
0 390.4 125.828 300 90
0 390.4 125.99 300 90
0 390.4 126.223 300 90
0 390.4 126.355 300 90
0 390.4 126.49 300 90
0 390.4 126.638 300 90
0 390.4 126.85 300 90
0 390.4 127.014 300 90
0 390.4 127.288 300 90
0 390.4 127.477 300 90
0 390.4 127.628 300 90
0 390.4 127.824 300 90
0 390.4 127.97 300 90
0 390.4 128.225 300 90
0 390.4 128.492 300 90
0 390.4 128.723 300 90
0 390.4 129.034 300 90
0 390.4 129.288 300 90
0 390.4 129.591 300 90
0 390.4 129.893 300 90
0 390.4 130.202 300 90
0 390.4 130.377 300 90
0 390.4 130.679 300 90
0 390.4 130.941 300 90
0 390.4 131.228 300 90
0 390.4 131.493 300 90
0 390.4 131.735 300 90
0 390.4 132.008 300 90
0 390.4 132.222 300 90
0 390.4 132.404 300 90
0 390.4 132.708 300 90
0 390.4 132.849 300 90
0 390.4 133.028 300 90
0 390.4 133.266 300 90
0 390.4 133.421 300 90
0 390.4 133.615 300 90
0 390.4 133.808 300 90
0 390.4 134.008 300 90
0 390.4 134.238 300 90
0 390.4 134.528 300 90
0 390.4 134.798 300 90
0 390.4 134.985 300 90
0 390.4 135.171 300 90
0 390.4 135.392 300 90
0 390.4 135.536 300 90
0 390.4 135.751 300 90
0 390.4 135.991 300 90
0 390.4 136.181 300 90
0 390.4 136.379 300 90
0 390.4 136.561 300 90
0 390.4 136.778 300 90
0 390.4 136.912 300 90
0 390.4 137.06 300 90
0 390.4 137.236 300 90
0 390.4 137.357 300 90
0 390.4 137.488 300 90
0 390.4 137.588 300 90
0 390.4 137.759 300 90
0 390.4 137.911 300 90
0 390.4 138.087 300 90
0 390.4 138.235 300 90
0 390.4 138.373 300 90
0 390.4 138.498 300 90
0 390.4 138.637 300 90
0 390.4 138.828 300 90
0 390.4 138.938 300 90
0 390.4 139.076 300 90
0 390.4 139.235 300 90
0 390.4 139.465 300 90
0 390.4 139.706 300 90
0 390.4 139.958 300 90
0 390.4 140.143 300 90
0 390.4 140.382 300 90
0 390.4 140.609 300 90
0 390.4 140.795 300 90
0 390.4 141.037 300 90
0 390.4 141.263 300 90
0 390.4 141.437 300 90
0 390.4 141.595 300 90
0 390.4 141.841 300 90
0 390.4 142.051 300 90
0 390.4 142.263 300 90
0 390.4 142.447 300 90
0 390.4 142.7 300 90
0 390.4 142.961 300 90
0 390.4 143.159 300 90
0 390.4 143.309 300 90
0 390.4 143.496 300 90
0 390.4 143.681 300 90
0 390.4 143.867 300 90
0 390.4 144.023 300 90
0 390.4 144.236 300 90
0 390.4 144.492 300 90
0 390.4 144.68 300 90
0 390.4 144.833 300 90
0 390.4 145.089 300 90
0 390.4 145.235 300 90
0 390.4 145.475 300 90
0 390.4 145.728 300 90
0 390.4 145.889 300 90
0 390.4 146.135 300 90
0 390.4 146.325 300 90
0 390.4 146.6 300 90
0 390.4 146.885 300 90
0 390.4 147.037 300 90
0 390.4 147.336 300 90
0 390.4 147.526 300 90
0 390.4 147.669 300 90
0 390.4 147.963 300 90
0 390.4 148.214 300 90
0 390.4 148.349 300 90
0 390.4 148.51 300 90
0 390.4 148.76 300 90
0 390.4 148.956 300 90
0 390.4 149.16 300 90
0 390.4 149.317 300 90
0 390.4 149.553 300 90
0 390.4 149.825 300 90
0 390.4 150.009 300 90
0 390.4 150.17 300 90
0 390.4 150.409 300 90
0 390.4 150.639 300 90
0 390.4 150.791 300 90
0 390.4 151.197 300 90
0 390.4 151.447 300 90
0 390.4 151.765 300 90
0 390.4 152.038 300 90
0 390.4 152.289 300 90
0 390.4 152.531 300 90
0 390.4 152.735 300 90
0 390.4 152.896 300 90
0 390.4 153.089 300 90
0 390.4 153.172 300 90
0 390.4 153.369 300 90
0 390.4 153.619 300 90
0 390.4 153.818 300 90
0 390.4 154.143 300 90
0 390.4 154.307 300 90
0 390.4 154.513 300 90
0 390.4 154.722 300 90
0 390.4 154.938 300 90
0 390.4 155.233 300 90
0 390.4 155.421 300 90
0 390.4 155.665 300 90
0 390.4 155.877 300 90
0 390.4 156.079 300 90
0 390.4 156.23 300 90
0 390.4 156.392 300 90
0 390.4 156.595 300 90
0 390.4 156.8 300 90
0 390.4 156.949 300 90
0 390.4 157.107 300 90
0 390.4 157.352 300 90
0 390.4 157.549 300 90
0 390.4 157.705 300 90
0 390.4 157.862 300 90
0 390.4 158.06 300 90
0 390.4 158.349 300 90
0 390.4 158.549 300 90
0 390.4 158.696 300 90
0 390.4 159.007 300 90
0 390.4 159.223 300 90
0 390.4 159.428 300 90
0 390.4 159.59 300 90
0 390.4 159.8 300 90
0 390.4 160.04 300 90
0 390.4 160.278 300 90
0 390.4 160.531 300 90
0 390.4 160.733 300 90
0 390.4 160.949 300 90
0 390.4 161.159 300 90
0 390.4 161.413 300 90
0 390.4 161.726 300 90
0 390.4 161.936 300 90
0 390.4 162.21 300 90
0 390.4 162.43 300 90
0 390.4 162.604 300 90
0 390.4 162.814 300 90
0 390.4 163.014 300 90
0 390.4 163.215 300 90
0 390.4 163.409 300 90
0 390.4 163.618 300 90
0 390.4 163.815 300 90
0 390.4 164.021 300 90
0 390.4 164.188 300 90
0 390.4 164.328 300 90
0 390.4 164.548 300 90
0 390.4 164.696 300 90
0 390.4 164.962 300 90
0 390.4 165.193 300 90
0 390.4 165.339 300 90
0 390.4 165.521 300 90
0 390.4 165.672 300 90
0 390.4 165.907 300 90
0 390.4 166.113 300 90
0 390.4 166.427 300 90
0 390.4 166.67 300 90
0 390.4 166.93 300 90
0 390.4 167.136 300 90
0 390.4 167.378 300 90
0 390.4 167.576 300 90
0 390.4 167.724 300 90
0 390.4 168.068 300 90
0 390.4 168.335 300 90
0 390.4 168.549 300 90
0 390.4 168.698 300 90
0 390.4 168.905 300 90
0 390.4 169.211 300 90
0 390.4 169.432 300 90
0 390.4 169.731 300 90
0 390.4 169.942 300 90
0 390.4 170.204 300 90
0 390.4 170.394 300 90
0 390.4 170.496 300 90
0 390.4 170.711 300 90
0 390.4 170.847 300 90
0 390.4 170.99 300 90
0 390.4 171.155 300 90
0 390.4 171.292 300 90
0 390.4 171.447 300 90
0 390.4 171.661 300 90
0 390.4 171.818 300 90
0 390.4 172.113 300 90
0 390.4 172.321 300 90
0 390.4 172.488 300 90
0 390.4 172.721 300 90
0 390.4 172.984 300 90
0 390.4 173.281 300 90
0 390.4 173.562 300 90
0 390.4 173.825 300 90
0 390.4 174.016 300 90
0 390.4 174.159 300 90
0 390.4 174.333 300 90
0 390.4 174.479 300 90
0 390.4 174.658 300 90
0 390.4 174.806 300 90
0 390.4 175.1 300 90
0 390.4 175.264 300 90
0 390.4 175.567 300 90
0 390.4 175.756 300 90
0 390.4 176.062 300 90
0 390.4 176.258 300 90
0 390.4 176.529 300 90
0 390.4 176.728 300 90
0 390.4 177.001 300 90
0 390.4 177.245 300 90
0 390.4 177.47 300 90
0 390.4 177.588 300 90
0 390.4 177.804 300 90
0 390.4 177.914 300 90
0 390.4 178.038 300 90
0 390.4 178.401 300 90
0 390.4 178.604 300 90
0 390.4 178.875 300 90
0 390.4 179.156 300 90
0 390.4 179.399 300 90
0 390.4 179.67 300 90
0 390.4 179.892 300 90
0 390.4 180.093 300 90
0 390.4 180.413 300 90
0 390.4 180.751 300 90
0 390.4 181.009 300 90
0 390.4 181.147 300 90
0 390.4 181.372 300 90
0 390.4 181.516 300 90
0 390.4 181.673 300 90
0 390.4 182.096 300 90
0 390.4 182.343 300 90
0 390.4 182.804 300 90
0 390.4 183.034 300 90
0 390.4 183.246 300 90
0 390.4 183.447 300 90
0 390.4 183.608 300 90
0 390.4 183.822 300 90
0 390.4 184.074 300 90
0 390.4 184.304 300 90
0 390.4 184.487 300 90
0 390.4 184.675 300 90
0 390.4 184.964 300 90
0 390.4 185.173 300 90
0 390.4 185.385 300 90
0 390.4 185.718 300 90
0 390.4 186.013 300 90
0 390.4 186.324 300 90
0 390.4 186.536 300 90
0 390.4 186.864 300 90
0 390.4 187.041 300 90
0 390.4 187.343 300 90
0 390.4 187.629 300 90
0 390.4 187.785 300 90
0 390.4 187.948 300 90
0 390.4 188.138 300 90
0 390.4 188.5 300 90
0 390.4 188.657 300 90
0 390.4 188.974 300 90
0 390.4 189.283 300 90
0 390.4 189.532 300 90
0 390.4 189.754 300 90
0 390.4 189.917 300 90
0 390.4 190.195 300 90
0 390.4 190.414 300 90
0 390.4 190.732 300 90
0 390.4 190.998 300 90
0 390.4 191.257 300 90
0 390.4 191.416 300 90
0 390.4 191.724 300 90
0 390.4 191.934 300 90
0 390.4 192.137 300 90
0 390.4 192.372 300 90
0 390.4 192.611 300 90
0 390.4 192.869 300 90
0 390.4 193.115 300 90
0 390.4 193.353 300 90
0 390.4 193.541 300 90
0 390.4 193.729 300 90
0 390.4 193.892 300 90
0 390.4 194.171 300 90
0 390.4 194.336 300 90
0 390.4 194.601 300 90
0 390.4 194.762 300 90
0 390.4 194.926 300 90
0 390.4 195.135 300 90
0 390.4 195.329 300 90
0 390.4 195.486 300 90
0 390.4 195.814 300 90
0 390.4 196.129 300 90
0 390.4 196.291 300 90
0 390.4 196.466 300 90
0 390.4 196.692 300 90
0 390.4 197.008 300 90
0 390.4 197.217 300 90
0 390.4 197.427 300 90
0 390.4 197.647 300 90
0 390.4 198.016 300 90
0 390.4 198.295 300 90
0 390.4 198.628 300 90
0 390.4 198.789 300 90
0 390.4 198.972 300 90
0 390.4 199.259 300 90
0 390.4 199.504 300 90
0 390.4 199.709 300 90
0 390.4 199.961 300 90
0 390.4 200.162 300 90
0 390.4 200.377 300 90
0 390.4 200.754 300 90
0 390.4 201.17 300 90
0 390.4 201.417 300 90
0 390.4 201.636 300 90
0 390.4 201.971 300 90
0 390.4 202.205 300 90
0 390.4 202.408 300 90
0 390.4 202.68 300 90
0 390.4 202.952 300 90
0 390.4 203.186 300 90
0 390.4 203.436 300 90
0 390.4 203.685 300 90
0 390.4 203.95 300 90
0 390.4 204.319 300 90
0 390.4 204.559 300 90
0 390.4 204.714 300 90
0 390.4 204.879 300 90
0 390.4 205.034 300 90
0 390.4 205.198 300 90
0 390.4 205.406 300 90
0 390.4 205.671 300 90
0 390.4 205.869 300 90
0 390.4 206.067 300 90
0 390.4 206.416 300 90
0 390.4 206.679 300 90
0 390.4 206.902 300 90
0 390.4 207.159 300 90
0 390.4 207.514 300 90
0 390.4 207.736 300 90
0 390.4 207.959 300 90
0 390.4 208.199 300 90
0 390.4 208.419 300 90
0 390.4 208.599 300 90
0 390.4 208.838 300 90
0 390.4 209.146 300 90
0 390.4 209.359 300 90
0 390.4 209.564 300 90
0 390.4 209.768 300 90
0 390.4 209.995 300 90
0 390.4 210.167 300 90
0 390.4 210.6 300 90
0 390.4 210.879 300 90
0 390.4 211.13 300 90
0 390.4 211.385 300 90
0 390.4 211.622 300 90
0 390.4 211.804 300 90
0 390.4 212.085 300 90
0 390.4 212.307 300 90
0 390.4 212.572 300 90
0 390.4 212.752 300 90
0 390.4 212.921 300 90
0 390.4 213.203 300 90
0 390.4 213.337 300 90
0 390.4 213.556 300 90
0 390.4 213.823 300 90
0 390.4 214.045 300 90
0 390.4 214.341 300 90
0 390.4 214.603 300 90
0 390.4 214.822 300 90
0 390.4 215.124 300 90
0 390.4 215.279 300 90
0 390.4 215.519 300 90
0 390.4 215.882 300 90
0 390.4 216.24 300 90
0 390.4 216.561 300 90
0 390.4 216.809 300 90
0 390.4 216.988 300 90
0 390.4 217.307 300 90
0 390.4 217.571 300 90
0 390.4 217.723 300 90
0 390.4 217.979 300 90
0 390.4 218.134 300 90
0 390.4 218.341 300 90
0 390.4 218.497 300 90
0 390.4 218.717 300 90
0 390.4 218.983 300 90
0 390.4 219.33 300 90
0 390.4 219.562 300 90
0 390.4 219.837 300 90
0 390.4 220.019 300 90
0 390.4 220.224 300 90
0 390.4 220.481 300 90
0 390.4 220.691 300 90
0 390.4 220.927 300 90
0 390.4 221.163 300 90
0 390.4 221.545 300 90
0 390.4 221.746 300 90
0 390.4 221.981 300 90
0 390.4 222.092 300 90
0 390.4 222.257 300 90
0 390.4 222.406 300 90
0 390.4 222.544 300 90
0 390.4 222.661 300 90
0 390.4 222.819 300 90
0 390.4 222.972 300 90
0 390.4 223.235 300 90
0 390.4 223.408 300 90
0 390.4 223.572 300 90
0 390.4 223.741 300 90
0 390.4 223.874 300 90
0 390.4 224.02 300 90
0 390.4 224.172 300 90
0 390.4 224.344 300 90
0 390.4 224.587 300 90
0 390.4 224.805 300 90
0 390.4 225.059 300 90
0 390.4 225.356 300 90
0 390.4 225.676 300 90
0 390.4 225.884 300 90
0 390.4 226.041 300 90
0 390.4 226.431 300 90
0 390.4 226.651 300 90
0 390.4 226.818 300 90
0 390.4 227.123 300 90
0 390.4 227.379 300 90
0 390.4 227.605 300 90
0 390.4 227.983 300 90
0 390.4 228.138 300 90
0 390.4 228.432 300 90
0 390.4 228.748 300 90
0 390.4 228.936 300 90
0 390.4 229.145 300 90
0 390.4 229.412 300 90
0 390.4 229.674 300 90
0 390.4 229.956 300 90
0 390.4 230.187 300 90
0 390.4 230.335 300 90
0 390.4 230.539 300 90
0 390.4 230.738 300 90
0 390.4 230.958 300 90
0 390.4 231.209 300 90
0 390.4 231.446 300 90
0 390.4 231.662 300 90
0 390.4 232.098 300 90
0 390.4 232.303 300 90
0 390.4 232.52 300 90
0 390.4 232.697 300 90
0 390.4 232.857 300 90
0 390.4 233.082 300 90
0 390.4 233.349 300 90
0 390.4 233.506 300 90
0 390.4 233.663 300 90
0 390.4 233.855 300 90
0 390.4 234.08 300 90
0 390.4 234.268 300 90
0 390.4 234.475 300 90
0 390.4 234.67 300 90
0 390.4 234.936 300 90
0 390.4 235.189 300 90
0 390.4 235.454 300 90
0 390.4 235.671 300 90
0 390.4 235.841 300 90
0 390.4 236.193 300 90
0 390.4 236.703 300 90
0 390.4 236.989 300 90
0 390.4 237.212 300 90
0 390.4 237.649 300 90
0 390.4 238.089 300 90
0 390.4 238.273 300 90
0 390.4 238.569 300 90
0 390.4 238.783 300 90
0 390.4 238.977 300 90
0 390.4 239.231 300 90
0 390.4 239.469 300 90
0 390.4 239.629 300 90
0 390.4 239.771 300 90
0 390.4 240.209 300 90
0 390.4 240.567 300 90
0 390.4 240.809 300 90
0 390.4 241.061 300 90
0 390.4 241.28 300 90
0 390.4 241.521 300 90
0 390.4 241.903 300 90
0 390.4 242.13 300 90
0 390.4 242.415 300 90
0 390.4 242.74 300 90
0 390.4 242.95 300 90
0 390.4 243.12 300 90
0 390.4 243.253 300 90
0 390.4 243.475 300 90
0 390.4 243.647 300 90
0 390.4 243.81 300 90
0 390.4 244.045 300 90
0 390.4 244.281 300 90
0 390.4 244.403 300 90
0 390.4 244.58 300 90
0 390.4 244.812 300 90
0 390.4 244.966 300 90
0 390.4 245.089 300 90
0 390.4 245.248 300 90
0 390.4 245.437 300 90
0 390.4 245.598 300 90
0 390.4 245.833 300 90
0 390.4 245.948 300 90
0 390.4 246.069 300 90
0 390.4 246.233 300 90
0 390.4 246.462 300 90
0 390.4 246.677 300 90
0 390.4 246.875 300 90
0 390.4 247.066 300 90
0 390.4 247.259 300 90
0 390.4 247.42 300 90
0 390.4 247.541 300 90
0 390.4 247.734 300 90
0 390.4 247.851 300 90
0 390.4 248.001 300 90
0 390.4 248.195 300 90
0 390.4 248.479 300 90
0 390.4 248.655 300 90
0 390.4 248.774 300 90
0 390.4 248.922 300 90
0 390.4 249.043 300 90
0 390.4 249.242 300 90
0 390.4 249.428 300 90
0 390.4 249.579 300 90
0 390.4 249.743 300 90
0 390.4 249.934 300 90
0 390.4 250.073 300 90
0 390.4 250.33 300 90
0 390.4 250.495 300 90
0 390.4 250.664 300 90
0 390.4 250.79 300 90
0 390.4 250.921 300 90
0 390.4 251.163 300 90
0 390.4 251.426 300 90
0 390.4 251.736 300 90
0 390.4 252.164 300 90
0 390.4 252.415 300 90
0 390.4 252.85 300 90
0 390.4 253.177 300 90
0 390.4 253.481 300 90
0 390.4 253.952 300 90
0 390.4 254.257 300 90
0 390.4 254.542 300 90
0 390.4 254.863 300 90
0 390.4 255.113 300 90
0 390.4 255.411 300 90
0 390.4 255.786 300 90
0 390.4 256.033 300 90
0 390.4 256.419 300 90
0 390.4 256.8 300 90
0 390.4 257.247 300 90
0 390.4 257.56 300 90
0 390.4 257.914 300 90
0 390.4 258.266 300 90
0 390.4 258.487 300 90
0 390.4 258.822 300 90
0 390.4 259.124 300 90
0 390.4 259.478 300 90
0 390.4 259.842 300 90
0 390.4 260.214 300 90
0 390.4 260.492 300 90
0 390.4 260.867 300 90
0 390.4 261.172 300 90
0 390.4 261.6 300 90
0 390.4 261.872 300 90
0 390.4 262.243 300 90
0 390.4 262.548 300 90
0 390.4 262.78 300 90
0 390.4 263.133 300 90
0 390.4 263.521 300 90
0 390.4 263.92 300 90
0 390.4 264.244 300 90
0 390.4 264.5 300 90
0 390.4 264.867 300 90
0 390.4 265.054 300 90
0 390.4 265.406 300 90
0 390.4 265.659 300 90
0 390.4 265.857 300 90
0 390.4 266.073 300 90
0 390.4 266.271 300 90
0 390.4 266.49 300 90
0 390.4 266.714 300 90
0 390.4 266.945 300 90
0 390.4 267.297 300 90
0 390.4 267.562 300 90
0 390.4 267.86 300 90
0 390.4 268.381 300 90
0 390.4 268.628 300 90
0 390.4 268.873 300 90
0 390.4 269.083 300 90
0 390.4 269.245 300 90
0 390.4 269.461 300 90
0 390.4 269.747 300 90
0 390.4 270.077 300 90
0 390.4 270.522 300 90
0 390.4 270.889 300 90
0 390.4 271.398 300 90
0 390.4 271.588 300 90
0 390.4 271.845 300 90
0 390.4 272.115 300 90
0 390.4 272.432 300 90
0 390.4 272.79 300 90
0 390.4 272.991 300 90
0 390.4 273.226 300 90
0 390.4 273.439 300 90
0 390.4 273.925 300 90
0 390.4 274.257 300 90
0 390.4 274.444 300 90
0 390.4 274.753 300 90
0 390.4 275.089 300 90
0 390.4 275.359 300 90
0 390.4 275.531 300 90
0 390.4 275.779 300 90
0 390.4 276.028 300 90
0 390.4 276.256 300 90
0 390.4 276.481 300 90
0 390.4 276.89 300 90
0 390.4 277.094 300 90
0 390.4 277.337 300 90
0 390.4 277.526 300 90
0 390.4 277.746 300 90
0 390.4 278.057 300 90
0 390.4 278.332 300 90
0 390.4 278.51 300 90
0 390.4 279.009 300 90
0 390.4 279.357 300 90
0 390.4 279.601 300 90
0 390.4 279.903 300 90
0 390.4 280.221 300 90
0 390.4 280.49 300 90
0 390.4 280.689 300 90
0 390.4 280.918 300 90
0 390.4 281.258 300 90
0 390.4 281.571 300 90
0 390.4 281.867 300 90
0 390.4 282.088 300 90
0 390.4 282.345 300 90
0 390.4 282.628 300 90
0 390.4 282.888 300 90
0 390.4 283.2 300 90
0 390.4 283.406 300 90
0 390.4 283.609 300 90
0 390.4 283.886 300 90
0 390.4 284.057 300 90
0 390.4 284.348 300 90
0 390.4 284.699 300 90
0 390.4 285.253 300 90
0 390.4 285.469 300 90
0 390.4 285.657 300 90
0 390.4 285.817 300 90
0 390.4 286.036 300 90
0 390.4 286.167 300 90
0 390.4 286.521 300 90
0 390.4 286.75 300 90
0 390.4 287.082 300 90
0 390.4 287.399 300 90
0 390.4 287.692 300 90
0 390.4 288.02 300 90
0 390.4 288.291 300 90
0 390.4 288.693 300 90
0 390.4 288.914 300 90
0 390.4 289.085 300 90
0 390.4 289.361 300 90
0 390.4 289.609 300 90
0 390.4 289.905 300 90
0 390.4 290.112 300 90
0 390.4 290.369 300 90
0 390.4 290.646 300 90
0 390.4 290.93 300 90
0 390.4 291.102 300 90
0 390.4 291.4 300 90
0 390.4 291.656 300 90
0 390.4 291.849 300 90
0 390.4 292.194 300 90
0 390.4 292.419 300 90
0 390.4 292.645 300 90
0 390.4 292.97 300 90
0 390.4 293.272 300 90
0 390.4 293.484 300 90
0 390.4 293.749 300 90
0 390.4 294.046 300 90
0 390.4 294.367 300 90
0 390.4 294.521 300 90
0 390.4 294.715 300 90
0 390.4 295.038 300 90
0 390.4 295.253 300 90
0 390.4 295.473 300 90
0 390.4 295.718 300 90
0 390.4 295.974 300 90
0 390.4 296.168 300 90
0 390.4 296.379 300 90
0 390.4 296.599 300 90
0 390.4 296.831 300 90
0 390.4 297.096 300 90
0 390.4 297.476 300 90
0 390.4 297.876 300 90
0 390.4 298.129 300 90
0 390.4 298.322 300 90
0 390.4 298.584 300 90
0 390.4 298.852 300 90
0 390.4 299.129 300 90
0 390.4 299.394 300 90
0 390.4 299.675 300 90
0 390.4 300.004 300 90
0 390.4 300.21 300 90
0 390.4 300.406 300 90
0 390.4 300.69 300 90
0 390.4 300.95 300 90
0 390.4 301.102 300 90
0 390.4 301.415 300 90
0 390.4 301.671 300 90
0 390.4 301.954 300 90
0 390.4 302.089 300 90
0 390.4 302.252 300 90
0 390.4 302.461 300 90
0 390.4 302.665 300 90
0 390.4 302.964 300 90
0 390.4 303.104 300 90
0 390.4 303.391 300 90
0 390.4 303.596 300 90
0 390.4 303.807 300 90
0 390.4 303.994 300 90
0 390.4 304.235 300 90
0 390.4 304.685 300 90
0 390.4 305.07 300 90
0 390.4 305.266 300 90
0 390.4 305.484 300 90
0 390.4 305.708 300 90
0 390.4 306.004 300 90
0 390.4 306.259 300 90
0 390.4 306.475 300 90
0 390.4 306.702 300 90
0 390.4 306.856 300 90
0 390.4 307.083 300 90
0 390.4 307.218 300 90
0 390.4 307.408 300 90
0 390.4 307.77 300 90
0 390.4 308.064 300 90
0 390.4 308.398 300 90
0 390.4 308.724 300 90
0 390.4 308.97 300 90
0 390.4 309.251 300 90
0 390.4 309.392 300 90
0 390.4 309.642 300 90
0 390.4 309.82 300 90
0 390.4 310.057 300 90
0 390.4 310.205 300 90
0 390.4 310.467 300 90
0 390.4 310.735 300 90
0 390.4 310.892 300 90
0 390.4 311.073 300 90
0 390.4 311.355 300 90
0 390.4 311.607 300 90
0 390.4 311.857 300 90
0 390.4 312.022 300 90
0 390.4 312.252 300 90
0 390.4 312.466 300 90
0 390.4 312.771 300 90
0 390.4 312.998 300 90
0 390.4 313.197 300 90
0 390.4 313.46 300 90
0 390.4 313.707 300 90
0 390.4 313.855 300 90
0 390.4 314.034 300 90
0 390.4 314.31 300 90
0 390.4 314.573 300 90
0 390.4 314.856 300 90
0 390.4 315.163 300 90
0 390.4 315.439 300 90
0 390.4 315.6 300 90
0 390.4 315.787 300 90
0 390.4 315.991 300 90
0 390.4 316.191 300 90
0 390.4 316.381 300 90
0 390.4 316.584 300 90
0 390.4 316.852 300 90
0 390.4 317.017 300 90
0 390.4 317.267 300 90
0 390.4 317.423 300 90
0 390.4 317.697 300 90
0 390.4 317.965 300 90
0 390.4 318.143 300 90
0 390.4 318.311 300 90
0 390.4 318.663 300 90
0 390.4 318.938 300 90
0 390.4 319.396 300 90
0 390.4 319.572 300 90
0 390.4 319.828 300 90
0 390.4 319.979 300 90
0 390.4 320.185 300 90
0 390.4 320.452 300 90
0 390.4 320.705 300 90
0 390.4 320.859 300 90
0 390.4 321.12 300 90
0 390.4 321.271 300 90
0 390.4 321.513 300 90
0 390.4 321.755 300 90
0 390.4 321.923 300 90
0 390.4 322.133 300 90
0 390.4 322.388 300 90
0 390.4 322.625 300 90
0 390.4 322.821 300 90
0 390.4 323.066 300 90
0 390.4 323.22 300 90
0 390.4 323.426 300 90
0 390.4 323.664 300 90
0 390.4 323.913 300 90
0 390.4 324.093 300 90
0 390.4 324.248 300 90
0 390.4 324.508 300 90
0 390.4 324.709 300 90
0 390.4 324.91 300 90
0 390.4 325.048 300 90
0 390.4 325.266 300 90
0 390.4 325.571 300 90
0 390.4 325.942 300 90
0 390.4 326.213 300 90
0 390.4 326.474 300 90
0 390.4 326.702 300 90
0 390.4 326.998 300 90
0 390.4 327.195 300 90
0 390.4 327.402 300 90
0 390.4 327.567 300 90
0 390.4 327.776 300 90
0 390.4 328.051 300 90
0 390.4 328.286 300 90
0 390.4 328.467 300 90
0 390.4 328.625 300 90
0 390.4 328.896 300 90
0 390.4 329.09 300 90
0 390.4 329.526 300 90
0 390.4 329.92 300 90
0 390.4 330.175 300 90
0 390.4 330.391 300 90
0 390.4 330.611 300 90
0 390.4 330.856 300 90
0 390.4 331.063 300 90
0 390.4 331.278 300 90
0 390.4 331.44 300 90
0 390.4 331.596 300 90
0 390.4 331.873 300 90
0 390.4 332.085 300 90
0 390.4 332.413 300 90
0 390.4 332.551 300 90
0 390.4 332.809 300 90
0 390.4 333.115 300 90
0 390.4 333.33 300 90
0 390.4 333.574 300 90
0 390.4 333.869 300 90
0 390.4 334.119 300 90
0 390.4 334.339 300 90
0 390.4 334.646 300 90
0 390.4 334.919 300 90
0 390.4 335.205 300 90
0 390.4 335.496 300 90
0 390.4 335.796 300 90
0 390.4 336.006 300 90
0 390.4 336.288 300 90
0 390.4 336.497 300 90
0 390.4 336.706 300 90
0 390.4 336.903 300 90
0 390.4 337.228 300 90
0 390.4 337.397 300 90
0 390.4 337.625 300 90
0 390.4 337.831 300 90
0 390.4 338.233 300 90
0 390.4 338.438 300 90
0 390.4 338.64 300 90
0 390.4 338.977 300 90
0 390.4 339.184 300 90
0 390.4 339.531 300 90
0 390.4 339.709 300 90
0 390.4 339.995 300 90
0 390.4 340.166 300 90
0 390.4 340.393 300 90
0 390.4 340.589 300 90
0 390.4 340.855 300 90
0 390.4 341.057 300 90
0 390.4 341.263 300 90
0 390.4 341.458 300 90
0 390.4 341.667 300 90
0 390.4 342.015 300 90
0 390.4 342.286 300 90
0 390.4 342.609 300 90
0 390.4 342.832 300 90
0 390.4 342.98 300 90
0 390.4 343.191 300 90
0 390.4 343.439 300 90
0 390.4 343.677 300 90
0 390.4 343.844 300 90
0 390.4 344.076 300 90
0 390.4 344.37 300 90
0 390.4 344.675 300 90
0 390.4 344.916 300 90
0 390.4 345.317 300 90
0 390.4 345.59 300 90
0 390.4 345.802 300 90
0 390.4 346.034 300 90
0 390.4 346.285 300 90
0 390.4 346.53 300 90
0 390.4 346.756 300 90
0 390.4 346.988 300 90
0 390.4 347.14 300 90
0 390.4 347.437 300 90
0 390.4 347.691 300 90
0 390.4 347.95 300 90
0 390.4 348.229 300 90
0 390.4 348.391 300 90
0 390.4 348.663 300 90
0 390.4 348.977 300 90
0 390.4 349.319 300 90
0 390.4 349.601 300 90
0 390.4 349.756 300 90
0 390.4 349.986 300 90
0 390.4 350.259 300 90
0 390.4 350.425 300 90
0 390.4 350.79 300 90
0 390.4 351.013 300 90
0 390.4 351.248 300 90
0 390.4 351.464 300 90
0 390.4 351.635 300 90
0 390.4 351.878 300 90
0 390.4 352.059 300 90
0 390.4 352.302 300 90
0 390.4 352.545 300 90
0 390.4 352.751 300 90
0 390.4 353.119 300 90
0 390.4 353.446 300 90
0 390.4 353.664 300 90
0 390.4 353.926 300 90
0 390.4 354.217 300 90
0 390.4 354.495 300 90
0 390.4 354.707 300 90
0 390.4 354.933 300 90
0 390.4 355.169 300 90
0 390.4 355.511 300 90
0 390.4 355.689 300 90
0 390.4 355.826 300 90
0 390.4 355.994 300 90
0 390.4 356.269 300 90
0 390.4 356.485 300 90
0 390.4 356.732 300 90
0 390.4 356.873 300 90
0 390.4 357.061 300 90
0 390.4 357.178 300 90
0 390.4 357.287 300 90
0 390.4 357.391 300 90
0 390.4 357.537 300 90
0 390.4 357.684 300 90
0 390.4 357.824 300 90
0 390.4 358.007 300 90
0 390.4 358.168 300 90
0 390.4 358.27 300 90
0 390.4 358.465 300 90
0 390.4 358.656 300 90
0 390.4 358.785 300 90
0 390.4 358.901 300 90
0 390.4 359.047 300 90
0 390.4 359.193 300 90
0 390.4 359.378 300 90
0 390.4 359.478 300 90
0 390.4 359.73 300 90
0 390.4 359.949 300 90
0 390.4 360.272 300 90
0 390.4 360.828 300 90
0 390.4 361.161 300 90
0 390.4 361.466 300 90
0 390.4 361.684 300 90
0 390.4 361.891 300 90
0 390.4 362.061 300 90
0 390.4 362.303 300 90
0 390.4 362.493 300 90
0 390.4 362.681 300 90
0 390.4 362.807 300 90
0 390.4 363.039 300 90
0 390.4 363.186 300 90
0 390.4 363.546 300 90
0 390.4 363.736 300 90
0 390.4 363.974 300 90
0 390.4 364.207 300 90
0 390.4 364.461 300 90
0 390.4 364.706 300 90
0 390.4 364.898 300 90
0 390.4 365.093 300 90
0 390.4 365.305 300 90
0 390.4 365.569 300 90
0 390.4 365.754 300 90
0 390.4 366.006 300 90
0 390.4 366.325 300 90
0 390.4 366.531 300 90
0 390.4 366.876 300 90
0 390.4 367.102 300 90
0 390.4 367.342 300 90
0 390.4 367.63 300 90
0 390.4 368.068 300 90
0 390.4 368.383 300 90
0 390.4 368.654 300 90
0 390.4 368.875 300 90
0 390.4 369.077 300 90
0 390.4 369.467 300 90
0 390.4 369.68 300 90
0 390.4 369.938 300 90
0 390.4 370.155 300 90
0 390.4 370.53 300 90
0 390.4 370.825 300 90
0 390.4 371.114 300 90
0 390.4 371.476 300 90
0 390.4 371.778 300 90
0 390.4 372.118 300 90
0 390.4 372.394 300 90
0 390.4 372.679 300 90
0 390.4 372.954 300 90
0 390.4 373.16 300 90
0 390.4 373.302 300 90
0 390.4 373.619 300 90
0 390.4 373.873 300 90
0 390.4 374.077 300 90
0 390.4 374.335 300 90
0 390.4 374.605 300 90
0 390.4 374.912 300 90
0 390.4 375.081 300 90
0 390.4 375.394 300 90
0 390.4 375.8 300 90
0 390.4 375.989 300 90
0 390.4 376.172 300 90
0 390.4 376.57 300 90
0 390.4 376.814 300 90
0 390.4 377.033 300 90
0 390.4 377.278 300 90
0 390.4 377.489 300 90
0 390.4 377.642 300 90
0 390.4 377.86 300 90
0 390.4 377.97 300 90
0 390.4 378.113 300 90
0 390.4 378.258 300 90
0 390.4 378.448 300 90
0 390.4 378.569 300 90
0 390.4 378.752 300 90
0 390.4 378.951 300 90
0 390.4 379.071 300 90
0 390.4 379.222 300 90
0 390.4 379.408 300 90
0 390.4 379.518 300 90
0 390.4 379.661 300 90
0 390.4 379.863 300 90
0 390.4 380.022 300 90
0 390.4 380.31 300 90
0 390.4 380.465 300 90
0 390.4 380.743 300 90
0 390.4 381.09 300 90
0 390.4 381.37 300 90
0 390.4 381.568 300 90
0 390.4 381.729 300 90
0 390.4 381.972 300 90
0 390.4 382.196 300 90
0 390.4 382.448 300 90
0 390.4 382.78 300 90
0 390.4 383.012 300 90
0 390.4 383.236 300 90
0 390.4 383.516 300 90
0 390.4 383.665 300 90
0 390.4 383.824 300 90
0 390.4 383.988 300 90
0 390.4 384.198 300 90
0 390.4 384.39 300 90
0 390.4 384.729 300 90
0 390.4 384.975 300 90
0 390.4 385.301 300 90
0 390.4 385.608 300 90
0 390.4 385.964 300 90
0 390.4 386.135 300 90
0 390.4 386.371 300 90
0 390.4 386.767 300 90
0 390.4 386.96 300 90
0 390.4 387.226 300 90
0 390.4 387.437 300 90
0 390.4 387.608 300 90
0 390.4 387.85 300 90
0 390.4 388.041 300 90
0 390.4 388.297 300 90
0 390.4 388.5 300 90
0 390.4 388.712 300 90
0 390.4 389.022 300 90
0 390.4 389.332 300 90
0 390.4 389.734 300 90
0 390.4 389.881 300 90
0 390.4 390.198 300 90
0 390.4 390.359 300 90
0 390.4 390.534 300 90
0 390.4 390.797 300 90
0 390.4 390.964 300 90
0 390.4 391.165 300 90
0 390.4 391.506 300 90
0 390.4 391.806 300 90
0 390.4 392.008 300 90
0 390.4 392.217 300 90
0 390.4 392.425 300 90
0 390.4 392.731 300 90
0 390.4 392.944 300 90
0 390.4 393.288 300 90
0 390.4 393.659 300 90
0 390.4 393.999 300 90
0 390.4 394.244 300 90
0 390.4 394.616 300 90
0 390.4 394.922 300 90
0 390.4 395.14 300 90
0 390.4 395.352 300 90
0 390.4 395.53 300 90
0 390.4 395.713 300 90
0 390.4 395.876 300 90
0 390.4 396.024 300 90
0 390.4 396.263 300 90
0 390.4 396.513 300 90
0 390.4 396.873 300 90
0 390.4 397.344 300 90
0 390.4 397.575 300 90
0 390.4 397.895 300 90
0 390.4 398.104 300 90
0 390.4 398.36 300 90
0 390.4 398.616 300 90
0 390.4 398.841 300 90
0 390.4 398.989 300 90
0 390.4 399.208 300 90
0 390.4 399.41 300 90
0 390.4 399.58 300 90
0 390.4 399.795 300 90
0 390.4 400.115 300 90
0 390.4 400.447 300 90
0 390.4 400.652 300 90
0 390.4 400.81 300 90
0 390.4 401.03 300 90
0 390.4 401.314 300 90
0 390.4 401.55 300 90
0 390.4 401.734 300 90
0 390.4 401.992 300 90
0 390.4 402.288 300 90
0 390.4 402.471 300 90
0 390.4 402.852 300 90
0 390.4 403.04 300 90
0 390.4 403.193 300 90
0 390.4 403.418 300 90
0 390.4 403.686 300 90
0 390.4 403.99 300 90
0 390.4 404.274 300 90
0 390.4 404.672 300 90
0 390.4 405.027 300 90
0 390.4 405.296 300 90
0 390.4 405.649 300 90
0 390.4 405.955 300 90
0 390.4 406.133 300 90
0 390.4 406.456 300 90
0 390.4 406.689 300 90
0 390.4 406.946 300 90
0 390.4 407.15 300 90
0 390.4 407.414 300 90
0 390.4 407.793 300 90
0 390.4 407.975 300 90
0 390.4 408.228 300 90
0 390.4 408.475 300 90
0 390.4 408.699 300 90
0 390.4 409.051 300 90
0 390.4 409.311 300 90
0 390.4 409.621 300 90
0 390.4 409.819 300 90
0 390.4 410.091 300 90
0 390.4 410.325 300 90
0 390.4 410.643 300 90
0 390.4 410.812 300 90
0 390.4 411.096 300 90
0 390.4 411.326 300 90
0 390.4 411.769 300 90
0 390.4 412.091 300 90
0 390.4 412.415 300 90
0 390.4 412.574 300 90
0 390.4 412.726 300 90
0 390.4 412.964 300 90
0 390.4 413.138 300 90
0 390.4 413.43 300 90
0 390.4 413.641 300 90
0 390.4 413.838 300 90
0 390.4 414.055 300 90
0 390.4 414.416 300 90
0 390.4 414.631 300 90
0 390.4 414.875 300 90
0 390.4 415.156 300 90
0 390.4 415.342 300 90
0 390.4 415.539 300 90
0 390.4 415.751 300 90
0 390.4 416.004 300 90
0 390.4 416.252 300 90
0 390.4 416.455 300 90
0 390.4 416.668 300 90
0 390.4 416.921 300 90
0 390.4 417.129 300 90
0 390.4 417.372 300 90
0 390.4 417.629 300 90
0 390.4 417.892 300 90
0 390.4 418.1 300 90
0 390.4 418.27 300 90
0 390.4 418.579 300 90
0 390.4 418.736 300 90
0 390.4 419.013 300 90
0 390.4 419.188 300 90
0 390.4 419.422 300 90
0 390.4 419.575 300 90
0 390.4 419.837 300 90
0 390.4 420.059 300 90
0 390.4 420.331 300 90
0 390.4 420.579 300 90
0 390.4 420.903 300 90
0 390.4 421.139 300 90
0 390.4 421.546 300 90
0 390.4 421.952 300 90
0 390.4 422.155 300 90
0 390.4 422.521 300 90
0 390.4 422.731 300 90
0 390.4 422.992 300 90
0 390.4 423.25 300 90
0 390.4 423.601 300 90
0 390.4 423.91 300 90
0 390.4 424.135 300 90
0 390.4 424.379 300 90
0 390.4 424.59 300 90
0 390.4 424.879 300 90
0 390.4 425.209 300 90
0 390.4 425.446 300 90
0 390.4 425.646 300 90
0 390.4 425.985 300 90
0 390.4 426.21 300 90
0 390.4 426.525 300 90
0 390.4 426.842 300 90
0 390.4 426.991 300 90
0 390.4 427.149 300 90
0 390.4 427.411 300 90
0 390.4 427.569 300 90
0 390.4 427.854 300 90
0 390.4 428.053 300 90
0 390.4 428.243 300 90
0 390.4 428.475 300 90
0 390.4 428.736 300 90
0 390.4 429.047 300 90
0 390.4 429.256 300 90
0 390.4 429.475 300 90
0 390.4 429.726 300 90
0 390.4 429.937 300 90
0 390.4 430.204 300 90
0 390.4 430.425 300 90
0 390.4 430.84 300 90
0 390.4 431.123 300 90
0 390.4 431.43 300 90
0 390.4 431.656 300 90
0 390.4 431.892 300 90
0 390.4 432.116 300 90
0 390.4 432.361 300 90
0 390.4 432.662 300 90
0 390.4 432.807 300 90
0 390.4 433.021 300 90
0 390.4 433.186 300 90
0 390.4 433.428 300 90
0 390.4 433.583 300 90
0 390.4 433.897 300 90
0 390.4 434.228 300 90
0 390.4 434.473 300 90
0 390.4 434.691 300 90
0 390.4 434.983 300 90
0 390.4 435.207 300 90
0 390.4 435.458 300 90
0 390.4 435.684 300 90
0 390.4 435.866 300 90
0 390.4 436.05 300 90
0 390.4 436.263 300 90
0 390.4 436.59 300 90
0 390.4 436.859 300 90
0 390.4 437.092 300 90
0 390.4 437.291 300 90
0 390.4 437.622 300 90
0 390.4 437.838 300 90
0 390.4 438.064 300 90
0 390.4 438.235 300 90
0 390.4 438.505 300 90
0 390.4 438.766 300 90
0 390.4 438.967 300 90
0 390.4 439.261 300 90
0 390.4 439.421 300 90
0 390.4 439.63 300 90
0 390.4 439.851 300 90
0 390.4 440.074 300 90
0 390.4 440.364 300 90
0 390.4 440.609 300 90
0 390.4 440.959 300 90
0 390.4 441.15 300 90
0 390.4 441.406 300 90
0 390.4 441.559 300 90
0 390.4 441.88 300 90
0 390.4 442.127 300 90
0 390.4 442.397 300 90
0 390.4 442.681 300 90
0 390.4 442.954 300 90
0 390.4 443.271 300 90
0 390.4 443.697 300 90
0 390.4 443.953 300 90
0 390.4 444.173 300 90
0 390.4 444.324 300 90
0 390.4 444.476 300 90
0 390.4 444.634 300 90
0 390.4 444.852 300 90
0 390.4 445.117 300 90
0 390.4 445.304 300 90
0 390.4 445.496 300 90
0 390.4 445.711 300 90
0 390.4 445.92 300 90
0 390.4 446.132 300 90
0 390.4 446.293 300 90
0 390.4 446.561 300 90
0 390.4 446.783 300 90
0 390.4 447.074 300 90
0 390.4 447.264 300 90
0 390.4 447.584 300 90
0 390.4 447.821 300 90
0 390.4 448.115 300 90
0 390.4 448.501 300 90
0 390.4 448.704 300 90
0 390.4 448.901 300 90
0 390.4 449.138 300 90
0 390.4 449.427 300 90
0 390.4 449.712 300 90
0 390.4 449.942 300 90
0 390.4 450.148 300 90
0 390.4 450.466 300 90
0 390.4 450.683 300 90
0 390.4 450.895 300 90
0 390.4 451.188 300 90
0 390.4 451.394 300 90
0 390.4 451.624 300 90
0 390.4 451.823 300 90
0 390.4 452.075 300 90
0 390.4 452.48 300 90
0 390.4 452.759 300 90
0 390.4 452.993 300 90
0 390.4 453.169 300 90
0 390.4 453.444 300 90
0 390.4 453.628 300 90
0 390.4 453.84 300 90
0 390.4 454.039 300 90
0 390.4 454.305 300 90
0 390.4 454.603 300 90
0 390.4 454.85 300 90
0 390.4 455.164 300 90
0 390.4 455.355 300 90
0 390.4 455.582 300 90
0 390.4 455.752 300 90
0 390.4 455.903 300 90
0 390.4 456.136 300 90
0 390.4 456.474 300 90
0 390.4 456.732 300 90
0 390.4 456.966 300 90
0 390.4 457.214 300 90
0 390.4 457.531 300 90
0 390.4 457.863 300 90
0 390.4 458.113 300 90
0 390.4 458.4 300 90
0 390.4 458.565 300 90
0 390.4 458.789 300 90
0 390.4 459.051 300 90
0 390.4 459.521 300 90
0 390.4 459.943 300 90
0 390.4 460.217 300 90
0 390.4 460.43 300 90
0 390.4 460.718 300 90
0 390.4 461.091 300 90
0 390.4 461.528 300 90
0 390.4 461.941 300 90
0 390.4 462.297 300 90
0 390.4 462.503 300 90
0 390.4 462.695 300 90
0 390.4 462.991 300 90
0 390.4 463.317 300 90
0 390.4 463.579 300 90
0 390.4 464.028 300 90
0 390.4 464.513 300 90
0 390.4 464.901 300 90
0 390.4 465.161 300 90
0 390.4 465.501 300 90
0 390.4 465.721 300 90
0 390.4 465.94 300 90
0 390.4 466.237 300 90
0 390.4 466.605 300 90
0 390.4 466.828 300 90
0 390.4 467.203 300 90
0 390.4 467.453 300 90
0 390.4 467.763 300 90
0 390.4 468.127 300 90
0 390.4 468.358 300 90
0 390.4 468.613 300 90
0 390.4 468.906 300 90
0 390.4 469.151 300 90
0 390.4 469.361 300 90
0 390.4 469.652 300 90
0 390.4 469.908 300 90
0 390.4 470.086 300 90
0 390.4 470.229 300 90
0 390.4 470.46 300 90
0 390.4 470.729 300 90
0 390.4 470.903 300 90
0 390.4 471.133 300 90
0 390.4 471.348 300 90
0 390.4 471.595 300 90
0 390.4 471.895 300 90
0 390.4 472.069 300 90
0 390.4 472.371 300 90
0 390.4 472.541 300 90
0 390.4 472.751 300 90
0 390.4 472.935 300 90
0 390.4 473.151 300 90
0 390.4 473.362 300 90
0 390.4 473.575 300 90
0 390.4 473.734 300 90
0 390.4 473.98 300 90
0 390.4 474.264 300 90
0 390.4 474.43 300 90
0 390.4 474.754 300 90
0 390.4 475.003 300 90
0 390.4 475.282 300 90
0 390.4 475.575 300 90
0 390.4 475.791 300 90
0 390.4 476.038 300 90
0 390.4 476.374 300 90
0 390.4 476.611 300 90
0 390.4 476.78 300 90
0 390.4 476.987 300 90
0 390.4 477.24 300 90
0 390.4 477.444 300 90
0 390.4 477.677 300 90
0 390.4 477.822 300 90
0 390.4 478.03 300 90
0 390.4 478.222 300 90
0 390.4 478.543 300 90
0 390.4 478.788 300 90
0 390.4 479.017 300 90
0 390.4 479.301 300 90
0 390.4 479.604 300 90
0 390.4 479.854 300 90
0 390.4 480.067 300 90
0 390.4 480.274 300 90
0 390.4 480.573 300 90
0 390.4 480.791 300 90
0 390.4 481.073 300 90
0 390.4 481.34 300 90
0 390.4 481.704 300 90
0 390.4 481.876 300 90
0 390.4 482.167 300 90
0 390.4 482.484 300 90
0 390.4 482.787 300 90
0 390.4 482.982 300 90
0 390.4 483.167 300 90
0 384.8 483.347 90
0 384.8 483.49 300 90
0 384.8 483.746 300 90
0 384.8 484.116 300 90
0 384.8 484.45 300 90
0 384.8 484.782 300 90
0 384.8 485.026 300 90
0 384.8 485.463 300 90
0 384.8 485.728 300 90
0 384.8 485.978 300 90
0 384.8 486.206 300 90
0 384.8 486.486 300 90
0 384.8 486.785 300 90
0 384.8 487.049 300 90
0 384.8 487.244 300 90
0 384.8 487.573 300 90
0 384.8 487.807 300 90
0 384.8 487.932 300 90
0 384.8 488.114 300 90
0 384.8 488.448 300 90
0 384.8 488.744 300 90
0 384.8 489.062 300 90
0 384.8 489.306 300 90
0 384.8 489.56 300 90
0 384.8 489.963 300 90
0 384.8 490.184 300 90
0 384.8 490.42 300 90
0 384.8 490.702 300 90
0 384.8 490.978 300 90
0 384.8 491.248 300 90
0 384.8 491.531 300 90
0 384.8 491.754 300 90
0 384.8 492.119 300 90
0 384.8 492.417 300 90
0 384.8 492.697 300 90
0 384.8 493.058 300 90
0 384.8 493.331 300 90
0 384.8 493.643 300 90
0 384.8 493.836 300 90
0 384.8 494.136 300 90
0 384.8 494.263 300 90
0 384.8 494.417 300 90
0 384.8 494.571 300 90
0 384.8 494.673 300 90
0 384.8 494.802 300 90
0 384.8 495.012 300 90
0 384.8 495.18 300 90
0 384.8 495.307 300 90
0 384.8 495.454 300 90
0 384.8 495.636 300 90
0 384.8 495.831 300 90
0 384.8 495.998 300 90
0 384.8 496.122 300 90
0 384.8 496.342 300 90
0 384.8 496.52 300 90
0 384.8 496.654 300 90
0 384.8 496.813 300 90
0 384.8 497.047 300 90
0 384.8 497.159 300 90
0 384.8 497.33 300 90
0 384.8 497.454 300 90
0 384.8 497.608 300 90
0 384.8 497.762 300 90
0 384.8 497.889 300 90
0 384.8 498.068 300 90
0 384.8 498.193 300 90
0 384.8 498.354 300 90
0 384.8 498.541 300 90
0 384.8 498.7 300 90
0 384.8 498.814 300 90
0 384.8 499.008 300 90
0 384.8 499.225 300 90
0 384.8 499.345 300 90
0 384.8 499.584 300 90
0 384.8 499.776 300 90
0 384.8 499.966 300 90
0 384.8 500.135 300 90
0 384.8 500.325 300 90
0 384.8 500.486 300 90
0 384.8 500.65 300 90
0 384.8 500.872 300 90
0 384.8 501.026 300 90
0 384.8 501.172 300 90
0 384.8 501.373 300 90
0 384.8 501.498 300 90
0 384.8 501.605 300 90
0 384.8 501.797 300 90
0 384.8 502.043 300 90
0 384.8 502.164 300 90
0 384.8 502.334 300 90
0 384.8 502.491 300 90
0 384.8 502.645 300 90
0 384.8 502.796 300 90
0 384.8 502.944 300 90
0 384.8 503.167 300 90
0 384.8 503.357 300 90
0 384.8 503.519 300 90
0 384.8 503.669 300 90
0 384.8 503.812 300 90
0 384.8 504.055 300 90
0 384.8 504.205 300 90
0 384.8 504.324 300 90
0 384.8 504.552 300 90
0 384.8 504.669 300 90
0 384.8 504.864 300 90
0 384.8 505.106 300 90
0 384.8 505.266 300 90
0 384.8 505.463 300 90
0 384.8 505.623 300 90
0 384.8 505.814 300 90
0 384.8 506.02 300 90
0 384.8 506.161 300 90
0 384.8 506.419 300 90
0 384.8 506.786 300 90
0 384.8 507.087 300 90
0 384.8 507.357 300 90
0 384.8 507.654 300 90
0 384.8 507.813 300 90
0 384.8 508.049 300 90
0 384.8 508.305 300 90
0 384.8 508.517 300 90
0 384.8 508.816 300 90
0 384.8 509.225 300 90
0 384.8 509.456 300 90
0 384.8 509.615 300 90
0 384.8 509.885 300 90
0 384.8 510.069 300 90
0 384.8 510.259 300 90
0 384.8 510.498 300 90
0 384.8 510.776 300 90
0 384.8 510.956 300 90
0 384.8 511.196 300 90
0 384.8 511.48 300 90
0 384.8 511.763 300 90
0 384.8 512.072 300 90
0 384.8 512.314 300 90
0 384.8 512.513 300 90
0 384.8 512.761 300 90
0 384.8 513.008 300 90
0 384.8 513.266 300 90
0 384.8 513.495 300 90
0 384.8 513.662 300 90
0 384.8 513.961 300 90
0 384.8 514.198 300 90
0 384.8 514.356 300 90
0 384.8 514.559 300 90
0 384.8 514.825 300 90
0 384.8 515.056 300 90
0 384.8 515.299 300 90
0 384.8 515.649 300 90
0 384.8 515.918 300 90
0 384.8 516.074 300 90
0 384.8 516.325 300 90
0 384.8 516.718 300 90
0 384.8 516.941 300 90
0 384.8 517.129 300 90
0 384.8 517.383 300 90
0 384.8 517.644 300 90
0 384.8 517.922 300 90
0 384.8 518.102 300 90
0 384.8 518.318 300 90
0 384.8 518.689 300 90
0 384.8 518.908 300 90
0 384.8 519.067 300 90
0 384.8 519.463 300 90
0 384.8 519.714 300 90
0 384.8 519.962 300 90
0 384.8 520.315 300 90
0 384.8 520.473 300 90
0 384.8 520.658 300 90
0 384.8 520.839 300 90
0 384.8 521.059 300 90
0 384.8 521.328 300 90
0 384.8 521.495 300 90
0 384.8 521.729 300 90
0 384.8 522.017 300 90
0 384.8 522.201 300 90
0 384.8 522.452 300 90
0 384.8 522.686 300 90
0 384.8 522.979 300 90
0 384.8 523.213 300 90
0 384.8 523.435 300 90
0 384.8 523.649 300 90
0 384.8 523.881 300 90
0 384.8 524.143 300 90
0 384.8 524.397 300 90
0 384.8 524.581 300 90
0 384.8 524.872 300 90
0 384.8 525.082 300 90
0 384.8 525.288 300 90
0 384.8 525.523 300 90
0 384.8 525.727 300 90
0 384.8 525.949 300 90
0 384.8 526.199 300 90
0 384.8 526.432 300 90
0 384.8 526.637 300 90
0 384.8 527.122 300 90
0 384.8 527.386 300 90
0 384.8 527.588 300 90
0 384.8 527.774 300 90
0 384.8 527.993 300 90
0 384.8 528.208 300 90
0 384.8 528.501 300 90
0 384.8 528.726 300 90
0 384.8 528.904 300 90
0 384.8 529.236 300 90
0 384.8 529.45 300 90
0 384.8 529.613 300 90
0 384.8 529.821 300 90
0 384.8 530.04 300 90
0 384.8 530.263 300 90
0 384.8 530.481 300 90
0 384.8 530.811 300 90
0 384.8 531.093 300 90
0 384.8 531.312 300 90
0 384.8 531.507 300 90
0 384.8 531.733 300 90
0 384.8 532.027 300 90
0 384.8 532.196 300 90
0 384.8 532.411 300 90
0 384.8 532.586 300 90
0 384.8 532.796 300 90
0 384.8 533.096 300 90
0 384.8 533.361 300 90
0 384.8 533.74 300 90
0 384.8 533.96 300 90
0 384.8 534.324 300 90
0 384.8 534.597 300 90
0 384.8 534.824 300 90
0 384.8 535.05 300 90
0 384.8 535.328 300 90
0 384.8 535.501 300 90
0 384.8 535.769 300 90
0 384.8 536.256 300 90
0 384.8 536.506 300 90
0 384.8 536.794 300 90
0 384.8 537.035 300 90
0 384.8 537.206 300 90
0 384.8 537.515 300 90
0 384.8 537.779 300 90
0 384.8 538.102 300 90
0 384.8 538.336 300 90
0 384.8 538.593 300 90
0 384.8 538.763 300 90
0 384.8 539.04 300 90
0 384.8 539.305 300 90
0 384.8 539.562 300 90
0 384.8 539.757 300 90
0 384.8 539.935 300 90
0 384.8 540.299 300 90
0 384.8 540.557 300 90
0 384.8 540.889 300 90
0 384.8 541.097 300 90
0 384.8 541.383 300 90
0 384.8 541.626 300 90
0 384.8 541.908 300 90
0 384.8 542.143 300 90
0 384.8 542.379 300 90
0 384.8 542.561 300 90
0 384.8 542.818 300 90
0 384.8 543.014 300 90
0 384.8 543.225 300 90
0 384.8 543.46 300 90
0 384.8 543.793 300 90
0 384.8 544.055 300 90
0 384.8 544.289 300 90
0 384.8 544.519 300 90
0 384.8 544.718 300 90
0 384.8 544.877 300 90
0 384.8 545.092 300 90
0 384.8 545.314 300 90
0 384.8 545.58 300 90
0 384.8 545.875 300 90
0 384.8 546.103 300 90
0 384.8 546.293 300 90
0 384.8 546.519 300 90
0 384.8 546.782 300 90
0 384.8 546.993 300 90
0 384.8 547.173 300 90
0 384.8 547.323 300 90
0 384.8 547.483 300 90
0 384.8 547.807 300 90
0 384.8 547.979 300 90
0 384.8 548.151 300 90
0 384.8 548.5 300 90
0 384.8 548.673 300 90
0 384.8 548.878 300 90
0 384.8 549.104 300 90
0 384.8 549.348 300 90
0 384.8 549.509 300 90
0 384.8 549.717 300 90
0 384.8 549.859 300 90
0 384.8 550.001 300 90
0 384.8 550.214 300 90
0 384.8 550.404 300 90
0 384.8 550.639 300 90
0 384.8 550.827 300 90
0 384.8 551.169 300 90
0 384.8 551.41 300 90
0 384.8 551.657 300 90
0 384.8 551.816 300 90
0 384.8 552.016 300 90
0 384.8 552.246 300 90
0 384.8 552.508 300 90
0 384.8 552.778 300 90
0 384.8 553.016 300 90
0 384.8 553.268 300 90
0 384.8 553.498 300 90
0 384.8 553.687 300 90
0 384.8 553.843 300 90
0 384.8 554.208 300 90
0 384.8 554.425 300 90
0 384.8 554.718 300 90
0 384.8 554.904 300 90
0 384.8 555.188 300 90
0 384.8 555.446 300 90
0 384.8 555.713 300 90
0 384.8 555.964 300 90
0 384.8 556.3 300 90
0 384.8 556.532 300 90
0 384.8 556.909 300 90
0 384.8 557.173 300 90
0 384.8 557.331 300 90
0 384.8 557.557 300 90
0 384.8 557.821 300 90
0 384.8 557.986 300 90
0 384.8 558.26 300 90
0 384.8 558.523 300 90
0 384.8 558.763 300 90
0 384.8 559.091 300 90
0 384.8 559.316 300 90
0 384.8 559.529 300 90
0 384.8 559.807 300 90
0 384.8 560.019 300 90
0 384.8 560.31 300 90
0 384.8 560.526 300 90
0 384.8 560.854 300 90
0 384.8 561.079 300 90
0 384.8 561.272 300 90
0 384.8 561.479 300 90
0 384.8 561.657 300 90
0 384.8 561.763 300 90
0 384.8 562.013 300 90
0 384.8 562.213 300 90
0 384.8 562.427 300 90
0 384.8 562.585 300 90
0 384.8 562.841 300 90
0 384.8 563.093 300 90
0 384.8 563.322 300 90
0 384.8 563.551 300 90
0 384.8 563.823 300 90
0 384.8 564.041 300 90
0 384.8 564.336 300 90
0 384.8 564.524 300 90
0 384.8 564.759 300 90
0 384.8 565.166 300 90
0 384.8 565.374 300 90
0 384.8 565.606 300 90
0 384.8 565.803 300 90
0 384.8 565.964 300 90
0 384.8 566.162 300 90
0 384.8 566.496 300 90
0 384.8 566.722 300 90
0 384.8 566.947 300 90
0 384.8 567.247 300 90
0 384.8 567.493 300 90
0 384.8 567.705 300 90
0 384.8 568.008 300 90
0 384.8 568.119 300 90
0 384.8 568.37 300 90
0 384.8 568.637 300 90
0 384.8 568.82 300 90
0 384.8 569.156 300 90
0 384.8 569.4 300 90
0 384.8 569.615 300 90
0 384.8 569.892 300 90
0 384.8 570.052 300 90
0 384.8 570.203 300 90
0 384.8 570.401 300 90
0 384.8 570.61 300 90
0 384.8 570.882 300 90
0 384.8 571.15 300 90
0 384.8 571.441 300 90
0 384.8 571.66 300 90
0 384.8 571.837 300 90
0 384.8 572.062 300 90
0 384.8 572.309 300 90
0 384.8 572.455 300 90
0 384.8 572.81 300 90
0 384.8 572.983 300 90
0 384.8 573.238 300 90
0 384.8 573.439 300 90
0 384.8 573.643 300 90
0 384.8 573.856 300 90
0 384.8 574.028 300 90
0 384.8 574.199 300 90
0 384.8 574.456 300 90
0 384.8 574.759 300 90
0 384.8 574.989 300 90
0 384.8 575.21 300 90
0 384.8 575.37 300 90
0 384.8 575.655 300 90
0 384.8 575.858 300 90
0 384.8 576.223 300 90
0 384.8 576.432 300 90
0 384.8 576.64 300 90
0 384.8 576.876 300 90
0 384.8 577.132 300 90
0 384.8 577.345 300 90
0 384.8 577.601 300 90
0 384.8 577.909 300 90
0 384.8 578.127 300 90
0 384.8 578.364 300 90
0 384.8 578.594 300 90
0 384.8 578.852 300 90
0 384.8 579.025 300 90
0 384.8 579.287 300 90
0 384.8 579.516 300 90
0 384.8 579.722 300 90
0 384.8 579.931 300 90
0 384.8 580.073 300 90
0 384.8 580.313 300 90
0 384.8 580.535 300 90
0 384.8 580.794 300 90
0 384.8 581.183 300 90
0 384.8 581.411 300 90
0 384.8 581.679 300 90
0 384.8 581.844 300 90
0 384.8 582.01 300 90
0 384.8 582.185 300 90
0 384.8 582.335 300 90
0 384.8 582.541 300 90
0 384.8 582.766 300 90
0 384.8 582.989 300 90
0 384.8 583.318 300 90
0 384.8 583.537 300 90
0 384.8 583.758 300 90
0 384.8 583.978 300 90
0 384.8 584.128 300 90
0 384.8 584.354 300 90
0 384.8 584.594 300 90
0 384.8 584.895 300 90
0 384.8 585.154 300 90
0 384.8 585.354 300 90
0 384.8 585.55 300 90
0 384.8 585.801 300 90
0 384.8 586.024 300 90
0 384.8 586.326 300 90
0 384.8 586.643 300 90
0 384.8 586.863 300 90
0 384.8 587.063 300 90
0 384.8 587.376 300 90
0 384.8 587.542 300 90
0 384.8 587.702 300 90
0 384.8 587.811 300 90
0 384.8 588.076 300 90
0 384.8 588.339 300 90
0 384.8 588.479 300 90
0 384.8 588.637 300 90
0 384.8 588.976 300 90
0 384.8 589.188 300 90
0 384.8 589.362 300 90
0 384.8 589.601 300 90
0 384.8 589.973 300 90
0 384.8 590.141 300 90
0 384.8 590.47 300 90
0 384.8 590.618 300 90
0 384.8 590.895 300 90
0 384.8 591.103 300 90
0 384.8 591.342 300 90
0 384.8 591.663 300 90
0 384.8 591.897 300 90
0 384.8 592.062 300 90
0 384.8 592.285 300 90
0 384.8 592.513 300 90
0 384.8 592.786 300 90
0 384.8 593.15 300 90
0 384.8 593.442 300 90
0 384.8 593.67 300 90
0 384.8 593.942 300 90
0 384.8 594.139 300 90
0 384.8 594.407 300 90
0 384.8 594.778 300 90
0 384.8 594.99 300 90
0 384.8 595.147 300 90
0 384.8 595.408 300 90
0 384.8 595.651 300 90
0 384.8 595.873 300 90
0 384.8 596.144 300 90
0 384.8 596.498 300 90
0 384.8 596.714 300 90
0 384.8 596.931 300 90
0 384.8 597.127 300 90
0 384.8 597.293 300 90
0 384.8 597.522 300 90
0 384.8 597.684 300 90
0 384.8 597.896 300 90
0 384.8 598.255 300 90
0 384.8 598.524 300 90
0 384.8 598.857 300 90
0 384.8 599.081 300 90
0 384.8 599.312 300 90
0 384.8 599.626 300 90
0 384.8 599.954 300 90
0 384.8 600.22 300 90
0 384.8 600.434 300 90
0 384.8 600.684 300 90
0 384.8 600.841 300 90
0 384.8 601.066 300 90
0 384.8 601.231 300 90
0 384.8 601.489 300 90
0 384.8 601.714 300 90
0 384.8 601.912 300 90
0 384.8 602.353 300 90
0 384.8 602.568 300 90
0 384.8 602.835 300 90
0 384.8 603.014 300 90
0 384.8 603.247 300 90
0 384.8 603.425 300 90
0 384.8 603.601 300 90
0 384.8 603.89 300 90
0 384.8 604.163 300 90
0 384.8 604.329 300 90
0 384.8 604.47 300 90
0 384.8 604.616 300 90
0 384.8 604.768 300 90
0 384.8 604.908 300 90
0 384.8 605.017 300 90
0 384.8 605.178 300 90
0 384.8 605.291 300 90
0 384.8 605.473 300 90
0 384.8 605.729 300 90
0 384.8 605.868 300 90
0 384.8 606.018 300 90
0 384.8 606.195 300 90
0 384.8 606.302 300 90
0 384.8 606.498 300 90
0 384.8 606.647 300 90
0 384.8 606.767 300 90
0 384.8 606.939 300 90
0 384.8 607.245 300 90
0 384.8 607.364 300 90
0 384.8 607.476 300 90
0 384.8 607.703 300 90
0 384.8 607.843 300 90
0 384.8 608.032 300 90
0 384.8 608.181 300 90
0 384.8 608.322 300 90
0 384.8 608.472 300 90
0 384.8 608.624 300 90
0 384.8 608.956 300 90
0 384.8 609.224 300 90
0 384.8 609.376 300 90
0 384.8 609.714 300 90
0 384.8 609.878 300 90
0 384.8 610.09 300 90
0 384.8 610.284 300 90
0 384.8 610.48 300 90
0 384.8 610.691 300 90
0 384.8 610.999 300 90
0 384.8 611.283 300 90
0 384.8 611.501 300 90
0 384.8 611.748 300 90
0 384.8 612.101 300 90
0 384.8 612.412 300 90
0 384.8 612.659 300 90
0 384.8 612.872 300 90
0 384.8 613.04 300 90
0 384.8 613.235 300 90
0 384.8 613.429 300 90
0 384.8 613.662 300 90
0 384.8 613.88 300 90
0 384.8 614.167 300 90
0 384.8 614.347 300 90
0 384.8 614.575 300 90
0 384.8 614.692 300 90
0 384.8 614.909 300 90
0 384.8 615.062 300 90
0 384.8 615.315 300 90
0 384.8 615.566 300 90
0 384.8 615.85 300 90
0 384.8 616.11 300 90
0 384.8 616.409 300 90
0 384.8 616.721 300 90
0 384.8 617.117 300 90
0 384.8 617.311 300 90
0 384.8 617.552 300 90
0 384.8 617.949 300 90
0 384.8 618.373 300 90
0 384.8 618.613 300 90
0 384.8 618.859 300 90
0 384.8 619.057 300 90
0 384.8 619.269 300 90
0 384.8 619.451 300 90
0 384.8 619.675 300 90
0 384.8 619.852 300 90
0 384.8 620.168 300 90
0 384.8 620.462 300 90
0 384.8 620.75 300 90
0 384.8 620.936 300 90
0 384.8 621.172 300 90
0 384.8 621.381 300 90
0 384.8 621.547 300 90
0 384.8 621.814 300 90
0 384.8 621.998 300 90
0 384.8 622.327 300 90
0 384.8 622.742 300 90
0 384.8 622.925 300 90
0 384.8 623.26 300 90
0 384.8 623.444 300 90
0 384.8 623.73 300 90
0 384.8 623.996 300 90
0 384.8 624.28 300 90
0 384.8 624.572 300 90
0 384.8 624.751 300 90
0 384.8 625.013 300 90
0 384.8 625.322 300 90
0 384.8 625.488 300 90
0 384.8 625.79 300 90
0 384.8 625.949 300 90
0 384.8 626.248 300 90
0 384.8 626.559 300 90
0 384.8 627.005 300 90
0 384.8 627.31 300 90
0 384.8 627.502 300 90
0 384.8 627.689 300 90
0 384.8 627.898 300 90
0 384.8 628.13 300 90
0 384.8 628.465 300 90
0 384.8 628.709 300 90
0 384.8 628.897 300 90
0 384.8 629.112 300 90
0 384.8 629.401 300 90
0 384.8 629.841 300 90
0 384.8 630.209 300 90
0 384.8 630.536 300 90
0 384.8 630.746 300 90
0 384.8 631.078 300 90
0 384.8 631.47 300 90
0 384.8 631.929 300 90
0 384.8 632.151 300 90
0 384.8 632.425 300 90
0 384.8 632.696 300 90
0 384.8 632.928 300 90
0 384.8 633.144 300 90
0 384.8 633.316 300 90
0 384.8 633.631 300 90
0 384.8 633.917 300 90
0 384.8 634.174 300 90
0 384.8 634.472 300 90
0 384.8 634.728 300 90
0 384.8 635.111 300 90
0 384.8 635.284 300 90
0 384.8 635.468 300 90
0 384.8 635.715 300 90
0 384.8 635.958 300 90
0 384.8 636.169 300 90
0 384.8 636.379 300 90
0 384.8 636.665 300 90
0 384.8 636.84 300 90
0 384.8 637.099 300 90
0 384.8 637.395 300 90
0 384.8 637.714 300 90
0 384.8 637.884 300 90
0 384.8 638.069 300 90
0 384.8 638.296 300 90
0 384.8 638.605 300 90
0 384.8 638.817 300 90
0 384.8 639.112 300 90
0 384.8 639.351 300 90
0 384.8 639.542 300 90
0 384.8 639.764 300 90
0 384.8 639.969 300 90
0 384.8 640.223 300 90
0 384.8 640.451 300 90
0 384.8 640.709 300 90
0 384.8 640.942 300 90
0 384.8 641.17 300 90
0 384.8 641.357 300 90
0 384.8 641.521 300 90
0 384.8 641.718 300 90
0 384.8 641.995 300 90
0 384.8 642.301 300 90
0 384.8 642.476 300 90
0 384.8 642.593 300 90
0 384.8 642.714 300 90
0 384.8 642.831 300 90
0 384.8 643.024 300 90
0 384.8 643.154 300 90
0 384.8 643.312 300 90
0 384.8 643.593 300 90
0 384.8 643.758 300 90
0 384.8 643.973 300 90
0 384.8 644.162 300 90
0 384.8 644.314 300 90
0 384.8 644.562 300 90
0 384.8 644.96 300 90
0 384.8 645.197 300 90
0 384.8 645.466 300 90
0 384.8 645.704 300 90
0 384.8 645.862 300 90
0 384.8 646.067 300 90
0 384.8 646.291 300 90
0 384.8 646.453 300 90
0 384.8 646.742 300 90
0 384.8 647.088 300 90
0 384.8 647.307 300 90
0 384.8 647.56 300 90
0 384.8 647.748 300 90
0 384.8 648.194 300 90
0 384.8 648.363 300 90
0 384.8 648.527 300 90
0 384.8 648.844 300 90
0 384.8 649.05 300 90
0 384.8 649.298 300 90
0 384.8 649.639 300 90
0 384.8 649.92 300 90
0 384.8 650.216 300 90
0 384.8 650.494 300 90
0 384.8 650.719 300 90
0 384.8 650.837 300 90
0 384.8 651.094 300 90
0 384.8 651.262 300 90
0 384.8 651.376 300 90
0 384.8 651.617 300 90
0 384.8 651.825 300 90
0 384.8 651.997 300 90
0 384.8 652.381 300 90
0 384.8 652.643 300 90
0 384.8 652.861 300 90
0 384.8 653.242 300 90
0 384.8 653.533 300 90
0 384.8 653.798 300 90
0 384.8 654.06 300 90
0 384.8 654.225 300 90
0 384.8 654.462 300 90
0 384.8 654.741 300 90
0 384.8 654.964 300 90
0 384.8 655.268 300 90
0 384.8 655.645 300 90
0 384.8 655.882 300 90
0 384.8 656.142 300 90
0 384.8 656.349 300 90
0 384.8 656.508 300 90
0 384.8 656.725 300 90
0 384.8 656.954 300 90
0 384.8 657.197 300 90
0 384.8 657.531 300 90
0 384.8 657.799 300 90
0 384.8 657.975 300 90
0 384.8 658.22 300 90
0 384.8 658.69 300 90
0 384.8 658.85 300 90
0 384.8 659.057 300 90
0 384.8 659.241 300 90
0 384.8 659.468 300 90
0 384.8 659.664 300 90
0 384.8 659.897 300 90
0 384.8 660.14 300 90
0 384.8 660.375 300 90
0 384.8 660.562 300 90
0 384.8 660.787 300 90
0 384.8 660.953 300 90
0 384.8 661.25 300 90
0 384.8 661.633 300 90
0 384.8 661.906 300 90
0 384.8 662.069 300 90
0 384.8 662.381 300 90
0 384.8 662.636 300 90
0 384.8 662.805 300 90
0 384.8 662.971 300 90
0 384.8 663.188 300 90
0 384.8 663.538 300 90
0 384.8 663.801 300 90
0 384.8 663.963 300 90
0 384.8 664.176 300 90
0 384.8 664.436 300 90
0 384.8 664.633 300 90
0 384.8 664.856 300 90
0 384.8 665.039 300 90
0 384.8 665.272 300 90
0 384.8 665.527 300 90
0 384.8 665.885 300 90
0 384.8 666.111 300 90
0 384.8 666.281 300 90
0 384.8 666.589 300 90
0 384.8 666.928 300 90
0 384.8 667.151 300 90
0 384.8 667.324 300 90
0 384.8 667.607 300 90
0 384.8 667.855 300 90
0 384.8 668.004 300 90
0 384.8 668.175 300 90
0 384.8 668.343 300 90
0 384.8 668.598 300 90
0 384.8 668.754 300 90
0 384.8 668.913 300 90
0 384.8 669.186 300 90
0 384.8 669.348 300 90
0 384.8 669.67 300 90
0 384.8 669.872 300 90
0 384.8 670.09 300 90
0 384.8 670.295 300 90
0 384.8 670.539 300 90
0 384.8 670.713 300 90
0 384.8 670.959 300 90
0 384.8 671.145 300 90
0 384.8 671.307 300 90
0 384.8 671.522 300 90
0 384.8 671.862 300 90
0 384.8 672.154 300 90
0 384.8 672.485 300 90
0 384.8 672.694 300 90
0 384.8 672.881 300 90
0 384.8 673.036 300 90
0 384.8 673.291 300 90
0 384.8 673.543 300 90
0 384.8 673.817 300 90
0 384.8 673.925 300 90
0 384.8 674.151 300 90
0 384.8 674.323 300 90
0 384.8 674.583 300 90
0 384.8 674.8 300 90
0 384.8 675.005 300 90
0 384.8 675.223 300 90
0 384.8 675.416 300 90
0 384.8 675.746 300 90
0 384.8 675.982 300 90
0 384.8 676.352 300 90
0 384.8 676.553 300 90
0 384.8 676.791 300 90
0 384.8 676.948 300 90
0 384.8 677.161 300 90
0 384.8 677.406 300 90
0 384.8 677.634 300 90
0 384.8 677.9 300 90
0 384.8 678.22 300 90
0 384.8 678.541 300 90
0 384.8 678.756 300 90
0 384.8 679.005 300 90
0 384.8 679.404 300 90
0 384.8 679.64 300 90
0 384.8 680.063 300 90
0 384.8 680.268 300 90
0 384.8 680.546 300 90
0 384.8 680.755 300 90
0 384.8 680.953 300 90
0 384.8 681.169 300 90
0 384.8 681.43 300 90
0 384.8 681.754 300 90
0 384.8 682.076 300 90
0 384.8 682.304 300 90
0 384.8 682.593 300 90
0 384.8 682.798 300 90
0 384.8 683.122 300 90
0 384.8 683.337 300 90
0 384.8 683.774 300 90
0 384.8 684.04 300 90
0 384.8 684.354 300 90
0 384.8 684.575 300 90
0 384.8 684.801 300 90
0 384.8 684.984 300 90
0 384.8 685.231 300 90
0 384.8 685.399 300 90
0 384.8 685.624 300 90
0 384.8 685.871 300 90
0 384.8 686.138 300 90
0 384.8 686.441 300 90
0 384.8 686.809 300 90
0 384.8 686.994 300 90
0 384.8 687.348 300 90
0 384.8 687.651 300 90
0 384.8 687.862 300 90
0 384.8 688.033 300 90
0 384.8 688.266 300 90
0 384.8 688.529 300 90
0 384.8 688.835 300 90
0 384.8 689.061 300 90
0 384.8 689.254 300 90
0 384.8 689.552 300 90
0 384.8 689.775 300 90
0 384.8 690.044 300 90
0 384.8 690.279 300 90
0 384.8 690.458 300 90
0 384.8 690.86 300 90
0 384.8 691.186 300 90
0 384.8 691.359 300 90
0 384.8 691.538 300 90
0 384.8 691.692 300 90
0 384.8 691.891 300 90
0 384.8 692.157 300 90
0 384.8 692.373 300 90
0 384.8 692.645 300 90
0 384.8 692.9 300 90
0 384.8 693.288 300 90
0 384.8 693.572 300 90
0 384.8 693.74 300 90
0 384.8 693.964 300 90
0 384.8 694.287 300 90
0 384.8 694.436 300 90
0 384.8 694.593 300 90
0 384.8 694.83 300 90
0 384.8 695.109 300 90
0 384.8 695.32 300 90
0 384.8 695.541 300 90
0 384.8 695.791 300 90
0 384.8 696.071 300 90
0 384.8 696.29 300 90
0 384.8 696.493 300 90
0 384.8 696.701 300 90
0 384.8 696.926 300 90
0 384.8 697.198 300 90
0 384.8 697.489 300 90
0 384.8 697.723 300 90
0 384.8 697.919 300 90
0 384.8 698.218 300 90
0 384.8 698.433 300 90
0 384.8 698.684 300 90
0 384.8 698.978 300 90
0 384.8 699.169 300 90
0 384.8 699.449 300 90
0 384.8 699.66 300 90
0 384.8 699.909 300 90
0 384.8 700.133 300 90
0 384.8 700.368 300 90
0 384.8 700.631 300 90
0 384.8 700.913 300 90
0 384.8 701.252 300 90
0 384.8 701.522 300 90
0 384.8 701.85 300 90
0 384.8 702.083 300 90
0 384.8 702.322 300 90
0 384.8 702.587 300 90
0 384.8 702.829 300 90
0 384.8 703.005 300 90
0 384.8 703.194 300 90
0 384.8 703.567 300 90
0 384.8 703.852 300 90
0 384.8 704.12 300 90
0 384.8 704.467 300 90
0 384.8 704.64 300 90
0 384.8 704.876 300 90
0 384.8 705.215 300 90
0 384.8 705.452 300 90
0 384.8 705.699 300 90
0 384.8 705.973 300 90
0 384.8 706.269 300 90
0 384.8 706.542 300 90
0 384.8 706.843 300 90
0 384.8 707.011 300 90
0 384.8 707.238 300 90
0 384.8 707.459 300 90
0 384.8 707.849 300 90
0 384.8 708.139 300 90
0 384.8 708.586 300 90
0 384.8 709.005 300 90
0 384.8 709.347 300 90
0 384.8 709.668 300 90
0 384.8 709.979 300 90
0 384.8 710.236 300 90
0 384.8 710.592 300 90
0 384.8 710.891 300 90
0 384.8 711.277 300 90
0 384.8 711.64 300 90
0 384.8 711.911 300 90
0 384.8 712.184 300 90
0 384.8 712.46 300 90
0 384.8 712.772 300 90
0 384.8 713.009 300 90
0 384.8 713.268 300 90
0 384.8 713.626 300 90
0 384.8 713.974 300 90
0 384.8 714.347 300 90
0 384.8 714.711 300 90
0 384.8 715.013 300 90
0 384.8 715.558 300 90
0 384.8 715.837 300 90
0 384.8 716.115 300 90
0 384.8 716.409 300 90
0 384.8 716.729 300 90
0 384.8 717.031 300 90
0 384.8 717.409 300 90
0 384.8 717.616 300 90
0 384.8 717.966 300 90
0 384.8 718.179 300 90
0 384.8 718.482 300 90
0 384.8 718.752 300 90
0 384.8 719.038 300 90
0 384.8 719.322 300 90
0 384.8 719.805 300 90
0 384.8 720.071 300 90
0 384.8 720.284 300 90
0 384.8 720.708 300 90
0 384.8 720.991 300 90
0 384.8 721.218 300 90
0 384.8 721.536 300 90
0 384.8 721.925 300 90
0 384.8 722.233 300 90
0 384.8 722.424 300 90
0 384.8 722.764 300 90
0 384.8 723.026 300 90
0 384.8 723.308 300 90
0 384.8 723.575 300 90
0 384.8 723.788 300 90
0 384.8 724.229 300 90
0 384.8 724.445 300 90
0 384.8 724.649 300 90
0 384.8 725.057 300 90
0 384.8 725.354 300 90
0 384.8 725.771 300 90
0 384.8 726.029 300 90
0 384.8 726.343 300 90
0 384.8 726.633 300 90
0 384.8 726.909 300 90
0 384.8 727.118 300 90
0 384.8 727.322 300 90
0 384.8 727.54 300 90
0 384.8 727.939 300 90
0 384.8 728.255 300 90
0 384.8 728.643 300 90
0 384.8 728.893 300 90
0 384.8 729.277 300 90
0 384.8 729.682 300 90
0 384.8 730.11 300 90
0 384.8 730.396 300 90
0 384.8 730.787 300 90
0 384.8 731.096 300 90
0 384.8 731.358 300 90
0 384.8 731.591 300 90
0 384.8 731.861 300 90
0 384.8 732.116 300 90
0 384.8 732.305 300 90
0 384.8 732.683 300 90
0 384.8 732.897 300 90
0 384.8 733.038 300 90
0 384.8 733.256 300 90
0 384.8 733.597 300 90
0 384.8 733.956 300 90
0 384.8 734.25 300 90
0 384.8 734.571 300 90
0 384.8 734.853 300 90
0 384.8 735.06 300 90
0 384.8 735.26 300 90
0 384.8 735.457 300 90
0 384.8 735.791 300 90
0 384.8 736.027 300 90
0 384.8 736.214 300 90
0 384.8 736.464 300 90
0 384.8 736.769 300 90
0 384.8 736.947 300 90
0 384.8 737.112 300 90
0 384.8 737.455 300 90
0 384.8 737.743 300 90
0 384.8 737.961 300 90
0 384.8 738.216 300 90
0 384.8 738.565 300 90
0 384.8 738.813 300 90
0 384.8 739.21 300 90
0 384.8 739.368 300 90
0 384.8 739.657 300 90
0 384.8 739.899 300 90
0 384.8 740.154 300 90
0 384.8 740.456 300 90
0 384.8 740.65 300 90
0 384.8 740.795 300 90
0 384.8 741.005 300 90
0 384.8 741.177 300 90
0 384.8 741.374 300 90
0 384.8 741.541 300 90
0 384.8 741.714 300 90
0 384.8 741.973 300 90
0 384.8 742.227 300 90
0 384.8 742.446 300 90
0 384.8 742.578 300 90
0 384.8 742.771 300 90
0 384.8 743.04 300 90
0 384.8 743.321 300 90
0 384.8 743.51 300 90
0 384.8 743.721 300 90
0 384.8 743.96 300 90
0 384.8 744.241 300 90
0 384.8 744.49 300 90
0 384.8 744.707 300 90
0 384.8 744.909 300 90
0 384.8 745.277 300 90
0 384.8 745.473 300 90
0 384.8 745.62 300 90
0 384.8 745.841 300 90
0 384.8 745.993 300 90
0 384.8 746.189 300 90
0 384.8 746.431 300 90
0 384.8 746.526 300 90
0 384.8 746.781 300 90
0 384.8 747.028 300 90
0 384.8 747.219 300 90
0 384.8 747.416 300 90
0 384.8 747.619 300 90
0 384.8 747.902 300 90
0 384.8 748.125 300 90
0 384.8 748.374 300 90
0 384.8 748.595 300 90
0 384.8 748.749 300 90
0 384.8 748.983 300 90
0 384.8 749.218 300 90
0 384.8 749.455 300 90
0 384.8 749.727 300 90
0 384.8 749.93 300 90
0 384.8 750.176 300 90
0 384.8 750.394 300 90
0 384.8 750.641 300 90
0 384.8 750.808 300 90
0 384.8 751.048 300 90
0 384.8 751.286 300 90
0 384.8 751.486 300 90
0 384.8 751.773 300 90
0 384.8 751.988 300 90
0 384.8 752.222 300 90
0 384.8 752.455 300 90
0 384.8 752.793 300 90
0 384.8 752.942 300 90
0 384.8 753.147 300 90
0 384.8 753.332 300 90
0 384.8 753.537 300 90
0 384.8 753.7 300 90
0 384.8 753.859 300 90
0 384.8 754.067 300 90
0 384.8 754.285 300 90
0 384.8 754.45 300 90
0 384.8 754.69 300 90
0 384.8 754.847 300 90
0 384.8 755.055 300 90
0 384.8 755.299 300 90
0 384.8 755.487 300 90
0 384.8 755.736 300 90
0 384.8 755.888 300 90
0 384.8 756.146 300 90
0 384.8 756.363 300 90
0 384.8 756.601 300 90
0 384.8 756.868 300 90
0 384.8 757.106 300 90
0 384.8 757.294 300 90
0 384.8 757.585 300 90
0 384.8 757.758 300 90
0 384.8 757.983 300 90
0 384.8 758.363 300 90
0 384.8 758.704 300 90
0 384.8 759.005 300 90
0 384.8 759.204 300 90
0 384.8 759.44 300 90
0 384.8 759.778 300 90
0 384.8 760.099 300 90
0 384.8 760.354 300 90
0 384.8 760.519 300 90
0 384.8 760.746 300 90
0 384.8 760.906 300 90
0 384.8 761.159 300 90
0 384.8 761.311 300 90
0 384.8 761.532 300 90
0 384.8 761.786 300 90
0 384.8 761.952 300 90
0 384.8 762.099 300 90
0 384.8 762.288 300 90
0 384.8 762.709 300 90
0 384.8 762.93 300 90
0 384.8 763.086 300 90
0 384.8 763.293 300 90
0 384.8 763.49 300 90
0 384.8 763.679 300 90
0 384.8 763.999 300 90
0 384.8 764.157 300 90
0 384.8 764.317 300 90
0 384.8 764.544 300 90
0 384.8 764.823 300 90
0 384.8 765.036 300 90
0 384.8 765.236 300 90
0 384.8 765.528 300 90
0 384.8 765.881 300 90
0 384.8 766.099 300 90
0 384.8 766.308 300 90
0 384.8 766.586 300 90
0 384.8 766.742 300 90
0 384.8 767.004 300 90
0 384.8 767.371 300 90
0 384.8 767.6 300 90
0 384.8 767.866 300 90
0 384.8 768.079 300 90
0 384.8 768.3 300 90
0 384.8 768.564 300 90
0 384.8 768.808 300 90
0 384.8 769.016 300 90
0 384.8 769.348 300 90
0 384.8 769.584 300 90
0 384.8 769.834 300 90
0 384.8 770.145 300 90
0 384.8 770.393 300 90
0 384.8 770.544 300 90
0 384.8 770.751 300 90
0 384.8 771.012 300 90
0 384.8 771.179 300 90
0 384.8 771.317 300 90
0 384.8 771.563 300 90
0 384.8 771.934 300 90
0 384.8 772.186 300 90
0 384.8 772.413 300 90
0 384.8 772.564 300 90
0 384.8 772.857 300 90
0 384.8 773.093 300 90
0 384.8 773.261 300 90
0 384.8 773.42 300 90
0 384.8 773.562 300 90
0 384.8 773.777 300 90
0 384.8 774.002 300 90
0 384.8 774.256 300 90
0 384.8 774.593 300 90
0 384.8 774.749 300 90
0 384.8 775.081 300 90
0 384.8 775.358 300 90
0 384.8 775.562 300 90
0 384.8 775.829 300 90
0 384.8 776.053 300 90
0 384.8 776.201 300 90
0 384.8 776.358 300 90
0 384.8 776.621 300 90
0 384.8 776.975 300 90
0 384.8 777.135 300 90
0 384.8 777.376 300 90
0 384.8 777.583 300 90
0 384.8 777.842 300 90
0 384.8 778.171 300 90
0 384.8 778.44 300 90
0 384.8 778.685 300 90
0 384.8 779.053 300 90
0 384.8 779.236 300 90
0 384.8 779.435 300 90
0 384.8 779.612 300 90
0 384.8 779.937 300 90
0 384.8 780.201 300 90
0 384.8 780.395 300 90
0 384.8 780.691 300 90
0 384.8 781.013 300 90
0 384.8 781.188 300 90
0 384.8 781.377 300 90
0 384.8 781.627 300 90
0 384.8 781.93 300 90
0 384.8 782.164 300 90
0 384.8 782.447 300 90
0 384.8 782.677 300 90
0 384.8 782.95 300 90
0 384.8 783.156 300 90
0 384.8 783.401 300 90
0 384.8 783.611 300 90
0 384.8 783.991 300 90
0 384.8 784.099 300 90
0 384.8 784.3 300 90
0 384.8 784.608 300 90
0 384.8 784.876 300 90
0 384.8 785.159 300 90
0 384.8 785.411 300 90
0 384.8 785.811 300 90
0 384.8 786.141 300 90
0 384.8 786.391 300 90
0 384.8 786.604 300 90
0 384.8 786.894 300 90
0 384.8 787.072 300 90
0 384.8 787.39 300 90
0 384.8 787.624 300 90
0 384.8 787.887 300 90
0 384.8 788.219 300 90
0 384.8 788.481 300 90
0 384.8 788.702 300 90
0 384.8 788.977 300 90
0 384.8 789.311 300 90
0 384.8 789.523 300 90
0 384.8 789.734 300 90
0 384.8 789.924 300 90
0 384.8 790.125 300 90
0 384.8 790.323 300 90
0 384.8 790.561 300 90
0 384.8 790.823 300 90
0 384.8 791.083 300 90
0 384.8 791.239 300 90
0 384.8 791.449 300 90
0 384.8 791.646 300 90
0 384.8 792.064 300 90
0 384.8 792.229 300 90
0 384.8 792.521 300 90
0 384.8 792.701 300 90
0 384.8 792.946 300 90
0 384.8 793.197 300 90
0 384.8 793.413 300 90
0 384.8 793.619 300 90
0 384.8 793.792 300 90
0 384.8 793.922 300 90
0 384.8 794.131 300 90
0 384.8 794.409 300 90
0 384.8 794.601 300 90
0 384.8 794.763 300 90
0 384.8 794.972 300 90
0 384.8 795.226 300 90
0 384.8 795.433 300 90
0 384.8 795.587 300 90
0 384.8 795.793 300 90
0 384.8 796.03 300 90
0 384.8 796.177 300 90
0 384.8 796.368 300 90
0 384.8 796.589 300 90
0 384.8 796.865 300 90
0 384.8 797.063 300 90
0 384.8 797.273 300 90
0 384.8 797.571 300 90
0 384.8 797.776 300 90
0 384.8 797.988 300 90
0 384.8 798.265 300 90
0 384.8 798.481 300 90
0 384.8 798.651 300 90
0 384.8 798.855 300 90
0 384.8 798.997 300 90
0 384.8 799.136 300 90
0 384.8 799.275 300 90
0 384.8 799.471 300 90
0 384.8 799.638 300 90
0 384.8 799.787 300 90
0 384.8 799.881 300 90
0 384.8 800.005 300 90
