0.014479 767.600000 767.600000
1.016125 418.400000 418.400000
2.017467 418.400000 515.600000
3.017867 401.600000 412.800000
4.017961 401.600000 491.200000
5.017980 401.600000 524.800000
6.018659 401.600000 448.400000
7.019508 401.600000 521.200000
8.020721 401.600000 418.400000
9.020828 401.600000 594.000000
10.021979 401.600000 474.400000
11.022161 401.600000 605.200000
12.022275 401.600000 459.600000
13.023520 401.600000 549.200000
14.023822 401.600000 504.400000
15.024058 401.600000 468.800000
16.025074 401.600000 454.000000
17.026248 401.600000 767.600000
18.026250 401.600000 560.400000
19.026316 401.600000 513.600000
20.026381 401.600000 582.800000
21.026625 401.600000 403.600000
22.027087 401.600000 426.000000
23.027188 401.600000 532.400000
24.027690 401.600000 426.000000
25.029547 401.600000 498.800000
26.030044 401.600000 426.000000
27.034509 401.600000 463.200000
28.034731 401.600000 435.200000
29.035302 401.600000 498.800000
30.035898 401.600000 424.000000
31.035922 401.600000 412.800000
32.036166 401.600000 480.000000
33.042289 401.600000 577.200000
34.042441 401.600000 446.400000
35.043628 401.600000 485.600000
36.044255 401.600000 435.200000
37.044563 401.600000 661.200000
38.049380 401.600000 762.000000
39.050024 401.600000 638.800000
40.051008 401.600000 459.600000
41.051225 401.600000 482.000000
42.051728 401.600000 440.800000
43.052478 401.600000 773.200000
44.052981 401.600000 435.200000
45.053102 401.600000 504.400000
46.054019 401.600000 452.000000
47.054219 401.600000 412.800000
48.058005 401.600000 773.200000
49.058154 401.600000 510.000000
50.058715 401.600000 552.800000
51.058818 401.600000 437.200000
52.059279 401.600000 543.600000
53.059414 401.600000 452.000000
54.059476 401.600000 412.800000
55.060034 401.600000 407.200000
56.060421 401.600000 412.800000
57.060645 401.600000 468.800000
58.061737 401.600000 470.800000
59.062299 401.600000 476.400000
60.062739 396.000000 435.200000
61.062883 396.000000 482.000000
62.063338 396.000000 549.200000
63.063416 396.000000 412.800000
64.063925 396.000000 446.400000
65.063929 396.000000 476.400000
66.064181 396.000000 454.000000
67.064404 396.000000 480.000000
68.064873 396.000000 571.600000
69.064946 396.000000 412.800000
70.065069 396.000000 554.800000
71.066000 396.000000 418.400000
72.068727 396.000000 491.200000
73.068864 396.000000 515.600000
74.069220 396.000000 515.600000
75.069289 396.000000 412.800000
76.070427 396.000000 605.200000
77.070746 396.000000 543.600000
78.074791 396.000000 510.000000
79.075267 396.000000 446.400000
80.075577 396.000000 543.600000
81.075718 396.000000 468.800000
82.076116 396.000000 429.600000
83.079094 396.000000 454.000000
84.079240 396.000000 560.400000
85.079721 396.000000 666.800000
86.079768 396.000000 571.600000
87.080220 396.000000 493.200000
88.081782 396.000000 498.800000
89.081883 396.000000 459.600000
90.082135 396.000000 496.800000
91.082439 396.000000 429.600000
92.082798 396.000000 474.400000
93.083287 396.000000 401.600000
94.083362 396.000000 543.600000
95.084303 396.000000 482.000000
96.084506 396.000000 487.600000
97.084692 396.000000 474.400000
98.085845 396.000000 496.800000
99.086282 396.000000 485.600000
100.086736 396.000000 513.600000
101.087654 396.000000 521.200000
102.088085 396.000000 418.400000
103.088299 396.000000 513.600000
104.088879 396.000000 504.400000
105.089135 396.000000 452.000000
106.089184 396.000000 457.600000
107.089739 396.000000 655.600000
108.090250 396.000000 412.800000
109.090736 396.000000 465.200000
110.091410 396.000000 493.200000
111.091988 396.000000 493.200000
112.092257 396.000000 560.400000
113.093111 396.000000 431.600000
114.093999 396.000000 739.600000
115.094968 396.000000 465.200000
116.096791 396.000000 521.200000
117.097221 396.000000 429.600000
118.097229 396.000000 519.200000
119.098231 396.000000 582.800000
120.099745 396.000000 532.400000
121.099862 396.000000 498.800000
122.100339 396.000000 468.800000
123.100630 396.000000 424.000000
124.101597 396.000000 666.800000
125.101818 396.000000 498.800000
126.102338 396.000000 437.200000
127.102440 396.000000 474.400000
128.102624 396.000000 508.000000
129.102635 396.000000 496.800000
130.110173 396.000000 767.600000
131.110338 396.000000 474.400000
132.110564 396.000000 465.200000
133.110972 396.000000 552.800000
134.111338 396.000000 476.400000
135.112620 396.000000 442.800000
136.113368 396.000000 502.400000
137.113429 396.000000 448.400000
138.113978 396.000000 536.000000
139.114184 396.000000 622.000000
140.114948 396.000000 599.600000
141.116183 396.000000 426.000000
142.116977 396.000000 510.000000
143.117180 396.000000 407.200000
144.119097 396.000000 504.400000
145.119254 396.000000 429.600000
146.119344 396.000000 487.600000
147.119475 396.000000 407.200000
148.119700 396.000000 429.600000
149.119775 396.000000 588.400000
150.120254 396.000000 470.800000
151.123539 396.000000 424.000000
152.124006 396.000000 412.800000
153.124433 396.000000 491.200000
154.124468 396.000000 778.800000
155.124670 396.000000 627.600000
156.124893 396.000000 409.200000
157.125449 396.000000 418.400000
158.125599 396.000000 470.800000
159.125691 396.000000 412.800000
160.125938 396.000000 513.600000
161.127988 396.000000 661.200000
162.128170 396.000000 476.400000
163.129595 396.000000 407.200000
164.129759 396.000000 564.000000
165.130689 396.000000 536.000000
166.131159 396.000000 496.800000
167.131989 396.000000 750.800000
168.134528 396.000000 491.200000
169.134938 396.000000 482.000000
170.135093 396.000000 491.200000
171.135145 396.000000 491.200000
172.137584 396.000000 767.600000
173.138239 396.000000 463.200000
174.138378 396.000000 524.800000
175.138496 396.000000 424.000000
176.138702 396.000000 429.600000
177.139791 396.000000 579.200000
178.139853 396.000000 504.400000
179.139856 396.000000 412.800000
180.140484 396.000000 435.200000
181.140876 396.000000 435.200000
182.141162 396.000000 470.800000
183.144463 396.000000 412.800000
184.144901 396.000000 491.200000
185.145329 396.000000 510.000000
186.145847 396.000000 498.800000
187.146337 396.000000 493.200000
188.146430 396.000000 485.600000
189.146879 396.000000 496.800000
190.148510 396.000000 650.000000
191.149471 396.000000 504.400000
192.150158 396.000000 508.000000
193.150261 396.000000 480.000000
194.150503 396.000000 549.200000
195.150607 396.000000 532.400000
196.151670 396.000000 498.800000
197.152039 396.000000 431.600000
198.152433 396.000000 412.800000
199.152596 396.000000 485.600000
200.152615 396.000000 582.800000
201.153172 396.000000 577.200000
202.154781 396.000000 431.600000
203.154864 396.000000 582.800000
204.156193 396.000000 448.400000
205.156202 396.000000 502.400000
206.156597 396.000000 521.200000
207.157634 396.000000 510.000000
208.159972 396.000000 470.800000
209.160100 396.000000 773.200000
210.160246 396.000000 435.200000
211.160721 396.000000 767.600000
212.160976 396.000000 463.200000
213.161295 396.000000 532.400000
214.162499 396.000000 504.400000
215.166662 396.000000 435.200000
216.170862 396.000000 773.200000
217.171346 396.000000 588.400000
218.172797 396.000000 515.600000
219.172830 396.000000 515.600000
220.172995 396.000000 491.200000
221.173160 396.000000 412.800000
222.173389 396.000000 470.800000
223.173786 396.000000 474.400000
224.177089 396.000000 773.200000
225.178273 396.000000 510.000000
226.178498 396.000000 496.800000
227.178592 396.000000 429.600000
228.178943 396.000000 448.400000
229.179505 396.000000 767.600000
230.179788 396.000000 409.200000
231.180459 396.000000 487.600000
232.180851 396.000000 435.200000
233.180929 396.000000 452.000000
234.183273 396.000000 543.600000
235.183679 396.000000 480.000000
236.183861 396.000000 616.400000
237.185058 396.000000 426.000000
238.185155 396.000000 468.800000
239.185537 396.000000 480.000000
240.185760 396.000000 418.400000
241.186079 396.000000 739.600000
242.187325 396.000000 666.800000
243.187575 396.000000 454.000000
244.187835 396.000000 418.400000
245.189225 396.000000 412.800000
246.189336 396.000000 412.800000
247.189353 396.000000 491.200000
248.192303 396.000000 420.400000
249.193047 396.000000 396.000000
250.194364 390.400000 465.200000
251.194713 390.400000 502.400000
252.194810 390.400000 412.800000
253.194883 390.400000 498.800000
254.195384 390.400000 457.600000
255.195929 390.400000 442.800000
256.196146 390.400000 412.800000
257.197548 390.400000 485.600000
258.197687 390.400000 424.000000
259.197843 390.400000 485.600000
260.198285 390.400000 459.600000
261.198401 390.400000 549.200000
262.198437 390.400000 496.800000
263.198699 390.400000 521.200000
264.198964 390.400000 470.800000
265.199116 390.400000 588.400000
266.199155 390.400000 599.600000
267.200286 390.400000 454.000000
268.200438 390.400000 487.600000
269.200484 390.400000 485.600000
270.201496 390.400000 487.600000
271.201780 390.400000 480.000000
272.202241 390.400000 482.000000
273.203443 390.400000 773.200000
274.203568 390.400000 470.800000
275.204078 390.400000 418.400000
276.204347 390.400000 424.000000
277.205298 390.400000 487.600000
278.205598 390.400000 491.200000
279.205884 390.400000 480.000000
280.205998 390.400000 558.400000
281.206355 390.400000 510.000000
282.208497 390.400000 650.000000
283.208778 390.400000 412.800000
284.209050 390.400000 541.600000
285.209344 390.400000 437.200000
286.214035 390.400000 762.000000
287.214562 390.400000 650.000000
288.214858 390.400000 493.200000
289.215073 390.400000 412.800000
290.215560 390.400000 463.200000
291.215725 390.400000 418.400000
292.215845 390.400000 487.600000
293.216144 390.400000 508.000000
294.216493 390.400000 407.200000
295.216944 390.400000 442.800000
296.217913 390.400000 502.400000
297.218567 390.400000 487.600000
298.218658 390.400000 412.800000
299.218903 390.400000 429.600000
300.219723 390.400000 431.600000
301.219930 390.400000 476.400000
302.221471 390.400000 549.200000
303.221478 390.400000 532.400000
304.221509 390.400000 543.600000
305.222826 390.400000 412.800000
306.223002 390.400000 409.200000
307.223678 390.400000 560.400000
308.224302 390.400000 571.600000
309.224691 390.400000 468.800000
310.225541 390.400000 541.600000
311.225986 390.400000 549.200000
312.227245 390.400000 515.600000
313.227441 390.400000 418.400000
314.231146 390.400000 424.000000
315.231328 390.400000 429.600000
316.236151 390.400000 773.200000
317.236281 390.400000 510.000000
318.236668 390.400000 409.200000
319.240969 390.400000 767.600000
320.241209 390.400000 493.200000
321.242463 390.400000 463.200000
322.244078 390.400000 502.400000
323.244271 390.400000 485.600000
324.245595 390.400000 412.800000
325.246099 390.400000 496.800000
326.246795 390.400000 491.200000
327.247037 390.400000 515.600000
328.248758 390.400000 560.400000
329.249011 390.400000 442.800000
330.249637 390.400000 519.200000
331.250644 390.400000 418.400000
332.251607 390.400000 431.600000
333.252426 390.400000 412.800000
334.252577 390.400000 440.800000
335.255310 390.400000 491.200000
336.255406 390.400000 407.200000
337.255633 390.400000 452.000000
338.256809 390.400000 560.400000
339.257069 390.400000 521.200000
340.257512 390.400000 571.600000
341.264417 390.400000 773.200000
342.264690 390.400000 666.800000
343.264798 390.400000 468.800000
344.265023 390.400000 577.200000
345.265968 390.400000 493.200000
346.266242 390.400000 448.400000
347.266337 390.400000 491.200000
348.266524 390.400000 476.400000
349.269446 390.400000 435.200000
350.269606 390.400000 502.400000
351.269707 390.400000 633.200000
352.270575 390.400000 412.800000
353.272273 390.400000 435.200000
354.272389 390.400000 532.400000
355.276226 390.400000 773.200000
356.277327 390.400000 401.600000
357.277494 390.400000 426.000000
358.277592 390.400000 508.000000
359.277624 390.400000 429.600000
360.278958 390.400000 672.400000
361.279902 390.400000 515.600000
362.284616 390.400000 767.600000
363.284969 390.400000 468.800000
364.288002 390.400000 526.800000
365.288593 390.400000 452.000000
366.288958 390.400000 474.400000
367.289929 390.400000 429.600000
368.290098 390.400000 549.200000
369.290468 390.400000 480.000000
370.290537 390.400000 452.000000
371.290774 390.400000 442.800000
372.290852 390.400000 470.800000
373.291125 390.400000 457.600000
374.291172 390.400000 442.800000
375.291302 390.400000 412.800000
376.291886 390.400000 429.600000
377.292426 390.400000 538.000000
378.295074 390.400000 661.200000
379.295428 390.400000 454.000000
380.295842 390.400000 482.000000
381.295851 390.400000 435.200000
382.296992 390.400000 431.600000
383.297499 390.400000 418.400000
384.298634 390.400000 442.800000
385.298739 390.400000 465.200000
386.299331 390.400000 468.800000
387.300039 390.400000 474.400000
388.300904 390.400000 414.800000
389.301544 390.400000 491.200000
390.305078 390.400000 577.200000
391.306232 390.400000 465.200000
392.306378 390.400000 407.200000
393.306601 390.400000 487.600000
394.307043 390.400000 577.200000
395.307630 390.400000 414.800000
396.308263 390.400000 412.800000
397.308539 390.400000 470.800000
398.309047 390.400000 538.000000
399.309304 390.400000 487.600000
400.309515 390.400000 429.600000
401.309970 390.400000 515.600000
402.310898 390.400000 582.800000
403.317549 390.400000 706.000000
404.318399 390.400000 599.600000
405.318516 390.400000 599.600000
406.318670 390.400000 491.200000
407.319029 390.400000 582.800000
408.319577 390.400000 508.000000
409.319915 390.400000 482.000000
410.319977 390.400000 429.600000
411.320706 390.400000 412.800000
412.325824 390.400000 666.800000
413.325976 390.400000 418.400000
414.326220 390.400000 493.200000
415.326412 390.400000 448.400000
416.327157 390.400000 463.200000
417.328001 390.400000 418.400000
418.330855 390.400000 463.200000
419.331043 390.400000 515.600000
420.331074 390.400000 448.400000
421.331483 390.400000 463.200000
422.332763 390.400000 468.800000
423.332884 390.400000 538.000000
424.333353 390.400000 650.000000
425.335013 390.400000 480.000000
426.337955 390.400000 440.800000
427.338502 390.400000 424.000000
428.339511 390.400000 435.200000
429.340395 390.400000 554.800000
430.340747 390.400000 538.000000
431.340843 390.400000 418.400000
432.343002 390.400000 661.200000
433.343587 390.400000 426.000000
434.343619 390.400000 407.200000
435.343927 390.400000 510.000000
436.345363 390.400000 655.600000
437.345653 390.400000 412.800000
438.346906 390.400000 429.600000
439.347045 390.400000 480.000000
440.349054 390.400000 554.800000
441.351056 390.400000 745.200000
442.351646 390.400000 448.400000
443.352458 390.400000 526.800000
444.352631 390.400000 407.200000
445.354904 390.400000 459.600000
446.355284 390.400000 577.200000
447.355562 390.400000 412.800000
448.356012 390.400000 446.400000
449.356414 390.400000 459.600000
450.356432 390.400000 515.600000
451.356626 390.400000 605.200000
452.356880 390.400000 498.800000
453.357091 390.400000 412.800000
454.357121 390.400000 440.800000
455.357657 390.400000 767.600000
456.361521 390.400000 767.600000
457.363496 390.400000 431.600000
458.363922 390.400000 526.800000
459.364043 390.400000 502.400000
460.364334 390.400000 418.400000
461.364493 390.400000 773.200000
462.365587 390.400000 418.400000
463.366048 390.400000 418.400000
464.366302 390.400000 429.600000
465.366760 390.400000 594.000000
466.367088 390.400000 474.400000
467.367800 390.400000 616.400000
468.367934 390.400000 414.800000
469.368301 390.400000 407.200000
470.368343 390.400000 519.200000
471.372443 390.400000 538.000000
472.372739 390.400000 498.800000
473.373128 390.400000 482.000000
474.374104 390.400000 452.000000
475.374151 390.400000 480.000000
476.376773 384.800000 739.600000
477.376996 384.800000 446.400000
478.377285 384.800000 446.400000
479.377993 384.800000 773.200000
480.380863 384.800000 465.200000
481.383209 384.800000 762.000000
482.383386 384.800000 538.000000
483.383672 384.800000 412.800000
484.390381 384.800000 773.200000
485.392634 384.800000 666.800000
486.393059 384.800000 586.400000
487.393065 384.800000 468.800000
488.393967 384.800000 465.200000
489.395004 384.800000 485.600000
490.395040 384.800000 468.800000
491.395172 384.800000 521.200000
492.395654 384.800000 435.200000
493.396672 384.800000 650.000000
494.396689 384.800000 412.800000
495.396778 384.800000 418.400000
496.397644 384.800000 454.000000
497.400192 384.800000 566.000000
498.400403 384.800000 502.400000
499.400429 384.800000 474.400000
500.401090 384.800000 465.200000
501.402644 384.800000 487.600000
502.403255 384.800000 463.200000
503.403420 384.800000 515.600000
504.403421 384.800000 571.600000
505.404505 384.800000 454.000000
506.404862 384.800000 538.000000
507.404863 384.800000 672.400000
508.408705 384.800000 778.800000
509.409566 384.800000 560.400000
510.409701 384.800000 424.000000
511.410055 384.800000 521.200000
512.410418 384.800000 407.200000
513.410608 384.800000 532.400000
514.410674 384.800000 594.000000
515.411240 384.800000 502.400000
516.414027 384.800000 767.600000
517.416708 384.800000 440.800000
518.417294 384.800000 412.800000
519.418604 384.800000 448.400000
520.419407 384.800000 496.800000
521.420849 384.800000 457.600000
522.421561 384.800000 407.200000
523.421724 384.800000 442.800000
524.422076 384.800000 424.000000
525.422445 384.800000 480.000000
526.425047 384.800000 661.200000
527.425958 384.800000 429.600000
528.426125 384.800000 468.800000
529.426197 384.800000 401.600000
530.426650 384.800000 554.800000
531.427093 384.800000 560.400000
532.427332 384.800000 496.800000
533.427382 384.800000 459.600000
534.427769 384.800000 536.000000
535.427890 384.800000 532.400000
536.428230 384.800000 560.400000
537.428701 384.800000 412.800000
538.428704 384.800000 437.200000
539.428922 384.800000 571.600000
540.429295 384.800000 437.200000
541.430030 384.800000 627.600000
542.430758 384.800000 515.600000
543.432149 384.800000 655.600000
544.432868 384.800000 468.800000
545.433038 384.800000 424.000000
546.433059 384.800000 530.400000
547.433231 384.800000 448.400000
548.433811 384.800000 502.400000
549.434056 384.800000 496.800000
550.434298 384.800000 560.400000
551.434775 384.800000 470.800000
552.434944 384.800000 510.000000
553.435043 384.800000 498.800000
554.435399 384.800000 493.200000
555.435422 384.800000 487.600000
556.435683 384.800000 446.400000
557.435714 384.800000 543.600000
558.436122 384.800000 440.800000
559.436297 384.800000 582.800000
560.436632 384.800000 418.400000
561.437103 384.800000 498.800000
562.439099 384.800000 442.800000
563.440003 384.800000 510.000000
564.440443 384.800000 496.800000
565.442541 384.800000 435.200000
566.442596 384.800000 480.000000
567.443512 384.800000 468.800000
568.443721 384.800000 448.400000
569.443757 384.800000 476.400000
570.444013 384.800000 440.800000
571.444264 384.800000 452.000000
572.444763 384.800000 523.200000
573.445109 384.800000 465.200000
574.445312 384.800000 566.000000
575.445526 384.800000 599.600000
576.445648 384.800000 582.800000
577.445687 384.800000 426.000000
578.445969 384.800000 412.800000
579.446077 384.800000 407.200000
580.446221 384.800000 418.400000
581.448821 384.800000 560.400000
582.448960 384.800000 429.600000
583.449337 384.800000 440.800000
584.449480 384.800000 440.800000
585.449846 384.800000 448.400000
586.449904 384.800000 515.600000
587.450265 384.800000 454.000000
588.450480 384.800000 485.600000
589.451218 384.800000 412.800000
590.451280 384.800000 468.800000
591.451507 384.800000 491.200000
592.451819 384.800000 487.600000
593.452597 384.800000 762.000000
594.452681 384.800000 440.800000
595.452821 384.800000 452.000000
596.452880 384.800000 566.000000
597.453125 384.800000 521.200000
598.454407 384.800000 468.800000
599.454533 384.800000 519.200000
600.455313 384.800000 487.600000
601.463580 384.800000 666.800000
602.463852 384.800000 429.600000
603.464045 384.800000 571.600000
604.465163 384.800000 437.200000
605.465222 384.800000 412.800000
606.468032 384.800000 538.000000
607.468181 384.800000 655.600000
608.471187 384.800000 491.200000
609.472853 384.800000 672.400000
610.473385 384.800000 622.000000
611.473557 384.800000 446.400000
612.474043 384.800000 463.200000
613.474043 384.800000 435.200000
614.474364 384.800000 482.000000
615.475292 384.800000 487.600000
616.475884 384.800000 493.200000
617.476184 384.800000 543.600000
618.476746 384.800000 526.800000
619.476900 384.800000 440.800000
620.481242 384.800000 767.600000
621.481446 384.800000 554.800000
622.481456 384.800000 482.000000
623.483724 384.800000 508.000000
624.485032 384.800000 502.400000
625.485102 384.800000 745.200000
626.485106 384.800000 429.600000
627.486131 384.800000 538.000000
628.486197 384.800000 414.800000
629.486572 384.800000 493.200000
630.486581 384.800000 474.400000
631.486585 384.800000 459.600000
632.486816 384.800000 407.200000
633.489782 384.800000 440.800000
634.489907 384.800000 431.600000
635.490258 384.800000 672.400000
636.490668 384.800000 487.600000
637.491564 384.800000 549.200000
638.492547 384.800000 424.000000
639.492605 384.800000 532.400000
640.492783 384.800000 524.800000
641.493691 384.800000 418.400000
642.493892 384.800000 412.800000
643.494485 384.800000 558.400000
644.494724 384.800000 435.200000
645.495113 384.800000 440.800000
646.495481 384.800000 515.600000
647.496019 384.800000 480.000000
648.497079 384.800000 538.000000
649.497430 384.800000 487.600000
650.500206 384.800000 418.400000
651.500304 384.800000 412.800000
652.500834 384.800000 502.400000
653.500931 384.800000 412.800000
654.501129 384.800000 459.600000
655.501185 384.800000 474.400000
656.501917 384.800000 440.800000
657.502706 384.800000 457.600000
658.503475 384.800000 429.600000
659.504368 384.800000 762.000000
660.504925 384.800000 496.800000
661.505297 384.800000 655.600000
662.505304 384.800000 530.400000
663.505341 384.800000 605.200000
664.505566 384.800000 538.000000
665.505722 384.800000 429.600000
666.505947 384.800000 541.600000
667.506648 384.800000 543.600000
668.507276 384.800000 521.200000
669.507734 384.800000 412.800000
670.507760 384.800000 633.200000
671.508267 384.800000 519.200000
672.513265 384.800000 767.600000
673.513733 384.800000 526.800000
674.513864 384.800000 457.600000
675.514168 384.800000 577.200000
676.514260 384.800000 571.600000
677.515659 384.800000 773.200000
678.516081 384.800000 526.800000
679.516355 384.800000 442.800000
680.516777 384.800000 496.800000
681.516840 384.800000 412.800000
682.517153 384.800000 442.800000
683.517350 384.800000 424.000000
684.517577 384.800000 521.200000
685.520670 384.800000 508.000000
686.521049 384.800000 513.600000
687.521890 384.800000 538.000000
688.521935 384.800000 424.000000
689.525824 384.800000 773.200000
690.527048 384.800000 508.000000
691.527224 384.800000 666.800000
692.527255 384.800000 414.800000
693.527653 384.800000 480.000000
694.528046 384.800000 426.000000
695.529640 384.800000 496.800000
696.530698 384.800000 566.000000
697.532269 384.800000 496.800000
698.532575 384.800000 452.000000
699.533147 384.800000 420.400000
700.533581 384.800000 442.800000
701.533756 384.800000 496.800000
702.533769 384.800000 407.200000
703.534045 384.800000 543.600000
704.534991 384.800000 524.800000
705.536073 384.800000 773.200000
706.536274 384.800000 496.800000
707.536825 384.800000 403.600000
708.537472 384.800000 502.400000
709.538144 384.800000 470.800000
710.538406 384.800000 412.800000
711.538491 384.800000 414.800000
712.539136 384.800000 666.800000
713.542667 384.800000 773.200000
714.543321 384.800000 476.400000
715.543359 384.800000 424.000000
716.545630 384.800000 594.000000
717.545667 384.800000 457.600000
718.546169 384.800000 437.200000
719.546423 384.800000 524.800000
720.546707 384.800000 526.800000
721.547884 384.800000 513.600000
722.548139 384.800000 510.000000
723.548282 384.800000 468.800000
724.548828 384.800000 412.800000
725.549082 384.800000 756.400000
726.549792 384.800000 487.600000
727.550247 384.800000 412.800000
728.550587 384.800000 412.800000
729.550595 384.800000 424.000000
730.550862 384.800000 424.000000
731.551632 384.800000 538.000000
732.551828 384.800000 435.200000
733.552892 384.800000 412.800000
734.552894 384.800000 418.400000
735.554055 384.800000 519.200000
736.554868 384.800000 407.200000
737.555173 384.800000 554.800000
738.555710 384.800000 412.800000
739.555878 384.800000 424.000000
740.556282 384.800000 457.600000
741.558102 384.800000 524.800000
742.558327 384.800000 480.000000
743.558380 384.800000 414.800000
744.558393 384.800000 409.200000
745.559414 384.800000 429.600000
746.560105 384.800000 487.600000
747.560215 384.800000 504.400000
748.560500 384.800000 435.200000
749.560546 384.800000 502.400000
750.567305 384.800000 767.600000
751.568777 384.800000 440.800000
752.569080 384.800000 437.200000
753.570101 384.800000 566.000000
754.570203 384.800000 476.400000
755.570901 384.800000 493.200000
756.571430 384.800000 420.400000
757.571950 384.800000 424.000000
758.572090 384.800000 463.200000
759.572752 384.800000 474.400000
760.572922 384.800000 594.000000
761.573753 384.800000 558.400000
762.573803 384.800000 549.200000
763.573848 384.800000 577.200000
764.576712 384.800000 560.400000
765.582112 384.800000 773.200000
766.585303 384.800000 554.800000
767.585338 384.800000 457.600000
768.585764 384.800000 498.800000
769.585931 384.800000 407.200000
770.586257 384.800000 414.800000
771.586459 384.800000 594.000000
772.586960 384.800000 532.400000
773.587309 384.800000 424.000000
774.587333 384.800000 407.200000
775.587510 384.800000 482.000000
776.587549 384.800000 429.600000
777.587667 384.800000 577.200000
778.590083 384.800000 496.800000
779.590293 384.800000 407.200000
780.590552 384.800000 633.200000
781.591168 384.800000 412.800000
782.591286 384.800000 401.600000
783.591596 384.800000 463.200000
784.592050 384.800000 530.400000
785.594719 384.800000 661.200000
786.595068 384.800000 474.400000
787.595832 384.800000 734.000000
788.595933 384.800000 582.800000
789.596474 384.800000 424.000000
790.597366 384.800000 418.400000
791.599540 384.800000 745.200000
792.599597 384.800000 440.800000
793.599770 384.800000 437.200000
794.599954 384.800000 666.800000
795.600816 384.800000 532.400000
796.601188 384.800000 463.200000
797.601900 384.800000 480.000000
798.602166 384.800000 440.800000
799.602309 384.800000 452.000000
