0.014570 762.000000 762.000000
1.015624 414.800000 480.000000
2.016286 414.800000 491.200000
3.016485 414.800000 538.000000
4.016692 412.800000 414.800000
5.016933 412.800000 521.200000
6.017441 412.800000 448.400000
7.018266 412.800000 504.400000
8.018783 412.800000 446.400000
9.019312 412.800000 426.000000
10.019326 412.800000 496.800000
11.020198 412.800000 493.200000
12.021489 412.800000 491.200000
13.021581 412.800000 504.400000
14.021939 412.800000 468.800000
15.022176 412.800000 465.200000
16.023585 407.200000 571.600000
17.023912 407.200000 549.200000
18.024189 407.200000 571.600000
19.024321 407.200000 480.000000
20.025761 407.200000 778.800000
21.026624 407.200000 420.400000
22.027214 407.200000 655.600000
23.027771 407.200000 407.200000
24.028602 407.200000 435.200000
25.028628 407.200000 407.200000
26.028741 407.200000 538.000000
27.029136 407.200000 454.000000
28.030503 407.200000 582.800000
29.030583 407.200000 638.800000
30.031221 407.200000 547.200000
31.031304 407.200000 412.800000
32.032038 407.200000 448.400000
33.032073 407.200000 566.000000
34.032491 407.200000 446.400000
35.032846 407.200000 412.800000
36.033653 407.200000 594.000000
37.033682 407.200000 588.400000
38.033772 407.200000 418.400000
39.033976 407.200000 519.200000
40.034018 407.200000 485.600000
41.034147 407.200000 468.800000
42.034247 407.200000 524.800000
43.034524 407.200000 536.000000
44.034547 407.200000 700.400000
45.034749 407.200000 424.000000
46.035269 407.200000 407.200000
47.035335 407.200000 468.800000
48.035548 407.200000 457.600000
49.036070 407.200000 440.800000
50.036474 407.200000 474.400000
51.036549 407.200000 508.000000
52.036549 407.200000 407.200000
53.036803 396.000000 412.800000
54.039402 396.000000 502.400000
55.039621 396.000000 429.600000
56.039675 396.000000 454.000000
57.040012 396.000000 536.000000
58.040151 396.000000 513.600000
59.042692 396.000000 767.600000
60.042719 396.000000 526.800000
61.042894 396.000000 526.800000
62.044379 396.000000 547.200000
63.045064 396.000000 502.400000
64.045102 396.000000 412.800000
65.045222 396.000000 547.200000
66.046149 396.000000 418.400000
67.047826 396.000000 773.200000
68.048860 396.000000 571.600000
69.048961 396.000000 412.800000
70.049723 396.000000 463.200000
71.049968 396.000000 560.400000
72.049973 396.000000 560.400000
73.050589 396.000000 457.600000
74.050696 396.000000 515.600000
75.050768 396.000000 560.400000
76.051377 396.000000 426.000000
77.051602 396.000000 457.600000
78.051766 396.000000 424.000000
79.051887 396.000000 431.600000
80.052449 396.000000 526.800000
81.052575 396.000000 566.000000
82.052839 396.000000 470.800000
83.052872 396.000000 493.200000
84.053000 396.000000 566.000000
85.053500 396.000000 424.000000
86.053857 396.000000 424.000000
87.054313 396.000000 498.800000
88.054624 396.000000 407.200000
89.054691 396.000000 448.400000
90.055183 396.000000 412.800000
91.055294 396.000000 418.400000
92.055509 396.000000 463.200000
93.056030 396.000000 513.600000
94.056154 396.000000 448.400000
95.056550 396.000000 482.000000
96.056645 396.000000 480.000000
97.057049 396.000000 474.400000
98.057180 396.000000 485.600000
99.057594 396.000000 504.400000
100.057940 396.000000 580.800000
101.058140 396.000000 661.200000
102.058322 396.000000 465.200000
103.059614 396.000000 773.200000
104.059705 396.000000 485.600000
105.060188 396.000000 446.400000
106.060260 396.000000 482.000000
107.060714 396.000000 491.200000
108.060874 396.000000 424.000000
109.061357 396.000000 515.600000
110.061856 396.000000 482.000000
111.062053 396.000000 582.800000
112.062307 396.000000 521.200000
113.063015 396.000000 407.200000
114.063274 396.000000 452.000000
115.066470 396.000000 536.000000
116.066470 396.000000 452.000000
117.066626 396.000000 429.600000
118.067611 396.000000 448.400000
119.068024 396.000000 521.200000
120.068574 396.000000 588.400000
121.069306 396.000000 476.400000
122.069428 396.000000 457.600000
123.072707 396.000000 457.600000
124.072870 396.000000 519.200000
125.073115 396.000000 502.400000
126.079046 396.000000 762.000000
127.079368 396.000000 407.200000
128.079774 396.000000 442.800000
129.081853 396.000000 582.800000
130.082182 396.000000 435.200000
131.082444 396.000000 412.800000
132.084715 396.000000 627.600000
133.085090 396.000000 463.200000
134.085920 396.000000 496.800000
135.088105 396.000000 538.000000
136.088485 396.000000 429.600000
137.088506 396.000000 474.400000
138.089262 396.000000 577.200000
139.090037 396.000000 666.800000
140.090355 396.000000 440.800000
141.091019 396.000000 496.800000
142.091634 396.000000 543.600000
143.092050 396.000000 496.800000
144.092055 396.000000 463.200000
145.092341 396.000000 446.400000
146.093473 396.000000 442.800000
147.093707 396.000000 457.600000
148.094778 396.000000 424.000000
149.094891 396.000000 418.400000
150.095188 396.000000 465.200000
151.095380 396.000000 412.800000
152.096226 396.000000 465.200000
153.096802 396.000000 468.800000
154.096945 396.000000 474.400000
155.097082 396.000000 435.200000
156.100010 396.000000 491.200000
157.100153 396.000000 465.200000
158.100371 396.000000 773.200000
159.100480 396.000000 504.400000
160.100809 396.000000 549.200000
161.100872 396.000000 530.400000
162.100920 396.000000 515.600000
163.101355 396.000000 524.800000
164.101773 396.000000 452.000000
165.102254 396.000000 470.800000
166.102689 396.000000 610.800000
167.102935 396.000000 412.800000
168.102938 396.000000 414.800000
169.103363 396.000000 530.400000
170.103445 396.000000 610.800000
171.103923 396.000000 661.200000
172.106545 396.000000 767.600000
173.106593 396.000000 538.000000
174.106835 396.000000 412.800000
175.107808 396.000000 437.200000
176.108092 396.000000 420.400000
177.108342 396.000000 502.400000
178.108534 396.000000 431.600000
179.108869 396.000000 412.800000
180.109235 396.000000 424.000000
181.110003 396.000000 487.600000
182.110003 396.000000 446.400000
183.110187 396.000000 474.400000
184.110204 396.000000 549.200000
185.110517 396.000000 538.000000
186.110937 396.000000 457.600000
187.111086 396.000000 571.600000
188.111114 396.000000 519.200000
189.111483 396.000000 519.200000
190.112002 396.000000 532.400000
191.112419 396.000000 424.000000
192.112419 396.000000 582.800000
193.112854 396.000000 435.200000
194.116157 396.000000 739.600000
195.116579 396.000000 429.600000
196.116838 396.000000 543.600000
197.117682 396.000000 661.200000
198.118724 396.000000 554.800000
199.118839 396.000000 521.200000
200.120147 396.000000 571.600000
201.121244 396.000000 418.400000
202.122104 396.000000 554.800000
203.123343 396.000000 599.600000
204.123564 396.000000 429.600000
205.123656 396.000000 468.800000
206.123965 396.000000 485.600000
207.124367 396.000000 418.400000
208.124403 396.000000 549.200000
209.126294 396.000000 496.800000
210.126596 396.000000 571.600000
211.126691 396.000000 412.800000
212.127875 396.000000 446.400000
213.128381 396.000000 429.600000
214.128818 396.000000 515.600000
215.129136 396.000000 480.000000
216.130814 396.000000 773.200000
217.130860 396.000000 485.600000
218.131223 396.000000 554.800000
219.134760 396.000000 773.200000
220.134858 396.000000 459.600000
221.134940 396.000000 480.000000
222.135581 396.000000 424.000000
223.135741 396.000000 493.200000
224.136224 396.000000 498.800000
225.137179 396.000000 480.000000
226.137309 396.000000 543.600000
227.137486 396.000000 429.600000
228.137890 396.000000 541.600000
229.138881 396.000000 424.000000
230.139839 396.000000 482.000000
231.139841 396.000000 474.400000
232.139886 396.000000 605.200000
233.140012 396.000000 554.800000
234.140162 396.000000 463.200000
235.140295 396.000000 412.800000
236.140546 396.000000 496.800000
237.141227 396.000000 476.400000
238.141444 396.000000 412.800000
239.141520 396.000000 510.000000
240.141534 396.000000 605.200000
241.142090 396.000000 706.000000
242.143132 396.000000 463.200000
243.143599 396.000000 524.800000
244.143925 396.000000 409.200000
245.144054 396.000000 435.200000
246.144670 396.000000 418.400000
247.146256 396.000000 429.600000
248.146523 396.000000 515.600000
249.146770 396.000000 407.200000
250.147355 396.000000 515.600000
251.147565 396.000000 521.200000
252.148106 396.000000 468.800000
253.149015 396.000000 610.800000
254.149404 396.000000 508.000000
255.149434 396.000000 521.200000
256.149709 396.000000 575.200000
257.150082 396.000000 650.000000
258.150581 396.000000 655.600000
259.150942 396.000000 407.200000
260.151220 396.000000 429.600000
261.151328 396.000000 424.000000
262.154035 396.000000 429.600000
263.154385 396.000000 508.000000
264.154784 396.000000 412.800000
265.155002 396.000000 571.600000
266.155777 396.000000 431.600000
267.155778 396.000000 582.800000
268.157177 396.000000 407.200000
269.158257 396.000000 442.800000
270.158768 396.000000 448.400000
271.158892 396.000000 412.800000
272.159771 396.000000 504.400000
273.161009 396.000000 577.200000
274.161545 396.000000 480.000000
275.161885 396.000000 566.000000
276.164243 396.000000 773.200000
277.165739 396.000000 437.200000
278.166159 396.000000 513.600000
279.166558 396.000000 442.800000
280.168745 396.000000 487.600000
281.169113 396.000000 452.000000
282.169610 396.000000 661.200000
283.169771 396.000000 638.800000
284.169977 396.000000 446.400000
285.170159 396.000000 661.200000
286.170195 396.000000 616.400000
287.171435 396.000000 666.800000
288.171769 396.000000 496.800000
289.172347 396.000000 566.000000
290.172603 390.400000 459.600000
291.172944 390.400000 412.800000
292.173813 390.400000 457.600000
293.175179 390.400000 480.000000
294.176016 390.400000 532.400000
295.176134 390.400000 448.400000
296.176214 390.400000 767.600000
297.176297 390.400000 504.400000
298.178070 390.400000 655.600000
299.178111 390.400000 437.200000
300.178558 390.400000 549.200000
301.179544 390.400000 412.800000
302.179888 390.400000 442.800000
303.180080 390.400000 412.800000
304.180193 390.400000 482.000000
305.181029 390.400000 491.200000
306.181059 390.400000 536.000000
307.181321 390.400000 454.000000
308.182238 390.400000 513.600000
309.182718 390.400000 538.000000
310.183032 390.400000 493.200000
311.183780 390.400000 435.200000
312.183861 390.400000 412.800000
313.184169 390.400000 465.200000
314.184765 390.400000 519.200000
315.185077 390.400000 515.600000
316.185398 390.400000 610.800000
317.186379 390.400000 468.800000
318.187236 390.400000 538.000000
319.190319 390.400000 773.200000
320.190789 390.400000 549.200000
321.191096 390.400000 454.000000
322.191301 390.400000 480.000000
323.191442 390.400000 502.400000
324.192376 390.400000 513.600000
325.192849 390.400000 440.800000
326.193205 390.400000 442.800000
327.193593 390.400000 446.400000
328.193648 390.400000 491.200000
329.194388 390.400000 429.600000
330.195519 390.400000 407.200000
331.196886 390.400000 470.800000
332.197061 390.400000 491.200000
333.197093 390.400000 599.600000
334.197417 390.400000 435.200000
335.197797 390.400000 577.200000
336.197800 390.400000 468.800000
337.198099 390.400000 487.600000
338.200292 390.400000 446.400000
339.200601 390.400000 426.000000
340.200741 390.400000 468.800000
341.201079 390.400000 435.200000
342.201141 390.400000 429.600000
343.201845 390.400000 429.600000
344.207099 390.400000 778.800000
345.207972 390.400000 762.000000
346.208630 390.400000 429.600000
347.208873 390.400000 543.600000
348.211106 390.400000 414.800000
349.211313 390.400000 543.600000
350.211352 390.400000 390.400000
351.212161 390.400000 773.200000
352.212267 390.400000 504.400000
353.212419 390.400000 513.600000
354.213402 390.400000 474.400000
355.213812 390.400000 412.800000
356.214207 390.400000 463.200000
357.214272 390.400000 485.600000
358.217298 390.400000 532.400000
359.217759 390.400000 666.800000
360.218073 390.400000 504.400000
361.218216 390.400000 571.600000
362.218310 390.400000 426.000000
363.219095 390.400000 515.600000
364.219290 390.400000 502.400000
365.219474 390.400000 510.000000
366.219663 390.400000 414.800000
367.219738 390.400000 476.400000
368.219843 390.400000 418.400000
369.220029 390.400000 435.200000
370.220623 390.400000 429.600000
371.220703 390.400000 588.400000
372.221231 390.400000 424.000000
373.221316 390.400000 482.000000
374.221653 390.400000 435.200000
375.221869 390.400000 457.600000
376.223612 390.400000 547.200000
377.223677 390.400000 532.400000
378.225862 390.400000 762.000000
379.226000 390.400000 409.200000
380.226407 390.400000 435.200000
381.226427 390.400000 418.400000
382.227655 390.400000 773.200000
383.233937 390.400000 778.800000
384.234114 390.400000 435.200000
385.234367 390.400000 401.600000
386.235260 390.400000 493.200000
387.235768 390.400000 463.200000
388.236121 390.400000 457.600000
389.236877 390.400000 424.000000
390.237579 390.400000 418.400000
391.237862 390.400000 513.600000
392.238000 390.400000 454.000000
393.238080 390.400000 424.000000
394.238234 390.400000 485.600000
395.238934 390.400000 496.800000
396.244362 390.400000 778.800000
397.245013 390.400000 457.600000
398.245322 390.400000 448.400000
399.246017 390.400000 650.000000
400.246339 390.400000 459.600000
401.246906 390.400000 429.600000
402.247701 390.400000 515.600000
403.249534 390.400000 773.200000
404.249728 390.400000 577.200000
405.249898 390.400000 429.600000
406.250177 390.400000 412.800000
407.250572 390.400000 526.800000
408.250596 390.400000 412.800000
409.250749 390.400000 504.400000
410.250934 390.400000 440.800000
411.251083 390.400000 498.800000
412.252175 390.400000 491.200000
413.252358 390.400000 440.800000
414.252420 390.400000 424.000000
415.253435 390.400000 424.000000
416.254249 390.400000 487.600000
417.258345 390.400000 767.600000
418.258531 390.400000 446.400000
419.258573 390.400000 418.400000
420.259761 390.400000 465.200000
421.260715 390.400000 515.600000
422.260912 390.400000 480.000000
423.261072 390.400000 610.800000
424.261341 390.400000 526.800000
425.262919 390.400000 485.600000
426.263311 390.400000 431.600000
427.263734 390.400000 566.000000
428.263953 390.400000 448.400000
429.264291 390.400000 407.200000
430.264708 390.400000 564.000000
431.265686 390.400000 474.400000
432.265700 390.400000 418.400000
433.265715 390.400000 412.800000
434.273440 390.400000 778.800000
435.274081 390.400000 538.000000
436.274502 390.400000 459.600000
437.274917 390.400000 396.000000
438.275041 390.400000 457.600000
439.276083 390.400000 526.800000
440.276459 390.400000 566.000000
441.276949 390.400000 424.000000
442.277263 390.400000 502.400000
443.279945 390.400000 610.800000
444.280066 390.400000 476.400000
445.280099 390.400000 463.200000
446.280955 390.400000 627.600000
447.280959 390.400000 530.400000
448.283014 390.400000 496.800000
449.283186 390.400000 407.200000
450.283438 390.400000 418.400000
451.283514 390.400000 543.600000
452.285550 390.400000 773.200000
453.285777 390.400000 482.000000
454.285777 390.400000 482.000000
455.286001 390.400000 476.400000
456.292607 390.400000 773.200000
457.292821 390.400000 429.600000
458.292978 390.400000 463.200000
459.293133 390.400000 508.000000
460.294026 390.400000 487.600000
461.294186 390.400000 554.800000
462.294589 390.400000 429.600000
463.294925 390.400000 558.400000
464.294981 390.400000 437.200000
465.295404 390.400000 431.600000
466.295499 390.400000 418.400000
467.295520 390.400000 487.600000
468.298545 390.400000 435.200000
469.304009 390.400000 762.000000
470.306914 390.400000 418.400000
471.306948 390.400000 396.000000
472.307455 390.400000 661.200000
473.307740 390.400000 454.000000
474.308286 390.400000 762.000000
475.310479 390.400000 543.600000
476.310578 390.400000 412.800000
477.310763 390.400000 412.800000
478.310898 390.400000 431.600000
479.311268 390.400000 487.600000
480.311319 390.400000 588.400000
481.311373 390.400000 470.800000
482.312340 390.400000 778.800000
483.312757 390.400000 452.000000
484.313483 390.400000 661.200000
485.314198 390.400000 412.800000
486.314345 390.400000 407.200000
487.320963 390.400000 767.600000
488.321245 390.400000 435.200000
489.322455 390.400000 554.800000
490.322913 390.400000 498.800000
491.323406 390.400000 429.600000
492.323712 390.400000 429.600000
493.324899 390.400000 599.600000
494.325245 390.400000 476.400000
495.325529 390.400000 519.200000
496.326597 390.400000 465.200000
497.326886 390.400000 493.200000
498.327112 390.400000 485.600000
499.327523 390.400000 491.200000
500.327734 390.400000 476.400000
501.327992 390.400000 532.400000
502.328671 390.400000 515.600000
503.329847 390.400000 745.200000
504.330058 390.400000 532.400000
505.330274 390.400000 412.800000
506.331495 390.400000 650.000000
507.331536 390.400000 543.600000
508.332231 390.400000 418.400000
509.333115 390.400000 655.600000
510.333832 390.400000 440.800000
511.334348 390.400000 412.800000
512.335198 390.400000 491.200000
513.335558 390.400000 538.000000
514.336392 390.400000 650.000000
515.338299 390.400000 510.000000
516.338989 390.400000 532.400000
517.339016 390.400000 463.200000
518.339347 390.400000 655.600000
519.339531 390.400000 767.600000
520.339556 390.400000 530.400000
521.339736 390.400000 429.600000
522.341835 390.400000 566.000000
523.342032 390.400000 508.000000
524.342226 390.400000 459.600000
525.342227 390.400000 491.200000
526.342648 390.400000 549.200000
527.342878 390.400000 485.600000
528.342899 390.400000 442.800000
529.343204 390.400000 412.800000
530.349954 390.400000 762.000000
531.350733 390.400000 510.000000
532.351606 390.400000 519.200000
533.351687 390.400000 412.800000
534.353005 390.400000 474.400000
535.353152 390.400000 560.400000
536.353215 390.400000 571.600000
537.353538 390.400000 672.400000
538.354315 390.400000 644.400000
539.354345 390.400000 440.800000
540.355393 390.400000 491.200000
541.358176 390.400000 435.200000
542.358211 390.400000 526.800000
543.358742 390.400000 491.200000
544.358858 390.400000 429.600000
545.358915 390.400000 407.200000
546.359103 390.400000 577.200000
547.359134 390.400000 420.400000
548.359780 390.400000 515.600000
549.360440 390.400000 482.000000
550.360904 390.400000 437.200000
551.361393 390.400000 457.600000
552.361448 390.400000 588.400000
553.364408 390.400000 526.800000
554.364446 390.400000 440.800000
555.364659 390.400000 412.800000
556.364893 390.400000 508.000000
557.365119 390.400000 409.200000
558.365294 390.400000 468.800000
559.365458 390.400000 435.200000
560.365536 390.400000 465.200000
561.365816 390.400000 543.600000
562.366043 390.400000 412.800000
563.366418 390.400000 521.200000
564.369561 390.400000 491.200000
565.370570 390.400000 407.200000
566.370981 390.400000 773.200000
567.371053 390.400000 407.200000
568.371104 390.400000 508.000000
569.371477 390.400000 577.200000
570.371676 390.400000 480.000000
571.371772 390.400000 485.600000
572.371836 390.400000 480.000000
573.372966 390.400000 778.800000
574.373068 390.400000 418.400000
575.373290 390.400000 412.800000
576.374041 390.400000 454.000000
577.374171 390.400000 418.400000
578.374976 390.400000 513.600000
579.375585 390.400000 418.400000
580.375968 390.400000 616.400000
581.376746 390.400000 573.600000
582.377130 390.400000 498.800000
583.377405 390.400000 468.800000
584.377676 390.400000 424.000000
585.378236 390.400000 480.000000
586.378304 390.400000 510.000000
587.379981 390.400000 457.600000
588.380114 390.400000 566.000000
589.382537 390.400000 526.800000
590.383685 390.400000 435.200000
591.383861 390.400000 452.000000
592.384041 390.400000 627.600000
593.386396 390.400000 485.600000
594.386677 390.400000 429.600000
595.386966 390.400000 429.600000
596.388827 390.400000 526.800000
597.390112 390.400000 504.400000
598.390636 390.400000 470.800000
599.391018 390.400000 577.200000
600.391216 390.400000 474.400000
601.396445 390.400000 767.600000
602.397135 390.400000 448.400000
603.397531 390.400000 412.800000
604.397767 390.400000 504.400000
605.398582 390.400000 480.000000
606.399475 390.400000 496.800000
607.399756 390.400000 412.800000
608.399760 390.400000 412.800000
609.400955 390.400000 418.400000
610.401235 390.400000 418.400000
611.401913 390.400000 414.800000
612.401931 390.400000 485.600000
613.406599 390.400000 762.000000
614.407126 390.400000 485.600000
615.407521 390.400000 510.000000
616.407782 390.400000 435.200000
617.408293 390.400000 482.000000
618.408349 390.400000 510.000000
619.408589 390.400000 452.000000
620.412675 390.400000 773.200000
621.413064 390.400000 407.200000
622.415817 390.400000 762.000000
623.415987 390.400000 442.800000
624.416439 390.400000 510.000000
625.417078 390.400000 566.000000
626.417473 390.400000 521.200000
627.418599 390.400000 474.400000
628.419031 390.400000 519.200000
629.421490 390.400000 734.000000
630.421883 390.400000 459.600000
631.422005 390.400000 429.600000
632.422043 390.400000 571.600000
633.423787 390.400000 457.600000
634.423959 390.400000 526.800000
635.424049 390.400000 482.000000
636.424396 390.400000 519.200000
637.424841 390.400000 526.800000
638.425103 390.400000 465.200000
639.425784 390.400000 435.200000
640.426232 390.400000 457.600000
641.426500 390.400000 457.600000
642.426703 390.400000 767.600000
643.426862 390.400000 543.600000
644.426912 390.400000 655.600000
645.426983 390.400000 582.800000
646.427273 390.400000 491.200000
647.427815 390.400000 424.000000
648.428293 390.400000 566.000000
649.428682 390.400000 412.800000
650.429556 390.400000 459.600000
651.431280 390.400000 536.000000
652.432235 390.400000 426.000000
653.432307 390.400000 424.000000
654.432345 390.400000 412.800000
655.433149 390.400000 560.400000
656.433269 390.400000 672.400000
657.433508 390.400000 418.400000
658.434075 390.400000 577.200000
659.434560 390.400000 543.600000
660.434632 390.400000 476.400000
661.434782 390.400000 424.000000
662.435304 390.400000 454.000000
663.435937 390.400000 491.200000
664.437260 390.400000 767.600000
665.437711 390.400000 412.800000
666.438365 390.400000 521.200000
667.439573 390.400000 470.800000
668.439869 390.400000 431.600000
669.439901 390.400000 457.600000
670.440321 390.400000 424.000000
671.440507 390.400000 482.000000
672.441018 390.400000 487.600000
673.441189 390.400000 424.000000
674.442202 390.400000 588.400000
675.442560 390.400000 521.200000
676.442655 390.400000 571.600000
677.442697 390.400000 498.800000
678.442960 390.400000 412.800000
679.443557 390.400000 414.800000
680.443754 390.400000 521.200000
681.443792 390.400000 409.200000
682.444354 390.400000 457.600000
683.445471 390.400000 429.600000
684.445503 390.400000 510.000000
685.446095 390.400000 424.000000
686.446678 390.400000 468.800000
687.446937 390.400000 538.000000
688.447195 390.400000 465.200000
689.447460 390.400000 480.000000
690.447744 390.400000 666.800000
691.448927 390.400000 480.000000
692.449132 390.400000 429.600000
693.449673 390.400000 504.400000
694.453255 390.400000 655.600000
695.453255 390.400000 412.800000
696.454139 390.400000 407.200000
697.454822 390.400000 429.600000
698.456678 390.400000 474.400000
699.457727 390.400000 566.000000
700.458045 390.400000 526.800000
701.458303 390.400000 470.800000
702.458382 390.400000 571.600000
703.458714 390.400000 526.800000
704.459024 390.400000 474.400000
705.460060 390.400000 661.200000
706.460289 390.400000 426.000000
707.460664 390.400000 424.000000
708.462324 390.400000 582.800000
709.462739 390.400000 504.400000
710.462825 390.400000 487.600000
711.462831 390.400000 498.800000
712.462848 390.400000 429.600000
713.462879 390.400000 407.200000
714.463163 390.400000 554.800000
715.463256 390.400000 468.800000
716.463454 390.400000 429.600000
717.463624 390.400000 482.000000
718.463885 390.400000 396.000000
719.463906 390.400000 429.600000
720.464551 390.400000 773.200000
721.465632 390.400000 485.600000
722.465850 390.400000 463.200000
723.466461 390.400000 627.600000
724.466801 390.400000 429.600000
725.467219 390.400000 510.000000
726.467591 390.400000 429.600000
727.468094 390.400000 571.600000
728.468222 390.400000 476.400000
729.468390 390.400000 508.000000
730.468597 390.400000 524.800000
731.468834 390.400000 482.000000
732.469504 390.400000 459.600000
733.469611 390.400000 424.000000
734.470509 390.400000 431.600000
735.470767 390.400000 440.800000
736.471857 390.400000 582.800000
737.472227 390.400000 474.400000
738.472608 390.400000 519.200000
739.472790 390.400000 485.600000
740.474151 390.400000 672.400000
741.474343 390.400000 672.400000
742.474384 390.400000 485.600000
743.474806 390.400000 474.400000
744.475676 390.400000 496.800000
745.475708 390.400000 446.400000
746.475875 390.400000 407.200000
747.477075 390.400000 661.200000
748.477567 390.400000 452.000000
749.477766 390.400000 480.000000
750.478542 390.400000 435.200000
751.478649 390.400000 463.200000
752.479281 390.400000 429.600000
753.479403 390.400000 549.200000
754.479724 390.400000 412.800000
755.481069 390.400000 543.600000
756.481294 390.400000 543.600000
757.481410 390.400000 468.800000
758.481806 390.400000 465.200000
759.481972 390.400000 549.200000
760.482968 390.400000 661.200000
761.483234 390.400000 513.600000
762.483556 390.400000 605.200000
763.483718 390.400000 463.200000
764.483935 390.400000 588.400000
765.484070 390.400000 463.200000
766.484493 390.400000 452.000000
767.484568 390.400000 440.800000
768.485242 390.400000 437.200000
769.485545 390.400000 513.600000
770.485685 390.400000 429.600000
771.485709 390.400000 418.400000
772.485909 390.400000 457.600000
773.486180 390.400000 448.400000
774.486764 390.400000 457.600000
775.487399 390.400000 524.800000
776.487774 390.400000 524.800000
777.489387 390.400000 605.200000
778.489409 390.400000 442.800000
779.489518 390.400000 448.400000
780.489786 390.400000 571.600000
781.490244 390.400000 457.600000
782.490316 390.400000 429.600000
783.490844 390.400000 465.200000
784.490870 390.400000 476.400000
785.490949 390.400000 463.200000
786.491135 390.400000 513.600000
787.491312 390.400000 426.000000
788.491621 390.400000 454.000000
789.491977 390.400000 510.000000
790.493262 390.400000 767.600000
791.493314 390.400000 762.000000
792.493468 390.400000 672.400000
793.493546 390.400000 638.800000
794.494437 390.400000 474.400000
795.495630 390.400000 588.400000
796.496318 390.400000 502.400000
797.496379 390.400000 442.800000
798.496413 390.400000 418.400000
799.496581 390.400000 440.800000
