0.013414 773.200000 773.200000
1.013538 412.800000 429.600000
2.013745 407.200000 454.000000
3.014438 407.200000 502.400000
4.014965 407.200000 666.800000
5.015058 407.200000 474.400000
6.015156 407.200000 476.400000
7.016290 407.200000 515.600000
8.016797 407.200000 412.800000
9.017737 407.200000 448.400000
10.018381 407.200000 424.000000
11.019277 407.200000 491.200000
12.019701 407.200000 452.000000
13.020398 407.200000 412.800000
14.020929 407.200000 424.000000
15.022292 407.200000 465.200000
16.023023 407.200000 521.200000
17.023209 407.200000 454.000000
18.023428 407.200000 474.400000
19.025211 407.200000 549.200000
20.025607 407.200000 498.800000
21.025829 407.200000 418.400000
22.027692 407.200000 431.600000
23.028525 407.200000 424.000000
24.029171 407.200000 474.400000
25.029182 407.200000 437.200000
26.029348 407.200000 476.400000
27.030387 407.200000 491.200000
28.030510 407.200000 508.000000
29.031696 407.200000 491.200000
30.032416 407.200000 480.000000
31.032505 407.200000 672.400000
32.032801 407.200000 463.200000
33.032976 407.200000 407.200000
34.033183 407.200000 420.400000
35.033950 407.200000 510.000000
36.034197 401.600000 476.400000
37.034242 401.600000 538.000000
38.035050 401.600000 412.800000
39.037917 401.600000 661.200000
40.038131 401.600000 474.400000
41.038270 401.600000 463.200000
42.038519 401.600000 448.400000
43.038704 401.600000 429.600000
44.038715 401.600000 536.000000
45.042256 401.600000 566.000000
46.043135 401.600000 485.600000
47.043295 401.600000 582.800000
48.044489 401.600000 491.200000
49.045137 401.600000 543.600000
50.045476 401.600000 504.400000
51.045632 401.600000 463.200000
52.045649 401.600000 418.400000
53.045730 401.600000 435.200000
54.045897 401.600000 459.600000
55.046146 401.600000 496.800000
56.046609 401.600000 463.200000
57.046657 401.600000 496.800000
58.047332 401.600000 650.000000
59.047978 401.600000 457.600000
60.048045 401.600000 452.000000
61.048778 401.600000 588.400000
62.048782 401.600000 491.200000
63.049902 401.600000 482.000000
64.050164 401.600000 493.200000
65.050450 401.600000 407.200000
66.050639 401.600000 521.200000
67.051052 401.600000 407.200000
68.052372 401.600000 452.000000
69.053063 401.600000 459.600000
70.053262 401.600000 485.600000
71.053630 396.000000 582.800000
72.054278 396.000000 412.800000
73.054604 396.000000 526.800000
74.055030 396.000000 412.800000
75.056728 396.000000 594.000000
76.057002 396.000000 465.200000
77.058884 396.000000 644.400000
78.060689 396.000000 435.200000
79.060761 396.000000 487.600000
80.060907 396.000000 566.000000
81.062055 396.000000 412.800000
82.062679 396.000000 571.600000
83.062768 396.000000 418.400000
84.062813 396.000000 396.000000
85.063126 390.400000 468.800000
86.064043 390.400000 750.800000
87.064193 390.400000 498.800000
88.064227 390.400000 407.200000
89.065207 390.400000 571.600000
90.065692 390.400000 424.000000
91.066853 390.400000 543.600000
92.067349 390.400000 459.600000
93.068208 390.400000 502.400000
94.068996 390.400000 491.200000
95.069793 390.400000 474.400000
96.069964 390.400000 407.200000
97.070350 390.400000 485.600000
98.070802 390.400000 532.400000
99.071195 390.400000 440.800000
100.071710 390.400000 474.400000
101.071850 390.400000 457.600000
102.071894 390.400000 496.800000
103.071953 390.400000 442.800000
104.072721 390.400000 457.600000
105.072891 390.400000 480.000000
106.073103 390.400000 496.800000
107.073482 390.400000 418.400000
108.073896 390.400000 437.200000
109.074905 390.400000 510.000000
110.075535 390.400000 440.800000
111.076070 390.400000 554.800000
112.076497 390.400000 459.600000
113.076530 390.400000 418.400000
114.076553 390.400000 429.600000
115.076689 390.400000 508.000000
116.076921 390.400000 538.000000
117.077792 390.400000 543.600000
118.078314 390.400000 412.800000
119.078448 390.400000 407.200000
120.078993 390.400000 577.200000
121.079353 390.400000 424.000000
122.079725 390.400000 424.000000
123.080581 390.400000 504.400000
124.080998 390.400000 465.200000
125.081809 390.400000 468.800000
126.082026 390.400000 547.200000
127.083255 390.400000 519.200000
128.083565 390.400000 418.400000
129.083844 390.400000 448.400000
130.083995 390.400000 465.200000
131.084145 390.400000 446.400000
132.084574 390.400000 474.400000
133.084760 390.400000 468.800000
134.085338 390.400000 661.200000
135.085398 390.400000 510.000000
136.085777 390.400000 412.800000
137.086276 390.400000 429.600000
138.086399 390.400000 429.600000
139.086550 390.400000 465.200000
140.086954 390.400000 412.800000
141.086996 390.400000 582.800000
142.090320 390.400000 773.200000
143.090444 390.400000 446.400000
144.091232 390.400000 582.800000
145.091345 390.400000 412.800000
146.091366 390.400000 412.800000
147.091582 390.400000 526.800000
148.092196 390.400000 442.800000
149.093175 390.400000 498.800000
150.093295 390.400000 412.800000
151.093304 390.400000 429.600000
152.094350 390.400000 476.400000
153.094951 390.400000 440.800000
154.095110 390.400000 414.800000
155.095748 390.400000 521.200000
156.095797 390.400000 437.200000
157.096128 390.400000 476.400000
158.097167 390.400000 496.800000
159.098410 390.400000 487.600000
160.098445 390.400000 485.600000
161.099175 390.400000 412.800000
162.100447 390.400000 440.800000
163.101240 390.400000 778.800000
164.101564 390.400000 435.200000
165.102636 390.400000 474.400000
166.103999 390.400000 463.200000
167.104105 390.400000 452.000000
168.104845 390.400000 526.800000
169.105019 390.400000 549.200000
170.105487 390.400000 407.200000
171.105626 390.400000 532.400000
172.105808 390.400000 530.400000
173.106411 390.400000 504.400000
174.107496 390.400000 407.200000
175.109838 390.400000 424.000000
176.111199 390.400000 474.400000
177.111238 390.400000 412.800000
178.112117 390.400000 476.400000
179.112117 390.400000 412.800000
180.114576 390.400000 526.800000
181.114766 390.400000 521.200000
182.114832 390.400000 560.400000
183.122050 390.400000 767.600000
184.122381 390.400000 457.600000
185.122835 390.400000 424.000000
186.123003 390.400000 560.400000
187.123102 390.400000 496.800000
188.123302 390.400000 519.200000
189.124359 390.400000 474.400000
190.124810 390.400000 414.800000
191.124937 390.400000 412.800000
192.125219 390.400000 457.600000
193.125666 390.400000 571.600000
194.126859 390.400000 487.600000
195.128096 390.400000 480.000000
196.128463 390.400000 465.200000
197.129471 390.400000 496.800000
198.129695 390.400000 487.600000
199.129811 390.400000 566.000000
200.130024 390.400000 491.200000
201.130069 390.400000 457.600000
202.130344 390.400000 407.200000
203.130832 390.400000 429.600000
204.130871 390.400000 435.200000
205.130905 390.400000 582.800000
206.131308 390.400000 502.400000
207.131466 390.400000 424.000000
208.133012 390.400000 526.800000
209.133175 390.400000 468.800000
210.133437 390.400000 429.600000
211.135758 390.400000 482.000000
212.135937 390.400000 532.400000
213.136050 390.400000 767.600000
214.136241 390.400000 524.800000
215.136583 390.400000 496.800000
216.137062 390.400000 463.200000
217.138039 390.400000 496.800000
218.138602 390.400000 482.000000
219.138740 390.400000 513.600000
220.138781 390.400000 571.600000
221.139468 390.400000 440.800000
222.139879 390.400000 498.800000
223.140058 390.400000 463.200000
224.140498 390.400000 560.400000
225.141136 390.400000 532.400000
226.141401 390.400000 424.000000
227.141470 390.400000 463.200000
228.141514 390.400000 547.200000
229.144072 390.400000 487.600000
230.144354 390.400000 418.400000
231.145444 390.400000 526.800000
232.145555 390.400000 407.200000
233.145849 390.400000 480.000000
234.145888 390.400000 429.600000
235.147421 390.400000 474.400000
236.149967 390.400000 773.200000
237.150046 390.400000 480.000000
238.150473 390.400000 599.600000
239.150535 390.400000 582.800000
240.150619 390.400000 482.000000
241.151108 390.400000 491.200000
242.151203 390.400000 454.000000
243.153946 390.400000 487.600000
244.154101 390.400000 532.400000
245.154270 390.400000 496.800000
246.155947 390.400000 508.000000
247.156314 390.400000 407.200000
248.157572 390.400000 482.000000
249.158091 390.400000 491.200000
250.159080 390.400000 448.400000
251.160147 390.400000 468.800000
252.161066 390.400000 429.600000
253.162685 390.400000 504.400000
254.163234 390.400000 424.000000
255.163720 390.400000 480.000000
256.164256 390.400000 498.800000
257.164541 390.400000 468.800000
258.164613 390.400000 435.200000
259.172569 390.400000 773.200000
260.172959 390.400000 510.000000
261.174546 390.400000 504.400000
262.176517 390.400000 510.000000
263.177065 390.400000 418.400000
264.177869 390.400000 470.800000
265.178616 390.400000 426.000000
266.178834 390.400000 457.600000
267.179181 390.400000 407.200000
268.179464 390.400000 487.600000
269.179721 390.400000 446.400000
270.180073 390.400000 463.200000
271.180863 390.400000 452.000000
272.181319 390.400000 457.600000
273.181945 390.400000 437.200000
274.182224 390.400000 554.800000
275.182356 390.400000 599.600000
276.183327 390.400000 474.400000
277.185973 390.400000 491.200000
278.186991 390.400000 465.200000
279.187313 390.400000 644.400000
280.194699 390.400000 784.400000
281.195157 390.400000 463.200000
282.195596 390.400000 491.200000
283.195920 390.400000 412.800000
284.196880 390.400000 429.600000
285.197177 390.400000 508.000000
286.197455 390.400000 560.400000
287.198312 390.400000 463.200000
288.200063 390.400000 666.800000
289.200146 390.400000 446.400000
290.200596 390.400000 560.400000
291.202788 390.400000 532.400000
292.203380 390.400000 412.800000
293.204437 390.400000 440.800000
294.204757 390.400000 457.600000
295.204959 390.400000 482.000000
296.205734 390.400000 622.000000
297.206351 390.400000 446.400000
298.206931 390.400000 577.200000
299.207402 390.400000 412.800000
300.208262 390.400000 424.000000
301.208497 390.400000 510.000000
302.211994 390.400000 644.400000
303.212575 390.400000 627.600000
304.214847 390.400000 429.600000
305.216348 390.400000 655.600000
306.216909 390.400000 502.400000
307.217112 390.400000 431.600000
308.217561 390.400000 532.400000
309.217617 390.400000 493.200000
310.218080 390.400000 530.400000
311.219285 390.400000 577.200000
312.219596 390.400000 605.200000
313.220195 390.400000 482.000000
314.223307 390.400000 562.400000
315.223637 390.400000 435.200000
316.224229 390.400000 435.200000
317.225136 390.400000 429.600000
318.225352 390.400000 424.000000
319.226640 390.400000 418.400000
320.226684 390.400000 412.800000
321.233066 390.400000 767.600000
322.233691 390.400000 412.800000
323.234526 390.400000 482.000000
324.234736 390.400000 446.400000
325.237698 390.400000 538.000000
326.238601 390.400000 493.200000
327.238996 390.400000 582.800000
328.244042 390.400000 773.200000
329.244056 390.400000 496.800000
330.244328 390.400000 767.600000
331.244483 390.400000 496.800000
332.244627 390.400000 762.000000
333.245053 390.400000 496.800000
334.245201 390.400000 470.800000
335.245804 390.400000 513.600000
336.245883 390.400000 532.400000
337.246293 390.400000 452.000000
338.246532 390.400000 426.000000
339.247479 390.400000 521.200000
340.248158 390.400000 487.600000
341.248344 390.400000 454.000000
342.248839 390.400000 418.400000
343.248980 390.400000 468.800000
344.249468 390.400000 440.800000
345.249786 390.400000 493.200000
346.250355 390.400000 431.600000
347.250376 390.400000 521.200000
348.250659 390.400000 524.800000
349.250875 390.400000 465.200000
350.251017 390.400000 407.200000
351.251270 390.400000 532.400000
352.251536 390.400000 496.800000
353.252024 390.400000 538.000000
354.252206 390.400000 508.000000
355.258161 390.400000 767.600000
356.258471 390.400000 463.200000
357.259122 390.400000 532.400000
358.259968 390.400000 778.800000
359.260209 390.400000 526.800000
360.260648 390.400000 420.400000
361.260923 390.400000 508.000000
362.261887 390.400000 532.400000
363.262745 390.400000 459.600000
364.263179 390.400000 543.600000
365.264277 390.400000 474.400000
366.264539 390.400000 476.400000
367.264607 390.400000 532.400000
368.264779 390.400000 474.400000
369.265341 390.400000 476.400000
370.265642 390.400000 474.400000
371.265766 390.400000 452.000000
372.265947 390.400000 468.800000
373.266151 390.400000 412.800000
374.266332 390.400000 440.800000
375.266659 390.400000 412.800000
376.266943 390.400000 554.800000
377.269738 390.400000 577.200000
378.270773 390.400000 454.000000
379.270788 390.400000 418.400000
380.270795 390.400000 683.600000
381.272283 390.400000 463.200000
382.279258 390.400000 767.600000
383.279911 390.400000 560.400000
384.279962 390.400000 412.800000
385.279967 390.400000 577.200000
386.280138 390.400000 480.000000
387.281134 390.400000 532.400000
388.281290 390.400000 474.400000
389.281647 390.400000 424.000000
390.282218 390.400000 424.000000
391.282274 390.400000 468.800000
392.282834 390.400000 465.200000
393.283279 390.400000 454.000000
394.284152 390.400000 420.400000
395.284885 390.400000 515.600000
396.285232 390.400000 407.200000
397.285277 390.400000 491.200000
398.285985 390.400000 480.000000
399.285989 390.400000 543.600000
400.286025 390.400000 526.800000
401.286514 390.400000 468.800000
402.286737 390.400000 666.800000
403.286920 390.400000 409.200000
404.287321 390.400000 538.000000
405.287473 390.400000 502.400000
406.287765 390.400000 526.800000
407.288168 390.400000 502.400000
408.288313 390.400000 549.200000
409.288320 390.400000 521.200000
410.288720 390.400000 437.200000
411.288753 390.400000 510.000000
412.288765 390.400000 418.400000
413.289214 390.400000 571.600000
414.289839 390.400000 767.600000
415.291191 390.400000 762.000000
416.291788 390.400000 482.000000
417.292312 390.400000 429.600000
418.297511 390.400000 700.400000
419.297948 390.400000 418.400000
420.298371 390.400000 424.000000
421.298564 390.400000 454.000000
422.298667 390.400000 521.200000
423.299261 390.400000 446.400000
424.299912 390.400000 530.400000
425.300059 390.400000 420.400000
426.300621 390.400000 424.000000
427.301516 390.400000 508.000000
428.306791 390.400000 773.200000
429.306805 390.400000 515.600000
430.306838 390.400000 459.600000
431.306974 390.400000 454.000000
432.307220 390.400000 429.600000
433.307789 390.400000 424.000000
434.308167 390.400000 521.200000
435.308177 390.400000 424.000000
436.308565 390.400000 498.800000
437.309683 390.400000 504.400000
438.309760 390.400000 504.400000
439.310212 390.400000 513.600000
440.310534 390.400000 424.000000
441.311210 390.400000 524.800000
442.311475 390.400000 440.800000
443.311682 390.400000 412.800000
444.311847 390.400000 508.000000
445.311934 390.400000 474.400000
446.312788 390.400000 452.000000
447.313036 390.400000 463.200000
448.313504 390.400000 418.400000
449.314247 390.400000 650.000000
450.314339 390.400000 446.400000
451.315468 390.400000 482.000000
452.316324 390.400000 549.200000
453.316433 390.400000 582.800000
454.317357 390.400000 526.800000
455.317609 390.400000 424.000000
456.318828 390.400000 510.000000
457.319756 390.400000 468.800000
458.320178 390.400000 420.400000
459.320274 390.400000 457.600000
460.320457 390.400000 431.600000
461.321878 390.400000 661.200000
462.322220 390.400000 493.200000
463.322970 390.400000 577.200000
464.323892 390.400000 491.200000
465.324583 390.400000 465.200000
466.325596 390.400000 414.800000
467.325799 390.400000 482.000000
468.325818 390.400000 429.600000
469.326203 390.400000 412.800000
470.326623 390.400000 412.800000
471.327085 390.400000 418.400000
472.327272 390.400000 549.200000
473.328066 390.400000 452.000000
474.328789 390.400000 513.600000
475.329873 390.400000 470.800000
476.329898 390.400000 487.600000
477.330190 390.400000 515.600000
478.330476 390.400000 498.800000
479.330503 390.400000 418.400000
480.331657 390.400000 485.600000
481.331913 390.400000 588.400000
482.332396 390.400000 437.200000
483.332888 390.400000 429.600000
484.333131 390.400000 409.200000
485.335848 390.400000 459.600000
486.336112 390.400000 485.600000
487.336303 390.400000 650.000000
488.337038 390.400000 560.400000
489.337063 390.400000 420.400000
490.337207 390.400000 543.600000
491.337257 390.400000 508.000000
492.337495 390.400000 446.400000
493.337644 390.400000 526.800000
494.337737 390.400000 566.000000
495.338405 390.400000 407.200000
496.338624 390.400000 629.600000
497.338825 390.400000 532.400000
498.339167 390.400000 536.000000
499.339322 390.400000 661.200000
500.339592 390.400000 435.200000
501.339859 390.400000 504.400000
502.340969 390.400000 435.200000
503.340972 390.400000 485.600000
504.342331 390.400000 554.800000
505.342522 390.400000 440.800000
506.343100 390.400000 560.400000
507.344165 390.400000 480.000000
508.344241 390.400000 532.400000
509.346172 390.400000 599.600000
510.346717 390.400000 468.800000
511.346986 390.400000 414.800000
512.347708 390.400000 435.200000
513.348871 390.400000 487.600000
514.349395 390.400000 468.800000
515.354463 390.400000 767.600000
516.354844 390.400000 468.800000
517.354938 390.400000 412.800000
518.354996 390.400000 487.600000
519.355095 390.400000 476.400000
520.355512 390.400000 448.400000
521.355717 390.400000 504.400000
522.356203 390.400000 560.400000
523.356709 390.400000 480.000000
524.357831 390.400000 446.400000
525.358416 390.400000 440.800000
526.358626 390.400000 566.000000
527.359122 390.400000 446.400000
528.359369 390.400000 767.600000
529.359372 390.400000 454.000000
530.359495 390.400000 429.600000
531.359499 390.400000 767.600000
532.359884 390.400000 412.800000
533.360061 390.400000 412.800000
534.360542 390.400000 440.800000
535.360608 390.400000 435.200000
536.360775 390.400000 440.800000
537.363190 390.400000 622.000000
538.363492 390.400000 513.600000
539.363605 390.400000 524.800000
540.363959 390.400000 560.400000
541.364265 390.400000 412.800000
542.365043 390.400000 560.400000
543.365459 390.400000 407.200000
544.365471 390.400000 530.400000
545.369431 390.400000 767.600000
546.370100 390.400000 498.800000
547.370885 390.400000 452.000000
548.371075 390.400000 773.200000
549.371442 390.400000 442.800000
550.371544 390.400000 504.400000
551.371755 390.400000 502.400000
552.372104 390.400000 616.400000
553.372243 390.400000 426.000000
554.372403 390.400000 412.800000
555.372463 390.400000 502.400000
556.372625 390.400000 431.600000
557.373146 390.400000 577.200000
558.373554 390.400000 412.800000
559.374807 390.400000 498.800000
560.374983 390.400000 526.800000
561.375256 390.400000 418.400000
562.378370 390.400000 549.200000
563.378740 390.400000 571.600000
564.379242 390.400000 429.600000
565.379676 390.400000 485.600000
566.380100 390.400000 459.600000
567.380131 390.400000 431.600000
568.380348 390.400000 420.400000
569.380375 390.400000 487.600000
570.385628 384.800000 773.200000
571.385870 384.800000 446.400000
572.386368 384.800000 571.600000
573.386368 384.800000 424.000000
574.388765 384.800000 767.600000
575.395921 384.800000 773.200000
576.396105 384.800000 560.400000
577.397200 384.800000 661.200000
578.397375 384.800000 476.400000
579.398241 384.800000 554.800000
580.398771 384.800000 491.200000
581.398917 384.800000 452.000000
582.400049 384.800000 424.000000
583.400596 384.800000 510.000000
584.400841 384.800000 661.200000
585.401012 384.800000 476.400000
586.401098 384.800000 476.400000
587.403913 384.800000 588.400000
588.403928 384.800000 571.600000
589.404154 384.800000 435.200000
590.404369 384.800000 508.000000
591.404779 384.800000 543.600000
592.405389 384.800000 459.600000
593.407761 384.800000 498.800000
594.408648 384.800000 599.600000
595.409111 384.800000 502.400000
596.409210 384.800000 476.400000
597.410017 384.800000 605.200000
598.410366 384.800000 638.800000
599.410457 384.800000 474.400000
600.410709 384.800000 616.400000
601.411276 384.800000 773.200000
602.411301 384.800000 549.200000
603.412202 384.800000 431.600000
604.412593 384.800000 452.000000
605.414680 384.800000 577.200000
606.417234 384.800000 773.200000
607.417338 384.800000 465.200000
608.417743 384.800000 401.600000
609.418147 384.800000 510.000000
610.419222 384.800000 569.600000
611.419637 384.800000 468.800000
612.419686 384.800000 435.200000
613.419949 384.800000 773.200000
614.420335 384.800000 773.200000
615.421372 384.800000 610.800000
616.421735 384.800000 465.200000
617.422880 384.800000 418.400000
618.423189 384.800000 496.800000
619.428768 384.800000 767.600000
620.431643 384.800000 446.400000
621.431855 384.800000 446.400000
622.432419 384.800000 442.800000
623.434002 384.800000 457.600000
624.434468 384.800000 661.200000
625.436301 384.800000 638.800000
626.441179 384.800000 452.000000
627.441205 384.800000 476.400000
628.442219 384.800000 491.200000
629.443018 384.800000 485.600000
630.443375 384.800000 566.000000
631.446411 384.800000 767.600000
632.447319 384.800000 412.800000
633.447473 384.800000 655.600000
634.454025 384.800000 773.200000
635.454046 384.800000 412.800000
636.459208 384.800000 773.200000
637.459631 384.800000 554.800000
638.460210 384.800000 491.200000
639.460701 384.800000 521.200000
640.460769 384.800000 745.200000
641.461166 384.800000 485.600000
642.462004 384.800000 498.800000
643.462171 384.800000 440.800000
644.462199 384.800000 457.600000
645.463292 384.800000 549.200000
646.464068 384.800000 407.200000
647.464068 384.800000 571.600000
648.465386 384.800000 571.600000
649.465662 384.800000 521.200000
650.466677 384.800000 412.800000
651.466754 384.800000 588.400000
652.466888 384.800000 468.800000
653.472131 384.800000 778.800000
654.475151 384.800000 767.600000
655.475378 384.800000 480.000000
656.475614 384.800000 407.200000
657.475635 384.800000 465.200000
658.476723 384.800000 431.600000
659.476948 384.800000 440.800000
660.477255 384.800000 530.400000
661.477938 384.800000 480.000000
662.478107 384.800000 480.000000
663.478289 384.800000 435.200000
664.480697 384.800000 767.600000
665.481582 384.800000 412.800000
666.481864 384.800000 470.800000
667.482045 384.800000 622.000000
668.482355 384.800000 552.800000
669.482735 384.800000 513.600000
670.483545 384.800000 463.200000
671.483740 384.800000 526.800000
672.483909 384.800000 442.800000
673.484100 384.800000 504.400000
674.484402 384.800000 424.000000
675.485572 384.800000 521.200000
676.485867 384.800000 778.800000
677.485875 384.800000 491.200000
678.486856 384.800000 442.800000
679.487315 384.800000 554.800000
680.487586 384.800000 474.400000
681.489443 384.800000 496.800000
682.489611 384.800000 459.600000
683.490147 384.800000 480.000000
684.491363 384.800000 426.000000
685.491520 384.800000 412.800000
686.491925 384.800000 442.800000
687.491978 384.800000 465.200000
688.492020 384.800000 454.000000
689.492382 384.800000 429.600000
690.492927 384.800000 470.800000
691.493140 384.800000 457.600000
692.493198 384.800000 407.200000
693.493250 384.800000 515.600000
694.493490 384.800000 778.800000
695.493728 384.800000 468.800000
696.494192 384.800000 470.800000
697.497163 384.800000 418.400000
698.498150 384.800000 412.800000
699.498876 384.800000 508.000000
700.498948 384.800000 496.800000
701.500790 384.800000 418.400000
702.501082 384.800000 424.000000
703.501637 384.800000 418.400000
704.501783 384.800000 442.800000
705.502035 384.800000 577.200000
706.502215 384.800000 510.000000
707.505567 384.800000 465.200000
708.506010 384.800000 440.800000
709.507146 384.800000 521.200000
710.507661 384.800000 420.400000
711.507837 384.800000 463.200000
712.509129 384.800000 549.200000
713.509382 384.800000 474.400000
714.509529 384.800000 526.800000
715.509896 384.800000 468.800000
716.510092 384.800000 437.200000
717.510564 384.800000 532.400000
718.511044 384.800000 407.200000
719.511227 384.800000 435.200000
720.511803 384.800000 577.200000
721.511907 384.800000 429.600000
722.512193 384.800000 452.000000
723.512632 384.800000 554.800000
724.513542 384.800000 510.000000
725.513546 384.800000 465.200000
726.514065 384.800000 487.600000
727.514607 384.800000 532.400000
728.516565 384.800000 655.600000
729.516933 384.800000 459.600000
730.516944 384.800000 521.200000
731.517153 384.800000 431.600000
732.517170 384.800000 440.800000
733.517419 384.800000 468.800000
734.517438 384.800000 491.200000
735.517709 384.800000 666.800000
736.517899 384.800000 513.600000
737.518313 384.800000 491.200000
738.518622 384.800000 485.600000
739.519151 384.800000 480.000000
740.519218 384.800000 480.000000
741.519549 384.800000 424.000000
742.520186 384.800000 412.800000
743.520846 384.800000 521.200000
744.520976 384.800000 446.400000
745.521477 384.800000 521.200000
746.521715 384.800000 538.000000
747.522612 384.800000 566.000000
748.524863 384.800000 526.800000
749.525860 384.800000 412.800000
750.526268 384.800000 457.600000
751.527270 384.800000 452.000000
752.527674 384.800000 526.800000
753.527932 384.800000 566.000000
754.527942 384.800000 437.200000
755.528372 384.800000 515.600000
756.528455 384.800000 412.800000
757.528882 384.800000 431.600000
758.529749 384.800000 560.400000
759.530017 384.800000 407.200000
760.530051 384.800000 414.800000
761.530315 384.800000 424.000000
762.530443 384.800000 435.200000
763.530968 384.800000 407.200000
764.532300 384.800000 465.200000
765.532600 384.800000 491.200000
766.533106 384.800000 616.400000
767.534197 384.800000 424.000000
768.534640 384.800000 412.800000
769.535261 384.800000 420.400000
770.535383 384.800000 521.200000
771.535882 384.800000 487.600000
772.536077 384.800000 493.200000
773.536987 384.800000 482.000000
774.537041 384.800000 468.800000
775.537472 384.800000 513.600000
776.537476 384.800000 521.200000
777.537905 384.800000 440.800000
778.538600 384.800000 448.400000
779.539346 384.800000 487.600000
780.540330 384.800000 521.200000
781.540970 384.800000 396.000000
782.542079 384.800000 616.400000
783.543244 384.800000 424.000000
784.543681 384.800000 485.600000
785.544275 384.800000 566.000000
786.544921 384.800000 498.800000
787.545272 384.800000 480.000000
788.545368 384.800000 470.800000
789.545459 384.800000 655.600000
790.545811 384.800000 407.200000
791.546075 384.800000 510.000000
792.546481 384.800000 440.800000
793.546664 384.800000 510.000000
794.546770 384.800000 418.400000
795.547334 384.800000 566.000000
796.547671 384.800000 452.000000
797.547728 384.800000 454.000000
798.547934 384.800000 504.400000
799.548322 384.800000 474.400000
