0.258721 596.000000 596.000000
1.271061 308.400000 308.400000
2.292322 291.600000 291.600000
3.337907 274.800000 274.800000
4.343247 274.800000 274.800000
5.371302 274.800000 274.800000
6.382004 274.800000 274.800000
7.384221 274.800000 274.800000
8.432803 269.200000 269.200000
9.475873 269.200000 269.200000
10.495551 269.200000 269.200000
11.516362 269.200000 269.200000
12.519807 269.200000 269.200000
13.583972 269.200000 269.200000
14.594604 269.200000 269.200000
15.597823 269.200000 342.000000
16.610030 269.200000 306.400000
17.613847 269.200000 302.800000
18.618580 269.200000 274.800000
19.689534 269.200000 274.800000
20.701180 269.200000 274.800000
21.711525 269.200000 274.800000
22.725195 269.200000 274.800000
23.729114 269.200000 274.800000
24.741753 269.200000 568.000000
25.747051 269.200000 383.200000
26.758879 269.200000 274.800000
27.767471 269.200000 274.800000
28.792320 269.200000 274.800000
29.832681 269.200000 274.800000
30.850866 269.200000 274.800000
31.866899 269.200000 375.600000
32.877564 269.200000 302.800000
33.904068 269.200000 274.800000
34.924333 269.200000 274.800000
35.939652 269.200000 274.800000
36.964858 269.200000 274.800000
37.969276 269.200000 274.800000
38.970044 269.200000 568.000000
39.989359 269.200000 372.000000
41.018507 269.200000 349.600000
42.037526 269.200000 280.400000
43.095246 269.200000 272.800000
44.095568 269.200000 272.800000
45.106062 269.200000 272.800000
46.118430 269.200000 272.800000
47.166118 269.200000 272.800000
48.181285 269.200000 272.800000
49.203679 269.200000 272.800000
50.254754 269.200000 590.400000
51.269294 269.200000 439.200000
52.271250 269.200000 325.200000
53.282012 269.200000 280.400000
54.300999 269.200000 278.400000
55.305351 269.200000 269.200000
56.364637 263.600000 263.600000
57.374914 263.600000 263.600000
58.439029 263.600000 263.600000
59.453615 263.600000 263.600000
60.459914 263.600000 263.600000
61.496882 263.600000 263.600000
62.532763 263.600000 568.000000
63.551155 263.600000 364.400000
64.614947 263.600000 325.200000
65.632740 263.600000 280.400000
66.649167 263.600000 274.800000
67.652121 263.600000 274.800000
68.851218 263.600000 274.800000
69.857646 263.600000 274.800000
70.885294 263.600000 274.800000
71.920265 263.600000 274.800000
72.984592 263.600000 274.800000
74.025201 263.600000 612.800000
75.052344 263.600000 422.400000
76.091255 263.600000 286.000000
77.124975 263.600000 274.800000
78.148153 263.600000 274.800000
79.159142 263.600000 274.800000
80.164303 263.600000 274.800000
81.170525 263.600000 274.800000
82.221389 263.600000 274.800000
83.242290 263.600000 274.800000
84.294098 263.600000 562.400000
85.350312 263.600000 358.800000
86.413111 263.600000 286.000000
87.447545 263.600000 280.400000
88.490990 263.600000 280.400000
89.515632 263.600000 280.400000
90.528970 263.600000 280.400000
91.556801 263.600000 280.400000
92.583738 263.600000 573.600000
93.654752 263.600000 308.400000
94.657891 263.600000 302.800000
95.706795 263.600000 302.800000
96.747493 263.600000 286.000000
97.750821 263.600000 286.000000
98.775809 263.600000 286.000000
99.797392 263.600000 286.000000
100.799211 263.600000 286.000000
101.800601 263.600000 286.000000
102.802255 263.600000 530.800000
103.838178 263.600000 308.400000
104.860261 263.600000 289.600000
105.867014 263.600000 280.400000
106.937468 263.600000 272.800000
107.991804 263.600000 269.200000
109.003967 263.600000 269.200000
110.022362 263.600000 269.200000
111.028452 263.600000 269.200000
112.040509 263.600000 269.200000
113.041586 263.600000 269.200000
114.047281 263.600000 568.000000
115.060342 263.600000 330.800000
116.092874 263.600000 291.600000
117.126546 263.600000 269.200000
118.142366 263.600000 269.200000
119.180341 263.600000 269.200000
120.199884 263.600000 269.200000
121.212153 263.600000 269.200000
122.279617 263.600000 269.200000
123.280658 263.600000 269.200000
124.297358 263.600000 269.200000
125.321905 263.600000 568.000000
126.343643 263.600000 308.400000
127.362156 263.600000 291.600000
128.371705 263.600000 291.600000
129.383675 263.600000 284.000000
130.400857 263.600000 280.400000
131.434023 263.600000 280.400000
132.436261 263.600000 280.400000
133.509758 263.600000 280.400000
134.529464 263.600000 280.400000
135.582377 263.600000 629.600000
136.625079 263.600000 330.800000
137.697688 263.600000 280.400000
138.705262 263.600000 280.400000
139.719499 263.600000 274.800000
140.765528 263.600000 274.800000
141.774307 263.600000 274.800000
142.793444 263.600000 274.800000
143.804924 263.600000 274.800000
144.807454 263.600000 274.800000
145.831396 263.600000 573.600000
146.909832 263.600000 325.200000
147.909961 263.600000 319.600000
148.919923 263.600000 280.400000
149.941751 263.600000 274.800000
150.969182 263.600000 274.800000
151.984466 263.600000 274.800000
153.017517 263.600000 274.800000
154.041193 263.600000 274.800000
155.053304 263.600000 274.800000
156.107178 263.600000 274.800000
157.197027 263.600000 364.400000
158.216549 263.600000 314.000000
159.236981 263.600000 314.000000
160.287503 263.600000 286.000000
161.289571 263.600000 280.400000
162.321606 263.600000 280.400000
163.321634 263.600000 280.400000
164.332125 263.600000 280.400000
165.340180 263.600000 280.400000
166.345986 263.600000 579.200000
167.346672 263.600000 342.000000
168.355012 263.600000 319.600000
169.397943 263.600000 302.800000
170.428797 263.600000 297.200000
171.451402 263.600000 297.200000
172.500539 263.600000 297.200000
173.526180 263.600000 297.200000
174.536957 263.600000 297.200000
175.567479 263.600000 297.200000
176.601225 263.600000 564.400000
177.602691 263.600000 499.200000
178.605843 263.600000 286.000000
179.657395 263.600000 280.400000
180.682147 263.600000 263.600000
181.700830 263.600000 263.600000
182.723990 263.600000 263.600000
183.747499 263.600000 263.600000
184.764651 263.600000 263.600000
185.776378 263.600000 263.600000
186.801225 263.600000 573.600000
187.830930 263.600000 381.200000
188.838046 263.600000 297.200000
189.838767 263.600000 291.600000
190.857187 263.600000 269.200000
191.869924 263.600000 269.200000
192.873297 263.600000 269.200000
193.881682 263.600000 269.200000
194.883593 263.600000 269.200000
195.892075 263.600000 269.200000
196.904741 263.600000 472.800000
197.959990 263.600000 297.200000
198.996695 263.600000 297.200000
200.072163 263.600000 280.400000
201.134393 263.600000 280.400000
202.155779 263.600000 280.400000
203.172561 263.600000 280.400000
204.200277 263.600000 280.400000
205.210839 263.600000 280.400000
206.393504 263.600000 607.200000
207.409836 263.600000 358.800000
208.420834 263.600000 319.600000
209.508014 263.600000 286.000000
210.526627 263.600000 274.800000
211.527296 263.600000 269.200000
212.553729 263.600000 269.200000
213.593348 263.600000 269.200000
214.606481 263.600000 269.200000
215.629171 263.600000 269.200000
216.636891 263.600000 269.200000
217.676083 263.600000 568.000000
218.683420 263.600000 450.400000
219.702185 263.600000 263.600000
220.744291 263.600000 263.600000
221.805789 263.600000 263.600000
222.881325 263.600000 263.600000
223.957675 263.600000 263.600000
224.960951 263.600000 579.200000
225.985419 263.600000 433.600000
227.011113 263.600000 325.200000
228.025882 263.600000 304.800000
229.030847 263.600000 297.200000
230.053128 263.600000 297.200000
231.069845 263.600000 297.200000
232.078322 263.600000 297.200000
233.086869 263.600000 297.200000
234.090859 263.600000 297.200000
235.103112 263.600000 579.200000
236.120308 263.600000 370.000000
237.138136 263.600000 308.400000
238.158300 263.600000 297.200000
239.176525 263.600000 286.000000
240.178290 263.600000 286.000000
241.186792 263.600000 286.000000
242.191473 263.600000 286.000000
243.207704 263.600000 286.000000
244.254444 263.600000 286.000000
245.328712 263.600000 573.600000
246.348103 263.600000 336.400000
247.369559 263.600000 302.800000
248.381859 263.600000 291.600000
249.399081 263.600000 286.000000
250.405714 263.600000 286.000000
251.407534 263.600000 286.000000
252.443313 263.600000 286.000000
253.452998 263.600000 286.000000
254.460161 263.600000 286.000000
255.466607 263.600000 579.200000
256.485408 263.600000 358.800000
257.538108 263.600000 274.800000
258.606775 263.600000 274.800000
259.624918 263.600000 274.800000
260.686072 263.600000 269.200000
261.686858 263.600000 269.200000
262.699057 263.600000 269.200000
263.707732 263.600000 269.200000
264.747035 263.600000 269.200000
265.759911 263.600000 269.200000
266.862205 263.600000 579.200000
267.895022 263.600000 358.800000
268.907230 263.600000 319.600000
269.944858 263.600000 319.600000
270.979050 263.600000 297.200000
272.015173 263.600000 297.200000
273.017881 263.600000 297.200000
274.024346 263.600000 297.200000
275.049599 263.600000 297.200000
276.050435 263.600000 297.200000
277.234813 263.600000 579.200000
278.266211 263.600000 319.600000
279.279701 263.600000 291.600000
280.344910 263.600000 280.400000
281.349881 263.600000 280.400000
282.378958 263.600000 280.400000
283.397610 263.600000 280.400000
284.400622 263.600000 280.400000
285.413169 263.600000 280.400000
286.426854 263.600000 280.400000
287.487573 263.600000 573.600000
288.487715 263.600000 347.600000
289.491270 263.600000 330.800000
290.512922 263.600000 314.000000
291.547048 263.600000 297.200000
292.551153 263.600000 291.600000
293.566643 263.600000 291.600000
294.570556 263.600000 291.600000
295.593837 263.600000 291.600000
296.627461 263.600000 291.600000
297.640045 263.600000 461.600000
298.689643 263.600000 302.800000
299.699563 263.600000 286.000000
300.714842 263.600000 274.800000
301.729520 263.600000 274.800000
302.732174 263.600000 274.800000
303.776315 263.600000 274.800000
304.834026 263.600000 274.800000
305.834227 263.600000 274.800000
306.845417 263.600000 274.800000
307.867161 263.600000 590.400000
308.872437 263.600000 353.200000
309.890428 263.600000 314.000000
310.905797 263.600000 274.800000
311.926191 263.600000 272.800000
312.930541 263.600000 272.800000
313.964049 263.600000 272.800000
314.995353 263.600000 272.800000
316.039981 263.600000 272.800000
317.108322 263.600000 272.800000
318.123980 263.600000 566.000000
319.163281 263.600000 523.200000
320.186012 263.600000 308.400000
321.227446 263.600000 291.600000
322.227610 263.600000 286.000000
323.234736 263.600000 286.000000
324.254040 263.600000 269.200000
325.260176 263.600000 269.200000
326.264641 263.600000 269.200000
327.288679 263.600000 269.200000
328.313537 263.600000 269.200000
329.320474 263.600000 269.200000
330.513256 263.600000 584.800000
331.572520 263.600000 392.400000
332.584925 263.600000 342.000000
333.585337 263.600000 274.800000
334.587204 263.600000 274.800000
335.595260 263.600000 269.200000
336.630035 263.600000 261.600000
337.638477 261.600000 261.600000
338.649600 261.600000 261.600000
339.668863 261.600000 261.600000
340.699660 261.600000 261.600000
341.716537 261.600000 261.600000
342.733508 261.600000 261.600000
343.782807 261.600000 573.600000
344.786202 261.600000 562.400000
345.795726 261.600000 411.200000
346.858571 261.600000 338.400000
347.877157 261.600000 330.800000
348.930690 261.600000 297.200000
349.945687 261.600000 291.600000
350.951018 261.600000 291.600000
351.970232 261.600000 291.600000
352.996524 261.600000 291.600000
354.000417 261.600000 291.600000
355.053190 261.600000 291.600000
356.054122 261.600000 291.600000
357.054713 261.600000 506.400000
358.065286 261.600000 310.400000
359.126358 261.600000 297.200000
360.155627 261.600000 291.600000
361.166689 261.600000 286.000000
362.177170 261.600000 286.000000
363.207945 261.600000 286.000000
364.264957 261.600000 286.000000
365.270965 261.600000 286.000000
366.329186 261.600000 286.000000
367.411557 261.600000 568.000000
368.451081 261.600000 347.600000
369.488733 261.600000 347.600000
370.493271 261.600000 274.800000
371.497208 261.600000 274.800000
372.518505 261.600000 274.800000
373.558831 261.600000 274.800000
374.567145 261.600000 274.800000
375.583177 261.600000 274.800000
376.610852 261.600000 269.200000
377.644975 261.600000 269.200000
378.649968 261.600000 269.200000
379.671047 261.600000 269.200000
380.703763 261.600000 269.200000
381.747007 261.600000 269.200000
382.751046 261.600000 579.200000
383.757972 261.600000 366.400000
384.764812 261.600000 366.400000
385.770103 261.600000 291.600000
386.780201 261.600000 291.600000
387.819703 261.600000 286.000000
388.841058 261.600000 286.000000
389.857136 261.600000 286.000000
390.870378 261.600000 286.000000
391.899821 261.600000 286.000000
392.905417 261.600000 579.200000
393.914064 261.600000 330.800000
394.967668 261.600000 325.200000
395.984553 261.600000 286.000000
396.987466 261.600000 274.800000
398.001874 261.600000 263.600000
399.007623 261.600000 263.600000
400.025530 261.600000 263.600000
401.031410 261.600000 263.600000
402.034203 261.600000 263.600000
403.076203 261.600000 263.600000
404.141544 261.600000 573.600000
405.235123 261.600000 336.400000
406.244578 261.600000 297.200000
407.246595 261.600000 297.200000
408.255156 261.600000 286.000000
409.272289 261.600000 286.000000
410.289609 261.600000 286.000000
411.293785 261.600000 286.000000
412.331845 261.600000 286.000000
413.338465 261.600000 286.000000
414.346516 261.600000 573.600000
415.365790 261.600000 325.200000
416.408291 261.600000 325.200000
417.456252 261.600000 297.200000
418.487497 261.600000 291.600000
419.497788 261.600000 291.600000
420.499937 261.600000 286.000000
421.523945 261.600000 286.000000
422.546451 261.600000 286.000000
423.555034 261.600000 286.000000
424.575753 261.600000 286.000000
425.597757 261.600000 286.000000
426.610082 261.600000 568.000000
427.623613 261.600000 495.200000
428.690877 261.600000 280.400000
429.728050 261.600000 274.800000
430.732325 261.600000 272.800000
431.774900 261.600000 272.800000
432.826299 261.600000 272.800000
433.840734 261.600000 272.800000
434.847594 261.600000 272.800000
436.025193 261.600000 579.200000
437.051524 261.600000 495.200000
438.080990 261.600000 319.600000
439.154474 261.600000 274.800000
440.174700 261.600000 263.600000
441.181695 261.600000 263.600000
442.224816 261.600000 263.600000
443.227652 261.600000 263.600000
444.253458 261.600000 263.600000
445.259835 261.600000 263.600000
446.336658 261.600000 586.800000
447.367451 261.600000 349.600000
448.434928 261.600000 286.000000
449.436408 261.600000 286.000000
450.448043 261.600000 284.000000
451.480602 261.600000 274.800000
452.498246 261.600000 274.800000
453.518419 261.600000 274.800000
454.525617 261.600000 274.800000
455.538748 261.600000 274.800000
456.624940 261.600000 579.200000
457.626284 261.600000 416.800000
458.629045 261.600000 308.400000
459.696513 261.600000 274.800000
460.742912 258.000000 258.000000
461.749700 258.000000 258.000000
462.774284 258.000000 258.000000
463.782645 258.000000 258.000000
464.794183 258.000000 258.000000
465.806958 258.000000 258.000000
466.834802 258.000000 258.000000
467.840721 258.000000 258.000000
468.846177 258.000000 566.000000
469.909769 258.000000 416.800000
470.912150 258.000000 297.200000
471.914454 258.000000 269.200000
472.923930 258.000000 269.200000
473.940733 258.000000 269.200000
474.963302 258.000000 269.200000
475.984393 258.000000 269.200000
477.008332 258.000000 269.200000
478.018015 258.000000 269.200000
479.043573 258.000000 568.000000
480.067392 258.000000 441.200000
481.087541 258.000000 439.200000
482.096698 258.000000 286.000000
483.123443 258.000000 284.000000
484.125517 258.000000 284.000000
485.142284 258.000000 284.000000
486.143430 258.000000 284.000000
487.158519 258.000000 284.000000
488.188217 258.000000 284.000000
489.198831 258.000000 566.000000
490.226905 258.000000 319.600000
491.272947 258.000000 297.200000
492.276055 258.000000 297.200000
493.291196 258.000000 286.000000
494.338944 258.000000 286.000000
495.408796 258.000000 286.000000
496.419477 258.000000 286.000000
497.464607 258.000000 286.000000
498.482757 258.000000 286.000000
499.502553 258.000000 568.000000
500.505690 258.000000 332.800000
501.517716 258.000000 297.200000
502.546486 258.000000 291.600000
503.547432 258.000000 280.400000
504.552741 258.000000 280.400000
505.567230 258.000000 280.400000
506.614845 258.000000 280.400000
507.639118 258.000000 280.400000
508.683494 258.000000 280.400000
509.707828 258.000000 540.000000
510.719128 258.000000 428.000000
511.786273 258.000000 400.000000
512.805530 258.000000 314.000000
513.837716 258.000000 308.400000
514.873629 258.000000 302.800000
515.906592 258.000000 291.600000
516.930540 258.000000 286.000000
517.999103 258.000000 286.000000
518.999199 258.000000 286.000000
520.001696 258.000000 286.000000
521.012582 258.000000 286.000000
522.018899 258.000000 566.000000
523.037189 258.000000 364.400000
524.037259 258.000000 353.200000
525.050568 258.000000 286.000000
526.069557 258.000000 286.000000
527.085939 258.000000 286.000000
528.087037 258.000000 286.000000
529.092884 258.000000 286.000000
530.126307 258.000000 286.000000
531.138965 258.000000 433.600000
532.141844 258.000000 308.400000
533.148243 258.000000 269.200000
534.154526 258.000000 267.200000
535.172565 258.000000 267.200000
536.186405 258.000000 267.200000
537.229834 258.000000 267.200000
538.257324 258.000000 579.200000
539.280957 258.000000 568.000000
540.290310 258.000000 291.600000
541.299209 258.000000 291.600000
542.313678 258.000000 280.400000
543.340112 258.000000 274.800000
544.340251 258.000000 274.800000
545.380708 258.000000 274.800000
546.389388 258.000000 274.800000
547.393815 258.000000 274.800000
548.396667 258.000000 274.800000
549.427825 258.000000 568.000000
550.434790 258.000000 398.000000
551.454442 258.000000 280.400000
552.472923 258.000000 280.400000
553.486743 258.000000 280.400000
554.556111 258.000000 280.400000
555.560681 258.000000 274.800000
556.563455 258.000000 274.800000
557.565785 258.000000 274.800000
558.574950 258.000000 274.800000
559.577873 258.000000 274.800000
560.598467 258.000000 568.000000
561.646509 258.000000 308.400000
562.653677 258.000000 291.600000
563.668739 258.000000 284.000000
564.678936 258.000000 280.400000
565.686734 258.000000 280.400000
566.709011 258.000000 280.400000
567.741424 258.000000 280.400000
568.812291 258.000000 416.800000
569.829708 258.000000 330.800000
570.849074 258.000000 280.400000
571.920970 258.000000 269.200000
572.946686 258.000000 263.600000
573.957177 258.000000 263.600000
574.957575 258.000000 263.600000
575.965316 258.000000 263.600000
576.969611 258.000000 263.600000
577.986116 258.000000 263.600000
578.999672 258.000000 568.000000
580.043008 258.000000 330.800000
581.044422 258.000000 286.000000
582.066491 258.000000 280.400000
583.075005 258.000000 269.200000
584.090454 258.000000 258.000000
585.109918 258.000000 258.000000
586.143722 258.000000 258.000000
587.146724 258.000000 258.000000
588.196790 258.000000 258.000000
589.203105 258.000000 258.000000
590.209852 258.000000 364.400000
591.244590 258.000000 297.200000
592.244696 258.000000 291.600000
593.262323 258.000000 274.800000
594.265228 258.000000 269.200000
595.273020 258.000000 269.200000
596.290039 258.000000 269.200000
597.307270 258.000000 269.200000
598.325184 258.000000 269.200000
599.338525 258.000000 269.200000
600.356519 258.000000 584.800000
601.357993 258.000000 319.600000
602.363822 258.000000 319.600000
603.420451 258.000000 286.000000
604.499261 258.000000 258.000000
605.502233 258.000000 258.000000
606.520731 258.000000 258.000000
607.521015 258.000000 258.000000
608.526265 258.000000 258.000000
609.569692 258.000000 258.000000
610.601431 258.000000 325.200000
611.611349 258.000000 297.200000
612.698958 258.000000 274.800000
613.758898 258.000000 269.200000
614.788432 258.000000 269.200000
615.795929 258.000000 269.200000
616.821653 258.000000 269.200000
617.826200 258.000000 269.200000
618.831093 258.000000 267.200000
619.842319 258.000000 267.200000
620.854647 258.000000 267.200000
621.857247 258.000000 267.200000
622.920878 258.000000 562.400000
623.931985 258.000000 338.400000
624.977499 258.000000 269.200000
626.005014 258.000000 263.600000
627.007601 258.000000 261.600000
628.050396 258.000000 261.600000
629.077779 258.000000 261.600000
630.080891 258.000000 261.600000
631.097134 258.000000 261.600000
632.106886 258.000000 261.600000
633.126707 258.000000 573.600000
634.151970 258.000000 450.400000
635.185841 258.000000 325.200000
636.207483 258.000000 302.800000
637.210327 258.000000 291.600000
638.217700 258.000000 286.000000
639.269899 258.000000 286.000000
640.272833 258.000000 286.000000
641.292351 258.000000 286.000000
642.297110 258.000000 286.000000
643.308300 258.000000 286.000000
644.368069 258.000000 568.000000
645.382568 258.000000 325.200000
646.394480 258.000000 325.200000
647.488008 258.000000 302.800000
648.499321 258.000000 286.000000
649.576861 258.000000 286.000000
650.608309 258.000000 286.000000
651.640510 258.000000 286.000000
652.699805 258.000000 286.000000
653.766768 258.000000 286.000000
654.775725 258.000000 286.000000
655.786227 258.000000 566.000000
656.793531 258.000000 422.400000
657.801269 258.000000 284.000000
658.843756 258.000000 269.200000
659.896153 258.000000 263.600000
660.898398 258.000000 263.600000
661.903373 258.000000 261.600000
662.955589 258.000000 261.600000
663.961277 258.000000 261.600000
664.966985 258.000000 261.600000
666.035830 258.000000 261.600000
667.069971 258.000000 568.000000
668.074131 258.000000 428.000000
669.125034 258.000000 297.200000
670.179781 258.000000 291.600000
671.181344 258.000000 286.000000
672.210517 258.000000 286.000000
673.238559 258.000000 286.000000
674.240530 258.000000 286.000000
675.289481 258.000000 286.000000
676.297853 258.000000 286.000000
677.325745 258.000000 568.000000
678.368494 258.000000 461.600000
679.380496 258.000000 314.000000
680.401904 258.000000 291.600000
681.426391 258.000000 286.000000
682.450049 258.000000 286.000000
683.476459 258.000000 286.000000
684.502950 258.000000 286.000000
685.540260 258.000000 286.000000
686.546471 258.000000 286.000000
687.661157 258.000000 584.800000
688.678022 258.000000 338.400000
689.681357 258.000000 338.400000
690.682972 258.000000 289.600000
691.757113 258.000000 289.600000
692.761324 258.000000 286.000000
693.782788 258.000000 286.000000
694.790142 258.000000 286.000000
695.807230 258.000000 286.000000
696.816546 258.000000 286.000000
697.856898 258.000000 286.000000
698.860227 258.000000 284.000000
699.880116 258.000000 284.000000
700.909089 258.000000 284.000000
701.920027 258.000000 284.000000
702.945641 258.000000 284.000000
703.951780 258.000000 573.600000
704.989324 258.000000 306.400000
706.024639 258.000000 280.400000
707.063658 258.000000 274.800000
708.101439 258.000000 263.600000
709.134997 258.000000 263.600000
710.168294 258.000000 263.600000
711.179631 258.000000 263.600000
712.193918 258.000000 263.600000
713.194038 258.000000 263.600000
714.203179 258.000000 263.600000
715.217923 258.000000 568.000000
716.232012 258.000000 325.200000
717.244947 258.000000 302.800000
718.249289 258.000000 286.000000
719.266422 258.000000 278.400000
720.274055 258.000000 278.400000
721.319725 258.000000 278.400000
722.329081 258.000000 278.400000
723.347418 258.000000 278.400000
724.357379 258.000000 278.400000
725.364347 258.000000 568.000000
726.380112 258.000000 517.600000
727.395749 258.000000 439.200000
728.406173 258.000000 342.000000
729.418201 258.000000 286.000000
730.435054 258.000000 280.400000
731.469807 258.000000 280.400000
732.490628 258.000000 280.400000
733.505126 258.000000 280.400000
734.670030 258.000000 575.600000
735.752627 258.000000 416.800000
736.779898 258.000000 344.000000
737.805916 258.000000 286.000000
738.833957 258.000000 278.400000
739.858454 258.000000 278.400000
740.883563 258.000000 278.400000
741.902420 258.000000 278.400000
742.974185 258.000000 278.400000
743.996950 258.000000 278.400000
745.007394 258.000000 278.400000
746.023688 258.000000 467.200000
747.049839 258.000000 358.800000
748.054269 258.000000 336.400000
749.082917 258.000000 336.400000
750.093374 258.000000 269.200000
751.112102 258.000000 263.600000
752.120656 258.000000 263.600000
753.125990 258.000000 263.600000
754.141797 258.000000 579.200000
755.212109 258.000000 489.600000
756.246077 258.000000 347.600000
757.254825 258.000000 263.600000
758.326788 258.000000 263.600000
759.327010 258.000000 263.600000
760.327868 258.000000 258.000000
761.341764 258.000000 258.000000
762.366744 258.000000 258.000000
763.369658 258.000000 258.000000
764.380210 258.000000 258.000000
765.392485 258.000000 258.000000
766.422124 258.000000 258.000000
767.481500 258.000000 573.600000
768.504964 258.000000 302.800000
769.514415 258.000000 300.800000
770.520207 258.000000 291.600000
771.633239 258.000000 286.000000
772.637978 258.000000 280.400000
773.692430 258.000000 280.400000
774.714721 258.000000 280.400000
775.724325 258.000000 280.400000
776.737546 258.000000 280.400000
777.780407 258.000000 280.400000
778.780722 258.000000 439.200000
779.794786 258.000000 353.200000
780.800910 258.000000 291.600000
781.831172 258.000000 280.400000
782.835488 258.000000 274.800000
783.852928 258.000000 274.800000
784.883036 258.000000 274.800000
785.895327 258.000000 274.800000
786.915503 258.000000 274.800000
787.921125 258.000000 274.800000
789.018585 258.000000 472.800000
790.047183 258.000000 308.400000
791.079307 258.000000 302.800000
792.084768 258.000000 267.200000
793.106037 258.000000 267.200000
794.176323 258.000000 258.000000
795.189710 258.000000 258.000000
796.193997 258.000000 258.000000
797.213035 258.000000 258.000000
798.271102 258.000000 584.800000
799.277117 258.000000 274.800000
