40.701257 504.400000 504.400000
41.917895 504.400000 504.400000
43.363552 504.400000 504.400000
46.573113 437.200000 437.200000
48.458112 437.200000 437.200000
49.751712 437.200000 437.200000
50.941604 437.200000 437.200000
52.236075 437.200000 437.200000
53.475914 437.200000 437.200000
54.499047 437.200000 437.200000
55.731994 437.200000 437.200000
57.428675 437.200000 437.200000
59.118865 437.200000 437.200000
60.460653 437.200000 437.200000
61.580195 437.200000 437.200000
62.802888 437.200000 437.200000
64.625862 437.200000 437.200000
65.683924 437.200000 437.200000
67.364748 437.200000 437.200000
71.026342 400.000000 400.000000
72.268762 400.000000 400.000000
73.476290 400.000000 400.000000
79.118599 394.400000 394.400000
80.261819 394.400000 394.400000
81.665170 394.400000 394.400000
83.897684 394.400000 394.400000
85.592717 394.400000 321.600000
87.272473 321.600000 321.600000
88.432402 321.600000 321.600000
89.995404 321.600000 321.600000
91.548818 321.600000 321.600000
92.904631 321.600000 321.600000
94.337435 321.600000 321.600000
95.654864 321.600000 314.000000
97.232216 314.000000 314.000000
98.350377 314.000000 314.000000
99.544090 314.000000 314.000000
101.393732 314.000000 314.000000
103.033022 314.000000 308.400000
105.064219 308.400000 308.400000
106.391881 308.400000 308.400000
107.800669 308.400000 308.400000
109.911694 308.400000 308.400000
112.004292 308.400000 302.800000
113.614957 302.800000 302.800000
115.623041 302.800000 302.800000
116.857666 302.800000 302.800000
118.378009 302.800000 302.800000
120.473141 302.800000 302.800000
121.815524 302.800000 302.800000
122.943470 302.800000 302.800000
124.812573 302.800000 302.800000
126.142061 302.800000 302.800000
127.257694 302.800000 302.800000
129.028130 302.800000 302.800000
131.067649 302.800000 302.800000
133.006775 302.800000 302.800000
134.278273 302.800000 302.800000
135.791558 302.800000 302.800000
137.998630 302.800000 302.800000
139.908969 302.800000 302.800000
141.104861 302.800000 302.800000
142.766659 302.800000 302.800000
144.670167 302.800000 302.800000
146.568790 302.800000 302.800000
147.778426 302.800000 302.800000
148.789332 302.800000 302.800000
150.468733 302.800000 302.800000
152.034046 302.800000 302.800000
153.217359 302.800000 302.800000
154.489900 302.800000 302.800000
155.660976 302.800000 302.800000
157.041404 302.800000 302.800000
158.463879 302.800000 302.800000
160.000235 302.800000 302.800000
161.440213 302.800000 302.800000
162.556007 302.800000 302.800000
163.717890 302.800000 302.800000
165.182692 302.800000 302.800000
167.140855 302.800000 302.800000
169.479936 302.800000 302.800000
170.554941 302.800000 302.800000
171.957348 302.800000 302.800000
173.661089 302.800000 302.800000
174.724197 302.800000 302.800000
175.932518 302.800000 302.800000
177.154319 302.800000 302.800000
178.278576 302.800000 302.800000
179.780408 302.800000 302.800000
181.722464 302.800000 302.800000
183.203521 302.800000 302.800000
184.318936 302.800000 302.800000
185.321920 302.800000 302.800000
186.875893 302.800000 302.800000
188.198309 302.800000 302.800000
189.270591 302.800000 302.800000
190.303185 302.800000 302.800000
191.532093 302.800000 302.800000
192.991442 302.800000 302.800000
194.449155 302.800000 302.800000
195.889931 302.800000 302.800000
197.225668 302.800000 302.800000
198.988361 302.800000 302.800000
200.403171 302.800000 302.800000
201.594137 302.800000 302.800000
203.046343 302.800000 302.800000
204.693803 302.800000 302.800000
205.844574 302.800000 302.800000
207.104543 302.800000 302.800000
208.536412 302.800000 302.800000
210.723106 302.800000 302.800000
239.952224 302.800000 504.400000
241.290113 302.800000 504.400000
243.176029 302.800000 498.800000
244.640569 302.800000 498.800000
246.781257 302.800000 498.800000
248.804097 302.800000 498.800000
249.926702 302.800000 353.200000
251.473416 302.800000 353.200000
252.712258 302.800000 353.200000
254.285387 302.800000 353.200000
256.286038 302.800000 353.200000
258.723306 302.800000 353.200000
259.886428 302.800000 319.600000
261.726415 302.800000 319.600000
263.156882 302.800000 314.000000
265.282236 302.800000 314.000000
266.510143 302.800000 314.000000
268.201201 302.800000 314.000000
269.293918 302.800000 314.000000
271.085986 302.800000 314.000000
272.825529 302.800000 308.400000
275.456852 302.800000 308.400000
277.535872 302.800000 308.400000
279.660998 302.800000 308.400000
280.837940 302.800000 308.400000
282.010626 302.800000 308.400000
283.444651 302.800000 308.400000
284.830604 302.800000 308.400000
285.841162 302.800000 308.400000
287.477923 302.800000 308.400000
288.578142 302.800000 308.400000
289.807399 302.800000 308.400000
291.153335 302.800000 308.400000
292.505023 302.800000 308.400000
293.677058 302.800000 308.400000
295.056331 302.800000 308.400000
297.209110 302.800000 308.400000
299.162478 302.800000 308.400000
300.285798 302.800000 304.800000
301.465845 302.800000 304.800000
302.622666 302.800000 304.800000
304.150630 302.800000 304.800000
305.319735 302.800000 304.800000
306.970041 302.800000 304.800000
309.019457 302.800000 304.800000
310.981827 302.800000 304.800000
313.123159 302.800000 304.800000
314.338348 302.800000 304.800000
315.338380 302.800000 304.800000
316.772061 302.800000 304.800000
318.056645 302.800000 304.800000
319.471307 302.800000 304.800000
320.697213 302.800000 304.800000
322.243563 302.800000 304.800000
324.382701 302.800000 304.800000
326.113150 302.800000 304.800000
327.274388 302.800000 304.800000
328.636539 302.800000 304.800000
329.861981 302.800000 304.800000
331.282624 302.800000 304.800000
333.106963 302.800000 304.800000
335.086036 302.800000 304.800000
336.277269 302.800000 304.800000
337.456296 302.800000 304.800000
338.796095 302.800000 304.800000
340.394319 302.800000 304.800000
341.605321 302.800000 304.800000
342.914103 302.800000 304.800000
345.129494 302.800000 304.800000
346.739707 302.800000 304.800000
347.955136 302.800000 304.800000
349.540921 302.800000 304.800000
351.141942 302.800000 304.800000
352.342281 302.800000 304.800000
353.661208 302.800000 304.800000
355.857387 302.800000 304.800000
356.862530 302.800000 304.800000
358.245039 302.800000 304.800000
359.525122 302.800000 304.800000
361.132428 302.800000 304.800000
362.300968 302.800000 304.800000
363.547313 302.800000 304.800000
365.150630 302.800000 304.800000
367.210787 302.800000 304.800000
369.221918 302.800000 304.800000
370.368632 302.800000 304.800000
371.369563 302.800000 304.800000
373.728640 302.800000 304.800000
375.265988 302.800000 304.800000
376.282949 302.800000 304.800000
377.745542 302.800000 304.800000
379.956306 302.800000 304.800000
382.043008 302.800000 304.800000
383.413807 302.800000 304.800000
384.545165 302.800000 304.800000
386.744680 302.800000 304.800000
388.985369 302.800000 304.800000
391.566821 302.800000 304.800000
393.447990 302.800000 304.800000
394.461764 302.800000 304.800000
396.037457 302.800000 304.800000
397.326204 302.800000 304.800000
398.530095 302.800000 304.800000
400.211866 302.800000 304.800000
401.736650 302.800000 304.800000
402.874941 302.800000 304.800000
404.204417 302.800000 304.800000
406.344806 302.800000 304.800000
408.396387 302.800000 304.800000
410.470512 302.800000 304.800000
411.761968 302.800000 304.800000
412.889915 302.800000 304.800000
414.473564 302.800000 304.800000
416.451632 302.800000 304.800000
417.505765 302.800000 304.800000
419.071120 302.800000 304.800000
421.164804 302.800000 304.800000
422.228213 302.800000 304.800000
423.446029 302.800000 304.800000
424.889215 302.800000 304.800000
427.011384 302.800000 304.800000
428.185241 302.800000 304.800000
429.463399 302.800000 304.800000
431.386209 302.800000 304.800000
433.059189 302.800000 304.800000
434.170435 302.800000 304.800000
436.040221 302.800000 304.800000
437.316465 302.800000 304.800000
438.916948 302.800000 304.800000
440.266918 302.800000 304.800000
442.524767 302.800000 304.800000
477.019382 302.800000 498.800000
479.122811 302.800000 498.800000
480.351885 302.800000 403.600000
482.956024 302.800000 403.600000
484.223797 302.800000 403.600000
485.374167 302.800000 403.600000
486.647216 302.800000 398.000000
487.687347 302.800000 398.000000
488.846682 302.800000 398.000000
490.046704 302.800000 394.400000
492.624002 302.800000 394.400000
493.648255 302.800000 394.400000
495.253888 302.800000 394.400000
496.704294 302.800000 394.400000
497.834060 302.800000 394.400000
499.903498 302.800000 394.400000
501.154230 302.800000 394.400000
502.260353 302.800000 394.400000
503.350021 302.800000 394.400000
504.442631 302.800000 394.400000
505.652994 302.800000 388.800000
506.681391 302.800000 388.800000
507.793526 302.800000 388.800000
508.804317 302.800000 388.800000
510.320958 302.800000 388.800000
511.323968 302.800000 388.800000
512.426997 302.800000 388.800000
513.787644 302.800000 388.800000
516.110465 302.800000 388.800000
518.190645 302.800000 388.800000
519.367103 302.800000 321.600000
521.211687 302.800000 321.600000
522.435674 302.800000 319.600000
523.954054 302.800000 319.600000
525.139623 302.800000 319.600000
526.520586 302.800000 319.600000
528.172487 302.800000 319.600000
530.165045 302.800000 319.600000
531.365567 302.800000 319.600000
532.852815 302.800000 319.600000
533.970695 302.800000 319.600000
535.364457 302.800000 319.600000
536.479927 302.800000 319.600000
538.232349 302.800000 319.600000
539.389562 302.800000 314.000000
540.817700 302.800000 314.000000
541.881371 302.800000 314.000000
543.045687 302.800000 314.000000
544.289124 302.800000 314.000000
546.327691 302.800000 314.000000
548.183186 302.800000 314.000000
549.306514 302.800000 302.800000
550.738547 302.800000 302.800000
553.140813 302.800000 302.800000
554.278126 302.800000 293.600000
555.692419 293.600000 293.600000
557.180175 293.600000 293.600000
558.405277 293.600000 293.600000
560.575486 293.600000 293.600000
562.475258 293.600000 293.600000
564.418226 293.600000 293.600000
565.495073 293.600000 291.600000
566.656315 291.600000 291.600000
567.872222 291.600000 291.600000
568.924735 291.600000 291.600000
570.181771 291.600000 291.600000
571.427712 291.600000 291.600000
572.611135 291.600000 291.600000
574.070006 291.600000 291.600000
575.888991 291.600000 291.600000
576.921013 291.600000 286.000000
577.961827 286.000000 286.000000
579.309173 286.000000 286.000000
580.542439 286.000000 286.000000
582.040519 286.000000 286.000000
584.090917 286.000000 286.000000
585.757585 286.000000 286.000000
587.304107 286.000000 286.000000
588.943880 286.000000 286.000000
590.082765 286.000000 286.000000
591.518447 286.000000 286.000000
592.591211 286.000000 286.000000
593.738500 286.000000 286.000000
595.227511 286.000000 286.000000
596.642557 286.000000 286.000000
597.969793 286.000000 286.000000
599.707490 286.000000 286.000000
600.745718 286.000000 286.000000
601.938101 286.000000 286.000000
603.261173 286.000000 286.000000
604.507293 286.000000 286.000000
605.840166 286.000000 286.000000
607.224927 286.000000 286.000000
608.400779 286.000000 286.000000
609.541291 286.000000 286.000000
610.985153 286.000000 286.000000
612.574251 286.000000 286.000000
613.853592 286.000000 286.000000
614.991179 286.000000 286.000000
616.199250 286.000000 286.000000
618.197440 286.000000 286.000000
620.065426 286.000000 286.000000
621.944292 286.000000 286.000000
622.989417 286.000000 286.000000
624.143864 286.000000 286.000000
625.610243 286.000000 286.000000
627.710883 286.000000 286.000000
629.596846 286.000000 286.000000
631.002635 286.000000 286.000000
632.200131 286.000000 286.000000
633.375333 286.000000 286.000000
634.858568 286.000000 286.000000
636.703961 286.000000 286.000000
638.571648 286.000000 286.000000
640.406746 286.000000 286.000000
641.475042 286.000000 286.000000
642.601933 286.000000 286.000000
643.830324 286.000000 286.000000
645.910775 286.000000 286.000000
647.793275 286.000000 286.000000
648.809658 286.000000 286.000000
650.082816 286.000000 286.000000
651.210764 286.000000 286.000000
652.658948 286.000000 286.000000
653.716212 286.000000 286.000000
654.854602 286.000000 286.000000
656.303178 286.000000 286.000000
657.348613 286.000000 286.000000
658.481044 286.000000 286.000000
659.950437 286.000000 286.000000
661.864288 286.000000 286.000000
663.744075 286.000000 286.000000
666.049144 286.000000 286.000000
667.149187 286.000000 286.000000
668.368054 286.000000 286.000000
669.827715 286.000000 286.000000
670.894614 286.000000 286.000000
672.351172 286.000000 286.000000
703.326251 286.000000 498.800000
704.372203 286.000000 498.800000
705.671054 286.000000 498.800000
707.790407 286.000000 498.800000
708.913551 286.000000 498.800000
710.149353 286.000000 498.800000
711.636077 286.000000 498.800000
712.731322 286.000000 444.800000
715.185578 286.000000 444.800000
716.329257 286.000000 325.200000
717.897565 286.000000 325.200000
719.370073 286.000000 325.200000
720.678258 286.000000 325.200000
721.816461 286.000000 325.200000
723.116009 286.000000 325.200000
724.329650 286.000000 325.200000
725.720263 286.000000 325.200000
727.028088 286.000000 325.200000
728.394552 286.000000 325.200000
730.136190 286.000000 325.200000
731.148821 286.000000 325.200000
732.682755 286.000000 325.200000
734.853620 286.000000 325.200000
736.854734 286.000000 325.200000
738.013248 286.000000 319.600000
739.535496 286.000000 319.600000
741.126309 286.000000 319.600000
742.516828 286.000000 319.600000
743.970580 286.000000 319.600000
746.028307 286.000000 319.600000
747.944006 286.000000 319.600000
749.089226 286.000000 308.400000
750.614497 286.000000 308.400000
752.645289 286.000000 308.400000
754.527995 286.000000 308.400000
755.641326 286.000000 308.400000
756.777646 286.000000 308.400000
758.064443 286.000000 308.400000
760.085600 286.000000 308.400000
761.990380 286.000000 308.400000
763.056271 286.000000 302.800000
764.593670 286.000000 302.800000
765.901459 286.000000 302.800000
767.225435 286.000000 302.800000
768.558757 286.000000 302.800000
769.712599 286.000000 302.800000
771.024118 286.000000 302.800000
772.214945 286.000000 302.800000
773.896797 286.000000 302.800000
775.816566 286.000000 302.800000
777.356393 286.000000 302.800000
779.414289 286.000000 302.800000
781.326448 286.000000 302.800000
783.220473 286.000000 302.800000
784.324605 286.000000 302.800000
785.726894 286.000000 302.800000
786.755394 286.000000 302.800000
787.791449 286.000000 302.800000
789.797688 286.000000 302.800000
790.894990 286.000000 302.800000
792.005200 286.000000 302.800000
793.513084 286.000000 302.800000
794.520303 286.000000 302.800000
795.714743 286.000000 302.800000
797.234891 286.000000 302.800000
798.617509 286.000000 302.800000
799.622910 286.000000 302.800000
