0 581.2 0.26369 300 0
0 579.2 0.387844 1
0 558.8 0.507456 1
0 500.8 0.627828 1
0 342 0.746461 1
0 330.8 0.969282 1
0 302.8 1.21599 2
0 291.6 1.33521 2
0 286 1.49402 2
0 280.4 1.95638 9
0 274.8 2.14697 9
0 269.2 2.62278 9
0 252.4 3.0152 9
0 252.4 9.41439 300 82
0 252.4 21.4484 300 82
0 252.4 30.0851 300 82
0 252.4 41.6871 300 88
0 252.4 53.1786 300 88
0 252.4 63.7787 300 88
0 252.4 76.6173 300 88
0 252.4 86.7562 300 88
0 252.4 96.7758 300 88
0 252.4 106.848 300 88
0 252.4 117.44 300 89
0 252.4 127.686 300 89
0 252.4 137.489 300 89
0 252.4 149.015 300 89
0 252.4 163.579 300 89
0 252.4 175.181 300 89
0 252.4 184.904 300 89
0 252.4 194.572 300 89
0 252.4 204.327 300 89
0 252.4 214.302 300 89
0 252.4 227.506 300 89
0 252.4 236.272 300 89
0 252.4 249.493 300 89
0 252.4 260.937 300 89
0 252.4 270.418 300 89
0 252.4 278.993 300 89
0 252.4 288.546 300 89
0 252.4 298.249 300 89
0 252.4 310.213 300 89
0 252.4 319.95 300 89
0 252.4 331.877 300 89
0 246.8 341.293 89
0 246.8 346.652 300 89
0 246.8 356.94 300 89
0 246.8 367.348 300 89
0 246.8 375.641 300 89
0 246.8 380.387 300 89
0 246.8 388.142 300 89
0 246.8 399.314 300 89
0 246.8 406.772 300 89
0 246.8 421.012 300 89
0 246.8 433.22 300 89
0 246.8 443.231 300 89
0 246.8 454.256 300 89
0 246.8 462.154 300 89
0 246.8 472.638 300 89
0 246.8 482.467 300 89
0 246.8 493.242 300 89
0 246.8 503.929 300 89
0 246.8 518.537 300 89
0 246.8 531.289 300 89
0 246.8 542.368 300 89
0 246.8 553.518 300 89
0 246.8 561.202 300 89
0 246.8 573.983 300 89
0 246.8 587.653 300 89
0 246.8 596.338 300 89
0 246.8 603.248 300 89
0 246.8 614.851 300 89
0 246.8 624.503 300 89
0 246.8 632.538 300 89
0 246.8 641.975 300 89
0 246.8 651.256 300 89
0 246.8 660.834 300 89
0 246.8 670.429 300 89
0 246.8 682.072 300 89
0 246.8 693.127 300 89
0 246.8 701.967 300 89
0 246.8 711.179 300 89
0 246.8 722.891 300 89
0 246.8 733.508 300 89
0 246.8 740.732 300 89
0 246.8 750.241 300 89
0 246.8 761.909 300 89
0 246.8 772.692 300 89
0 246.8 781.687 300 89
0 246.8 793.507 300 89
