0.009310 762.000000 762.000000
1.009753 412.800000 463.200000
2.009789 412.800000 571.600000
3.009926 412.800000 560.400000
4.010357 412.800000 412.800000
5.010663 412.800000 496.800000
6.010734 407.200000 429.600000
7.011604 407.200000 661.200000
8.013172 407.200000 485.600000
9.014388 407.200000 538.000000
10.014425 407.200000 480.000000
11.014750 407.200000 412.800000
12.015076 407.200000 504.400000
13.015600 407.200000 420.400000
14.015746 407.200000 571.600000
15.015832 407.200000 437.200000
16.021602 407.200000 767.600000
17.021776 407.200000 454.000000
18.023160 407.200000 468.800000
19.023889 407.200000 414.800000
20.024398 407.200000 487.600000
21.024926 407.200000 435.200000
22.025663 407.200000 491.200000
23.025992 407.200000 508.000000
24.026578 407.200000 429.600000
25.027817 407.200000 480.000000
26.027830 407.200000 407.200000
27.028012 407.200000 543.600000
28.028144 407.200000 463.200000
29.028474 407.200000 465.200000
30.028621 407.200000 515.600000
31.029222 407.200000 463.200000
32.029359 407.200000 496.800000
33.032004 407.200000 424.000000
34.032966 407.200000 767.600000
35.033146 407.200000 442.800000
36.033303 407.200000 448.400000
37.034248 407.200000 519.200000
38.034510 407.200000 457.600000
39.034837 407.200000 532.400000
40.035047 407.200000 498.800000
41.035263 407.200000 407.200000
42.035681 407.200000 414.800000
43.035690 407.200000 491.200000
44.035850 407.200000 549.200000
45.036371 403.600000 515.600000
46.037137 403.600000 502.400000
47.037528 403.600000 412.800000
48.037680 403.600000 440.800000
49.038002 403.600000 452.000000
50.038090 403.600000 650.000000
51.038778 403.600000 661.200000
52.038789 403.600000 480.000000
53.039082 403.600000 504.400000
54.039185 403.600000 526.800000
55.039960 403.600000 418.400000
56.040401 403.600000 457.600000
57.040605 403.600000 457.600000
58.041000 403.600000 480.000000
59.043472 403.600000 491.200000
60.043854 403.600000 446.400000
61.044007 390.400000 390.400000
62.044146 390.400000 412.800000
63.044582 390.400000 424.000000
64.045506 390.400000 424.000000
65.045677 390.400000 491.200000
66.045834 390.400000 459.600000
67.053389 390.400000 661.200000
68.053404 390.400000 429.600000
69.053644 390.400000 454.000000
70.054203 390.400000 526.800000
71.056217 390.400000 577.200000
72.056762 390.400000 485.600000
73.057352 390.400000 440.800000
74.059328 390.400000 767.600000
75.059879 390.400000 496.800000
76.060628 390.400000 515.600000
77.061511 390.400000 431.600000
78.061660 390.400000 543.600000
79.062206 390.400000 474.400000
80.062359 390.400000 510.000000
81.062920 390.400000 558.400000
82.062963 390.400000 424.000000
83.063572 390.400000 577.200000
84.065728 390.400000 773.200000
85.065952 390.400000 541.600000
86.067196 390.400000 407.200000
87.067691 390.400000 666.800000
88.067849 390.400000 485.600000
89.073539 390.400000 767.600000
90.074802 390.400000 577.200000
91.075093 390.400000 532.400000
92.075124 390.400000 515.600000
93.075749 390.400000 571.600000
94.075779 390.400000 454.000000
95.075847 390.400000 745.200000
96.076693 390.400000 526.800000
97.076801 390.400000 599.600000
98.076916 390.400000 459.600000
99.078020 390.400000 431.600000
100.078134 390.400000 424.000000
101.078199 390.400000 459.600000
102.078259 390.400000 504.400000
103.079622 390.400000 510.000000
104.079814 390.400000 526.800000
105.079895 390.400000 401.600000
106.080129 390.400000 485.600000
107.080770 390.400000 463.200000
108.080822 390.400000 446.400000
109.081468 390.400000 566.000000
110.082156 390.400000 487.600000
111.084751 390.400000 519.200000
112.085329 390.400000 457.600000
113.085727 390.400000 515.600000
114.085838 390.400000 426.000000
115.085922 390.400000 424.000000
116.086547 390.400000 530.400000
117.086764 390.400000 418.400000
118.087649 390.400000 482.000000
119.088730 390.400000 515.600000
120.089062 390.400000 532.400000
121.089119 390.400000 457.600000
122.089735 390.400000 526.800000
123.090042 390.400000 508.000000
124.090203 390.400000 420.400000
125.091050 390.400000 424.000000
126.092054 390.400000 431.600000
127.092533 390.400000 474.400000
128.093020 390.400000 493.200000
129.093446 390.400000 407.200000
130.093932 390.400000 426.000000
131.093936 390.400000 407.200000
132.094338 390.400000 616.400000
133.094874 390.400000 476.400000
134.095160 390.400000 554.800000
135.095693 390.400000 666.800000
136.095698 390.400000 463.200000
137.095927 390.400000 468.800000
138.096168 390.400000 435.200000
139.097965 390.400000 655.600000
140.098194 390.400000 465.200000
141.098271 390.400000 446.400000
142.098696 390.400000 491.200000
143.098870 390.400000 476.400000
144.099274 390.400000 429.600000
145.099452 390.400000 487.600000
146.099664 390.400000 463.200000
147.099753 390.400000 429.600000
148.099813 390.400000 487.600000
149.100054 390.400000 440.800000
150.100604 390.400000 700.400000
151.103089 390.400000 767.600000
152.103723 390.400000 524.800000
153.103817 390.400000 566.000000
154.103824 390.400000 420.400000
155.103946 390.400000 599.600000
156.104002 390.400000 440.800000
157.104320 390.400000 457.600000
158.104919 390.400000 487.600000
159.105381 390.400000 463.200000
160.105448 390.400000 498.800000
161.105555 390.400000 412.800000
162.105629 390.400000 470.800000
163.106032 390.400000 407.200000
164.106393 390.400000 424.000000
165.106800 390.400000 491.200000
166.107683 390.400000 440.800000
167.107920 390.400000 474.400000
168.108016 390.400000 457.600000
169.108188 390.400000 465.200000
170.108255 390.400000 504.400000
171.110218 390.400000 762.000000
172.110581 390.400000 465.200000
173.110629 390.400000 515.600000
174.111366 390.400000 666.800000
175.111722 390.400000 485.600000
176.112088 390.400000 496.800000
177.112120 390.400000 418.400000
178.112185 390.400000 437.200000
179.112567 390.400000 571.600000
180.112763 390.400000 429.600000
181.112853 390.400000 480.000000
182.113286 390.400000 435.200000
183.113411 390.400000 480.000000
184.113580 390.400000 407.200000
185.113883 390.400000 596.000000
186.114059 390.400000 457.600000
187.114089 390.400000 446.400000
188.115056 390.400000 616.400000
189.115252 390.400000 767.600000
190.115724 390.400000 407.200000
191.115884 390.400000 474.400000
192.116087 390.400000 554.800000
193.116171 390.400000 465.200000
194.116242 390.400000 440.800000
195.116625 390.400000 571.600000
196.116973 390.400000 515.600000
197.117558 390.400000 519.200000
198.117756 390.400000 493.200000
199.118078 390.400000 468.800000
200.118078 390.400000 496.800000
201.118182 390.400000 414.800000
202.118955 390.400000 446.400000
203.119810 390.400000 454.000000
204.120147 390.400000 454.000000
205.121195 390.400000 521.200000
206.121231 390.400000 513.600000
207.121319 390.400000 448.400000
208.121746 390.400000 420.400000
209.122107 390.400000 412.800000
210.122181 390.400000 468.800000
211.123042 390.400000 778.800000
212.130970 390.400000 767.600000
213.130984 390.400000 504.400000
214.131428 390.400000 407.200000
215.131672 390.400000 480.000000
216.132909 390.400000 498.800000
217.133842 390.400000 526.800000
218.134337 390.400000 418.400000
219.134521 390.400000 482.000000
220.135027 390.400000 524.800000
221.135279 390.400000 418.400000
222.135279 390.400000 491.200000
223.135502 390.400000 459.600000
224.139057 390.400000 767.600000
225.139162 390.400000 773.200000
226.139334 390.400000 549.200000
227.139457 390.400000 429.600000
228.140043 390.400000 526.800000
229.140616 390.400000 571.600000
230.140943 390.400000 504.400000
231.141338 390.400000 480.000000
232.141490 390.400000 571.600000
233.143605 390.400000 452.000000
234.143683 390.400000 470.800000
235.144275 390.400000 510.000000
236.144282 390.400000 429.600000
237.144411 390.400000 510.000000
238.144784 390.400000 448.400000
239.148870 390.400000 784.400000
240.148960 390.400000 442.800000
241.149003 390.400000 482.000000
242.149213 390.400000 463.200000
243.149537 390.400000 655.600000
244.150358 390.400000 459.600000
245.150737 390.400000 530.400000
246.151118 390.400000 452.000000
247.151662 390.400000 582.800000
248.151754 390.400000 487.600000
249.152087 390.400000 476.400000
250.152139 390.400000 577.200000
251.152335 390.400000 468.800000
252.152859 390.400000 491.200000
253.152891 390.400000 491.200000
254.152918 390.400000 521.200000
255.152952 390.400000 504.400000
256.154283 390.400000 448.400000
257.155486 390.400000 496.800000
258.156369 390.400000 412.800000
259.157355 390.400000 412.800000
260.157663 390.400000 426.000000
261.157672 390.400000 463.200000
262.159832 390.400000 480.000000
263.160755 390.400000 414.800000
264.161902 390.400000 536.000000
265.161994 390.400000 498.800000
266.162413 390.400000 543.600000
267.162872 390.400000 493.200000
268.162991 390.400000 496.800000
269.163131 390.400000 414.800000
270.163220 390.400000 474.400000
271.163229 390.400000 474.400000
272.163247 390.400000 426.000000
273.164377 390.400000 431.600000
274.165060 390.400000 446.400000
275.165099 390.400000 532.400000
276.166035 390.400000 560.400000
277.166193 390.400000 482.000000
278.166272 390.400000 429.600000
279.167134 390.400000 454.000000
280.167277 390.400000 566.000000
281.167564 390.400000 496.800000
282.167588 390.400000 532.400000
283.168999 390.400000 470.800000
284.169001 390.400000 586.400000
285.169074 390.400000 498.800000
286.170117 390.400000 491.200000
287.171228 390.400000 508.000000
288.171300 390.400000 510.000000
289.171638 390.400000 480.000000
290.171767 390.400000 519.200000
291.175094 390.400000 446.400000
292.176480 390.400000 552.800000
293.176801 390.400000 513.600000
294.176903 390.400000 414.800000
295.177823 390.400000 650.000000
296.178540 390.400000 424.000000
297.182855 390.400000 482.000000
298.184025 390.400000 767.600000
299.184375 390.400000 435.200000
300.185285 390.400000 463.200000
301.185466 390.400000 610.800000
302.187663 390.400000 672.400000
303.187992 390.400000 480.000000
304.188178 390.400000 504.400000
305.188317 390.400000 599.600000
306.188623 390.400000 457.600000
307.188669 390.400000 412.800000
308.188863 390.400000 446.400000
309.189265 390.400000 446.400000
310.190944 390.400000 442.800000
311.191600 390.400000 508.000000
312.192101 390.400000 491.200000
313.192922 390.400000 459.600000
314.193465 390.400000 429.600000
315.196963 390.400000 474.400000
316.197458 390.400000 457.600000
317.198389 390.400000 442.800000
318.198751 390.400000 429.600000
319.199181 390.400000 532.400000
320.199349 390.400000 496.800000
321.200063 390.400000 409.200000
322.200250 390.400000 412.800000
323.200586 390.400000 496.800000
324.205014 390.400000 521.200000
325.205646 390.400000 661.200000
326.207095 390.400000 526.800000
327.207457 390.400000 493.200000
328.208173 390.400000 412.800000
329.208288 390.400000 519.200000
330.209117 390.400000 515.600000
331.209340 390.400000 538.000000
332.211381 390.400000 412.800000
333.211501 390.400000 412.800000
334.211742 390.400000 446.400000
335.212380 390.400000 457.600000
336.212675 390.400000 412.800000
337.213061 390.400000 465.200000
338.213186 390.400000 519.200000
339.214108 390.400000 463.200000
340.214128 390.400000 457.600000
341.214220 390.400000 468.800000
342.214469 390.400000 554.800000
343.216397 390.400000 463.200000
344.216962 390.400000 566.000000
345.217817 390.400000 498.800000
346.219583 390.400000 616.400000
347.220106 390.400000 429.600000
348.221377 390.400000 396.000000
349.221650 390.400000 526.800000
350.223325 390.400000 485.600000
351.225491 390.400000 661.200000
352.225682 390.400000 442.800000
353.226296 390.400000 594.000000
354.226329 390.400000 468.800000
355.226905 390.400000 515.600000
356.227052 390.400000 549.200000
357.228714 390.400000 407.200000
358.231685 390.400000 543.600000
359.232888 390.400000 474.400000
360.233428 390.400000 610.800000
361.233777 390.400000 463.200000
362.234383 390.400000 412.800000
363.234908 390.400000 487.600000
364.235966 390.400000 485.600000
365.235998 390.400000 554.800000
366.236139 390.400000 465.200000
367.236391 390.400000 521.200000
368.236494 390.400000 510.000000
369.236608 390.400000 396.000000
370.237086 390.400000 459.600000
371.237909 390.400000 508.000000
372.238285 390.400000 482.000000
373.239000 390.400000 454.000000
374.239180 390.400000 538.000000
375.239434 390.400000 571.600000
376.240653 390.400000 440.800000
377.241364 390.400000 476.400000
378.241722 390.400000 440.800000
379.242206 390.400000 543.600000
380.243058 390.400000 414.800000
381.243257 390.400000 605.200000
382.243286 390.400000 426.000000
383.244110 390.400000 778.800000
384.244737 390.400000 560.400000
385.245372 390.400000 424.000000
386.246347 390.400000 560.400000
387.246410 390.400000 549.200000
388.246431 390.400000 515.600000
389.246705 390.400000 474.400000
390.247814 390.400000 407.200000
391.247945 390.400000 429.600000
392.248362 390.400000 582.800000
393.249000 390.400000 519.200000
394.249721 390.400000 485.600000
395.249772 390.400000 496.800000
396.251708 390.400000 454.000000
397.253042 390.400000 493.200000
398.253341 390.400000 485.600000
399.253694 390.400000 474.400000
400.254979 390.400000 543.600000
401.256679 390.400000 734.000000
402.256966 390.400000 442.800000
403.257551 390.400000 407.200000
404.257602 390.400000 485.600000
405.257968 390.400000 487.600000
406.258288 390.400000 482.000000
407.258558 390.400000 496.800000
408.258996 390.400000 465.200000
409.259905 390.400000 468.800000
410.260661 390.400000 424.000000
411.260690 390.400000 549.200000
412.260894 390.400000 519.200000
413.261161 390.400000 446.400000
414.261259 390.400000 476.400000
415.261797 390.400000 549.200000
416.262330 390.400000 424.000000
417.263808 390.400000 588.400000
418.263868 390.400000 543.600000
419.264273 390.400000 504.400000
420.264490 390.400000 440.800000
421.264900 390.400000 414.800000
422.265195 390.400000 470.800000
423.265607 390.400000 508.000000
424.265733 390.400000 521.200000
425.266532 390.400000 442.800000
426.266728 390.400000 762.000000
427.266742 390.400000 504.400000
428.267087 390.400000 496.800000
429.267604 390.400000 543.600000
430.267790 390.400000 457.600000
431.267976 390.400000 530.400000
432.268577 390.400000 426.000000
433.269377 390.400000 485.600000
434.269773 390.400000 745.200000
435.269870 390.400000 412.800000
436.270269 390.400000 474.400000
437.270353 390.400000 515.600000
438.271840 390.400000 508.000000
439.271899 390.400000 566.000000
440.272059 390.400000 502.400000
441.272122 390.400000 515.600000
442.272213 390.400000 454.000000
443.272575 390.400000 524.800000
444.272799 390.400000 459.600000
445.273173 390.400000 543.600000
446.273816 390.400000 435.200000
447.274088 390.400000 446.400000
448.274804 390.400000 666.800000
449.275765 390.400000 463.200000
450.275798 390.400000 435.200000
451.276504 390.400000 517.600000
452.277249 390.400000 459.600000
453.277377 390.400000 496.800000
454.277617 390.400000 412.800000
455.278194 390.400000 437.200000
456.278415 390.400000 521.200000
457.280063 390.400000 655.600000
458.280876 390.400000 420.400000
459.281513 390.400000 407.200000
460.281736 390.400000 476.400000
461.281824 390.400000 493.200000
462.282118 390.400000 418.400000
463.282383 390.400000 498.800000
464.282750 390.400000 424.000000
465.284015 390.400000 526.800000
466.284374 390.400000 498.800000
467.286124 390.400000 452.000000
468.286193 390.400000 407.200000
469.287030 390.400000 543.600000
470.287642 390.400000 448.400000
471.287750 390.400000 407.200000
472.288168 390.400000 482.000000
473.289306 390.400000 588.400000
474.289340 390.400000 571.600000
475.290071 390.400000 454.000000
476.290274 390.400000 519.200000
477.294010 390.400000 767.600000
478.294075 390.400000 465.200000
479.294446 390.400000 407.200000
480.294466 390.400000 566.000000
481.295189 390.400000 459.600000
482.295385 390.400000 480.000000
483.295826 390.400000 448.400000
484.296349 390.400000 767.600000
485.296744 390.400000 446.400000
486.297469 390.400000 470.800000
487.298442 390.400000 496.800000
488.299567 390.400000 502.400000
489.300205 390.400000 571.600000
490.301728 390.400000 446.400000
491.302668 390.400000 767.600000
492.302677 390.400000 532.400000
493.303344 390.400000 440.800000
494.303488 390.400000 571.600000
495.304030 390.400000 401.600000
496.304610 390.400000 435.200000
497.307028 390.400000 412.800000
498.307185 390.400000 513.600000
499.307577 390.400000 463.200000
500.307844 390.400000 571.600000
501.308391 390.400000 412.800000
502.308965 390.400000 457.600000
503.308996 390.400000 493.200000
504.309484 390.400000 474.400000
505.309551 390.400000 407.200000
506.309978 390.400000 508.000000
507.310038 390.400000 442.800000
508.310315 390.400000 446.400000
509.310373 390.400000 571.600000
510.311474 390.400000 412.800000
511.312794 390.400000 538.000000
512.312964 390.400000 446.400000
513.313508 390.400000 482.000000
514.314582 390.400000 502.400000
515.315209 390.400000 655.600000
516.315255 390.400000 452.000000
517.316756 390.400000 538.000000
518.317117 390.400000 409.200000
519.318962 390.400000 767.600000
520.319456 390.400000 437.200000
521.319536 390.400000 496.800000
522.320217 390.400000 448.400000
523.320844 390.400000 504.400000
524.320990 390.400000 493.200000
525.321809 390.400000 485.600000
526.325933 390.400000 767.600000
527.326840 390.400000 424.000000
528.326852 390.400000 480.000000
529.326919 390.400000 739.600000
530.327120 390.400000 496.800000
531.327213 390.400000 446.400000
532.327790 390.400000 426.000000
533.327926 390.400000 435.200000
534.328873 390.400000 418.400000
535.329893 390.400000 650.000000
536.330047 390.400000 426.000000
537.330359 390.400000 549.200000
538.330928 390.400000 418.400000
539.331575 390.400000 588.400000
540.331942 390.400000 672.400000
541.332133 390.400000 504.400000
542.332196 390.400000 463.200000
543.333462 390.400000 661.200000
544.333617 390.400000 463.200000
545.336116 390.400000 521.200000
546.338060 390.400000 543.600000
547.338461 390.400000 474.400000
548.338664 390.400000 412.800000
549.338772 390.400000 519.200000
550.339305 390.400000 418.400000
551.339492 390.400000 508.000000
552.339649 390.400000 485.600000
553.340967 390.400000 429.600000
554.341343 390.400000 543.600000
555.341540 390.400000 661.200000
556.341899 390.400000 496.800000
557.342001 390.400000 491.200000
558.342142 390.400000 412.800000
559.342263 390.400000 532.400000
560.342429 390.400000 485.600000
561.342797 390.400000 446.400000
562.343393 390.400000 457.600000
563.345342 390.400000 429.600000
564.345531 390.400000 470.800000
565.345566 390.400000 476.400000
566.346117 390.400000 504.400000
567.346466 390.400000 485.600000
568.349379 390.400000 508.000000
569.349645 390.400000 485.600000
570.349990 390.400000 429.600000
571.350475 390.400000 463.200000
572.350571 390.400000 429.600000
573.351123 390.400000 482.000000
574.351465 390.400000 493.200000
575.351930 390.400000 414.800000
576.352054 390.400000 482.000000
577.352207 390.400000 412.800000
578.352498 390.400000 496.800000
579.352533 390.400000 407.200000
580.353619 390.400000 412.800000
581.353943 390.400000 485.600000
582.354251 390.400000 468.800000
583.354725 390.400000 498.800000
584.354730 390.400000 532.400000
585.354998 390.400000 515.600000
586.355097 390.400000 554.800000
587.355431 390.400000 412.800000
588.356070 390.400000 468.800000
589.356925 390.400000 452.000000
590.357413 390.400000 498.800000
591.357905 390.400000 429.600000
592.358087 390.400000 521.200000
593.358248 390.400000 468.800000
594.360797 390.400000 474.400000
595.361024 390.400000 566.000000
596.361245 390.400000 468.800000
597.361562 390.400000 582.800000
598.361931 390.400000 594.000000
599.362214 390.400000 482.000000
600.362598 390.400000 508.000000
601.365485 390.400000 588.400000
602.366184 390.400000 452.000000
603.366214 390.400000 407.200000
604.367252 390.400000 778.800000
605.367697 390.400000 435.200000
606.367729 390.400000 622.000000
607.368502 390.400000 504.400000
608.368804 390.400000 429.600000
609.368883 390.400000 482.000000
610.370580 390.400000 437.200000
611.370638 390.400000 401.600000
612.374411 390.400000 543.600000
613.374498 390.400000 412.800000
614.375058 390.400000 767.600000
615.375139 390.400000 538.000000
616.376012 390.400000 429.600000
617.376303 390.400000 412.800000
618.377119 390.400000 418.400000
619.379077 390.400000 465.200000
620.379582 390.400000 521.200000
621.379812 390.400000 510.000000
622.384493 390.400000 474.400000
623.384691 390.400000 412.800000
624.384974 390.400000 510.000000
625.385063 390.400000 521.200000
626.385144 390.400000 480.000000
627.385478 390.400000 420.400000
628.386921 390.400000 594.000000
629.387684 390.400000 510.000000
630.387769 390.400000 508.000000
631.387954 390.400000 418.400000
632.388523 390.400000 429.600000
633.388890 390.400000 504.400000
634.389468 390.400000 452.000000
635.390601 390.400000 476.400000
636.390958 390.400000 429.600000
637.391013 390.400000 452.000000
638.391142 390.400000 420.400000
639.392266 390.400000 502.400000
640.392374 390.400000 482.000000
641.392898 390.400000 487.600000
642.393484 390.400000 435.200000
643.393869 390.400000 582.800000
644.394023 390.400000 468.800000
645.394564 390.400000 468.800000
646.395030 390.400000 515.600000
647.395229 390.400000 491.200000
648.397531 390.400000 470.800000
649.397899 390.400000 418.400000
650.399094 390.400000 452.000000
651.399172 390.400000 435.200000
652.399647 390.400000 418.400000
653.400444 390.400000 457.600000
654.401712 390.400000 594.000000
655.402051 390.400000 502.400000
656.402780 390.400000 440.800000
657.402959 390.400000 459.600000
658.403883 390.400000 498.800000
659.403988 390.400000 543.600000
660.405039 390.400000 650.000000
661.406185 390.400000 491.200000
662.410456 390.400000 440.800000
663.410488 390.400000 465.200000
664.411275 390.400000 532.400000
665.411540 390.400000 485.600000
666.413878 390.400000 530.400000
667.414470 390.400000 424.000000
668.416700 390.400000 496.800000
669.416820 390.400000 513.600000
670.417431 390.400000 463.200000
671.417735 390.400000 496.800000
672.418194 390.400000 476.400000
673.419563 390.400000 463.200000
674.419623 390.400000 554.800000
675.419741 390.400000 470.800000
676.419785 390.400000 515.600000
677.420938 390.400000 485.600000
678.420961 390.400000 566.000000
679.421106 390.400000 566.000000
680.421223 390.400000 468.800000
681.421499 390.400000 526.800000
682.422041 390.400000 435.200000
683.422535 390.400000 566.000000
684.422890 390.400000 435.200000
685.423027 390.400000 510.000000
686.423329 390.400000 767.600000
687.423897 390.400000 424.000000
688.425022 390.400000 554.800000
689.425273 390.400000 465.200000
690.426254 390.400000 577.200000
691.426730 390.400000 530.400000
692.430001 390.400000 513.600000
693.430693 390.400000 650.000000
694.431840 390.400000 655.600000
695.432032 390.400000 487.600000
696.432774 390.400000 502.400000
697.433003 390.400000 418.400000
698.433938 390.400000 554.800000
699.434057 390.400000 463.200000
700.434599 390.400000 480.000000
701.435033 390.400000 459.600000
702.435828 390.400000 566.000000
703.437041 390.400000 543.600000
704.437368 390.400000 418.400000
705.437963 390.400000 418.400000
706.438051 390.400000 594.000000
707.441015 390.400000 504.400000
708.441162 390.400000 474.400000
709.443922 390.400000 493.200000
710.444005 390.400000 530.400000
711.444482 390.400000 440.800000
712.444641 390.400000 437.200000
713.444845 390.400000 424.000000
714.444947 390.400000 429.600000
715.445037 390.400000 412.800000
716.445559 390.400000 496.800000
717.446506 390.400000 480.000000
718.446572 390.400000 508.000000
719.446797 390.400000 412.800000
720.447184 390.400000 493.200000
721.448662 390.400000 440.800000
722.449061 390.400000 474.400000
723.449144 390.400000 424.000000
724.449476 390.400000 474.400000
725.450160 390.400000 448.400000
726.450351 390.400000 435.200000
727.451584 390.400000 424.000000
728.451615 390.400000 610.800000
729.451699 390.400000 435.200000
730.452011 390.400000 502.400000
731.452597 390.400000 412.800000
732.453053 390.400000 412.800000
733.454427 390.400000 414.800000
734.457321 390.400000 571.600000
735.457740 390.400000 543.600000
736.458711 390.400000 448.400000
737.459051 390.400000 508.000000
738.459778 390.400000 482.000000
739.459833 390.400000 403.600000
740.460571 390.400000 515.600000
741.461819 390.400000 734.000000
742.462323 390.400000 480.000000
743.464698 390.400000 773.200000
744.465832 390.400000 435.200000
745.465936 390.400000 440.800000
746.465978 390.400000 474.400000
747.466580 390.400000 452.000000
748.466616 390.400000 409.200000
749.466733 390.400000 554.800000
750.467192 390.400000 437.200000
751.467264 390.400000 485.600000
752.467563 390.400000 778.800000
753.467833 390.400000 577.200000
754.469128 390.400000 592.000000
755.469637 390.400000 452.000000
756.470079 390.400000 493.200000
757.471372 390.400000 549.200000
758.472018 390.400000 412.800000
759.472856 390.400000 493.200000
760.473191 390.400000 465.200000
761.473416 390.400000 474.400000
762.474493 390.400000 414.800000
763.474678 390.400000 435.200000
764.475408 390.400000 476.400000
765.475892 390.400000 491.200000
766.476271 390.400000 474.400000
767.476282 390.400000 496.800000
768.476805 390.400000 482.000000
769.477563 390.400000 521.200000
770.477764 390.400000 412.800000
771.478379 390.400000 452.000000
772.479619 390.400000 491.200000
773.480315 390.400000 468.800000
774.481423 390.400000 521.200000
775.481589 390.400000 532.400000
776.481778 390.400000 401.600000
777.482482 390.400000 420.400000
778.482532 390.400000 566.000000
779.482836 390.400000 446.400000
780.482953 390.400000 431.600000
781.483019 390.400000 474.400000
782.483070 390.400000 440.800000
783.483767 390.400000 431.600000
784.484672 390.400000 566.000000
785.484746 390.400000 661.200000
786.485128 390.400000 541.600000
787.485761 390.400000 424.000000
788.486319 390.400000 463.200000
789.488581 390.400000 440.800000
790.488910 390.400000 485.600000
791.489231 390.400000 412.800000
792.489280 390.400000 459.600000
793.489468 390.400000 418.400000
794.489764 390.400000 412.800000
795.489820 390.400000 513.600000
796.490544 390.400000 446.400000
797.491172 390.400000 666.800000
798.491530 390.400000 485.600000
799.491852 390.400000 513.600000
