0.012882 745.200000 745.200000
1.013219 407.200000 496.800000
2.013486 407.200000 594.000000
3.013589 407.200000 435.200000
4.014743 407.200000 750.800000
5.015016 407.200000 560.400000
6.015537 407.200000 482.000000
7.015619 407.200000 424.000000
8.015743 407.200000 459.600000
9.015930 407.200000 431.600000
10.016294 407.200000 463.200000
11.016592 407.200000 487.600000
12.017679 407.200000 532.400000
13.017911 407.200000 412.800000
14.017982 407.200000 442.800000
15.018727 401.600000 502.400000
16.021633 401.600000 778.800000
17.022128 401.600000 412.800000
18.022391 401.600000 558.400000
19.022534 401.600000 476.400000
20.022769 401.600000 457.600000
21.023361 401.600000 454.000000
22.023587 401.600000 532.400000
23.024038 401.600000 459.600000
24.024131 401.600000 521.200000
25.024599 401.600000 566.000000
26.025018 401.600000 496.800000
27.025049 401.600000 429.600000
28.025096 401.600000 440.800000
29.025692 401.600000 480.000000
30.025920 401.600000 543.600000
31.027019 401.600000 418.400000
32.027576 401.600000 655.600000
33.028162 401.600000 465.200000
34.028298 401.600000 418.400000
35.028732 401.600000 510.000000
36.028819 401.600000 468.800000
37.029968 401.600000 446.400000
38.032098 401.600000 745.200000
39.032675 401.600000 463.200000
40.032699 401.600000 480.000000
41.032818 401.600000 412.800000
42.033048 401.600000 543.600000
43.037327 401.600000 767.600000
44.037943 401.600000 666.800000
45.038580 401.600000 549.200000
46.038664 401.600000 582.800000
47.039339 401.600000 549.200000
48.040104 401.600000 457.600000
49.040206 401.600000 409.200000
50.041174 401.600000 526.800000
51.041325 401.600000 440.800000
52.041814 401.600000 504.400000
53.041895 401.600000 476.400000
54.042075 401.600000 513.600000
55.042275 401.600000 468.800000
56.042878 401.600000 582.800000
57.043330 401.600000 407.200000
58.045322 401.600000 564.000000
59.045462 401.600000 429.600000
60.046177 401.600000 470.800000
61.047326 401.600000 650.000000
62.047421 401.600000 504.400000
63.047579 401.600000 424.000000
64.047663 401.600000 442.800000
65.047682 401.600000 476.400000
66.047899 401.600000 470.800000
67.047902 401.600000 442.800000
68.048428 401.600000 577.200000
69.048622 401.600000 418.400000
70.048686 401.600000 418.400000
71.048980 401.600000 566.000000
72.049030 401.600000 418.400000
73.049039 401.600000 577.200000
74.049072 401.600000 412.800000
75.049656 401.600000 543.600000
76.049667 401.600000 767.600000
77.049864 401.600000 463.200000
78.050084 401.600000 482.000000
79.050235 401.600000 463.200000
80.050390 401.600000 480.000000
81.051089 401.600000 554.800000
82.051177 401.600000 605.200000
83.051699 401.600000 491.200000
84.051905 401.600000 588.400000
85.052992 401.600000 633.200000
86.054133 401.600000 496.800000
87.055317 401.600000 560.400000
88.056614 401.600000 508.000000
89.056707 401.600000 491.200000
90.056734 401.600000 510.000000
91.057594 401.600000 532.400000
92.057930 396.000000 480.000000
93.058732 396.000000 426.000000
94.059366 396.000000 655.600000
95.059711 396.000000 412.800000
96.059785 396.000000 463.200000
97.059946 396.000000 524.800000
98.061553 396.000000 412.800000
99.061795 396.000000 496.800000
100.061887 396.000000 476.400000
101.062459 396.000000 672.400000
102.062495 396.000000 480.000000
103.062709 396.000000 633.200000
104.064020 390.400000 426.000000
105.064048 390.400000 538.000000
106.064483 390.400000 424.000000
107.066671 390.400000 442.800000
108.066737 390.400000 526.800000
109.067797 390.400000 407.200000
110.068260 390.400000 418.400000
111.068478 390.400000 424.000000
112.068766 390.400000 543.600000
113.069401 390.400000 577.200000
114.071652 390.400000 515.600000
115.071707 390.400000 508.000000
116.072361 390.400000 442.800000
117.072490 390.400000 412.800000
118.076610 390.400000 750.800000
119.077726 390.400000 424.000000
120.078322 390.400000 424.000000
121.078905 390.400000 448.400000
122.079274 390.400000 476.400000
123.080898 390.400000 491.200000
124.080973 390.400000 463.200000
125.081181 390.400000 566.000000
126.081488 390.400000 739.600000
127.081523 390.400000 515.600000
128.082286 390.400000 412.800000
129.082584 390.400000 396.000000
130.083148 390.400000 452.000000
131.083737 390.400000 409.200000
132.084638 390.400000 452.000000
133.084967 390.400000 577.200000
134.085114 390.400000 480.000000
135.085511 390.400000 599.600000
136.087063 390.400000 510.000000
137.087249 390.400000 493.200000
138.087679 390.400000 452.000000
139.087963 390.400000 575.200000
140.088616 390.400000 412.800000
141.088705 390.400000 429.600000
142.090812 390.400000 689.200000
143.090912 390.400000 498.800000
144.091224 390.400000 519.200000
145.093311 390.400000 409.200000
146.094894 390.400000 424.000000
147.095275 390.400000 599.600000
148.095586 390.400000 431.600000
149.096106 390.400000 474.400000
150.097136 390.400000 412.800000
151.097667 390.400000 487.600000
152.097802 390.400000 465.200000
153.098183 390.400000 508.000000
154.098297 390.400000 440.800000
155.099092 390.400000 493.200000
156.099143 390.400000 650.000000
157.099156 390.400000 459.600000
158.099333 390.400000 672.400000
159.100155 390.400000 538.000000
160.100513 390.400000 549.200000
161.101145 390.400000 440.800000
162.101324 390.400000 418.400000
163.103098 390.400000 655.600000
164.104281 390.400000 437.200000
165.104343 390.400000 424.000000
166.104861 390.400000 435.200000
167.107013 390.400000 778.800000
168.108141 390.400000 513.600000
169.108646 390.400000 577.200000
170.108854 390.400000 482.000000
171.109539 390.400000 666.800000
172.109540 390.400000 508.000000
173.110501 390.400000 482.000000
174.111031 390.400000 435.200000
175.117392 390.400000 767.600000
176.118078 390.400000 457.600000
177.118707 390.400000 524.800000
178.119248 390.400000 412.800000
179.123996 390.400000 767.600000
180.124068 390.400000 524.800000
181.124115 390.400000 396.000000
182.124511 390.400000 412.800000
183.124792 390.400000 532.400000
184.125534 390.400000 459.600000
185.125842 390.400000 571.600000
186.127848 390.400000 566.000000
187.128101 390.400000 426.000000
188.128419 390.400000 543.600000
189.129156 390.400000 521.200000
190.130202 390.400000 418.400000
191.130924 390.400000 577.200000
192.131607 390.400000 476.400000
193.132161 390.400000 429.600000
194.132288 390.400000 446.400000
195.132795 390.400000 407.200000
196.132967 390.400000 515.600000
197.134042 390.400000 409.200000
198.134647 390.400000 521.200000
199.135941 390.400000 480.000000
200.136451 390.400000 418.400000
201.137122 390.400000 418.400000
202.137186 390.400000 414.800000
203.137610 390.400000 463.200000
204.138024 390.400000 459.600000
205.138135 390.400000 560.400000
206.138691 390.400000 418.400000
207.140220 390.400000 493.200000
208.141963 390.400000 767.600000
209.142161 390.400000 459.600000
210.143245 390.400000 424.000000
211.143600 390.400000 429.600000
212.143629 390.400000 412.800000
213.143643 390.400000 452.000000
214.143711 390.400000 420.400000
215.144455 390.400000 442.800000
216.144778 390.400000 424.000000
217.145390 390.400000 521.200000
218.147974 390.400000 750.800000
219.148636 390.400000 463.200000
220.148716 390.400000 487.600000
221.150047 390.400000 519.200000
222.150463 390.400000 532.400000
223.152959 390.400000 773.200000
224.153280 390.400000 566.000000
225.153674 390.400000 554.800000
226.153895 390.400000 480.000000
227.156031 390.400000 470.800000
228.156185 390.400000 622.000000
229.156513 390.400000 487.600000
230.157615 390.400000 452.000000
231.159460 390.400000 457.600000
232.166405 390.400000 767.600000
233.166803 390.400000 457.600000
234.167942 390.400000 463.200000
235.168241 390.400000 521.200000
236.168857 390.400000 448.400000
237.168894 390.400000 452.000000
238.169273 390.400000 510.000000
239.169370 390.400000 454.000000
240.170208 390.400000 426.000000
241.172210 390.400000 666.800000
242.172715 390.400000 474.400000
243.172768 390.400000 435.200000
244.173372 390.400000 778.800000
245.173832 390.400000 526.800000
246.174792 390.400000 457.600000
247.174963 390.400000 440.800000
248.174992 390.400000 515.600000
249.175638 390.400000 412.800000
250.175815 390.400000 474.400000
251.176236 390.400000 493.200000
252.176663 390.400000 412.800000
253.176686 390.400000 424.000000
254.176840 390.400000 448.400000
255.177315 390.400000 435.200000
256.177440 390.400000 502.400000
257.178383 390.400000 442.800000
258.178761 390.400000 424.000000
259.179817 390.400000 465.200000
260.180445 390.400000 504.400000
261.180777 390.400000 510.000000
262.186438 390.400000 778.800000
263.187129 390.400000 498.800000
264.187168 390.400000 442.800000
265.187699 390.400000 414.800000
266.187808 390.400000 582.800000
267.188277 390.400000 452.000000
268.188490 390.400000 504.400000
269.189612 390.400000 474.400000
270.189649 390.400000 496.800000
271.190076 390.400000 468.800000
272.192309 390.400000 429.600000
273.195567 390.400000 502.400000
274.195632 390.400000 508.000000
275.196001 390.400000 403.600000
276.196435 390.400000 554.800000
277.196751 390.400000 407.200000
278.196803 390.400000 476.400000
279.209170 390.400000 767.600000
280.209299 390.400000 519.200000
281.209486 390.400000 580.800000
282.210221 390.400000 661.200000
283.210277 390.400000 412.800000
284.211292 390.400000 502.400000
285.211963 390.400000 515.600000
286.212127 390.400000 474.400000
287.212174 390.400000 549.200000
288.212865 390.400000 476.400000
289.212970 390.400000 526.800000
290.213195 390.400000 407.200000
291.213400 390.400000 407.200000
292.213473 390.400000 543.600000
293.214073 390.400000 554.800000
294.214677 390.400000 463.200000
295.215105 390.400000 496.800000
296.215175 390.400000 452.000000
297.215396 390.400000 414.800000
298.215911 390.400000 496.800000
299.216486 390.400000 487.600000
300.216751 390.400000 470.800000
301.217726 390.400000 515.600000
302.217956 390.400000 515.600000
303.218000 390.400000 426.000000
304.218481 390.400000 582.800000
305.218893 390.400000 463.200000
306.218926 390.400000 412.800000
307.219024 390.400000 549.200000
308.220705 390.400000 767.600000
309.220937 390.400000 496.800000
310.221265 390.400000 468.800000
311.221682 390.400000 424.000000
312.222240 390.400000 504.400000
313.222721 390.400000 566.000000
314.222800 390.400000 420.400000
315.222808 390.400000 549.200000
316.224120 390.400000 650.000000
317.224431 390.400000 418.400000
318.225018 390.400000 457.600000
319.225248 390.400000 571.600000
320.225609 390.400000 470.800000
321.225916 390.400000 521.200000
322.226102 390.400000 521.200000
323.226615 390.400000 661.200000
324.226685 390.400000 526.800000
325.227799 390.400000 463.200000
326.228003 390.400000 498.800000
327.228231 390.400000 412.800000
328.228701 390.400000 655.600000
329.229452 390.400000 750.800000
330.229783 390.400000 454.000000
331.230378 390.400000 412.800000
332.230426 390.400000 650.000000
333.230579 390.400000 767.600000
334.230762 390.400000 538.000000
335.231643 390.400000 538.000000
336.232075 390.400000 510.000000
337.232288 390.400000 420.400000
338.232466 390.400000 577.200000
339.237380 390.400000 773.200000
340.237741 390.400000 420.400000
341.237872 390.400000 532.400000
342.237919 390.400000 496.800000
343.238019 390.400000 412.800000
344.238662 390.400000 474.400000
345.238679 390.400000 446.400000
346.238691 390.400000 470.800000
347.238711 390.400000 515.600000
348.239113 390.400000 515.600000
349.244894 390.400000 773.200000
350.245006 390.400000 627.600000
351.245156 390.400000 554.800000
352.245793 390.400000 457.600000
353.246352 390.400000 414.800000
354.247350 390.400000 498.800000
355.247561 390.400000 431.600000
356.248160 390.400000 502.400000
357.248287 390.400000 429.600000
358.248357 390.400000 474.400000
359.248592 390.400000 412.800000
360.249136 390.400000 498.800000
361.252405 390.400000 605.200000
362.252879 390.400000 448.400000
363.253527 390.400000 457.600000
364.254374 390.400000 530.400000
365.254896 390.400000 429.600000
366.255031 390.400000 480.000000
367.255057 390.400000 532.400000
368.255358 390.400000 407.200000
369.255699 390.400000 429.600000
370.256002 390.400000 485.600000
371.256294 390.400000 463.200000
372.256480 390.400000 554.800000
373.257045 390.400000 491.200000
374.257219 390.400000 446.400000
375.257642 390.400000 778.800000
376.258171 390.400000 694.800000
377.258626 390.400000 491.200000
378.262121 390.400000 610.800000
379.263568 390.400000 661.200000
380.265100 390.400000 468.800000
381.266249 390.400000 414.800000
382.266449 390.400000 407.200000
383.267895 390.400000 485.600000
384.269013 390.400000 435.200000
385.269390 390.400000 412.800000
386.269750 390.400000 463.200000
387.270829 390.400000 412.800000
388.271024 390.400000 431.600000
389.271776 390.400000 454.000000
390.272658 390.400000 429.600000
391.272722 390.400000 446.400000
392.276140 390.400000 767.600000
393.276443 390.400000 491.200000
394.276699 390.400000 532.400000
395.276858 390.400000 541.600000
396.277985 390.400000 457.600000
397.278455 390.400000 549.200000
398.279119 390.400000 468.800000
399.279370 390.400000 502.400000
400.279462 390.400000 526.800000
401.279975 390.400000 418.400000
402.280605 390.400000 502.400000
403.281595 390.400000 498.800000
404.281819 390.400000 424.000000
405.283895 390.400000 773.200000
406.283939 390.400000 409.200000
407.284199 390.400000 496.800000
408.289378 390.400000 773.200000
409.289680 390.400000 513.600000
410.289783 390.400000 538.000000
411.289834 390.400000 508.000000
412.290447 390.400000 412.800000
413.290585 390.400000 571.600000
414.290762 390.400000 577.200000
415.291295 390.400000 452.000000
416.291478 390.400000 424.000000
417.291502 390.400000 407.200000
418.291630 390.400000 452.000000
419.291669 390.400000 521.200000
420.292523 390.400000 491.200000
421.293448 390.400000 459.600000
422.293953 390.400000 412.800000
423.294561 390.400000 401.600000
424.294970 390.400000 566.000000
425.295288 390.400000 418.400000
426.295428 390.400000 510.000000
427.295452 390.400000 549.200000
428.296460 390.400000 762.000000
429.296549 390.400000 452.000000
430.297327 390.400000 420.400000
431.297345 390.400000 571.600000
432.297778 390.400000 485.600000
433.298025 390.400000 437.200000
434.298042 390.400000 599.600000
435.298118 390.400000 566.000000
436.298803 390.400000 480.000000
437.299139 390.400000 491.200000
438.300237 390.400000 526.800000
439.300442 390.400000 474.400000
440.301476 390.400000 424.000000
441.302432 390.400000 452.000000
442.303017 390.400000 435.200000
443.303712 390.400000 424.000000
444.304192 390.400000 412.800000
445.304565 390.400000 463.200000
446.304898 390.400000 504.400000
447.304987 390.400000 459.600000
448.305468 390.400000 474.400000
449.305632 390.400000 426.000000
450.306747 390.400000 412.800000
451.306904 390.400000 457.600000
452.307490 390.400000 554.800000
453.308018 390.400000 661.200000
454.309073 384.800000 420.400000
455.309887 384.800000 457.600000
456.310979 384.800000 502.400000
457.311024 384.800000 446.400000
458.312232 384.800000 564.000000
459.312758 384.800000 485.600000
460.312873 384.800000 468.800000
461.313073 384.800000 571.600000
462.313389 384.800000 424.000000
463.313510 384.800000 454.000000
464.313543 384.800000 487.600000
465.315300 384.800000 678.000000
466.317451 384.800000 409.200000
467.318725 384.800000 549.200000
468.319402 384.800000 420.400000
469.320492 384.800000 510.000000
470.320700 384.800000 412.800000
471.322056 384.800000 530.400000
472.322758 384.800000 485.600000
473.323419 384.800000 666.800000
474.324132 384.800000 496.800000
475.324233 384.800000 773.200000
476.324441 384.800000 646.400000
477.325550 384.800000 739.600000
478.325865 384.800000 418.400000
479.330966 384.800000 767.600000
480.331606 384.800000 474.400000
481.333364 384.800000 463.200000
482.334197 384.800000 577.200000
483.334718 384.800000 429.600000
484.334766 384.800000 465.200000
485.336043 384.800000 414.800000
486.338817 384.800000 470.800000
487.339188 384.800000 412.800000
488.339418 384.800000 412.800000
489.340104 384.800000 407.200000
490.340460 384.800000 480.000000
491.340931 384.800000 577.200000
492.343611 384.800000 767.600000
493.343789 384.800000 459.600000
494.344942 384.800000 504.400000
495.348431 384.800000 474.400000
496.349197 384.800000 526.800000
497.349360 384.800000 442.800000
498.349855 384.800000 407.200000
499.350441 384.800000 498.800000
500.351001 384.800000 440.800000
501.352670 384.800000 513.600000
502.352848 384.800000 549.200000
503.356657 384.800000 412.800000
504.357589 384.800000 396.000000
505.359607 384.800000 424.000000
506.360879 384.800000 510.000000
507.361101 384.800000 491.200000
508.361190 384.800000 448.400000
509.362608 384.800000 599.600000
510.363957 384.800000 418.400000
511.364394 384.800000 412.800000
512.364702 384.800000 426.000000
513.365019 384.800000 526.800000
514.365171 384.800000 510.000000
515.365546 384.800000 448.400000
516.365927 384.800000 521.200000
517.366754 384.800000 452.000000
518.366899 384.800000 510.000000
519.367007 384.800000 577.200000
520.367021 384.800000 498.800000
521.367494 384.800000 429.600000
522.368198 384.800000 560.400000
523.368585 384.800000 454.000000
524.368865 384.800000 496.800000
525.368965 384.800000 414.800000
526.369223 384.800000 532.400000
527.370060 384.800000 470.800000
528.370350 384.800000 442.800000
529.370402 384.800000 474.400000
530.372025 384.800000 446.400000
531.372221 384.800000 454.000000
532.373010 384.800000 526.800000
533.373200 384.800000 666.800000
534.373356 384.800000 519.200000
535.373474 384.800000 580.800000
536.373940 384.800000 407.200000
537.374157 384.800000 521.200000
538.374678 384.800000 538.000000
539.380349 384.800000 773.200000
540.380576 384.800000 532.400000
541.381017 384.800000 515.600000
542.381032 384.800000 465.200000
543.381692 384.800000 476.400000
544.381745 384.800000 575.200000
545.382243 384.800000 407.200000
546.382637 384.800000 513.600000
547.382731 384.800000 459.600000
548.384244 384.800000 773.200000
549.384792 384.800000 566.000000
550.384858 384.800000 526.800000
551.385029 384.800000 480.000000
552.386732 384.800000 424.000000
553.386896 384.800000 465.200000
554.387684 384.800000 442.800000
555.388070 384.800000 457.600000
556.390455 384.800000 650.000000
557.390726 384.800000 566.000000
558.390733 384.800000 566.000000
559.391296 384.800000 424.000000
560.391537 384.800000 452.000000
561.396175 384.800000 767.600000
562.396589 384.800000 463.200000
563.396670 384.800000 412.800000
564.397077 384.800000 412.800000
565.397260 384.800000 414.800000
566.397716 384.800000 429.600000
567.398037 384.800000 554.800000
568.398518 384.800000 424.000000
569.398796 384.800000 498.800000
570.401070 384.800000 599.600000
571.401414 384.800000 446.400000
572.402249 384.800000 666.800000
573.403832 384.800000 459.600000
574.404151 384.800000 435.200000
575.404571 384.800000 435.200000
576.406765 384.800000 655.600000
577.406829 384.800000 424.000000
578.408322 384.800000 508.000000
579.408732 384.800000 446.400000
580.410269 384.800000 482.000000
581.410480 384.800000 560.400000
582.411464 384.800000 446.400000
583.411670 384.800000 560.400000
584.412411 384.800000 418.400000
585.412961 384.800000 463.200000
586.414018 384.800000 767.600000
587.414080 384.800000 571.600000
588.414307 384.800000 524.800000
589.414691 384.800000 491.200000
590.415238 384.800000 510.000000
591.415354 384.800000 468.800000
592.415711 384.800000 424.000000
593.416101 384.800000 491.200000
594.416555 384.800000 672.400000
595.417004 384.800000 498.800000
596.417455 384.800000 627.600000
597.419791 384.800000 437.200000
598.420199 384.800000 778.800000
599.424273 384.800000 767.600000
600.424281 384.800000 463.200000
601.425127 384.800000 485.600000
602.425405 384.800000 442.800000
603.425857 384.800000 521.200000
604.426297 384.800000 396.000000
605.426518 384.800000 412.800000
606.427226 384.800000 470.800000
607.427690 384.800000 429.600000
608.427834 384.800000 429.600000
609.428757 384.800000 773.200000
610.429034 384.800000 504.400000
611.437604 384.800000 767.600000
612.437721 384.800000 457.600000
613.438078 384.800000 543.600000
614.439301 384.800000 762.000000
615.439621 384.800000 571.600000
616.440181 384.800000 418.400000
617.440788 384.800000 463.200000
618.440881 384.800000 418.400000
619.441020 384.800000 463.200000
620.441363 384.800000 750.800000
621.441548 384.800000 491.200000
622.442091 384.800000 420.400000
623.443505 384.800000 566.000000
624.444675 384.800000 538.000000
625.447729 384.800000 502.400000
626.447857 384.800000 457.600000
627.448220 384.800000 407.200000
628.451443 384.800000 414.800000
629.452696 384.800000 577.200000
630.452713 384.800000 530.400000
631.453708 384.800000 424.000000
632.454554 384.800000 554.800000
633.454675 384.800000 762.000000
634.455472 384.800000 571.600000
635.456077 384.800000 424.000000
636.456925 384.800000 582.800000
637.457266 384.800000 773.200000
638.458406 384.800000 496.800000
639.458428 384.800000 513.600000
640.459048 384.800000 524.800000
641.459520 384.800000 485.600000
642.460037 384.800000 480.000000
643.460568 384.800000 424.000000
644.460619 384.800000 480.000000
645.463024 384.800000 571.600000
646.463277 384.800000 476.400000
647.464523 384.800000 437.200000
648.464820 384.800000 463.200000
649.467030 384.800000 435.200000
650.467358 384.800000 521.200000
651.467974 384.800000 429.600000
652.468057 384.800000 412.800000
653.468660 384.800000 502.400000
654.469277 384.800000 502.400000
655.469392 384.800000 502.400000
656.469606 384.800000 407.200000
657.469668 384.800000 666.800000
658.469818 384.800000 508.000000
659.469885 384.800000 491.200000
660.473016 384.800000 457.600000
661.473668 384.800000 440.800000
662.481834 384.800000 773.200000
663.482759 384.800000 463.200000
664.484401 384.800000 650.000000
665.484579 384.800000 454.000000
666.484975 384.800000 582.800000
667.485185 384.800000 519.200000
668.485478 384.800000 474.400000
669.485807 384.800000 526.800000
670.485810 384.800000 496.800000
671.485826 384.800000 407.200000
672.486414 384.800000 541.600000
673.486632 384.800000 560.400000
674.486774 384.800000 426.000000
675.490442 384.800000 491.200000
676.490767 384.800000 476.400000
677.491004 384.800000 487.600000
678.491011 384.800000 521.200000
679.491189 384.800000 465.200000
680.491463 384.800000 554.800000
681.491797 384.800000 429.600000
682.492008 384.800000 429.600000
683.496832 384.800000 773.200000
684.497349 384.800000 407.200000
685.498427 384.800000 515.600000
686.498933 384.800000 426.000000
687.500121 384.800000 519.200000
688.500128 384.800000 457.600000
689.500596 384.800000 412.800000
690.503540 384.800000 532.400000
691.503814 384.800000 762.000000
692.504020 384.800000 577.200000
693.504112 384.800000 519.200000
694.504872 384.800000 538.000000
695.505264 384.800000 457.600000
696.505471 384.800000 465.200000
697.505496 384.800000 491.200000
698.505542 384.800000 487.600000
699.506511 384.800000 435.200000
700.507603 384.800000 431.600000
701.507812 384.800000 437.200000
702.513856 384.800000 666.800000
703.514073 384.800000 493.200000
704.514644 384.800000 454.000000
705.514761 384.800000 487.600000
706.515217 384.800000 446.400000
707.516318 384.800000 526.800000
708.517207 384.800000 407.200000
709.517210 384.800000 526.800000
710.517695 384.800000 482.000000
711.518573 384.800000 480.000000
712.519826 384.800000 480.000000
713.520559 384.800000 420.400000
714.521053 384.800000 446.400000
715.521304 384.800000 498.800000
716.521454 384.800000 424.000000
717.521695 384.800000 526.800000
718.521812 384.800000 491.200000
719.521837 384.800000 470.800000
720.522297 384.800000 418.400000
721.522837 384.800000 431.600000
722.523217 384.800000 610.800000
723.523747 384.800000 435.200000
724.524069 384.800000 468.800000
725.524145 384.800000 672.400000
726.526423 384.800000 470.800000
727.531853 384.800000 773.200000
728.532248 384.800000 474.400000
729.532961 384.800000 485.600000
730.533311 384.800000 498.800000
731.533829 384.800000 412.800000
732.534380 384.800000 496.800000
733.534524 384.800000 468.800000
734.534809 384.800000 482.000000
735.535720 384.800000 470.800000
736.535733 384.800000 549.200000
737.535902 384.800000 429.600000
738.536007 384.800000 482.000000
739.536360 384.800000 454.000000
740.536801 384.800000 485.600000
741.536961 384.800000 470.800000
742.537243 384.800000 582.800000
743.538478 384.800000 661.200000
744.538592 384.800000 459.600000
745.538608 384.800000 538.000000
746.538776 384.800000 610.800000
747.539965 384.800000 493.200000
748.540700 384.800000 470.800000
749.541681 384.800000 515.600000
750.541839 384.800000 694.800000
751.542050 384.800000 431.600000
752.542267 384.800000 452.000000
753.542892 384.800000 418.400000
754.543128 384.800000 582.800000
755.543179 384.800000 480.000000
756.543212 384.800000 566.000000
757.543628 384.800000 538.000000
758.545248 384.800000 513.600000
759.545372 384.800000 424.000000
760.545843 384.800000 767.600000
761.545995 384.800000 457.600000
762.546926 384.800000 519.200000
763.547959 384.800000 474.400000
764.548001 384.800000 498.800000
765.548703 384.800000 480.000000
766.549023 384.800000 610.800000
767.549299 384.800000 424.000000
768.549426 384.800000 446.400000
769.549486 384.800000 661.200000
770.549648 384.800000 435.200000
771.550225 384.800000 616.400000
772.550773 384.800000 482.000000
773.551072 384.800000 510.000000
774.551124 384.800000 435.200000
775.551626 384.800000 549.200000
776.552156 384.800000 457.600000
777.552368 384.800000 435.200000
778.552583 384.800000 767.600000
779.552911 384.800000 424.000000
780.552987 384.800000 474.400000
781.553227 384.800000 431.600000
782.553532 384.800000 412.800000
783.559361 384.800000 778.800000
784.559671 384.800000 412.800000
785.559985 384.800000 412.800000
786.560633 384.800000 452.000000
787.561397 384.800000 778.800000
788.563705 384.800000 519.200000
789.564053 384.800000 437.200000
790.564633 384.800000 424.000000
791.567701 384.800000 767.600000
792.567887 384.800000 435.200000
793.568171 384.800000 435.200000
794.568199 384.800000 412.800000
795.568894 384.800000 493.200000
796.569493 384.800000 582.800000
797.569699 384.800000 457.600000
798.570221 384.800000 414.800000
799.570245 384.800000 496.800000
