0.000294 71.200000 71.200000
1.000295 71.200000 71.200000
2.000308 71.200000 71.200000
3.000314 71.200000 71.200000
4.000323 71.200000 71.200000
5.000328 71.200000 71.200000
6.000328 71.200000 71.200000
7.000344 71.200000 71.200000
8.000348 71.200000 71.200000
9.000359 71.200000 71.200000
10.000361 71.200000 71.200000
11.000365 71.200000 71.200000
12.000376 71.200000 71.200000
13.000380 71.200000 71.200000
14.000383 71.200000 71.200000
15.000422 71.200000 71.200000
16.000423 71.200000 71.200000
17.000431 71.200000 71.200000
18.000433 71.200000 71.200000
19.000434 71.200000 71.200000
20.000437 71.200000 71.200000
21.000437 71.200000 71.200000
22.000497 71.200000 71.200000
23.000498 71.200000 71.200000
24.000499 71.200000 71.200000
25.000501 71.200000 71.200000
26.000501 71.200000 71.200000
27.000509 71.200000 71.200000
28.000509 71.200000 71.200000
29.000511 71.200000 71.200000
30.000513 71.200000 71.200000
31.000514 71.200000 71.200000
32.000515 71.200000 71.200000
33.000516 71.200000 71.200000
34.000516 71.200000 71.200000
35.000517 71.200000 71.200000
36.000517 71.200000 71.200000
37.000520 71.200000 71.200000
38.000520 71.200000 71.200000
39.000530 71.200000 71.200000
40.000531 71.200000 71.200000
41.000531 71.200000 71.200000
42.000531 71.200000 71.200000
43.000533 71.200000 71.200000
44.000540 71.200000 71.200000
45.000550 71.200000 71.200000
46.000559 71.200000 71.200000
47.000562 71.200000 71.200000
48.000563 71.200000 71.200000
49.000567 71.200000 71.200000
50.000567 71.200000 71.200000
51.000576 71.200000 71.200000
52.000578 71.200000 71.200000
53.000588 71.200000 71.200000
54.000589 71.200000 71.200000
55.000590 71.200000 71.200000
56.000591 71.200000 71.200000
57.000591 71.200000 71.200000
58.000591 71.200000 71.200000
59.000591 71.200000 71.200000
60.000591 71.200000 71.200000
61.000592 71.200000 71.200000
62.000595 71.200000 71.200000
63.000598 71.200000 71.200000
64.000603 71.200000 71.200000
65.000608 71.200000 71.200000
66.000609 71.200000 71.200000
67.000609 71.200000 71.200000
68.000609 71.200000 71.200000
69.000618 71.200000 71.200000
70.000619 71.200000 71.200000
71.000619 71.200000 71.200000
72.000625 71.200000 71.200000
73.000678 71.200000 71.200000
74.000680 71.200000 71.200000
75.000680 71.200000 71.200000
76.000682 71.200000 71.200000
77.000691 71.200000 71.200000
78.000697 71.200000 71.200000
79.000765 71.200000 71.200000
80.000765 71.200000 71.200000
81.000789 71.200000 71.200000
82.000795 71.200000 71.200000
83.000798 71.200000 71.200000
84.000798 71.200000 71.200000
85.000802 71.200000 71.200000
86.000803 71.200000 71.200000
87.000803 71.200000 71.200000
88.000805 71.200000 71.200000
89.000810 71.200000 71.200000
90.000810 71.200000 71.200000
91.000823 71.200000 71.200000
92.000831 71.200000 71.200000
93.000836 71.200000 71.200000
94.000836 71.200000 71.200000
95.000836 71.200000 71.200000
96.000836 71.200000 71.200000
97.000836 71.200000 71.200000
98.000836 71.200000 71.200000
99.000836 71.200000 71.200000
100.000836 71.200000 71.200000
101.000837 71.200000 71.200000
102.000837 71.200000 71.200000
103.000837 71.200000 71.200000
104.000838 71.200000 71.200000
105.000838 71.200000 71.200000
106.000845 71.200000 71.200000
107.000847 71.200000 71.200000
108.000884 71.200000 71.200000
109.000887 71.200000 71.200000
110.000887 71.200000 71.200000
111.000887 71.200000 71.200000
112.000892 71.200000 71.200000
113.000892 71.200000 71.200000
114.000892 71.200000 71.200000
115.000894 71.200000 71.200000
116.000906 71.200000 71.200000
117.000926 71.200000 71.200000
118.000926 71.200000 71.200000
119.000935 71.200000 71.200000
120.000938 71.200000 71.200000
121.000938 71.200000 71.200000
122.000938 71.200000 71.200000
123.000939 71.200000 71.200000
124.000939 71.200000 71.200000
125.000965 71.200000 71.200000
126.000968 71.200000 71.200000
127.000970 71.200000 71.200000
128.000970 71.200000 71.200000
129.000972 71.200000 71.200000
130.000973 71.200000 71.200000
131.000973 71.200000 71.200000
132.000975 71.200000 71.200000
133.000984 71.200000 71.200000
134.000984 71.200000 71.200000
135.000996 71.200000 71.200000
136.000996 71.200000 71.200000
137.000997 71.200000 71.200000
138.000997 71.200000 71.200000
139.001006 71.200000 71.200000
140.001007 71.200000 71.200000
141.001014 71.200000 71.200000
142.001014 71.200000 71.200000
143.001022 71.200000 71.200000
144.001025 71.200000 71.200000
145.001025 71.200000 71.200000
146.001029 71.200000 71.200000
147.001032 71.200000 71.200000
148.001034 71.200000 71.200000
149.001035 71.200000 71.200000
150.001035 71.200000 71.200000
151.001035 71.200000 71.200000
152.001035 71.200000 71.200000
153.001035 71.200000 71.200000
154.001038 71.200000 71.200000
155.001038 71.200000 71.200000
156.001038 71.200000 71.200000
157.001038 71.200000 71.200000
158.001042 71.200000 71.200000
159.001043 71.200000 71.200000
160.001043 71.200000 71.200000
161.001043 71.200000 71.200000
162.001045 71.200000 71.200000
163.001045 71.200000 71.200000
164.001046 71.200000 71.200000
165.001058 71.200000 71.200000
166.001062 71.200000 71.200000
167.001062 71.200000 71.200000
168.001064 71.200000 71.200000
169.001072 71.200000 71.200000
170.001079 71.200000 71.200000
171.001084 71.200000 71.200000
172.001084 71.200000 71.200000
173.001084 71.200000 71.200000
174.001086 71.200000 71.200000
175.001086 71.200000 71.200000
176.001089 71.200000 71.200000
177.001092 71.200000 71.200000
178.001094 71.200000 71.200000
179.001094 71.200000 71.200000
180.001094 71.200000 71.200000
181.001094 71.200000 71.200000
182.001098 71.200000 71.200000
183.001099 71.200000 71.200000
184.001101 71.200000 71.200000
185.001115 71.200000 71.200000
186.001117 71.200000 71.200000
187.001117 71.200000 71.200000
188.001131 71.200000 71.200000
189.001133 71.200000 71.200000
190.001136 71.200000 71.200000
191.001136 71.200000 71.200000
192.001141 71.200000 71.200000
193.001142 71.200000 71.200000
194.001152 71.200000 71.200000
195.001154 71.200000 71.200000
196.001159 71.200000 71.200000
197.001159 71.200000 71.200000
198.001159 71.200000 71.200000
199.001159 71.200000 71.200000
200.001159 71.200000 71.200000
201.001160 71.200000 71.200000
202.001170 71.200000 71.200000
203.001172 71.200000 71.200000
204.001179 71.200000 71.200000
205.001180 71.200000 71.200000
206.001180 71.200000 71.200000
207.001189 71.200000 71.200000
208.001189 71.200000 71.200000
209.001203 71.200000 71.200000
210.001205 71.200000 71.200000
211.001209 71.200000 71.200000
212.001210 71.200000 71.200000
213.001210 71.200000 71.200000
214.001218 71.200000 71.200000
215.001219 71.200000 71.200000
216.001219 71.200000 71.200000
217.001219 71.200000 71.200000
218.001219 71.200000 71.200000
219.001223 71.200000 71.200000
220.001227 71.200000 71.200000
221.001299 71.200000 71.200000
222.001335 71.200000 71.200000
223.001350 71.200000 71.200000
224.001351 71.200000 71.200000
225.001355 71.200000 71.200000
226.001356 71.200000 71.200000
227.001359 71.200000 71.200000
228.001361 71.200000 71.200000
229.001363 71.200000 71.200000
230.001363 71.200000 71.200000
231.001373 71.200000 71.200000
232.001373 71.200000 71.200000
233.001377 71.200000 71.200000
234.001379 71.200000 71.200000
235.001379 71.200000 71.200000
236.001422 71.200000 71.200000
237.001434 71.200000 71.200000
238.001435 71.200000 71.200000
239.001435 71.200000 71.200000
240.001435 71.200000 71.200000
241.001449 71.200000 71.200000
242.001451 71.200000 71.200000
243.001452 71.200000 71.200000
244.001458 71.200000 71.200000
245.001458 71.200000 71.200000
246.001466 71.200000 71.200000
247.001481 71.200000 71.200000
248.001481 71.200000 71.200000
249.001481 71.200000 71.200000
250.001481 71.200000 71.200000
251.001489 71.200000 71.200000
252.001491 71.200000 71.200000
253.001492 71.200000 71.200000
254.001492 71.200000 71.200000
255.001494 71.200000 71.200000
256.001495 71.200000 71.200000
257.001497 71.200000 71.200000
258.001497 71.200000 71.200000
259.001498 71.200000 71.200000
260.001498 71.200000 71.200000
261.001504 71.200000 71.200000
262.001505 71.200000 71.200000
263.001506 71.200000 71.200000
264.001514 71.200000 71.200000
265.001517 71.200000 71.200000
266.001518 71.200000 71.200000
267.001518 71.200000 71.200000
268.001520 71.200000 71.200000
269.001522 71.200000 71.200000
270.001525 71.200000 71.200000
271.001548 71.200000 71.200000
272.001551 71.200000 71.200000
273.001553 71.200000 71.200000
274.001553 71.200000 71.200000
275.001553 71.200000 71.200000
276.001563 71.200000 71.200000
277.001563 71.200000 71.200000
278.001563 71.200000 71.200000
279.001563 71.200000 71.200000
280.001568 71.200000 71.200000
281.001631 71.200000 71.200000
282.001631 71.200000 71.200000
283.001631 71.200000 71.200000
284.001631 71.200000 71.200000
285.001644 71.200000 71.200000
286.001644 71.200000 71.200000
287.001645 71.200000 71.200000
288.001647 71.200000 71.200000
289.001647 71.200000 71.200000
290.001650 71.200000 71.200000
291.001652 71.200000 71.200000
292.001653 71.200000 71.200000
293.001663 71.200000 71.200000
294.001666 71.200000 71.200000
295.001666 71.200000 71.200000
296.001669 71.200000 71.200000
297.001682 71.200000 71.200000
298.001694 71.200000 71.200000
299.001695 71.200000 71.200000
300.001697 71.200000 71.200000
301.001705 71.200000 71.200000
302.001705 71.200000 71.200000
303.001712 71.200000 71.200000
304.001757 71.200000 71.200000
305.001757 71.200000 71.200000
306.001797 71.200000 71.200000
307.001813 71.200000 71.200000
308.001813 71.200000 71.200000
309.001820 71.200000 71.200000
310.001823 71.200000 71.200000
311.001823 71.200000 71.200000
312.001834 71.200000 71.200000
313.001847 71.200000 71.200000
314.001849 71.200000 71.200000
315.001858 71.200000 71.200000
316.001870 71.200000 71.200000
317.001870 71.200000 71.200000
318.001870 71.200000 71.200000
319.001872 71.200000 71.200000
320.001876 71.200000 71.200000
321.001877 71.200000 71.200000
322.001879 71.200000 71.200000
323.001881 71.200000 71.200000
324.001882 71.200000 71.200000
325.001889 71.200000 71.200000
326.001890 71.200000 71.200000
327.001931 71.200000 71.200000
328.001934 71.200000 71.200000
329.001947 71.200000 71.200000
330.001950 71.200000 71.200000
331.001950 71.200000 71.200000
332.001950 71.200000 71.200000
333.001959 71.200000 71.200000
334.001962 71.200000 71.200000
335.001962 71.200000 71.200000
336.001973 71.200000 71.200000
337.001974 71.200000 71.200000
338.001979 71.200000 71.200000
339.001983 71.200000 71.200000
340.001985 71.200000 71.200000
341.001988 71.200000 71.200000
342.001988 71.200000 71.200000
343.001988 71.200000 71.200000
344.001994 71.200000 71.200000
345.002007 71.200000 71.200000
346.002016 71.200000 71.200000
347.002027 71.200000 71.200000
348.002033 71.200000 71.200000
349.002040 71.200000 71.200000
350.002041 71.200000 71.200000
351.002045 71.200000 71.200000
352.002048 71.200000 71.200000
353.002110 71.200000 71.200000
354.002112 71.200000 71.200000
355.002114 71.200000 71.200000
356.002114 71.200000 71.200000
357.002125 71.200000 71.200000
358.002125 71.200000 71.200000
359.002127 71.200000 71.200000
360.002143 71.200000 71.200000
361.002143 71.200000 71.200000
362.002143 71.200000 71.200000
363.002144 71.200000 71.200000
364.002144 71.200000 71.200000
365.002154 71.200000 71.200000
366.002156 71.200000 71.200000
367.002165 71.200000 71.200000
368.002173 71.200000 71.200000
369.002177 71.200000 71.200000
370.002186 71.200000 71.200000
371.002207 71.200000 71.200000
372.002208 71.200000 71.200000
373.002212 71.200000 71.200000
374.002214 71.200000 71.200000
375.002229 71.200000 71.200000
376.002233 71.200000 71.200000
377.002247 71.200000 71.200000
378.002248 71.200000 71.200000
379.002250 71.200000 71.200000
380.002260 71.200000 71.200000
381.002271 71.200000 71.200000
382.002271 71.200000 71.200000
383.002272 71.200000 71.200000
384.002274 71.200000 71.200000
385.002282 71.200000 71.200000
386.002284 71.200000 71.200000
387.002299 71.200000 71.200000
388.002334 71.200000 71.200000
389.002334 71.200000 71.200000
390.002334 71.200000 71.200000
391.002347 71.200000 71.200000
392.002347 71.200000 71.200000
393.002350 71.200000 71.200000
394.002353 71.200000 71.200000
395.002367 71.200000 71.200000
396.002367 71.200000 71.200000
397.002373 71.200000 71.200000
398.002382 71.200000 71.200000
399.002412 71.200000 71.200000
400.002412 71.200000 71.200000
401.002503 71.200000 71.200000
402.002504 71.200000 71.200000
403.002504 71.200000 71.200000
404.002504 71.200000 71.200000
405.002512 71.200000 71.200000
406.002512 71.200000 71.200000
407.002513 71.200000 71.200000
408.002516 71.200000 71.200000
409.002525 71.200000 71.200000
410.002537 71.200000 71.200000
411.002537 71.200000 71.200000
412.002539 71.200000 71.200000
413.002539 71.200000 71.200000
414.002546 71.200000 71.200000
415.002546 71.200000 71.200000
416.002547 71.200000 71.200000
417.002553 71.200000 71.200000
418.002555 71.200000 71.200000
419.002555 71.200000 71.200000
420.002559 71.200000 71.200000
421.002559 71.200000 71.200000
422.002559 71.200000 71.200000
423.002571 71.200000 71.200000
424.002581 71.200000 71.200000
425.002585 71.200000 71.200000
426.002596 71.200000 71.200000
427.002598 71.200000 71.200000
428.002603 71.200000 71.200000
429.002607 71.200000 71.200000
430.002612 71.200000 71.200000
431.002612 71.200000 71.200000
432.002614 71.200000 71.200000
433.002615 71.200000 71.200000
434.002615 71.200000 71.200000
435.002617 71.200000 71.200000
436.002628 71.200000 71.200000
437.002628 71.200000 71.200000
438.002640 71.200000 71.200000
439.002655 71.200000 71.200000
440.002656 71.200000 71.200000
441.002656 71.200000 71.200000
442.002666 71.200000 71.200000
443.002671 71.200000 71.200000
444.002671 71.200000 71.200000
445.002675 71.200000 71.200000
446.002678 71.200000 71.200000
447.002681 71.200000 71.200000
448.002681 71.200000 71.200000
449.002682 71.200000 71.200000
450.002682 71.200000 71.200000
451.002682 71.200000 71.200000
452.002693 71.200000 71.200000
453.002694 71.200000 71.200000
454.002697 71.200000 71.200000
455.002697 71.200000 71.200000
456.002697 71.200000 71.200000
457.002697 71.200000 71.200000
458.002698 71.200000 71.200000
459.002698 71.200000 71.200000
460.002698 71.200000 71.200000
461.002699 71.200000 71.200000
462.002699 71.200000 71.200000
463.002703 71.200000 71.200000
464.002703 71.200000 71.200000
465.002705 71.200000 71.200000
466.002725 71.200000 71.200000
467.002725 71.200000 71.200000
468.002725 71.200000 71.200000
469.002732 71.200000 71.200000
470.002747 71.200000 71.200000
471.002750 71.200000 71.200000
472.002753 71.200000 71.200000
473.002759 71.200000 71.200000
474.002768 71.200000 71.200000
475.002768 71.200000 71.200000
476.002768 71.200000 71.200000
477.002771 71.200000 71.200000
478.002779 71.200000 71.200000
479.002780 71.200000 71.200000
480.002781 71.200000 71.200000
481.002787 71.200000 71.200000
482.002788 71.200000 71.200000
483.002788 71.200000 71.200000
484.002790 71.200000 71.200000
485.002794 71.200000 71.200000
486.002794 71.200000 71.200000
487.002797 71.200000 71.200000
488.002804 71.200000 71.200000
489.002804 71.200000 71.200000
490.002807 71.200000 71.200000
491.002809 71.200000 71.200000
492.002809 71.200000 71.200000
493.002809 71.200000 71.200000
494.002814 71.200000 71.200000
495.002816 71.200000 71.200000
496.002816 71.200000 71.200000
497.002816 71.200000 71.200000
498.002816 71.200000 71.200000
499.002817 71.200000 71.200000
500.002819 71.200000 71.200000
501.002825 71.200000 71.200000
502.002825 71.200000 71.200000
503.002826 71.200000 71.200000
504.002826 71.200000 71.200000
505.002828 71.200000 71.200000
506.002830 71.200000 71.200000
507.002831 71.200000 71.200000
508.002831 71.200000 71.200000
509.002832 71.200000 71.200000
510.002832 71.200000 71.200000
511.002834 71.200000 71.200000
512.002839 71.200000 71.200000
513.002839 71.200000 71.200000
514.002842 71.200000 71.200000
515.002843 71.200000 71.200000
516.002844 71.200000 71.200000
517.002851 71.200000 71.200000
518.002857 71.200000 71.200000
519.002861 71.200000 71.200000
520.002869 71.200000 71.200000
521.002869 71.200000 71.200000
522.002869 71.200000 71.200000
523.002869 71.200000 71.200000
524.002869 71.200000 71.200000
525.002902 71.200000 71.200000
526.002903 71.200000 71.200000
527.002956 71.200000 71.200000
528.002957 71.200000 71.200000
529.002957 71.200000 71.200000
530.002957 71.200000 71.200000
531.002970 71.200000 71.200000
532.002970 71.200000 71.200000
533.002976 71.200000 71.200000
534.002976 71.200000 71.200000
535.002976 71.200000 71.200000
536.002979 71.200000 71.200000
537.002989 71.200000 71.200000
538.002990 71.200000 71.200000
539.002995 71.200000 71.200000
540.003000 71.200000 71.200000
541.003000 71.200000 71.200000
542.003001 71.200000 71.200000
543.003001 71.200000 71.200000
544.003010 71.200000 71.200000
545.003010 71.200000 71.200000
546.003013 71.200000 71.200000
547.003014 71.200000 71.200000
548.003016 71.200000 71.200000
549.003016 71.200000 71.200000
550.003020 71.200000 71.200000
551.003031 71.200000 71.200000
552.003033 71.200000 71.200000
553.003034 71.200000 71.200000
554.003034 71.200000 71.200000
555.003034 71.200000 71.200000
556.003035 71.200000 71.200000
557.003036 71.200000 71.200000
558.003046 71.200000 71.200000
559.003048 71.200000 71.200000
560.003049 71.200000 71.200000
561.003049 71.200000 71.200000
562.003049 71.200000 71.200000
563.003051 71.200000 71.200000
564.003051 71.200000 71.200000
565.003064 71.200000 71.200000
566.003064 71.200000 71.200000
567.003065 71.200000 71.200000
568.003065 71.200000 71.200000
569.003066 71.200000 71.200000
570.003076 71.200000 71.200000
571.003078 71.200000 71.200000
572.003078 71.200000 71.200000
573.003078 71.200000 71.200000
574.003079 71.200000 71.200000
575.003082 71.200000 71.200000
576.003127 71.200000 71.200000
577.003134 71.200000 71.200000
578.003134 71.200000 71.200000
579.003134 71.200000 71.200000
580.003136 71.200000 71.200000
581.003136 71.200000 71.200000
582.003142 71.200000 71.200000
583.003143 71.200000 71.200000
584.003188 71.200000 71.200000
585.003188 71.200000 71.200000
586.003230 71.200000 71.200000
587.003232 71.200000 71.200000
588.003232 71.200000 71.200000
589.003232 71.200000 71.200000
590.003235 71.200000 71.200000
591.003237 71.200000 71.200000
592.003238 71.200000 71.200000
593.003239 71.200000 71.200000
594.003242 71.200000 71.200000
595.003245 71.200000 71.200000
596.003245 71.200000 71.200000
597.003245 71.200000 71.200000
598.003248 71.200000 71.200000
599.003277 71.200000 71.200000
600.003277 71.200000 71.200000
601.003277 71.200000 71.200000
602.003277 71.200000 71.200000
603.003281 71.200000 71.200000
604.003281 71.200000 71.200000
605.003282 71.200000 71.200000
606.003283 71.200000 71.200000
607.003283 71.200000 71.200000
608.003289 71.200000 71.200000
609.003344 71.200000 71.200000
610.003351 71.200000 71.200000
611.003352 71.200000 71.200000
612.003354 71.200000 71.200000
613.003356 71.200000 71.200000
614.003360 71.200000 71.200000
615.003361 71.200000 71.200000
616.003363 71.200000 71.200000
617.003373 71.200000 71.200000
618.003375 71.200000 71.200000
619.003378 71.200000 71.200000
620.003379 71.200000 71.200000
621.003415 71.200000 71.200000
622.003415 71.200000 71.200000
623.003416 71.200000 71.200000
624.003416 71.200000 71.200000
625.003416 71.200000 71.200000
626.003498 71.200000 71.200000
627.003501 71.200000 71.200000
628.003504 71.200000 71.200000
629.003506 71.200000 71.200000
630.003520 71.200000 71.200000
631.003527 71.200000 71.200000
632.003531 71.200000 71.200000
633.003533 71.200000 71.200000
634.003534 71.200000 71.200000
635.003539 71.200000 71.200000
636.003543 71.200000 71.200000
637.003548 71.200000 71.200000
638.003549 71.200000 71.200000
639.003549 71.200000 71.200000
640.003561 71.200000 71.200000
641.003561 71.200000 71.200000
642.003562 71.200000 71.200000
643.003562 71.200000 71.200000
644.003565 71.200000 71.200000
645.003584 71.200000 71.200000
646.003596 71.200000 71.200000
647.003598 71.200000 71.200000
648.003599 71.200000 71.200000
649.003599 71.200000 71.200000
650.003608 71.200000 71.200000
651.003621 71.200000 71.200000
652.003623 71.200000 71.200000
653.003640 71.200000 71.200000
654.003641 71.200000 71.200000
655.003641 71.200000 71.200000
656.003643 71.200000 71.200000
657.003645 71.200000 71.200000
658.003645 71.200000 71.200000
659.003649 71.200000 71.200000
660.003649 71.200000 71.200000
661.003650 71.200000 71.200000
662.003652 71.200000 71.200000
663.003657 71.200000 71.200000
664.003657 71.200000 71.200000
665.003657 71.200000 71.200000
666.003657 71.200000 71.200000
667.003668 71.200000 71.200000
668.003668 71.200000 71.200000
669.003671 71.200000 71.200000
670.003671 71.200000 71.200000
671.003674 71.200000 71.200000
672.003680 71.200000 71.200000
673.003684 71.200000 71.200000
674.003684 71.200000 71.200000
675.003684 71.200000 71.200000
676.003692 71.200000 71.200000
677.003693 71.200000 71.200000
678.003694 71.200000 71.200000
679.003746 71.200000 71.200000
680.003758 71.200000 71.200000
681.003758 71.200000 71.200000
682.003758 71.200000 71.200000
683.003764 71.200000 71.200000
684.003774 71.200000 71.200000
685.003774 71.200000 71.200000
686.003788 71.200000 71.200000
687.003799 71.200000 71.200000
688.003799 71.200000 71.200000
689.003800 71.200000 71.200000
690.003851 71.200000 71.200000
691.003852 71.200000 71.200000
692.003852 71.200000 71.200000
693.003857 71.200000 71.200000
694.003860 71.200000 71.200000
695.003860 71.200000 71.200000
696.003861 71.200000 71.200000
697.003870 71.200000 71.200000
698.003870 71.200000 71.200000
699.003870 71.200000 71.200000
700.003878 71.200000 71.200000
701.003878 71.200000 71.200000
702.003878 71.200000 71.200000
703.003881 71.200000 71.200000
704.003882 71.200000 71.200000
705.003889 71.200000 71.200000
706.003889 71.200000 71.200000
707.003891 71.200000 71.200000
708.003894 71.200000 71.200000
709.003897 71.200000 71.200000
710.003907 71.200000 71.200000
711.003911 71.200000 71.200000
712.003912 71.200000 71.200000
713.003921 71.200000 71.200000
714.003946 71.200000 71.200000
715.003946 71.200000 71.200000
716.003946 71.200000 71.200000
717.003952 71.200000 71.200000
718.003952 71.200000 71.200000
719.003955 71.200000 71.200000
720.003955 71.200000 71.200000
721.003986 71.200000 71.200000
722.004018 71.200000 71.200000
723.004048 71.200000 71.200000
724.004048 71.200000 71.200000
725.004056 71.200000 71.200000
726.004056 71.200000 71.200000
727.004057 71.200000 71.200000
728.004058 71.200000 71.200000
729.004068 71.200000 71.200000
730.004070 71.200000 71.200000
731.004071 71.200000 71.200000
732.004073 71.200000 71.200000
733.004101 71.200000 71.200000
734.004102 71.200000 71.200000
735.004105 71.200000 71.200000
736.004110 71.200000 71.200000
737.004121 71.200000 71.200000
738.004121 71.200000 71.200000
739.004127 71.200000 71.200000
740.004127 71.200000 71.200000
741.004128 71.200000 71.200000
742.004128 71.200000 71.200000
743.004132 71.200000 71.200000
744.004136 71.200000 71.200000
745.004136 71.200000 71.200000
746.004146 71.200000 71.200000
747.004146 71.200000 71.200000
748.004146 71.200000 71.200000
749.004146 71.200000 71.200000
750.004148 71.200000 71.200000
751.004148 71.200000 71.200000
752.004149 71.200000 71.200000
753.004149 71.200000 71.200000
754.004151 71.200000 71.200000
755.004156 71.200000 71.200000
756.004158 71.200000 71.200000
757.004160 71.200000 71.200000
758.004160 71.200000 71.200000
759.004163 71.200000 71.200000
760.004163 71.200000 71.200000
761.004164 71.200000 71.200000
762.004173 71.200000 71.200000
763.004183 71.200000 71.200000
764.004186 71.200000 71.200000
765.004188 71.200000 71.200000
766.004188 71.200000 71.200000
767.004226 71.200000 71.200000
768.004232 71.200000 71.200000
769.004232 71.200000 71.200000
770.004232 71.200000 71.200000
771.004241 71.200000 71.200000
772.004252 71.200000 71.200000
773.004264 71.200000 71.200000
774.004264 71.200000 71.200000
775.004264 71.200000 71.200000
776.004264 71.200000 71.200000
777.004274 71.200000 71.200000
778.004274 71.200000 71.200000
779.004274 71.200000 71.200000
780.004274 71.200000 71.200000
781.004277 71.200000 71.200000
782.004296 71.200000 71.200000
783.004304 71.200000 71.200000
784.004304 71.200000 71.200000
785.004305 71.200000 71.200000
786.004310 71.200000 71.200000
787.004310 71.200000 71.200000
788.004324 71.200000 71.200000
789.004325 71.200000 71.200000
790.004326 71.200000 71.200000
791.004328 71.200000 71.200000
792.004328 71.200000 71.200000
793.004329 71.200000 71.200000
794.004335 71.200000 71.200000
795.004363 71.200000 71.200000
796.004363 71.200000 71.200000
797.004364 71.200000 71.200000
798.004364 71.200000 71.200000
799.004365 71.200000 71.200000
