0 773.2 0.01296 300 0
0 666.8 0.018159 1
0 661.2 0.023734 1
0 532.4 0.028224 1
0 526.8 0.036796 2
0 510 0.069038 25
0 496.8 0.073898 25
0 482 0.077267 25
0 476.4 0.082822 25
0 468.8 0.090068 25
0 468.8 0.17007 300 76
0 459.6 0.18598 76
0 459.6 0.273032 300 78
0 459.6 0.401029 300 78
0 435.2 0.449454 78
0 435.2 0.531126 300 78
0 435.2 0.63274 300 78
0 429.6 0.712569 78
0 424 0.717682 78
0 420.4 0.723729 78
0 418.4 0.738874 78
0 414.8 0.761596 78
0 412.8 0.778142 78
0 412.8 0.869865 300 85
0 412.8 1.07435 300 88
0 412.8 1.20636 300 88
0 412.8 1.3695 300 88
0 412.8 1.47029 300 88
0 412.8 1.60833 300 88
0 412.8 1.78125 300 88
0 412.8 1.91762 300 88
0 412.8 2.05736 300 88
0 412.8 2.1878 300 88
0 412.8 2.28653 300 88
0 412.8 2.39021 300 88
0 407.2 2.486 88
0 407.2 2.57026 300 88
0 407.2 2.76765 300 88
0 407.2 2.91508 300 88
0 407.2 3.01807 300 88
0 407.2 3.15032 300 88
0 407.2 3.26304 300 88
0 407.2 3.37538 300 88
0 407.2 3.52132 300 88
0 407.2 3.73421 300 88
0 407.2 3.84227 300 88
0 407.2 3.9835 300 88
0 407.2 4.12526 300 88
0 407.2 4.29956 300 88
0 407.2 4.59302 300 88
0 407.2 4.78578 300 88
0 407.2 4.89874 300 88
0 407.2 5.10868 300 88
0 407.2 5.29082 300 88
0 407.2 5.54551 300 88
0 407.2 5.69311 300 88
0 407.2 5.85013 300 88
0 407.2 6.03629 300 88
0 407.2 6.22454 300 88
0 407.2 6.34788 300 88
0 407.2 6.46431 300 88
0 407.2 6.62265 300 88
0 407.2 6.6979 300 88
0 407.2 6.81403 300 88
0 407.2 6.94418 300 88
0 407.2 7.10519 300 88
0 407.2 7.26553 300 89
0 407.2 7.41706 300 89
0 407.2 7.65962 300 89
0 407.2 7.86618 300 89
0 407.2 8.06409 300 89
0 407.2 8.22399 300 89
0 407.2 8.41954 300 89
0 407.2 8.73813 300 89
0 407.2 9.03777 300 89
0 407.2 9.28915 300 89
0 407.2 9.56586 300 89
0 407.2 9.82547 300 89
0 407.2 10.1504 300 89
0 407.2 10.4978 300 89
0 407.2 10.7658 300 89
0 407.2 11.0098 300 89
0 407.2 11.3299 300 89
0 407.2 11.6013 300 89
0 407.2 11.9622 300 89
0 407.2 12.3442 300 89
0 407.2 12.597 300 89
0 407.2 12.7119 300 89
0 407.2 13.0732 300 89
0 407.2 13.2008 300 89
0 407.2 13.4154 300 89
0 407.2 13.6523 300 89
0 407.2 13.9027 300 89
0 407.2 14.1346 300 89
0 407.2 14.4993 300 89
0 407.2 14.8196 300 89
0 407.2 15.0642 300 89
0 407.2 15.3742 300 89
0 407.2 15.6534 300 89
0 407.2 15.8773 300 89
0 407.2 16.2465 300 89
0 407.2 16.6595 300 89
0 407.2 16.8474 300 89
0 407.2 17.1765 300 89
0 407.2 17.575 300 89
0 407.2 17.9095 300 89
0 407.2 18.2538 300 89
0 407.2 18.5943 300 89
0 407.2 18.8739 300 89
0 407.2 19.0746 300 89
0 407.2 19.4296 300 89
0 407.2 19.7182 300 89
0 407.2 19.9297 300 89
0 407.2 20.2572 300 89
0 407.2 20.5918 300 89
0 407.2 20.7847 300 89
0 407.2 21.0564 300 89
0 407.2 21.3479 300 89
0 407.2 21.6079 300 89
0 407.2 21.8166 300 89
0 407.2 22.1151 300 89
0 407.2 22.5727 300 89
0 407.2 22.9055 300 89
0 407.2 23.1478 300 89
0 407.2 23.3585 300 89
0 407.2 23.6845 300 89
0 407.2 23.8973 300 89
0 407.2 24.1665 300 89
0 407.2 24.482 300 89
0 407.2 24.74 300 89
0 407.2 24.9889 300 89
0 407.2 25.2505 300 89
0 407.2 25.4389 300 89
0 407.2 25.6953 300 89
0 407.2 26.0019 300 89
0 407.2 26.3173 300 89
0 407.2 26.7332 300 89
0 407.2 26.9651 300 89
0 407.2 27.2613 300 89
0 407.2 27.442 300 89
0 407.2 27.6214 300 89
0 407.2 27.871 300 89
0 407.2 28.1087 300 89
0 407.2 28.3527 300 89
0 407.2 28.6018 300 89
0 407.2 28.9098 300 89
0 407.2 29.1592 300 89
0 407.2 29.3373 300 89
0 407.2 29.6538 300 89
0 407.2 29.8771 300 89
0 407.2 30.1907 300 89
0 407.2 30.5537 300 89
0 407.2 30.8371 300 89
0 407.2 31.1631 300 89
0 407.2 31.5487 300 89
0 407.2 31.8362 300 89
0 407.2 32.1353 300 89
0 407.2 32.487 300 89
0 407.2 32.72 300 89
0 407.2 33.0579 300 89
0 407.2 33.3822 300 89
0 407.2 33.695 300 89
0 407.2 34.0505 300 89
0 407.2 34.3746 300 89
0 407.2 34.6496 300 89
0 407.2 34.9539 300 89
0 407.2 35.394 300 89
0 407.2 35.6696 300 89
0 407.2 35.9674 300 89
0 407.2 36.3369 300 89
0 407.2 36.6341 300 89
0 407.2 36.8576 300 89
0 407.2 37.0715 300 89
0 407.2 37.2799 300 89
0 407.2 37.5926 300 89
0 407.2 38.0397 300 89
0 407.2 38.3399 300 89
0 407.2 38.6174 300 89
0 407.2 38.9453 300 89
0 407.2 39.2923 300 89
0 407.2 39.4788 300 89
0 407.2 39.6664 300 89
0 407.2 40.0369 300 89
0 407.2 40.4467 300 89
0 407.2 40.652 300 89
0 407.2 41.1035 300 89
0 407.2 41.4342 300 89
0 407.2 41.6499 300 89
0 407.2 41.8417 300 89
0 407.2 42.0884 300 89
0 407.2 42.448 300 89
0 407.2 42.7165 300 89
0 407.2 42.9132 300 89
0 407.2 43.0656 300 89
0 407.2 43.4683 300 89
0 407.2 43.6464 300 89
0 407.2 43.9226 300 89
0 407.2 44.2121 300 89
0 407.2 44.4605 300 89
0 407.2 44.6589 300 89
0 407.2 44.9423 300 89
0 407.2 45.3345 300 89
0 407.2 45.508 300 89
0 407.2 45.8063 300 89
0 407.2 46.1074 300 89
0 407.2 46.39 300 89
0 407.2 46.7077 300 89
0 407.2 46.8242 300 89
0 407.2 47.011 300 89
0 407.2 47.1609 300 89
0 407.2 47.3464 300 89
0 407.2 47.5197 300 89
0 407.2 47.7278 300 89
0 407.2 47.9246 300 89
0 407.2 48.1319 300 89
0 407.2 48.2844 300 89
0 407.2 48.5661 300 89
0 407.2 48.7373 300 89
0 407.2 49.0179 300 89
0 407.2 49.142 300 89
0 407.2 49.4642 300 89
0 407.2 49.739 300 89
0 407.2 50.0038 300 89
0 407.2 50.2361 300 89
0 407.2 50.4971 300 89
0 407.2 50.8513 300 89
0 407.2 51.1008 300 89
0 407.2 51.3378 300 89
0 407.2 51.5832 300 89
0 407.2 51.9028 300 89
0 407.2 52.1656 300 89
0 407.2 52.4656 300 89
0 407.2 52.676 300 89
0 407.2 52.9395 300 89
0 407.2 53.1993 300 89
0 407.2 53.361 300 89
0 407.2 53.5766 300 89
0 407.2 53.7998 300 89
0 407.2 54.0279 300 89
0 407.2 54.2545 300 89
0 407.2 54.4407 300 89
0 407.2 54.6084 300 89
0 407.2 54.912 300 89
0 407.2 55.197 300 89
0 407.2 55.4678 300 89
0 407.2 55.7312 300 89
0 407.2 55.9408 300 89
0 407.2 56.146 300 89
0 407.2 56.3195 300 89
0 401.6 56.441 89
0 401.6 56.5661 300 89
0 401.6 56.9054 300 89
0 401.6 57.2815 300 89
0 401.6 57.5058 300 89
0 401.6 57.7879 300 89
0 401.6 58.0927 300 89
0 401.6 58.3576 300 89
0 401.6 58.5774 300 89
0 401.6 58.8501 300 89
0 401.6 59.0713 300 89
0 401.6 59.2955 300 89
0 401.6 59.4864 300 89
0 401.6 59.6412 300 89
0 401.6 59.895 300 89
0 401.6 60.0597 300 89
0 401.6 60.2946 300 89
0 401.6 60.5959 300 89
0 401.6 60.8368 300 89
0 401.6 61.1063 300 89
0 401.6 61.2817 300 89
0 401.6 61.5276 300 89
0 401.6 61.9143 300 89
0 401.6 62.0928 300 89
0 401.6 62.2891 300 89
0 401.6 62.5993 300 89
0 401.6 63.004 300 89
0 401.6 63.2294 300 89
0 401.6 63.5313 300 89
0 401.6 63.7724 300 89
0 401.6 63.9964 300 89
0 401.6 64.341 300 89
0 401.6 64.5772 300 89
0 401.6 64.8064 300 89
0 401.6 65.0651 300 89
0 401.6 65.2414 300 89
0 401.6 65.4928 300 89
0 401.6 65.7271 300 89
0 401.6 65.9622 300 89
0 401.6 66.1967 300 89
0 401.6 66.5479 300 89
0 401.6 66.7465 300 89
0 401.6 67.0554 300 89
0 401.6 67.2714 300 89
0 401.6 67.461 300 89
0 401.6 67.7247 300 89
0 401.6 68.062 300 89
0 401.6 68.2686 300 89
0 401.6 68.4708 300 89
0 401.6 68.8342 300 89
0 401.6 68.9964 300 89
0 401.6 69.2114 300 89
0 401.6 69.3702 300 89
0 401.6 69.5049 300 89
0 401.6 69.7285 300 89
0 401.6 69.9274 300 89
0 401.6 70.0861 300 89
0 401.6 70.3374 300 89
0 401.6 70.6362 300 89
0 401.6 71.0399 300 89
0 401.6 71.2604 300 89
0 401.6 71.4222 300 89
0 401.6 71.6444 300 89
0 401.6 71.8467 300 89
0 401.6 72.0541 300 89
0 401.6 72.467 300 89
0 401.6 72.9315 300 89
0 401.6 73.1843 300 89
0 401.6 73.6164 300 89
0 401.6 73.8477 300 89
0 401.6 74.0652 300 89
0 401.6 74.2827 300 89
0 401.6 74.4718 300 89
0 401.6 74.7272 300 89
0 401.6 75.0281 300 89
0 401.6 75.3417 300 89
0 401.6 75.7158 300 89
0 401.6 75.8633 300 89
0 401.6 76.1102 300 89
0 401.6 76.2179 300 89
0 401.6 76.5124 300 89
0 401.6 76.8634 300 89
0 401.6 77.1337 300 89
0 401.6 77.4424 300 89
0 401.6 77.8089 300 89
0 401.6 78.1061 300 89
0 401.6 78.2775 300 89
0 401.6 78.4989 300 89
0 401.6 78.7233 300 89
0 401.6 78.9268 300 89
0 401.6 79.1976 300 89
0 401.6 79.4191 300 89
0 401.6 79.7526 300 89
0 401.6 80.1568 300 89
0 401.6 80.3806 300 89
0 401.6 80.744 300 89
0 401.6 80.9533 300 89
0 401.6 81.117 300 89
0 401.6 81.4703 300 89
0 401.6 81.7078 300 89
0 401.6 81.9894 300 89
0 401.6 82.1363 300 89
0 401.6 82.301 300 89
0 401.6 82.4074 300 89
0 401.6 82.5659 300 89
0 401.6 82.8677 300 89
0 401.6 83.1365 300 89
0 401.6 83.431 300 89
0 401.6 83.7736 300 89
0 401.6 83.9962 300 89
0 401.6 84.2567 300 89
0 401.6 84.4922 300 89
0 401.6 84.7063 300 89
0 401.6 84.917 300 89
0 401.6 85.1509 300 89
0 401.6 85.2965 300 89
0 401.6 85.5775 300 89
0 401.6 85.7979 300 89
0 401.6 86.0527 300 89
0 401.6 86.4046 300 89
0 401.6 86.6761 300 89
0 401.6 86.9083 300 89
0 401.6 87.1165 300 89
0 401.6 87.3235 300 89
0 401.6 87.5429 300 89
0 401.6 87.8216 300 89
0 401.6 87.9842 300 89
0 401.6 88.2521 300 89
0 401.6 88.616 300 89
0 401.6 88.7306 300 89
0 401.6 88.8776 300 89
0 401.6 89.3205 300 89
0 401.6 89.6409 300 89
0 401.6 89.9092 300 89
0 401.6 90.1777 300 89
0 401.6 90.344 300 89
0 401.6 90.6259 300 89
0 401.6 90.8815 300 89
0 401.6 91.0234 300 89
0 401.6 91.187 300 89
0 401.6 91.4176 300 89
0 401.6 91.75 300 89
0 401.6 91.9802 300 89
0 401.6 92.2166 300 89
0 401.6 92.393 300 89
0 401.6 92.6168 300 89
0 401.6 92.8696 300 89
0 401.6 93.072 300 89
0 401.6 93.2213 300 89
0 401.6 93.4798 300 89
0 401.6 93.7272 300 89
0 401.6 94.0125 300 89
0 401.6 94.2815 300 89
0 401.6 94.5588 300 89
0 401.6 94.7048 300 89
0 401.6 94.8661 300 89
0 401.6 95.0807 300 89
0 401.6 95.3231 300 89
0 401.6 95.5819 300 89
0 401.6 95.9459 300 89
0 401.6 96.2602 300 89
0 401.6 96.4225 300 89
0 401.6 96.676 300 89
0 401.6 96.8724 300 89
0 401.6 97.1379 300 89
0 401.6 97.3455 300 89
0 401.6 97.5003 300 89
0 401.6 97.7045 300 89
0 401.6 97.8435 300 89
0 401.6 98.0862 300 89
0 401.6 98.2477 300 89
0 401.6 98.4183 300 89
0 401.6 98.5889 300 89
0 401.6 98.7956 300 89
0 401.6 99.0164 300 89
0 401.6 99.2279 300 89
0 401.6 99.4485 300 89
0 401.6 99.6477 300 89
0 401.6 99.7996 300 89
0 401.6 100.012 300 89
0 401.6 100.337 300 89
0 401.6 100.588 300 89
0 401.6 100.898 300 89
0 401.6 101.173 300 89
0 401.6 101.419 300 89
0 401.6 101.567 300 89
0 401.6 101.764 300 89
0 401.6 101.974 300 89
0 401.6 102.259 300 89
0 401.6 102.471 300 89
0 401.6 102.637 300 89
0 401.6 102.934 300 89
0 401.6 103.258 300 89
0 401.6 103.434 300 89
0 401.6 103.762 300 89
0 401.6 103.973 300 89
0 401.6 104.308 300 89
0 401.6 104.58 300 89
0 401.6 104.682 300 89
0 401.6 104.894 300 89
0 401.6 105.142 300 89
0 401.6 105.464 300 89
0 401.6 105.722 300 89
0 401.6 105.932 300 89
0 401.6 106.285 300 89
0 401.6 106.437 300 89
0 401.6 106.71 300 89
0 401.6 106.974 300 89
0 401.6 107.126 300 89
0 401.6 107.34 300 89
0 401.6 107.636 300 89
0 401.6 107.888 300 89
0 401.6 108.157 300 89
0 401.6 108.332 300 89
0 401.6 108.486 300 89
0 401.6 108.767 300 89
0 401.6 109.039 300 89
0 401.6 109.247 300 89
0 401.6 109.456 300 89
0 401.6 109.721 300 89
0 401.6 109.941 300 89
0 401.6 110.092 300 89
0 401.6 110.367 300 89
0 401.6 110.615 300 89
0 401.6 110.871 300 89
0 401.6 111.088 300 89
0 401.6 111.407 300 89
0 401.6 111.548 300 89
0 401.6 111.72 300 89
0 401.6 111.895 300 89
0 401.6 112.163 300 89
0 401.6 112.415 300 89
0 401.6 112.579 300 89
0 401.6 112.803 300 89
0 401.6 113.128 300 89
0 401.6 113.333 300 89
0 401.6 113.551 300 89
0 401.6 113.746 300 89
0 401.6 113.921 300 89
0 401.6 114.298 300 89
0 401.6 114.454 300 89
0 401.6 114.661 300 89
0 401.6 114.885 300 89
0 401.6 115.051 300 89
0 401.6 115.314 300 89
0 401.6 115.57 300 89
0 401.6 115.737 300 89
0 401.6 115.924 300 89
0 401.6 116.32 300 89
0 401.6 116.479 300 89
0 401.6 116.739 300 89
0 401.6 117.01 300 89
0 401.6 117.166 300 89
0 401.6 117.413 300 89
0 401.6 117.64 300 89
0 401.6 117.858 300 89
0 401.6 118.235 300 89
0 401.6 118.484 300 89
0 401.6 118.7 300 89
0 401.6 118.834 300 89
0 401.6 119.028 300 89
0 401.6 119.2 300 89
0 401.6 119.312 300 89
0 401.6 119.417 300 89
0 401.6 119.569 300 89
0 401.6 119.754 300 89
0 401.6 119.871 300 89
0 401.6 120.093 300 89
0 401.6 120.283 300 89
0 401.6 120.503 300 89
0 401.6 120.72 300 89
0 401.6 120.858 300 89
0 401.6 121.208 300 89
0 401.6 121.407 300 89
0 401.6 121.62 300 89
0 401.6 121.886 300 89
0 401.6 122.22 300 89
0 401.6 122.485 300 89
0 401.6 122.619 300 89
0 401.6 122.895 300 89
0 401.6 123.215 300 89
0 401.6 123.522 300 89
0 401.6 123.781 300 89
0 401.6 123.978 300 89
0 401.6 124.291 300 89
0 401.6 124.751 300 89
0 401.6 125.112 300 89
0 401.6 125.374 300 89
0 401.6 125.565 300 89
0 401.6 125.718 300 89
0 401.6 125.99 300 89
0 401.6 126.187 300 89
0 401.6 126.453 300 89
0 401.6 126.824 300 89
0 401.6 127.05 300 89
0 401.6 127.212 300 89
0 401.6 127.426 300 89
0 401.6 127.634 300 89
0 401.6 127.829 300 89
0 401.6 128.137 300 89
0 401.6 128.344 300 89
0 401.6 128.593 300 89
0 401.6 128.743 300 89
0 401.6 129.016 300 89
0 401.6 129.368 300 89
0 401.6 129.621 300 89
0 401.6 129.927 300 89
0 401.6 130.095 300 89
0 401.6 130.284 300 89
0 401.6 130.469 300 89
0 401.6 130.657 300 89
0 401.6 130.777 300 89
0 401.6 130.999 300 89
0 401.6 131.161 300 89
0 401.6 131.348 300 89
0 401.6 131.562 300 89
0 401.6 131.724 300 89
0 401.6 132.14 300 89
0 401.6 132.404 300 89
0 401.6 132.707 300 89
0 401.6 132.877 300 89
0 401.6 133.194 300 89
0 401.6 133.436 300 89
0 401.6 133.862 300 89
0 401.6 134.152 300 89
0 401.6 134.309 300 89
0 401.6 134.528 300 89
0 401.6 134.793 300 89
0 401.6 135.047 300 89
0 401.6 135.308 300 89
0 401.6 135.586 300 89
0 401.6 135.982 300 89
0 401.6 136.134 300 89
0 401.6 136.353 300 89
0 401.6 136.556 300 89
0 401.6 136.778 300 89
0 401.6 137.034 300 89
0 401.6 137.253 300 89
0 401.6 137.42 300 89
0 401.6 137.622 300 89
0 401.6 137.769 300 89
0 401.6 137.986 300 89
0 401.6 138.192 300 89
0 401.6 138.348 300 89
0 401.6 138.618 300 89
0 401.6 138.83 300 89
0 401.6 139.082 300 89
0 401.6 139.297 300 89
0 401.6 139.517 300 89
0 401.6 139.676 300 89
0 401.6 139.883 300 89
0 401.6 140.266 300 89
0 401.6 140.533 300 89
0 401.6 140.736 300 89
0 401.6 141.041 300 89
0 401.6 141.246 300 89
0 401.6 141.45 300 89
0 401.6 141.786 300 89
0 401.6 142.037 300 89
0 401.6 142.35 300 89
0 401.6 142.668 300 89
0 401.6 142.874 300 89
0 401.6 143.088 300 89
0 401.6 143.311 300 89
0 401.6 143.562 300 89
0 401.6 143.729 300 89
0 401.6 144.065 300 89
0 401.6 144.275 300 89
0 401.6 144.593 300 89
0 401.6 144.871 300 89
0 401.6 145.065 300 89
0 401.6 145.216 300 89
0 401.6 145.431 300 89
0 401.6 145.65 300 89
0 401.6 145.891 300 89
0 401.6 146.009 300 89
0 401.6 146.169 300 89
0 401.6 146.358 300 89
0 401.6 146.513 300 89
0 401.6 146.75 300 89
0 401.6 146.969 300 89
0 401.6 147.09 300 89
0 401.6 147.238 300 89
0 401.6 147.396 300 89
0 401.6 147.558 300 89
0 401.6 147.671 300 89
0 401.6 147.787 300 89
0 401.6 147.953 300 89
0 401.6 148.112 300 89
0 401.6 148.262 300 89
0 401.6 148.416 300 89
0 401.6 148.624 300 89
0 401.6 148.864 300 89
0 401.6 149.075 300 89
0 401.6 149.268 300 89
0 401.6 149.496 300 89
0 401.6 149.694 300 89
0 401.6 149.92 300 89
0 401.6 150.141 300 89
0 401.6 150.418 300 89
0 401.6 150.842 300 89
0 401.6 151.021 300 89
0 401.6 151.314 300 89
0 401.6 151.467 300 89
0 401.6 151.698 300 89
0 401.6 151.854 300 89
0 401.6 152.128 300 89
0 401.6 152.338 300 89
0 401.6 152.505 300 89
0 401.6 152.712 300 89
0 401.6 152.877 300 89
0 401.6 153.046 300 89
0 401.6 153.27 300 89
0 401.6 153.526 300 89
0 401.6 153.691 300 89
0 401.6 153.961 300 89
0 401.6 154.19 300 89
0 401.6 154.406 300 89
0 401.6 154.727 300 89
0 401.6 155.021 300 89
0 401.6 155.257 300 89
0 401.6 155.41 300 89
0 401.6 155.63 300 89
0 401.6 155.866 300 89
0 401.6 156.097 300 89
0 401.6 156.319 300 89
0 401.6 156.594 300 89
0 401.6 156.846 300 89
0 401.6 157.01 300 89
0 401.6 157.177 300 89
0 401.6 157.388 300 89
0 401.6 157.622 300 89
0 401.6 157.843 300 89
0 401.6 158.067 300 89
0 401.6 158.357 300 89
0 401.6 158.523 300 89
0 401.6 158.857 300 89
0 401.6 159.183 300 89
0 401.6 159.458 300 89
0 401.6 159.665 300 89
0 401.6 159.937 300 89
0 401.6 160.273 300 89
0 401.6 160.482 300 89
0 401.6 160.738 300 89
0 401.6 160.941 300 89
0 401.6 161.243 300 89
0 401.6 161.408 300 89
0 401.6 161.684 300 89
0 401.6 161.968 300 89
0 401.6 162.238 300 89
0 401.6 162.551 300 89
0 401.6 162.757 300 89
0 401.6 163.082 300 89
0 401.6 163.288 300 89
0 401.6 163.399 300 89
0 401.6 163.559 300 89
0 401.6 163.782 300 89
0 401.6 164.006 300 89
0 401.6 164.35 300 89
0 401.6 164.528 300 89
0 401.6 164.77 300 89
0 401.6 164.929 300 89
0 401.6 165.148 300 89
0 401.6 165.358 300 89
0 401.6 165.568 300 89
0 401.6 165.725 300 89
0 401.6 165.94 300 89
0 401.6 166.166 300 89
0 401.6 166.377 300 89
0 401.6 166.542 300 89
0 401.6 166.767 300 89
0 401.6 166.961 300 89
0 401.6 167.12 300 89
0 401.6 167.318 300 89
0 401.6 167.468 300 89
0 401.6 167.619 300 89
0 401.6 167.792 300 89
0 401.6 167.968 300 89
0 401.6 168.077 300 89
0 401.6 168.378 300 89
0 401.6 168.588 300 89
0 401.6 168.834 300 89
0 401.6 168.976 300 89
0 401.6 169.164 300 89
0 401.6 169.273 300 89
0 401.6 169.424 300 89
0 401.6 169.528 300 89
0 401.6 169.635 300 89
0 401.6 169.815 300 89
0 401.6 169.959 300 89
0 401.6 170.117 300 89
0 401.6 170.296 300 89
0 401.6 170.449 300 89
0 401.6 170.604 300 89
0 401.6 170.789 300 89
0 401.6 170.938 300 89
0 401.6 171.169 300 89
0 401.6 171.351 300 89
0 401.6 171.462 300 89
0 401.6 171.694 300 89
0 401.6 171.882 300 89
0 401.6 172.09 300 89
0 401.6 172.312 300 89
0 401.6 172.471 300 89
0 401.6 172.726 300 89
0 401.6 173.037 300 89
0 401.6 173.248 300 89
0 401.6 173.584 300 89
0 401.6 173.833 300 89
0 401.6 174.013 300 89
0 401.6 174.23 300 89
0 401.6 174.377 300 89
0 401.6 174.685 300 89
0 401.6 174.94 300 89
0 401.6 175.282 300 89
0 401.6 175.544 300 89
0 401.6 175.784 300 89
0 401.6 175.956 300 89
0 401.6 176.251 300 89
0 401.6 176.488 300 89
0 401.6 176.707 300 89
0 401.6 176.913 300 89
0 401.6 177.067 300 89
0 401.6 177.386 300 89
0 401.6 177.591 300 89
0 401.6 177.806 300 89
0 401.6 177.976 300 89
0 401.6 178.149 300 89
0 401.6 178.363 300 89
0 401.6 178.685 300 89
0 401.6 179.019 300 89
0 401.6 179.234 300 89
0 401.6 179.443 300 89
0 401.6 179.59 300 89
0 401.6 179.769 300 89
0 401.6 180.039 300 89
0 401.6 180.254 300 89
0 396 180.35 89
0 390.4 180.397 89
0 390.4 180.511 300 89
0 390.4 180.776 300 89
0 390.4 180.983 300 89
0 390.4 181.233 300 89
0 390.4 181.457 300 89
0 390.4 181.61 300 89
0 390.4 181.819 300 89
0 390.4 182.042 300 89
0 390.4 182.295 300 89
0 390.4 182.45 300 89
0 390.4 182.698 300 89
0 390.4 182.858 300 89
0 390.4 183.025 300 89
0 390.4 183.196 300 89
0 390.4 183.42 300 89
0 390.4 183.594 300 89
0 390.4 183.763 300 89
0 390.4 183.872 300 89
0 390.4 183.986 300 89
0 390.4 184.11 300 89
0 390.4 184.253 300 89
0 390.4 184.391 300 89
0 390.4 184.55 300 89
0 390.4 184.792 300 89
0 390.4 185.278 300 89
0 390.4 185.53 300 89
0 390.4 185.677 300 89
0 390.4 185.9 300 89
0 390.4 186.157 300 89
0 390.4 186.32 300 89
0 390.4 186.475 300 89
0 390.4 186.838 300 89
0 390.4 187.176 300 89
0 390.4 187.373 300 89
0 390.4 187.488 300 89
0 390.4 187.636 300 89
0 390.4 187.784 300 89
0 390.4 187.911 300 89
0 390.4 188.108 300 89
0 390.4 188.279 300 89
0 390.4 188.465 300 89
0 390.4 188.624 300 89
0 390.4 188.895 300 89
0 390.4 189.044 300 89
0 390.4 189.193 300 89
0 390.4 189.329 300 89
0 390.4 189.49 300 89
0 390.4 189.615 300 89
0 390.4 189.802 300 89
0 390.4 189.926 300 89
0 390.4 190.113 300 89
0 390.4 190.278 300 89
0 390.4 190.543 300 89
0 390.4 190.773 300 89
0 390.4 190.981 300 89
0 390.4 191.185 300 89
0 390.4 191.408 300 89
0 390.4 191.567 300 89
0 390.4 191.724 300 89
0 390.4 192.049 300 89
0 390.4 192.266 300 89
0 390.4 192.525 300 89
0 390.4 192.739 300 89
0 390.4 192.934 300 89
0 390.4 193.141 300 89
0 390.4 193.355 300 89
0 390.4 193.567 300 89
0 390.4 193.796 300 89
0 390.4 194.088 300 89
0 390.4 194.461 300 89
0 390.4 194.69 300 89
0 390.4 194.86 300 89
0 390.4 195.119 300 89
0 390.4 195.272 300 89
0 390.4 195.39 300 89
0 390.4 195.656 300 89
0 390.4 195.781 300 89
0 390.4 195.963 300 89
0 390.4 196.333 300 89
0 390.4 196.492 300 89
0 390.4 196.752 300 89
0 390.4 197.031 300 89
0 390.4 197.308 300 89
0 390.4 197.475 300 89
0 390.4 197.738 300 89
0 390.4 197.907 300 89
0 390.4 198.112 300 89
0 390.4 198.271 300 89
0 390.4 198.436 300 89
0 390.4 198.641 300 89
0 390.4 198.895 300 89
0 390.4 199.139 300 89
0 390.4 199.356 300 89
0 390.4 199.572 300 89
0 390.4 199.874 300 89
0 390.4 200.095 300 89
0 390.4 200.3 300 89
0 390.4 200.452 300 89
0 390.4 200.665 300 89
0 390.4 200.944 300 89
0 390.4 201.149 300 89
0 390.4 201.478 300 89
0 390.4 201.67 300 89
0 390.4 201.878 300 89
0 390.4 202.136 300 89
0 390.4 202.358 300 89
0 390.4 202.534 300 89
0 390.4 202.704 300 89
0 390.4 202.934 300 89
0 390.4 203.098 300 89
0 390.4 203.3 300 89
0 390.4 203.46 300 89
0 390.4 203.663 300 89
0 390.4 203.89 300 89
0 390.4 204.134 300 89
0 390.4 204.356 300 89
0 390.4 204.599 300 89
0 390.4 204.756 300 89
0 390.4 204.972 300 89
0 390.4 205.207 300 89
0 390.4 205.43 300 89
0 390.4 205.691 300 89
0 390.4 205.916 300 89
0 390.4 206.166 300 89
0 390.4 206.404 300 89
0 390.4 206.622 300 89
0 390.4 206.781 300 89
0 390.4 207.134 300 89
0 390.4 207.346 300 89
0 390.4 207.585 300 89
0 390.4 207.75 300 89
0 390.4 207.856 300 89
0 390.4 208.188 300 89
0 390.4 208.489 300 89
0 390.4 208.787 300 89
0 390.4 209.083 300 89
0 390.4 209.433 300 89
0 390.4 209.812 300 89
0 390.4 210.037 300 89
0 390.4 210.204 300 89
0 390.4 210.434 300 89
0 390.4 210.722 300 89
0 390.4 210.947 300 89
0 390.4 211.256 300 89
0 390.4 211.638 300 89
0 390.4 211.86 300 89
0 390.4 212.125 300 89
0 390.4 212.339 300 89
0 390.4 212.517 300 89
0 390.4 212.75 300 89
0 390.4 212.945 300 89
0 390.4 213.157 300 89
0 390.4 213.398 300 89
0 390.4 213.715 300 89
0 390.4 213.896 300 89
0 390.4 214.122 300 89
0 390.4 214.338 300 89
0 390.4 214.621 300 89
0 390.4 214.797 300 89
0 390.4 215.023 300 89
0 390.4 215.316 300 89
0 390.4 215.537 300 89
0 390.4 215.699 300 89
0 390.4 215.985 300 89
0 390.4 216.276 300 89
0 390.4 216.569 300 89
0 390.4 216.808 300 89
0 390.4 217.162 300 89
0 390.4 217.467 300 89
0 390.4 217.71 300 89
0 390.4 217.943 300 89
0 390.4 218.183 300 89
0 390.4 218.518 300 89
0 390.4 218.738 300 89
0 390.4 219.016 300 89
0 390.4 219.187 300 89
0 390.4 219.458 300 89
0 390.4 219.619 300 89
0 390.4 219.836 300 89
0 390.4 220.086 300 89
0 390.4 220.352 300 89
0 390.4 220.585 300 89
0 390.4 220.821 300 89
0 390.4 221.048 300 89
0 390.4 221.331 300 89
0 390.4 221.577 300 89
0 390.4 221.871 300 89
0 390.4 222.173 300 89
0 390.4 222.413 300 89
0 390.4 222.638 300 89
0 390.4 222.803 300 89
0 390.4 223.015 300 89
0 390.4 223.321 300 89
0 390.4 223.618 300 89
0 390.4 223.846 300 89
0 390.4 224.091 300 89
0 390.4 224.339 300 89
0 390.4 224.586 300 89
0 390.4 224.814 300 89
0 390.4 225.036 300 89
0 390.4 225.265 300 89
0 390.4 225.43 300 89
0 390.4 225.613 300 89
0 390.4 225.941 300 89
0 390.4 226.183 300 89
0 390.4 226.393 300 89
0 390.4 226.623 300 89
0 390.4 226.86 300 89
0 390.4 227.235 300 89
0 390.4 227.548 300 89
0 390.4 227.851 300 89
0 390.4 228.065 300 89
0 390.4 228.353 300 89
0 390.4 228.564 300 89
0 390.4 228.819 300 89
0 390.4 229.077 300 89
0 390.4 229.369 300 89
0 390.4 229.587 300 89
0 390.4 229.946 300 89
0 390.4 230.21 300 89
0 390.4 230.428 300 89
0 390.4 230.646 300 89
0 390.4 230.923 300 89
0 390.4 231.329 300 89
0 390.4 231.568 300 89
0 390.4 231.903 300 89
0 390.4 232.113 300 89
0 390.4 232.268 300 89
0 390.4 232.531 300 89
0 390.4 232.677 300 89
0 390.4 232.835 300 89
0 390.4 232.995 300 89
0 390.4 233.228 300 89
0 390.4 233.508 300 89
0 390.4 233.668 300 89
0 390.4 233.843 300 89
0 390.4 233.985 300 89
0 390.4 234.195 300 89
0 390.4 234.347 300 89
0 390.4 234.602 300 89
0 390.4 234.778 300 89
0 390.4 234.956 300 89
0 390.4 235.109 300 89
0 390.4 235.362 300 89
0 390.4 235.548 300 89
0 390.4 235.73 300 89
0 390.4 235.886 300 89
0 390.4 236.142 300 89
0 390.4 236.248 300 89
0 390.4 236.356 300 89
0 390.4 236.499 300 89
0 390.4 236.644 300 89
0 390.4 236.788 300 89
0 390.4 236.936 300 89
0 390.4 237.077 300 89
0 390.4 237.232 300 89
0 390.4 237.403 300 89
0 390.4 237.605 300 89
0 390.4 237.836 300 89
0 390.4 238.314 300 89
0 390.4 238.477 300 89
0 390.4 238.896 300 89
0 390.4 239.229 300 89
0 390.4 239.438 300 89
0 390.4 239.841 300 89
0 390.4 240.1 300 89
0 390.4 240.417 300 89
0 390.4 240.671 300 89
0 390.4 240.836 300 89
0 390.4 241.093 300 89
0 390.4 241.455 300 89
0 390.4 241.628 300 89
0 390.4 241.924 300 89
0 390.4 242.247 300 89
0 390.4 242.406 300 89
0 390.4 242.607 300 89
0 390.4 242.847 300 89
0 390.4 243.009 300 89
0 390.4 243.273 300 89
0 390.4 243.444 300 89
0 390.4 243.745 300 89
0 390.4 244.09 300 89
0 390.4 244.455 300 89
0 390.4 244.982 300 89
0 390.4 245.235 300 89
0 390.4 245.54 300 89
0 390.4 245.841 300 89
0 390.4 246.114 300 89
0 390.4 246.346 300 89
0 390.4 246.645 300 89
0 390.4 246.964 300 89
0 390.4 247.298 300 89
0 390.4 247.626 300 89
0 390.4 247.822 300 89
0 390.4 248.103 300 89
0 390.4 248.366 300 89
0 390.4 248.673 300 89
0 390.4 249.005 300 89
0 390.4 249.339 300 89
0 390.4 249.584 300 89
0 390.4 249.903 300 89
0 390.4 250.184 300 89
0 390.4 250.498 300 89
0 390.4 250.755 300 89
0 390.4 250.999 300 89
0 390.4 251.377 300 89
0 390.4 251.58 300 89
0 390.4 251.861 300 89
0 390.4 252.211 300 89
0 390.4 252.519 300 89
0 390.4 252.763 300 89
0 390.4 252.997 300 89
0 390.4 253.19 300 89
0 390.4 253.387 300 89
0 390.4 253.581 300 89
0 390.4 254.021 300 89
0 390.4 254.344 300 89
0 390.4 254.706 300 89
0 390.4 254.93 300 89
0 390.4 255.162 300 89
0 390.4 255.301 300 89
0 390.4 255.434 300 89
0 390.4 255.557 300 89
0 390.4 255.714 300 89
0 390.4 255.836 300 89
0 390.4 256.017 300 89
0 390.4 256.168 300 89
0 390.4 256.392 300 89
0 390.4 256.713 300 89
0 390.4 256.966 300 89
0 390.4 257.3 300 89
0 390.4 257.524 300 89
0 390.4 257.987 300 89
0 390.4 258.316 300 89
0 390.4 258.71 300 89
0 390.4 258.905 300 89
0 390.4 259.323 300 89
0 390.4 259.582 300 89
0 390.4 259.814 300 89
0 390.4 259.995 300 89
0 390.4 260.277 300 89
0 390.4 260.621 300 89
0 390.4 261.062 300 89
0 390.4 261.323 300 89
0 390.4 261.584 300 89
0 390.4 261.996 300 89
0 390.4 262.395 300 89
0 390.4 262.802 300 89
0 390.4 263.122 300 89
0 390.4 263.425 300 89
0 390.4 263.935 300 89
0 390.4 264.263 300 89
0 390.4 264.898 300 89
0 390.4 265.238 300 89
0 390.4 265.614 300 89
0 390.4 265.997 300 89
0 390.4 266.295 300 89
0 390.4 266.486 300 89
0 390.4 266.877 300 89
0 390.4 267.095 300 89
0 390.4 267.317 300 89
0 390.4 267.527 300 89
0 390.4 267.868 300 89
0 390.4 268.069 300 89
0 390.4 268.303 300 89
0 390.4 268.548 300 89
0 390.4 268.792 300 89
0 390.4 268.989 300 89
0 390.4 269.155 300 89
0 390.4 269.408 300 89
0 390.4 269.617 300 89
0 390.4 269.907 300 89
0 390.4 270.296 300 89
0 390.4 270.502 300 89
0 390.4 270.823 300 89
0 390.4 271.101 300 89
0 390.4 271.339 300 89
0 390.4 271.607 300 89
0 390.4 271.909 300 89
0 390.4 272.173 300 89
0 390.4 272.527 300 89
0 390.4 272.866 300 89
0 390.4 273.147 300 89
0 390.4 273.327 300 89
0 390.4 273.684 300 89
0 390.4 274.086 300 89
0 390.4 274.33 300 89
0 390.4 274.626 300 89
0 390.4 274.949 300 89
0 390.4 275.29 300 89
0 390.4 275.663 300 89
0 390.4 276.076 300 89
0 390.4 276.255 300 89
0 390.4 276.617 300 89
0 390.4 276.792 300 89
0 390.4 276.949 300 89
0 390.4 277.177 300 89
0 390.4 277.387 300 89
0 390.4 277.551 300 89
0 390.4 277.755 300 89
0 390.4 278.057 300 89
0 390.4 278.332 300 89
0 390.4 278.591 300 89
0 390.4 278.947 300 89
0 390.4 279.208 300 89
0 390.4 279.47 300 89
0 390.4 279.651 300 89
0 390.4 279.879 300 89
0 390.4 280.146 300 89
0 390.4 280.474 300 89
0 390.4 280.836 300 89
0 390.4 281.062 300 89
0 390.4 281.384 300 89
0 390.4 281.593 300 89
0 390.4 281.793 300 89
0 390.4 282.065 300 89
0 390.4 282.454 300 89
0 390.4 282.791 300 89
0 390.4 282.971 300 89
0 390.4 283.133 300 89
0 390.4 283.349 300 89
0 390.4 283.642 300 89
0 390.4 283.829 300 89
0 390.4 284.261 300 89
0 390.4 284.543 300 89
0 390.4 284.852 300 89
0 390.4 285.086 300 89
0 390.4 285.402 300 89
0 390.4 285.645 300 89
0 390.4 285.978 300 89
0 390.4 286.278 300 89
0 390.4 286.513 300 89
0 390.4 286.685 300 89
0 390.4 286.86 300 89
0 390.4 287.173 300 89
0 390.4 287.394 300 89
0 390.4 287.612 300 89
0 390.4 287.85 300 89
0 390.4 288.619 300 89
0 390.4 289.071 300 89
0 390.4 289.515 300 89
0 390.4 289.865 300 89
0 390.4 290.082 300 89
0 390.4 290.365 300 89
0 390.4 290.594 300 89
0 390.4 290.803 300 89
0 390.4 291.075 300 89
0 390.4 291.335 300 89
0 390.4 291.605 300 89
0 390.4 291.786 300 89
0 390.4 292.09 300 89
0 390.4 292.293 300 89
0 390.4 292.56 300 89
0 390.4 292.829 300 89
0 390.4 293.057 300 89
0 390.4 293.207 300 89
0 390.4 293.322 300 89
0 390.4 293.561 300 89
0 390.4 293.753 300 89
0 390.4 293.941 300 89
0 390.4 294.093 300 89
0 390.4 294.28 300 89
0 390.4 294.435 300 89
0 390.4 294.551 300 89
0 390.4 294.743 300 89
0 390.4 294.902 300 89
0 390.4 295.164 300 89
0 390.4 295.279 300 89
0 390.4 295.466 300 89
0 390.4 295.615 300 89
0 390.4 295.78 300 89
0 390.4 295.907 300 89
0 390.4 296.062 300 89
0 390.4 296.198 300 89
0 390.4 296.35 300 89
0 390.4 296.521 300 89
0 390.4 296.718 300 89
0 390.4 296.862 300 89
0 390.4 297.112 300 89
0 390.4 297.437 300 89
0 390.4 297.608 300 89
0 390.4 297.786 300 89
0 390.4 297.966 300 89
0 390.4 298.145 300 89
0 390.4 298.3 300 89
0 390.4 298.421 300 89
0 390.4 298.588 300 89
0 390.4 298.796 300 89
0 390.4 299.023 300 89
0 390.4 299.394 300 89
0 390.4 299.645 300 89
0 390.4 299.843 300 89
0 390.4 300.012 300 89
0 390.4 300.206 300 89
0 390.4 300.628 300 89
0 390.4 300.867 300 89
0 390.4 301.08 300 89
0 390.4 301.323 300 89
0 390.4 301.667 300 89
0 390.4 301.832 300 89
0 390.4 302.037 300 89
0 390.4 302.308 300 89
0 390.4 302.478 300 89
0 390.4 302.641 300 89
0 390.4 303.018 300 89
0 390.4 303.27 300 89
0 390.4 303.532 300 89
0 390.4 303.694 300 89
0 390.4 303.917 300 89
0 390.4 304.167 300 89
0 390.4 304.423 300 89
0 390.4 304.713 300 89
0 390.4 305.077 300 89
0 390.4 305.284 300 89
0 390.4 305.568 300 89
0 390.4 305.81 300 89
0 390.4 305.994 300 89
0 390.4 306.211 300 89
0 390.4 306.511 300 89
0 390.4 306.855 300 89
0 390.4 307.174 300 89
0 390.4 307.495 300 89
0 390.4 307.833 300 89
0 390.4 308.046 300 89
0 390.4 308.323 300 89
0 390.4 308.56 300 89
0 390.4 308.924 300 89
0 390.4 309.128 300 89
0 390.4 309.298 300 89
0 390.4 309.529 300 89
0 390.4 309.747 300 89
0 390.4 309.887 300 89
0 390.4 310.05 300 89
0 390.4 310.336 300 89
0 390.4 310.597 300 89
0 390.4 310.913 300 89
0 390.4 311.177 300 89
0 390.4 311.38 300 89
0 390.4 311.745 300 89
0 390.4 312.012 300 89
0 390.4 312.176 300 89
0 390.4 312.349 300 89
0 390.4 312.561 300 89
0 390.4 312.72 300 89
0 390.4 312.97 300 89
0 390.4 313.315 300 89
0 390.4 313.562 300 89
0 390.4 313.859 300 89
0 390.4 314.254 300 89
0 390.4 314.495 300 89
0 390.4 314.685 300 89
0 390.4 314.799 300 89
0 390.4 314.95 300 89
0 390.4 315.113 300 89
0 390.4 315.329 300 89
0 390.4 315.452 300 89
0 390.4 315.679 300 89
0 390.4 315.886 300 89
0 390.4 316.055 300 89
0 390.4 316.233 300 89
0 390.4 316.341 300 89
0 390.4 316.492 300 89
0 390.4 316.811 300 89
0 390.4 317.018 300 89
0 390.4 317.174 300 89
0 390.4 317.394 300 89
0 390.4 317.612 300 89
0 390.4 317.886 300 89
0 390.4 318.285 300 89
0 390.4 318.507 300 89
0 390.4 318.731 300 89
0 390.4 318.999 300 89
0 390.4 319.146 300 89
0 390.4 319.252 300 89
0 390.4 319.362 300 89
0 390.4 319.614 300 89
0 390.4 319.87 300 89
0 390.4 320.024 300 89
0 390.4 320.226 300 89
0 390.4 320.5 300 89
0 390.4 321.026 300 89
0 390.4 321.249 300 89
0 390.4 321.733 300 89
0 390.4 322.024 300 89
0 390.4 322.383 300 89
0 390.4 322.714 300 89
0 390.4 322.997 300 89
0 390.4 323.183 300 89
0 390.4 323.418 300 89
0 390.4 323.699 300 89
0 390.4 323.888 300 89
0 390.4 324.303 300 89
0 390.4 324.527 300 89
0 390.4 324.819 300 89
0 390.4 325.066 300 89
0 390.4 325.315 300 89
0 390.4 325.562 300 89
0 390.4 325.809 300 89
0 390.4 326.068 300 89
0 390.4 326.342 300 89
0 390.4 326.622 300 89
0 390.4 326.897 300 89
0 384.8 327.084 89
0 384.8 327.223 300 89
0 384.8 327.554 300 89
0 384.8 327.751 300 89
0 384.8 328.06 300 89
0 384.8 328.421 300 89
0 384.8 328.729 300 89
0 384.8 329.076 300 89
0 384.8 329.397 300 89
0 384.8 329.676 300 89
0 384.8 329.867 300 89
0 384.8 330.123 300 89
0 384.8 330.374 300 89
0 384.8 330.705 300 89
0 384.8 330.913 300 89
0 384.8 331.28 300 89
0 384.8 331.443 300 89
0 384.8 331.618 300 89
0 384.8 331.877 300 89
0 384.8 332.199 300 89
0 384.8 332.451 300 89
0 384.8 332.749 300 89
0 384.8 332.966 300 89
0 384.8 333.219 300 89
0 384.8 333.485 300 89
0 384.8 333.754 300 89
0 384.8 334.058 300 89
0 384.8 334.305 300 89
0 384.8 334.513 300 89
0 384.8 334.787 300 89
0 384.8 335.092 300 89
0 384.8 335.552 300 89
0 384.8 335.891 300 89
0 384.8 336.222 300 89
0 384.8 336.382 300 89
0 384.8 336.652 300 89
0 384.8 336.869 300 89
0 384.8 337.135 300 89
0 384.8 337.375 300 89
0 384.8 337.603 300 89
0 384.8 337.962 300 89
0 384.8 338.184 300 89
0 384.8 338.354 300 89
0 384.8 338.601 300 89
0 384.8 338.803 300 89
0 384.8 339.094 300 89
0 384.8 339.298 300 89
0 384.8 339.596 300 89
0 384.8 339.904 300 89
0 384.8 340.106 300 89
0 384.8 340.423 300 89
0 384.8 340.898 300 89
0 384.8 341.2 300 89
0 384.8 341.446 300 89
0 384.8 341.665 300 89
0 384.8 341.869 300 89
0 384.8 342.065 300 89
0 384.8 342.283 300 89
0 384.8 342.453 300 89
0 384.8 342.617 300 89
0 384.8 342.875 300 89
0 384.8 343.092 300 89
0 384.8 343.299 300 89
0 384.8 343.636 300 89
0 384.8 343.987 300 89
0 384.8 344.265 300 89
0 384.8 344.458 300 89
0 384.8 344.745 300 89
0 384.8 344.898 300 89
0 384.8 345.059 300 89
0 384.8 345.282 300 89
0 384.8 345.568 300 89
0 384.8 345.724 300 89
0 384.8 346.042 300 89
0 384.8 346.219 300 89
0 384.8 346.502 300 89
0 384.8 346.724 300 89
0 384.8 346.906 300 89
0 384.8 347.215 300 89
0 384.8 347.667 300 89
0 384.8 347.867 300 89
0 384.8 348.274 300 89
0 384.8 348.484 300 89
0 384.8 348.673 300 89
0 384.8 348.837 300 89
0 384.8 349.104 300 89
0 384.8 349.516 300 89
0 384.8 349.762 300 89
0 384.8 350.043 300 89
0 384.8 350.299 300 89
0 384.8 350.514 300 89
0 384.8 350.665 300 89
0 384.8 350.83 300 89
0 384.8 351 300 89
0 384.8 351.291 300 89
0 384.8 351.642 300 89
0 384.8 351.789 300 89
0 384.8 351.936 300 89
0 384.8 352.05 300 89
0 384.8 352.202 300 89
0 384.8 352.396 300 89
0 384.8 352.609 300 89
0 384.8 352.88 300 89
0 384.8 353.116 300 89
0 384.8 353.452 300 89
0 384.8 353.765 300 89
0 384.8 354.159 300 89
0 384.8 354.375 300 89
0 384.8 354.555 300 89
0 384.8 354.84 300 89
0 384.8 355.169 300 89
0 384.8 355.585 300 89
0 384.8 355.761 300 89
0 384.8 355.976 300 89
0 384.8 356.127 300 89
0 384.8 356.459 300 89
0 384.8 356.687 300 89
0 384.8 356.968 300 89
0 384.8 357.369 300 89
0 384.8 357.636 300 89
0 384.8 357.88 300 89
0 384.8 358.178 300 89
0 384.8 358.456 300 89
0 384.8 358.684 300 89
0 384.8 358.987 300 89
0 384.8 359.199 300 89
0 384.8 359.487 300 89
0 384.8 359.757 300 89
0 384.8 360.116 300 89
0 384.8 360.406 300 89
0 384.8 360.773 300 89
0 384.8 360.969 300 89
0 384.8 361.102 300 89
0 384.8 361.287 300 89
0 384.8 361.538 300 89
0 384.8 361.806 300 89
0 384.8 362.071 300 89
0 384.8 362.325 300 89
0 384.8 362.502 300 89
0 384.8 362.73 300 89
0 384.8 362.982 300 89
0 384.8 363.316 300 89
0 384.8 363.568 300 89
0 384.8 363.888 300 89
0 384.8 364.205 300 89
0 384.8 364.375 300 89
0 384.8 364.62 300 89
0 384.8 364.93 300 89
0 384.8 365.101 300 89
0 384.8 365.324 300 89
0 384.8 365.535 300 89
0 384.8 365.707 300 89
0 384.8 366.019 300 89
0 384.8 366.231 300 89
0 384.8 366.619 300 89
0 384.8 366.84 300 89
0 384.8 367.145 300 89
0 384.8 367.454 300 89
0 384.8 367.743 300 89
0 384.8 367.989 300 89
0 384.8 368.345 300 89
0 384.8 368.753 300 89
0 384.8 369.029 300 89
0 384.8 369.257 300 89
0 384.8 369.529 300 89
0 384.8 369.767 300 89
0 384.8 370.078 300 89
0 384.8 370.375 300 89
0 384.8 370.554 300 89
0 384.8 370.837 300 89
0 384.8 371.13 300 89
0 384.8 371.447 300 89
0 384.8 371.688 300 89
0 384.8 371.927 300 89
0 384.8 372.196 300 89
0 384.8 372.459 300 89
0 384.8 372.659 300 89
0 384.8 372.891 300 89
0 384.8 373.159 300 89
0 384.8 373.398 300 89
0 384.8 373.655 300 89
0 384.8 374.108 300 89
0 384.8 374.444 300 89
0 384.8 374.663 300 89
0 384.8 374.832 300 89
0 384.8 375.178 300 89
0 384.8 375.457 300 89
0 384.8 375.642 300 89
0 384.8 375.996 300 89
0 384.8 376.172 300 89
0 384.8 376.482 300 89
0 384.8 376.721 300 89
0 384.8 377.075 300 89
0 384.8 377.418 300 89
0 384.8 377.685 300 89
0 384.8 377.926 300 89
0 384.8 378.134 300 89
0 384.8 378.399 300 89
0 384.8 378.669 300 89
0 384.8 378.904 300 89
0 384.8 379.08 300 89
0 384.8 379.361 300 89
0 384.8 379.514 300 89
0 384.8 379.753 300 89
0 384.8 380.074 300 89
0 384.8 380.317 300 89
0 384.8 380.465 300 89
0 384.8 380.727 300 89
0 384.8 381.043 300 89
0 384.8 381.3 300 89
0 384.8 381.628 300 89
0 384.8 381.804 300 89
0 384.8 382.033 300 89
0 384.8 382.323 300 89
0 384.8 382.487 300 89
0 384.8 382.739 300 89
0 384.8 383.068 300 89
0 384.8 383.33 300 89
0 384.8 383.661 300 89
0 384.8 383.864 300 89
0 384.8 384.087 300 89
0 384.8 384.545 300 89
0 384.8 384.756 300 89
0 384.8 385.064 300 89
0 384.8 385.491 300 89
0 384.8 385.753 300 89
0 384.8 385.934 300 89
0 384.8 386.112 300 89
0 384.8 386.319 300 89
0 384.8 386.497 300 89
0 384.8 386.793 300 89
0 384.8 387.041 300 89
0 384.8 387.236 300 89
0 384.8 387.501 300 89
0 384.8 387.779 300 89
0 384.8 388.117 300 89
0 384.8 388.356 300 89
0 384.8 388.751 300 89
0 384.8 388.924 300 89
0 384.8 389.224 300 89
0 384.8 389.414 300 89
0 384.8 389.722 300 89
0 384.8 389.95 300 89
0 384.8 390.192 300 89
0 384.8 390.473 300 89
0 384.8 390.72 300 89
0 384.8 391.241 300 89
0 384.8 391.42 300 89
0 384.8 391.598 300 89
0 384.8 391.83 300 89
0 384.8 392.082 300 89
0 384.8 392.279 300 89
0 384.8 392.527 300 89
0 384.8 392.932 300 89
0 384.8 393.124 300 89
0 384.8 393.403 300 89
0 384.8 393.659 300 89
0 384.8 393.963 300 89
0 384.8 394.311 300 89
0 384.8 394.541 300 89
0 384.8 394.828 300 89
0 384.8 395.117 300 89
0 384.8 395.359 300 89
0 384.8 395.606 300 89
0 384.8 396.011 300 89
0 384.8 396.264 300 89
0 384.8 396.501 300 89
0 384.8 396.752 300 89
0 384.8 397.055 300 89
0 384.8 397.342 300 89
0 384.8 397.574 300 89
0 384.8 397.84 300 89
0 384.8 398.067 300 89
0 384.8 398.334 300 89
0 384.8 398.586 300 89
0 384.8 398.765 300 89
0 384.8 399.006 300 89
0 384.8 399.323 300 89
0 384.8 399.559 300 89
0 384.8 399.814 300 89
0 384.8 400.263 300 89
0 384.8 400.453 300 89
0 384.8 400.755 300 89
0 384.8 401.024 300 89
0 384.8 401.214 300 89
0 384.8 401.39 300 89
0 384.8 401.637 300 89
0 384.8 401.807 300 89
0 384.8 402.041 300 89
0 384.8 402.217 300 89
0 384.8 402.366 300 89
0 384.8 402.519 300 89
0 384.8 402.633 300 89
0 384.8 402.8 300 89
0 384.8 402.976 300 89
0 384.8 403.172 300 89
0 384.8 403.418 300 89
0 384.8 403.698 300 89
0 384.8 403.993 300 89
0 384.8 404.343 300 89
0 384.8 404.561 300 89
0 384.8 404.75 300 89
0 384.8 404.949 300 89
0 384.8 405.141 300 89
0 384.8 405.341 300 89
0 384.8 405.817 300 89
0 384.8 406.08 300 89
0 384.8 406.251 300 89
0 384.8 406.5 300 89
0 384.8 406.726 300 89
0 384.8 406.968 300 89
0 384.8 407.242 300 89
0 384.8 407.428 300 89
0 384.8 407.847 300 89
0 384.8 408.138 300 89
0 384.8 408.342 300 89
0 384.8 408.577 300 89
0 384.8 408.898 300 89
0 384.8 409.188 300 89
0 384.8 409.477 300 89
0 384.8 409.839 300 89
0 384.8 410.074 300 89
0 384.8 410.423 300 89
0 384.8 410.616 300 89
0 384.8 410.807 300 89
0 384.8 410.977 300 89
0 384.8 411.168 300 89
0 384.8 411.414 300 89
0 384.8 411.712 300 89
0 384.8 411.986 300 89
0 384.8 412.293 300 89
0 384.8 412.574 300 89
0 384.8 412.841 300 89
0 384.8 413.248 300 89
0 384.8 413.746 300 89
0 384.8 413.929 300 89
0 384.8 414.258 300 89
0 384.8 414.489 300 89
0 384.8 414.722 300 89
0 384.8 414.904 300 89
0 384.8 415.158 300 89
0 384.8 415.57 300 89
0 384.8 415.848 300 89
0 384.8 416.211 300 89
0 384.8 416.441 300 89
0 384.8 416.653 300 89
0 384.8 416.844 300 89
0 384.8 417.009 300 89
0 384.8 417.225 300 89
0 384.8 417.329 300 89
0 384.8 417.486 300 89
0 384.8 417.848 300 89
0 384.8 418.129 300 89
0 384.8 418.304 300 89
0 384.8 418.852 300 89
0 384.8 419.065 300 89
0 384.8 419.218 300 89
0 384.8 419.358 300 89
0 384.8 419.694 300 89
0 384.8 419.989 300 89
0 384.8 420.281 300 89
0 384.8 420.496 300 89
0 384.8 420.788 300 89
0 384.8 421.111 300 89
0 384.8 421.346 300 89
0 384.8 421.505 300 89
0 384.8 421.683 300 89
0 384.8 421.936 300 89
0 384.8 422.247 300 89
0 384.8 422.427 300 89
0 384.8 422.605 300 89
0 384.8 422.949 300 89
0 384.8 423.345 300 89
0 384.8 423.622 300 89
0 384.8 423.826 300 89
0 384.8 424.092 300 89
0 384.8 424.467 300 89
0 384.8 424.696 300 89
0 384.8 425.148 300 89
0 384.8 425.304 300 89
0 384.8 425.517 300 89
0 384.8 425.726 300 89
0 384.8 425.946 300 89
0 384.8 426.105 300 89
0 384.8 426.389 300 89
0 384.8 426.606 300 89
0 384.8 426.928 300 89
0 384.8 427.232 300 89
0 384.8 427.465 300 89
0 384.8 427.691 300 89
0 384.8 427.958 300 89
0 384.8 428.117 300 89
0 384.8 428.346 300 89
0 384.8 428.566 300 89
0 384.8 428.928 300 89
0 384.8 429.137 300 89
0 384.8 429.299 300 89
0 384.8 429.573 300 89
0 384.8 429.889 300 89
0 384.8 430.15 300 89
0 384.8 430.428 300 89
0 384.8 430.789 300 89
0 384.8 431.005 300 89
0 384.8 431.275 300 89
0 384.8 431.511 300 89
0 384.8 431.74 300 89
0 384.8 431.913 300 89
0 384.8 432.126 300 89
0 384.8 432.389 300 89
0 384.8 432.61 300 89
0 384.8 432.884 300 89
0 384.8 433.055 300 89
0 384.8 433.281 300 89
0 384.8 433.451 300 89
0 384.8 433.71 300 89
0 384.8 433.95 300 89
0 384.8 434.149 300 89
0 384.8 434.369 300 89
0 384.8 434.616 300 89
0 384.8 434.964 300 89
0 384.8 435.14 300 89
0 384.8 435.365 300 89
0 384.8 435.575 300 89
0 384.8 435.957 300 89
0 384.8 436.24 300 89
0 384.8 436.522 300 89
0 384.8 436.837 300 89
0 384.8 437.113 300 89
0 384.8 437.43 300 89
0 384.8 437.646 300 89
0 384.8 437.872 300 89
0 384.8 438.209 300 89
0 384.8 438.558 300 89
0 384.8 438.783 300 89
0 384.8 439.073 300 89
0 384.8 439.305 300 89
0 384.8 439.558 300 89
0 384.8 439.867 300 89
0 384.8 440.109 300 89
0 384.8 440.253 300 89
0 384.8 440.404 300 89
0 384.8 440.517 300 89
0 384.8 440.759 300 89
0 384.8 440.992 300 89
0 384.8 441.266 300 89
0 384.8 441.55 300 89
0 384.8 441.73 300 89
0 384.8 441.92 300 89
0 384.8 442.081 300 89
0 384.8 442.35 300 89
0 384.8 442.575 300 89
0 384.8 442.81 300 89
0 384.8 443.135 300 89
0 384.8 443.443 300 89
0 384.8 443.729 300 89
0 384.8 444.082 300 89
0 384.8 444.379 300 89
0 384.8 444.68 300 89
0 384.8 444.9 300 89
0 384.8 445.217 300 89
0 384.8 445.606 300 89
0 384.8 445.892 300 89
0 384.8 446.122 300 89
0 384.8 446.358 300 89
0 384.8 446.685 300 89
0 384.8 446.913 300 89
0 384.8 447.132 300 89
0 384.8 447.431 300 89
0 384.8 447.648 300 89
0 384.8 447.877 300 89
0 384.8 448.124 300 89
0 384.8 448.352 300 89
0 384.8 448.564 300 89
0 384.8 448.739 300 89
0 384.8 448.946 300 89
0 384.8 449.094 300 89
0 384.8 449.287 300 89
0 384.8 449.475 300 89
0 384.8 449.628 300 89
0 384.8 450.011 300 89
0 384.8 450.236 300 89
0 384.8 450.571 300 89
0 384.8 450.878 300 89
0 384.8 451.095 300 89
0 384.8 451.32 300 89
0 384.8 451.709 300 89
0 384.8 451.871 300 89
0 384.8 452.201 300 89
0 384.8 452.444 300 89
0 384.8 452.702 300 89
0 384.8 452.94 300 89
0 384.8 453.174 300 89
0 384.8 453.524 300 89
0 384.8 453.705 300 89
0 384.8 454.055 300 89
0 384.8 454.315 300 89
0 384.8 454.666 300 89
0 384.8 454.838 300 89
0 384.8 455.15 300 89
0 384.8 455.489 300 89
0 384.8 455.711 300 89
0 384.8 455.879 300 89
0 384.8 456.073 300 89
0 384.8 456.271 300 89
0 384.8 456.438 300 89
0 384.8 456.626 300 89
0 384.8 456.801 300 89
0 384.8 457.012 300 89
0 384.8 457.126 300 89
0 384.8 457.242 300 89
0 384.8 457.46 300 89
0 384.8 457.609 300 89
0 384.8 457.769 300 89
0 384.8 457.892 300 89
0 384.8 458.089 300 89
0 384.8 458.362 300 89
0 384.8 458.522 300 89
0 384.8 458.762 300 89
0 384.8 458.969 300 89
0 384.8 459.128 300 89
0 384.8 459.284 300 89
0 384.8 459.406 300 89
0 384.8 459.612 300 89
0 384.8 459.762 300 89
0 384.8 459.874 300 89
0 384.8 460.08 300 89
0 384.8 460.315 300 89
0 384.8 460.586 300 89
0 384.8 460.825 300 89
0 384.8 461.106 300 89
0 384.8 461.339 300 89
0 384.8 461.576 300 89
0 384.8 461.803 300 89
0 384.8 462.087 300 89
0 384.8 462.269 300 89
0 384.8 462.554 300 89
0 384.8 462.727 300 89
0 384.8 462.907 300 89
0 384.8 463.17 300 89
0 384.8 463.502 300 89
0 384.8 463.765 300 89
0 384.8 463.977 300 89
0 384.8 464.217 300 89
0 384.8 464.325 300 89
0 384.8 464.722 300 89
0 384.8 465.025 300 89
0 384.8 465.279 300 89
0 384.8 465.57 300 89
0 384.8 465.79 300 89
0 384.8 465.953 300 89
0 384.8 466.18 300 89
0 384.8 466.435 300 89
0 384.8 466.769 300 89
0 384.8 466.958 300 89
0 384.8 467.339 300 89
0 384.8 467.672 300 89
0 384.8 467.88 300 89
0 384.8 468.132 300 89
0 384.8 468.413 300 89
0 384.8 468.649 300 89
0 384.8 468.827 300 89
0 384.8 469.046 300 89
0 384.8 469.214 300 89
0 384.8 469.433 300 89
0 384.8 469.654 300 89
0 384.8 469.84 300 89
0 384.8 470.078 300 89
0 384.8 470.362 300 89
0 384.8 470.537 300 89
0 384.8 470.707 300 89
0 384.8 470.923 300 89
0 384.8 471.136 300 89
0 384.8 471.394 300 89
0 384.8 471.666 300 89
0 384.8 471.885 300 89
0 384.8 472.169 300 89
0 384.8 472.387 300 89
0 384.8 472.681 300 89
0 384.8 472.919 300 89
0 384.8 473.099 300 89
0 384.8 473.323 300 89
0 384.8 473.761 300 89
0 384.8 474.074 300 89
0 384.8 474.243 300 89
0 384.8 474.474 300 89
0 384.8 474.717 300 89
0 384.8 474.944 300 89
0 384.8 475.124 300 89
0 384.8 475.303 300 89
0 384.8 475.55 300 89
0 384.8 475.87 300 89
0 384.8 476.155 300 89
0 384.8 476.384 300 89
0 384.8 476.624 300 89
0 384.8 476.865 300 89
0 384.8 477.167 300 89
0 384.8 477.398 300 89
0 384.8 477.557 300 89
0 384.8 477.803 300 89
0 384.8 477.966 300 89
0 384.8 478.199 300 89
0 384.8 478.369 300 89
0 384.8 478.58 300 89
0 384.8 478.697 300 89
0 384.8 478.847 300 89
0 384.8 478.994 300 89
0 384.8 479.21 300 89
0 384.8 479.474 300 89
0 384.8 479.64 300 89
0 384.8 479.922 300 89
0 384.8 480.196 300 89
0 384.8 480.463 300 89
0 384.8 480.646 300 89
0 384.8 480.829 300 89
0 384.8 481.112 300 89
0 384.8 481.286 300 89
0 384.8 481.659 300 89
0 384.8 482.016 300 89
0 384.8 482.277 300 89
0 384.8 482.472 300 89
0 384.8 482.758 300 89
0 384.8 482.936 300 89
0 384.8 483.189 300 89
0 384.8 483.501 300 89
0 384.8 483.727 300 89
0 384.8 483.896 300 89
0 384.8 484.23 300 89
0 384.8 484.544 300 89
0 384.8 484.845 300 89
0 384.8 485.016 300 89
0 384.8 485.232 300 89
0 384.8 485.359 300 89
0 384.8 485.53 300 89
0 384.8 485.734 300 89
0 384.8 485.959 300 89
0 384.8 486.233 300 89
0 384.8 486.581 300 89
0 384.8 486.943 300 89
0 384.8 487.338 300 89
0 384.8 487.57 300 89
0 384.8 487.735 300 89
0 384.8 488.161 300 89
0 384.8 488.413 300 89
0 384.8 488.671 300 89
0 384.8 488.857 300 89
0 384.8 489.157 300 89
0 384.8 489.398 300 89
0 384.8 489.659 300 89
0 384.8 489.968 300 89
0 384.8 490.219 300 89
0 384.8 490.536 300 89
0 384.8 490.802 300 89
0 384.8 491.044 300 89
0 384.8 491.312 300 89
0 384.8 491.548 300 89
0 384.8 491.811 300 89
0 384.8 492.037 300 89
0 384.8 492.263 300 89
0 384.8 492.505 300 89
0 384.8 492.828 300 89
0 384.8 493.115 300 89
0 384.8 493.295 300 89
0 384.8 493.591 300 89
0 384.8 493.872 300 89
0 384.8 494.1 300 89
0 384.8 494.353 300 89
0 384.8 494.73 300 89
0 384.8 495.006 300 89
0 384.8 495.288 300 89
0 384.8 495.548 300 89
0 384.8 495.909 300 89
0 384.8 496.108 300 89
0 384.8 496.267 300 89
0 384.8 496.469 300 89
0 384.8 496.661 300 89
0 384.8 496.903 300 89
0 384.8 497.186 300 89
0 384.8 497.426 300 89
0 384.8 497.819 300 89
0 384.8 498.162 300 89
0 384.8 498.407 300 89
0 384.8 498.668 300 89
0 384.8 498.908 300 89
0 384.8 499.1 300 89
0 384.8 499.342 300 89
0 384.8 499.601 300 89
0 384.8 499.855 300 89
0 384.8 500.05 300 89
0 384.8 500.278 300 89
0 384.8 500.536 300 89
0 384.8 500.771 300 89
0 384.8 501.012 300 89
0 384.8 501.306 300 89
0 384.8 501.755 300 89
0 384.8 502.243 300 89
0 384.8 502.503 300 89
0 384.8 502.74 300 89
0 384.8 502.906 300 89
0 384.8 503.204 300 89
0 384.8 503.506 300 89
0 384.8 503.755 300 89
0 384.8 503.989 300 89
0 384.8 504.439 300 89
0 384.8 504.598 300 89
0 384.8 504.763 300 89
0 384.8 504.965 300 89
0 384.8 505.126 300 89
0 384.8 505.446 300 89
0 384.8 505.576 300 89
0 384.8 505.759 300 89
0 384.8 506.059 300 89
0 384.8 506.469 300 89
0 384.8 506.757 300 89
0 384.8 507.035 300 89
0 384.8 507.416 300 89
0 384.8 507.707 300 89
0 384.8 507.937 300 89
0 384.8 508.281 300 89
0 384.8 508.51 300 89
0 384.8 508.831 300 89
0 384.8 509.057 300 89
0 384.8 509.336 300 89
0 384.8 509.597 300 89
0 384.8 509.941 300 89
0 384.8 510.107 300 89
0 384.8 510.538 300 89
0 384.8 510.733 300 89
0 384.8 510.952 300 89
0 384.8 511.227 300 89
0 384.8 511.411 300 89
0 384.8 511.637 300 89
0 384.8 511.842 300 89
0 384.8 511.962 300 89
0 384.8 512.121 300 89
0 384.8 512.293 300 89
0 384.8 512.41 300 89
0 384.8 512.562 300 89
0 384.8 512.977 300 89
0 384.8 513.214 300 89
0 384.8 513.45 300 89
0 384.8 513.622 300 89
0 384.8 513.853 300 89
0 384.8 514.132 300 89
0 384.8 514.351 300 89
0 384.8 514.651 300 89
0 384.8 514.935 300 89
0 384.8 515.322 300 89
0 384.8 515.638 300 89
0 384.8 515.83 300 89
0 384.8 516.053 300 89
0 384.8 516.23 300 89
0 384.8 516.561 300 89
0 384.8 516.904 300 89
0 384.8 517.133 300 89
0 384.8 517.438 300 89
0 384.8 517.742 300 89
0 384.8 517.976 300 89
0 384.8 518.154 300 89
0 384.8 518.455 300 89
0 384.8 518.804 300 89
0 384.8 518.98 300 89
0 384.8 519.167 300 89
0 384.8 519.411 300 89
0 384.8 519.642 300 89
0 384.8 519.918 300 89
0 384.8 520.28 300 89
0 384.8 520.667 300 89
0 384.8 520.949 300 89
0 384.8 521.215 300 89
0 384.8 521.462 300 89
0 384.8 521.708 300 89
0 384.8 521.975 300 89
0 384.8 522.307 300 89
0 384.8 522.588 300 89
0 384.8 522.818 300 89
0 384.8 523.053 300 89
0 384.8 523.221 300 89
0 384.8 523.396 300 89
0 384.8 523.56 300 89
0 384.8 523.672 300 89
0 384.8 523.804 300 89
0 384.8 524.026 300 89
0 384.8 524.215 300 89
0 384.8 524.415 300 89
0 384.8 524.677 300 89
0 384.8 524.784 300 89
0 384.8 524.917 300 89
0 384.8 525.083 300 89
0 384.8 525.29 300 89
0 384.8 525.453 300 89
0 384.8 525.618 300 89
0 384.8 525.906 300 89
0 384.8 526.018 300 89
0 384.8 526.228 300 89
0 384.8 526.403 300 89
0 384.8 526.629 300 89
0 384.8 526.875 300 89
0 384.8 527.02 300 89
0 384.8 527.186 300 89
0 384.8 527.431 300 89
0 384.8 527.642 300 89
0 384.8 527.818 300 89
0 384.8 528.036 300 89
0 384.8 528.257 300 89
0 384.8 528.422 300 89
0 384.8 528.627 300 89
0 384.8 528.827 300 89
0 384.8 528.99 300 89
0 384.8 529.099 300 89
0 384.8 529.256 300 89
0 384.8 529.431 300 89
0 384.8 529.557 300 89
0 384.8 529.873 300 89
0 384.8 530.132 300 89
0 384.8 530.345 300 89
0 384.8 530.626 300 89
0 384.8 530.888 300 89
0 384.8 531.146 300 89
0 384.8 531.34 300 89
0 384.8 531.538 300 89
0 384.8 531.784 300 89
0 384.8 532.146 300 89
0 384.8 532.45 300 89
0 384.8 532.631 300 89
0 384.8 533.077 300 89
0 384.8 533.4 300 89
0 384.8 533.588 300 89
0 384.8 533.837 300 89
0 384.8 534.091 300 89
0 384.8 534.256 300 89
0 384.8 534.383 300 89
0 384.8 534.63 300 89
0 384.8 534.906 300 89
0 384.8 535.073 300 89
0 384.8 535.248 300 89
0 384.8 535.483 300 89
0 384.8 535.711 300 89
0 384.8 535.983 300 89
0 384.8 536.203 300 89
0 384.8 536.637 300 89
0 384.8 536.866 300 89
0 384.8 537.17 300 89
0 384.8 537.345 300 89
0 384.8 537.692 300 89
0 384.8 537.973 300 89
0 384.8 538.152 300 89
0 384.8 538.328 300 89
0 384.8 538.592 300 89
0 384.8 538.759 300 89
0 384.8 539.101 300 89
0 384.8 539.399 300 89
0 384.8 539.66 300 89
0 384.8 539.889 300 89
0 384.8 540.211 300 89
0 384.8 540.489 300 89
0 384.8 540.895 300 89
0 384.8 541.07 300 89
0 384.8 541.26 300 89
0 384.8 541.547 300 89
0 384.8 541.746 300 89
0 384.8 541.908 300 89
0 384.8 542.078 300 89
0 384.8 542.311 300 89
0 384.8 542.478 300 89
0 384.8 542.77 300 89
0 384.8 542.919 300 89
0 384.8 543.191 300 89
0 384.8 543.385 300 89
0 384.8 543.628 300 89
0 384.8 543.987 300 89
0 384.8 544.174 300 89
0 384.8 544.345 300 89
0 384.8 544.596 300 89
0 384.8 544.779 300 89
0 384.8 545.157 300 89
0 384.8 545.494 300 89
0 384.8 545.712 300 89
0 384.8 545.902 300 89
0 384.8 546.128 300 89
0 384.8 546.271 300 89
0 384.8 546.423 300 89
0 384.8 546.571 300 89
0 384.8 546.754 300 89
0 384.8 546.911 300 89
0 384.8 547.071 300 89
0 384.8 547.188 300 89
0 384.8 547.353 300 89
0 384.8 547.621 300 89
0 384.8 547.79 300 89
0 384.8 547.92 300 89
0 384.8 548.146 300 89
0 384.8 548.427 300 89
0 384.8 548.683 300 89
0 384.8 548.976 300 89
0 384.8 549.383 300 89
0 384.8 549.615 300 89
0 384.8 549.781 300 89
0 384.8 550.001 300 89
0 384.8 550.23 300 89
0 384.8 550.49 300 89
0 384.8 550.751 300 89
0 384.8 550.988 300 89
0 384.8 551.222 300 89
0 384.8 551.648 300 89
0 384.8 551.918 300 89
0 384.8 552.168 300 89
0 384.8 552.343 300 89
0 384.8 552.593 300 89
0 384.8 552.766 300 89
0 384.8 552.997 300 89
0 384.8 553.284 300 89
0 384.8 553.496 300 89
0 384.8 553.79 300 89
0 384.8 554.106 300 89
0 384.8 554.326 300 89
0 384.8 554.639 300 89
0 384.8 554.801 300 89
0 384.8 555.117 300 89
0 384.8 555.374 300 89
0 384.8 555.588 300 89
0 384.8 555.764 300 89
0 384.8 555.998 300 89
0 384.8 556.235 300 89
0 384.8 556.541 300 89
0 384.8 556.775 300 89
0 384.8 556.962 300 89
0 384.8 557.097 300 89
0 384.8 557.294 300 89
0 384.8 557.516 300 89
0 384.8 557.715 300 89
0 384.8 557.998 300 89
0 384.8 558.269 300 89
0 384.8 558.436 300 89
0 384.8 558.645 300 89
0 384.8 558.879 300 89
0 384.8 559.038 300 89
0 384.8 559.258 300 89
0 384.8 559.47 300 89
0 384.8 559.774 300 89
0 384.8 560.108 300 89
0 384.8 560.333 300 89
0 384.8 560.615 300 89
0 384.8 560.984 300 89
0 384.8 561.28 300 89
0 384.8 561.615 300 89
0 384.8 561.896 300 89
0 384.8 562.298 300 89
0 384.8 562.555 300 89
0 384.8 562.791 300 89
0 384.8 563.073 300 89
0 384.8 563.301 300 89
0 384.8 563.571 300 89
0 384.8 563.919 300 89
0 384.8 564.194 300 89
0 384.8 564.508 300 89
0 384.8 564.685 300 89
0 384.8 564.998 300 89
0 384.8 565.324 300 89
0 384.8 565.625 300 89
0 384.8 565.841 300 89
0 384.8 566.104 300 89
0 384.8 566.26 300 89
0 384.8 566.638 300 89
0 384.8 566.855 300 89
0 384.8 567.132 300 89
0 384.8 567.319 300 89
0 384.8 567.518 300 89
0 384.8 567.731 300 89
0 384.8 567.997 300 89
0 384.8 568.338 300 89
0 384.8 568.57 300 89
0 384.8 568.758 300 89
0 384.8 568.935 300 89
0 384.8 569.194 300 89
0 384.8 569.408 300 89
0 384.8 569.586 300 89
0 384.8 569.834 300 89
0 384.8 569.998 300 89
0 384.8 570.191 300 89
0 384.8 570.538 300 89
0 384.8 570.811 300 89
0 384.8 571.151 300 89
0 384.8 571.414 300 89
0 384.8 571.636 300 89
0 384.8 571.884 300 89
0 384.8 572.297 300 89
0 384.8 572.575 300 89
0 384.8 572.849 300 89
0 384.8 573.08 300 89
0 384.8 573.298 300 89
0 384.8 573.582 300 89
0 384.8 574.064 300 89
0 384.8 574.409 300 89
0 384.8 574.594 300 89
0 384.8 574.914 300 89
0 384.8 575.281 300 89
0 384.8 575.458 300 89
0 384.8 575.764 300 89
0 384.8 576.135 300 89
0 384.8 576.404 300 89
0 384.8 576.683 300 89
0 384.8 576.944 300 89
0 384.8 577.144 300 89
0 384.8 577.413 300 89
0 384.8 577.668 300 89
0 384.8 577.882 300 89
0 384.8 578.171 300 89
0 384.8 578.444 300 89
0 384.8 578.725 300 89
0 384.8 578.898 300 89
0 384.8 579.231 300 89
0 384.8 579.46 300 89
0 384.8 579.63 300 89
0 384.8 579.782 300 89
0 384.8 579.955 300 89
0 384.8 580.117 300 89
0 384.8 580.282 300 89
0 384.8 580.528 300 89
0 384.8 580.816 300 89
0 384.8 581.117 300 89
0 384.8 581.374 300 89
0 384.8 581.574 300 89
0 384.8 581.868 300 89
0 384.8 582.155 300 89
0 384.8 582.406 300 89
0 384.8 582.611 300 89
0 384.8 582.857 300 89
0 384.8 583.077 300 89
0 384.8 583.377 300 89
0 384.8 583.573 300 89
0 384.8 583.771 300 89
0 384.8 584.008 300 89
0 384.8 584.266 300 89
0 384.8 584.478 300 89
0 384.8 584.701 300 89
0 384.8 584.957 300 89
0 384.8 585.152 300 89
0 384.8 585.407 300 89
0 384.8 585.661 300 89
0 384.8 585.95 300 89
0 384.8 586.189 300 89
0 384.8 586.481 300 89
0 384.8 586.678 300 89
0 384.8 586.863 300 89
0 384.8 587.185 300 89
0 384.8 587.453 300 89
0 384.8 587.615 300 89
0 384.8 587.82 300 89
0 384.8 588.031 300 89
0 384.8 588.274 300 89
0 384.8 588.418 300 89
0 384.8 588.688 300 89
0 384.8 588.965 300 89
0 384.8 589.167 300 89
0 384.8 589.333 300 89
0 384.8 589.732 300 89
0 384.8 590.069 300 89
0 384.8 590.388 300 89
0 384.8 590.709 300 89
0 384.8 590.973 300 89
0 384.8 591.251 300 89
0 384.8 591.483 300 89
0 384.8 591.7 300 89
0 384.8 591.919 300 89
0 384.8 592.199 300 89
0 384.8 592.42 300 89
0 384.8 592.735 300 89
0 384.8 592.97 300 89
0 384.8 593.318 300 89
0 384.8 593.576 300 89
0 384.8 593.861 300 89
0 384.8 594.051 300 89
0 384.8 594.24 300 89
0 384.8 594.471 300 89
0 384.8 594.721 300 89
0 384.8 594.949 300 89
0 384.8 595.225 300 89
0 384.8 595.492 300 89
0 384.8 595.806 300 89
0 384.8 596.021 300 89
0 384.8 596.322 300 89
0 384.8 596.572 300 89
0 384.8 596.95 300 89
0 384.8 597.28 300 89
0 384.8 597.526 300 89
0 384.8 597.834 300 89
0 384.8 598.156 300 89
0 384.8 598.449 300 89
0 384.8 598.638 300 89
0 384.8 598.931 300 89
0 384.8 599.289 300 89
0 384.8 599.556 300 89
0 384.8 599.89 300 89
0 384.8 600.267 300 89
0 384.8 600.595 300 89
0 384.8 600.845 300 89
0 384.8 601.08 300 89
0 384.8 601.261 300 89
0 384.8 601.484 300 89
0 384.8 601.64 300 89
0 384.8 601.884 300 89
0 384.8 602.188 300 89
0 384.8 602.357 300 89
0 384.8 602.71 300 89
0 384.8 602.896 300 89
0 384.8 603.068 300 89
0 384.8 603.298 300 89
0 384.8 603.545 300 89
0 384.8 603.905 300 89
0 384.8 604.146 300 89
0 384.8 604.303 300 89
0 384.8 604.545 300 89
0 384.8 604.772 300 89
0 384.8 604.987 300 89
0 384.8 605.198 300 89
0 384.8 605.364 300 89
0 384.8 605.532 300 89
0 384.8 605.816 300 89
0 384.8 606.154 300 89
0 384.8 606.342 300 89
0 384.8 606.537 300 89
0 384.8 606.835 300 89
0 384.8 607.089 300 89
0 384.8 607.254 300 89
0 384.8 607.54 300 89
0 384.8 607.814 300 89
0 384.8 608.086 300 89
0 384.8 608.252 300 89
0 384.8 608.54 300 89
0 384.8 608.68 300 89
0 384.8 608.952 300 89
0 384.8 609.318 300 89
0 384.8 609.656 300 89
0 384.8 609.907 300 89
0 384.8 610.151 300 89
0 384.8 610.481 300 89
0 384.8 610.76 300 89
0 384.8 611.053 300 89
0 384.8 611.431 300 89
0 384.8 611.663 300 89
0 384.8 612.188 300 89
0 384.8 612.572 300 89
0 384.8 613.122 300 89
0 384.8 613.419 300 89
0 384.8 613.827 300 89
0 384.8 614.22 300 89
0 384.8 614.68 300 89
0 384.8 615.01 300 89
0 384.8 615.225 300 89
0 384.8 615.67 300 89
0 384.8 615.987 300 89
0 384.8 616.323 300 89
0 384.8 616.604 300 89
0 384.8 616.924 300 89
0 384.8 617.364 300 89
0 384.8 617.658 300 89
0 384.8 617.859 300 89
0 384.8 618.046 300 89
0 384.8 618.219 300 89
0 384.8 618.451 300 89
0 384.8 618.684 300 89
0 384.8 618.952 300 89
0 384.8 619.222 300 89
0 384.8 619.444 300 89
0 384.8 619.724 300 89
0 384.8 619.969 300 89
0 384.8 620.13 300 89
0 384.8 620.396 300 89
0 384.8 620.564 300 89
0 384.8 620.796 300 89
0 384.8 621.054 300 89
0 384.8 621.302 300 89
0 384.8 621.511 300 89
0 384.8 621.754 300 89
0 384.8 622.017 300 89
0 384.8 622.193 300 89
0 384.8 622.415 300 89
0 384.8 622.645 300 89
0 384.8 622.973 300 89
0 384.8 623.278 300 89
0 384.8 623.583 300 89
0 384.8 623.91 300 89
0 384.8 624.132 300 89
0 384.8 624.525 300 89
0 384.8 624.855 300 89
0 384.8 625.157 300 89
0 384.8 625.377 300 89
0 384.8 625.594 300 89
0 384.8 625.749 300 89
0 384.8 625.97 300 89
0 384.8 626.304 300 89
0 384.8 626.674 300 89
0 384.8 627.123 300 89
0 384.8 627.445 300 89
0 384.8 627.719 300 89
0 384.8 627.954 300 89
0 384.8 628.235 300 89
0 384.8 628.568 300 89
0 384.8 628.829 300 89
0 384.8 628.989 300 89
0 384.8 629.295 300 89
0 384.8 629.454 300 91
0 384.8 629.737 300 91
0 384.8 629.967 300 91
0 384.8 630.182 300 91
0 384.8 630.356 300 91
0 384.8 630.603 300 91
0 384.8 631.017 300 91
0 384.8 631.435 300 91
0 384.8 631.779 300 91
0 384.8 631.991 300 91
0 384.8 632.209 300 91
0 384.8 632.529 300 91
0 384.8 632.764 300 91
0 384.8 633.054 300 91
0 384.8 633.305 300 91
0 384.8 633.692 300 91
0 384.8 633.889 300 91
0 384.8 634.044 300 91
0 384.8 634.161 300 91
0 384.8 634.421 300 91
0 384.8 634.583 300 91
0 384.8 634.786 300 91
0 384.8 634.98 300 91
0 384.8 635.155 300 91
0 384.8 635.315 300 91
0 384.8 635.461 300 91
0 384.8 635.729 300 91
0 384.8 635.912 300 91
0 384.8 636.067 300 91
0 384.8 636.276 300 91
0 384.8 636.386 300 91
0 384.8 636.502 300 91
0 384.8 636.614 300 91
0 384.8 636.735 300 91
0 384.8 636.922 300 91
0 384.8 637.071 300 91
0 384.8 637.443 300 91
0 384.8 637.624 300 91
0 384.8 637.849 300 91
0 384.8 638.022 300 91
0 384.8 638.326 300 91
0 384.8 638.659 300 91
0 384.8 638.989 300 91
0 384.8 639.352 300 91
0 384.8 639.595 300 91
0 384.8 639.843 300 91
0 384.8 640.171 300 91
0 384.8 640.728 300 91
0 384.8 640.904 300 91
0 384.8 641.15 300 91
0 384.8 641.52 300 91
0 384.8 641.873 300 91
0 384.8 642.107 300 91
0 384.8 642.285 300 91
0 384.8 642.548 300 91
0 384.8 642.895 300 91
0 384.8 643.144 300 91
0 384.8 643.385 300 91
0 384.8 643.594 300 91
0 384.8 643.877 300 91
0 384.8 644.17 300 91
0 384.8 644.376 300 91
0 384.8 644.663 300 91
0 384.8 644.871 300 91
0 384.8 645.22 300 91
0 384.8 645.69 300 91
0 384.8 646.008 300 91
0 384.8 646.303 300 91
0 384.8 646.586 300 91
0 384.8 646.893 300 91
0 384.8 647.14 300 91
0 384.8 647.341 300 91
0 384.8 647.495 300 91
0 384.8 647.616 300 91
0 384.8 647.79 300 91
0 384.8 647.93 300 91
0 384.8 648.188 300 91
0 384.8 648.419 300 91
0 384.8 648.653 300 91
0 384.8 648.964 300 91
0 384.8 649.153 300 91
0 384.8 649.526 300 91
0 384.8 649.706 300 91
0 384.8 649.959 300 91
0 384.8 650.132 300 91
0 384.8 650.462 300 91
0 384.8 650.738 300 91
0 384.8 650.981 300 91
0 384.8 651.113 300 91
0 384.8 651.326 300 91
0 384.8 651.564 300 91
0 384.8 651.782 300 91
0 384.8 652.217 300 91
0 384.8 652.442 300 91
0 384.8 652.782 300 91
0 384.8 652.988 300 91
0 384.8 653.307 300 91
0 384.8 653.699 300 91
0 384.8 653.869 300 91
0 384.8 654.114 300 91
0 384.8 654.35 300 91
0 384.8 654.61 300 91
0 384.8 654.809 300 91
0 384.8 655.178 300 91
0 384.8 655.42 300 91
0 384.8 655.687 300 91
0 384.8 655.917 300 91
0 384.8 656.15 300 91
0 384.8 656.452 300 91
0 384.8 656.733 300 91
0 384.8 656.992 300 91
0 384.8 657.249 300 91
0 384.8 657.424 300 91
0 384.8 657.685 300 91
0 384.8 657.946 300 91
0 384.8 658.151 300 91
0 384.8 658.546 300 91
0 384.8 659.005 300 91
0 384.8 659.357 300 91
0 384.8 659.668 300 91
0 384.8 659.893 300 91
0 384.8 660.162 300 91
0 384.8 660.415 300 91
0 384.8 660.66 300 91
0 384.8 660.992 300 91
0 384.8 661.212 300 91
0 384.8 661.414 300 91
0 384.8 661.721 300 91
0 384.8 661.899 300 91
0 384.8 662.076 300 91
0 384.8 662.313 300 91
0 384.8 662.654 300 91
0 384.8 662.918 300 91
0 384.8 663.147 300 91
0 384.8 663.43 300 91
0 384.8 663.729 300 91
0 384.8 663.951 300 91
0 384.8 664.209 300 91
0 384.8 664.422 300 91
0 384.8 664.657 300 91
0 384.8 664.894 300 91
0 384.8 665.108 300 91
0 384.8 665.381 300 91
0 384.8 665.61 300 91
0 384.8 665.95 300 91
0 384.8 666.384 300 91
0 384.8 666.618 300 91
0 384.8 666.907 300 91
0 384.8 667.216 300 91
0 384.8 667.493 300 91
0 384.8 667.667 300 91
0 384.8 667.882 300 91
0 384.8 668.131 300 91
0 384.8 668.353 300 91
0 384.8 668.661 300 91
0 384.8 668.865 300 91
0 384.8 669.063 300 91
0 384.8 669.266 300 91
0 384.8 669.478 300 91
0 384.8 669.711 300 91
0 384.8 670.027 300 91
0 384.8 670.26 300 91
0 384.8 670.519 300 91
0 384.8 670.663 300 91
0 384.8 670.886 300 91
0 384.8 671.035 300 91
0 384.8 671.387 300 91
0 384.8 671.689 300 91
0 384.8 671.981 300 91
0 384.8 672.251 300 91
0 384.8 672.618 300 91
0 384.8 672.803 300 91
0 384.8 673.042 300 91
0 384.8 673.356 300 91
0 384.8 673.555 300 91
0 384.8 673.857 300 91
0 384.8 674.211 300 91
0 384.8 674.425 300 91
0 384.8 674.67 300 91
0 384.8 674.866 300 91
0 384.8 675.099 300 91
0 384.8 675.316 300 91
0 384.8 675.477 300 91
0 384.8 675.685 300 91
0 384.8 676.027 300 91
0 384.8 676.207 300 91
0 384.8 676.472 300 91
0 384.8 676.684 300 91
0 384.8 676.841 300 91
0 384.8 677.216 300 91
0 384.8 677.437 300 91
0 384.8 677.711 300 91
0 384.8 677.986 300 91
0 384.8 678.221 300 91
0 384.8 678.418 300 91
0 384.8 678.58 300 91
0 384.8 678.852 300 91
0 384.8 679.087 300 91
0 384.8 679.398 300 91
0 384.8 679.659 300 91
0 384.8 679.873 300 91
0 384.8 680.028 300 91
0 384.8 680.192 300 91
0 384.8 680.614 300 91
0 384.8 680.827 300 91
0 384.8 681.046 300 91
0 384.8 681.218 300 91
0 384.8 681.47 300 91
0 384.8 681.675 300 91
0 384.8 681.934 300 91
0 384.8 682.14 300 91
0 384.8 682.283 300 91
0 384.8 682.536 300 91
0 384.8 682.757 300 91
0 384.8 683.046 300 91
0 384.8 683.27 300 91
0 384.8 683.52 300 91
0 384.8 683.678 300 91
0 384.8 683.902 300 91
0 384.8 684.117 300 91
0 384.8 684.312 300 91
0 384.8 684.474 300 91
0 384.8 684.62 300 91
0 384.8 685.015 300 91
0 384.8 685.32 300 91
0 384.8 685.46 300 91
0 384.8 685.711 300 91
0 384.8 685.919 300 91
0 384.8 686.138 300 91
0 384.8 686.304 300 91
0 384.8 686.517 300 91
0 384.8 686.675 300 91
0 384.8 687.064 300 91
0 384.8 687.27 300 91
0 384.8 687.589 300 91
0 384.8 687.794 300 91
0 384.8 687.947 300 91
0 384.8 688.268 300 91
0 384.8 688.67 300 91
0 384.8 688.834 300 91
0 384.8 689.04 300 91
0 384.8 689.234 300 91
0 384.8 689.568 300 91
0 384.8 689.843 300 91
0 384.8 690.101 300 91
0 384.8 690.306 300 91
0 384.8 690.538 300 91
0 384.8 690.745 300 91
0 384.8 691.011 300 91
0 384.8 691.22 300 91
0 384.8 691.52 300 91
0 384.8 691.718 300 91
0 384.8 691.929 300 91
0 384.8 692.203 300 91
0 384.8 692.416 300 91
0 384.8 692.728 300 91
0 384.8 693.039 300 91
0 384.8 693.308 300 91
0 384.8 693.45 300 91
0 384.8 693.662 300 91
0 384.8 693.906 300 91
0 384.8 694.125 300 91
0 384.8 694.38 300 91
0 384.8 694.581 300 91
0 384.8 694.934 300 91
0 384.8 695.178 300 91
0 384.8 695.391 300 91
0 384.8 695.645 300 91
0 384.8 695.809 300 91
0 384.8 696.071 300 91
0 384.8 696.223 300 91
0 384.8 696.519 300 91
0 384.8 696.787 300 91
0 384.8 696.982 300 91
0 384.8 697.25 300 91
0 384.8 697.376 300 91
0 384.8 697.54 300 91
0 384.8 697.74 300 91
0 384.8 698.062 300 91
0 384.8 698.437 300 91
0 384.8 698.655 300 91
0 384.8 698.803 300 91
0 384.8 699.154 300 91
0 384.8 699.449 300 91
0 384.8 699.69 300 91
0 384.8 699.854 300 91
0 384.8 700.121 300 91
0 384.8 700.314 300 91
0 384.8 700.574 300 91
0 384.8 700.853 300 91
0 384.8 701.015 300 91
0 384.8 701.217 300 91
0 384.8 701.454 300 91
0 384.8 701.665 300 91
0 384.8 701.915 300 91
0 384.8 702.424 300 91
0 384.8 702.641 300 91
0 384.8 702.964 300 91
0 384.8 703.208 300 91
0 384.8 703.469 300 91
0 384.8 703.737 300 91
0 384.8 704.001 300 91
0 384.8 704.159 300 91
0 384.8 704.403 300 91
0 384.8 704.561 300 91
0 384.8 704.768 300 91
0 384.8 704.914 300 91
0 384.8 705.116 300 91
0 384.8 705.409 300 91
0 384.8 705.628 300 91
0 384.8 705.905 300 91
0 384.8 706.128 300 91
0 384.8 706.381 300 91
0 384.8 706.59 300 91
0 384.8 706.802 300 91
0 384.8 707.058 300 91
0 384.8 707.371 300 91
0 384.8 707.628 300 91
0 384.8 707.975 300 91
0 384.8 708.191 300 91
0 384.8 708.367 300 91
0 384.8 708.585 300 91
0 384.8 708.752 300 91
0 384.8 708.97 300 91
0 384.8 709.174 300 91
0 384.8 709.444 300 91
0 384.8 709.662 300 91
0 384.8 709.89 300 91
0 384.8 710.094 300 91
0 384.8 710.464 300 91
0 384.8 710.674 300 91
0 384.8 710.889 300 91
0 384.8 711.181 300 91
0 384.8 711.445 300 91
0 384.8 711.668 300 91
0 384.8 711.928 300 91
0 384.8 712.202 300 91
0 384.8 712.439 300 91
0 384.8 712.701 300 91
0 384.8 712.966 300 91
0 384.8 713.177 300 91
0 384.8 713.342 300 91
0 384.8 713.621 300 91
0 384.8 713.902 300 91
0 384.8 714.237 300 91
0 384.8 714.503 300 91
0 384.8 714.662 300 91
0 384.8 714.921 300 91
0 384.8 715.131 300 91
0 384.8 715.405 300 91
0 384.8 715.652 300 91
0 384.8 715.856 300 91
0 384.8 716.075 300 91
0 384.8 716.287 300 91
0 384.8 716.446 300 91
0 384.8 716.748 300 91
0 384.8 716.959 300 91
0 384.8 717.18 300 91
0 384.8 717.574 300 91
0 384.8 717.813 300 91
0 384.8 718.046 300 91
0 384.8 718.27 300 91
0 384.8 718.578 300 91
0 384.8 718.725 300 91
0 384.8 718.931 300 91
0 384.8 719.162 300 91
0 384.8 719.333 300 91
0 384.8 719.554 300 91
0 384.8 719.868 300 91
0 384.8 720.072 300 91
0 384.8 720.293 300 91
0 384.8 720.455 300 91
0 384.8 720.63 300 91
0 384.8 720.845 300 91
0 384.8 721.089 300 91
0 384.8 721.311 300 91
0 384.8 721.579 300 91
0 384.8 721.757 300 91
0 384.8 721.928 300 91
0 384.8 722.2 300 91
0 384.8 722.418 300 91
0 384.8 722.618 300 91
0 384.8 722.84 300 91
0 384.8 723.089 300 91
0 384.8 723.24 300 91
0 384.8 723.453 300 91
0 384.8 723.719 300 91
0 384.8 724.007 300 91
0 384.8 724.324 300 91
0 384.8 724.525 300 91
0 384.8 724.742 300 91
0 384.8 725.112 300 91
0 384.8 725.271 300 91
0 384.8 725.429 300 91
0 384.8 725.654 300 91
0 384.8 725.831 300 91
0 384.8 725.99 300 91
0 384.8 726.365 300 91
0 384.8 726.741 300 91
0 384.8 726.914 300 91
0 384.8 727.14 300 91
0 384.8 727.294 300 91
0 384.8 727.521 300 91
0 384.8 727.735 300 91
0 384.8 727.951 300 91
0 384.8 728.26 300 91
0 384.8 728.459 300 91
0 384.8 728.723 300 91
0 384.8 728.929 300 91
0 384.8 729.134 300 91
0 384.8 729.305 300 91
0 384.8 729.531 300 91
0 384.8 729.762 300 91
0 384.8 729.968 300 91
0 384.8 730.313 300 91
0 384.8 730.428 300 91
0 384.8 730.709 300 91
0 384.8 730.897 300 91
0 384.8 731.198 300 91
0 384.8 731.466 300 91
0 384.8 731.714 300 91
0 384.8 731.919 300 91
0 384.8 732.137 300 91
0 384.8 732.304 300 91
0 384.8 732.511 300 91
0 384.8 732.671 300 91
0 384.8 732.828 300 91
0 384.8 732.985 300 91
0 384.8 733.143 300 91
0 384.8 733.339 300 91
0 384.8 733.623 300 91
0 384.8 733.788 300 91
0 384.8 734.136 300 91
0 384.8 734.418 300 91
0 384.8 734.701 300 91
0 384.8 734.981 300 91
0 384.8 735.266 300 91
0 384.8 735.496 300 91
0 384.8 735.855 300 91
0 384.8 736.032 300 91
0 384.8 736.196 300 91
0 384.8 736.442 300 91
0 384.8 736.595 300 91
0 384.8 736.886 300 91
0 384.8 737.1 300 91
0 384.8 737.299 300 91
0 384.8 737.569 300 91
0 384.8 737.736 300 91
0 384.8 738.044 300 91
0 384.8 738.259 300 91
0 384.8 738.478 300 91
0 384.8 738.692 300 91
0 384.8 739.048 300 91
0 384.8 739.218 300 91
0 384.8 739.527 300 91
0 384.8 739.81 300 91
0 384.8 740.031 300 91
0 384.8 740.289 300 91
0 384.8 740.568 300 91
0 384.8 740.73 300 91
0 384.8 741.041 300 91
0 384.8 741.198 300 91
0 384.8 741.464 300 91
0 384.8 741.638 300 91
0 384.8 741.846 300 91
0 384.8 742.057 300 91
0 384.8 742.291 300 91
0 384.8 742.442 300 91
0 384.8 742.702 300 91
0 384.8 742.904 300 91
0 384.8 743.068 300 91
0 384.8 743.408 300 91
0 384.8 743.557 300 91
0 384.8 743.819 300 91
0 384.8 744.003 300 91
0 384.8 744.191 300 91
0 384.8 744.401 300 91
0 384.8 744.598 300 91
0 384.8 744.767 300 91
0 384.8 744.931 300 91
0 384.8 745.044 300 91
0 384.8 745.158 300 91
0 384.8 745.298 300 91
0 384.8 745.45 300 91
0 384.8 745.671 300 91
0 384.8 745.78 300 91
0 384.8 745.943 300 91
0 384.8 746.05 300 91
0 384.8 746.165 300 91
0 384.8 746.278 300 91
0 384.8 746.431 300 91
0 384.8 746.645 300 91
0 384.8 746.89 300 91
0 384.8 747.186 300 91
0 384.8 747.403 300 91
0 384.8 747.653 300 91
0 384.8 747.927 300 91
0 384.8 748.124 300 91
0 384.8 748.333 300 91
0 384.8 748.525 300 91
0 384.8 748.731 300 91
0 384.8 748.986 300 91
0 384.8 749.291 300 91
0 384.8 749.507 300 91
0 384.8 749.72 300 91
0 384.8 749.928 300 91
0 384.8 750.229 300 91
0 384.8 750.501 300 91
0 384.8 750.764 300 91
0 384.8 750.958 300 91
0 384.8 751.159 300 91
0 384.8 751.469 300 91
0 384.8 751.837 300 91
0 384.8 752.048 300 91
0 384.8 752.33 300 91
0 384.8 752.522 300 91
0 384.8 752.698 300 91
0 384.8 752.968 300 91
0 384.8 753.166 300 91
0 384.8 753.461 300 91
0 384.8 753.706 300 91
0 384.8 753.913 300 91
0 384.8 754.117 300 91
0 384.8 754.339 300 91
0 384.8 754.608 300 91
0 384.8 754.812 300 91
0 384.8 755.019 300 91
0 384.8 755.22 300 91
0 384.8 755.419 300 91
0 384.8 755.616 300 91
0 384.8 755.82 300 91
0 384.8 756.024 300 91
0 384.8 756.23 300 91
0 384.8 756.391 300 91
0 384.8 756.795 300 91
0 384.8 756.952 300 91
0 384.8 757.178 300 91
0 384.8 757.385 300 91
0 384.8 757.594 300 91
0 384.8 757.807 300 91
0 384.8 758.006 300 91
0 384.8 758.166 300 91
0 384.8 758.414 300 91
0 384.8 758.641 300 91
0 384.8 758.886 300 91
0 384.8 759.149 300 91
0 384.8 759.323 300 91
0 384.8 759.506 300 91
0 384.8 759.849 300 91
0 384.8 759.996 300 91
0 384.8 760.153 300 91
0 384.8 760.361 300 91
0 384.8 760.674 300 91
0 384.8 760.889 300 91
0 384.8 761.141 300 91
0 384.8 761.371 300 91
0 384.8 761.718 300 91
0 384.8 761.887 300 91
0 384.8 762.12 300 91
0 384.8 762.278 300 91
0 384.8 762.512 300 91
0 384.8 762.784 300 91
0 384.8 762.957 300 91
0 384.8 763.132 300 91
0 384.8 763.332 300 91
0 384.8 763.486 300 91
0 384.8 763.644 300 91
0 384.8 764.111 300 91
0 384.8 764.41 300 91
0 384.8 764.63 300 91
0 384.8 764.926 300 91
0 384.8 765.057 300 91
0 384.8 765.391 300 91
0 384.8 765.716 300 91
0 384.8 766.072 300 91
0 384.8 766.376 300 91
0 384.8 766.735 300 91
0 384.8 766.947 300 91
0 384.8 767.119 300 91
0 384.8 767.34 300 91
0 384.8 767.645 300 91
0 384.8 767.945 300 91
0 384.8 768.24 300 91
0 384.8 768.464 300 91
0 384.8 768.632 300 91
0 384.8 769.019 300 91
0 384.8 769.24 300 91
0 384.8 769.46 300 91
0 384.8 769.743 300 91
0 384.8 770.028 300 91
0 384.8 770.201 300 91
0 384.8 770.426 300 91
0 384.8 770.609 300 91
0 384.8 770.78 300 91
0 384.8 771.001 300 91
0 384.8 771.29 300 91
0 384.8 771.545 300 91
0 384.8 771.781 300 91
0 384.8 772.128 300 91
0 384.8 772.303 300 91
0 384.8 772.492 300 91
0 384.8 772.825 300 91
0 384.8 773.128 300 91
0 384.8 773.307 300 91
0 384.8 773.522 300 91
0 384.8 773.807 300 91
0 384.8 774.142 300 91
0 384.8 774.314 300 91
0 384.8 774.596 300 91
0 384.8 774.819 300 91
0 384.8 774.999 300 91
0 384.8 775.232 300 91
0 384.8 775.468 300 91
0 384.8 775.866 300 91
0 384.8 776.052 300 91
0 384.8 776.223 300 91
0 384.8 776.558 300 91
0 384.8 776.759 300 91
0 384.8 776.985 300 91
0 384.8 777.151 300 91
0 384.8 777.306 300 91
0 384.8 777.529 300 91
0 384.8 777.811 300 91
0 384.8 778.134 300 91
0 384.8 778.344 300 91
0 384.8 778.722 300 91
0 384.8 778.937 300 91
0 384.8 779.208 300 91
0 384.8 779.446 300 91
0 384.8 779.635 300 91
0 384.8 779.786 300 91
0 384.8 779.934 300 91
0 384.8 780.088 300 91
0 384.8 780.35 300 91
0 384.8 780.472 300 91
0 384.8 780.724 300 91
0 384.8 781.158 300 91
0 384.8 781.442 300 91
0 384.8 781.719 300 91
0 384.8 782.091 300 91
0 384.8 782.281 300 91
0 384.8 782.628 300 91
0 384.8 782.901 300 91
0 384.8 783.112 300 91
0 384.8 783.378 300 91
0 384.8 783.705 300 91
0 384.8 783.982 300 91
0 384.8 784.141 300 91
0 384.8 784.347 300 91
0 384.8 784.51 300 91
0 384.8 784.745 300 91
0 384.8 784.977 300 91
0 384.8 785.318 300 91
0 384.8 785.611 300 91
0 384.8 785.927 300 91
0 384.8 786.093 300 91
0 384.8 786.492 300 91
0 384.8 786.711 300 91
0 384.8 786.925 300 91
0 384.8 787.155 300 91
0 384.8 787.312 300 91
0 384.8 787.547 300 91
0 384.8 787.779 300 91
0 384.8 788.1 300 91
0 384.8 788.432 300 91
0 384.8 788.611 300 91
0 384.8 788.78 300 91
0 384.8 789.097 300 91
0 384.8 789.314 300 91
0 384.8 789.525 300 91
0 384.8 789.76 300 91
0 384.8 790.167 300 91
0 384.8 790.375 300 91
0 384.8 790.63 300 91
0 384.8 790.97 300 91
0 384.8 791.23 300 91
0 384.8 791.448 300 91
0 384.8 791.854 300 91
0 384.8 792.196 300 91
0 384.8 792.489 300 91
0 384.8 792.813 300 91
0 384.8 793.078 300 91
0 384.8 793.267 300 91
0 384.8 793.39 300 91
0 384.8 793.709 300 91
0 384.8 793.97 300 91
0 384.8 794.187 300 91
0 384.8 794.412 300 91
0 384.8 794.731 300 91
0 384.8 795.048 300 91
0 384.8 795.34 300 91
0 384.8 795.7 300 91
0 384.8 795.902 300 91
0 384.8 796.157 300 91
0 384.8 796.309 300 91
0 384.8 796.537 300 91
0 384.8 796.725 300 91
0 384.8 797.003 300 91
0 384.8 797.337 300 91
0 384.8 797.605 300 91
0 384.8 797.869 300 91
0 384.8 798.096 300 91
0 384.8 798.465 300 91
0 384.8 798.644 300 91
0 384.8 798.891 300 91
0 384.8 799.104 300 91
0 384.8 799.367 300 91
0 384.8 799.62 300 91
0 384.8 799.888 300 91
