0 581.2 0.24057 300 0
0 573.6 0.340354 0
0 568 0.444198 0
0 562.4 0.560913 0
0 500.8 0.751845 4
0 472.8 0.837787 4
0 456 0.964336 4
0 394.4 1.13849 4
0 381.2 1.28953 4
0 319.6 1.43334 4
0 308.4 1.54122 4
0 299.2 1.90215 5
0 299.2 8.01889 300 65
0 274.8 10.7181 65
0 269.2 11.3022 65
0 263.6 11.5374 65
0 258 11.8396 65
0 258 19.6218 300 87
0 258 31.7702 300 87
0 258 44.1897 300 87
0 258 56.3227 300 87
0 258 71.0464 300 87
0 258 85.0045 300 87
0 258 101.997 300 87
0 258 111.989 300 87
0 258 127.644 300 87
0 252.4 132.555 87
0 250.4 132.76 87
0 250.4 138.535 300 87
0 250.4 149.259 300 87
0 250.4 159.127 300 87
0 250.4 167.109 300 87
0 250.4 177.526 300 87
0 250.4 187.156 300 87
0 250.4 195.353 300 87
0 250.4 203.871 300 87
0 250.4 212.53 300 87
0 250.4 221.476 300 87
0 250.4 230.105 300 87
0 250.4 240.184 300 87
0 250.4 250.764 300 87
0 250.4 263.748 300 87
0 250.4 272.081 300 87
0 250.4 282.773 300 87
0 250.4 293.555 300 87
0 250.4 305.417 300 87
0 250.4 316.238 300 87
0 250.4 328.068 300 87
0 250.4 339.704 300 87
0 250.4 350.131 300 87
0 250.4 360.528 300 87
0 250.4 370.358 300 88
0 250.4 376.032 300 88
0 250.4 383.774 300 88
0 250.4 391.243 300 88
0 246.8 394.492 88
0 246.8 398.755 300 88
0 246.8 406.217 300 88
0 246.8 413.114 300 88
0 246.8 419.507 300 88
0 246.8 429.346 300 88
0 246.8 439.55 300 88
0 246.8 450.953 300 89
0 246.8 458.814 300 89
0 246.8 468.22 300 89
0 246.8 478.167 300 89
0 246.8 490.021 300 89
0 246.8 499.361 300 89
0 246.8 509.465 300 89
0 246.8 516.77 300 89
0 246.8 525.323 300 89
0 246.8 533.102 300 89
0 246.8 541.485 300 89
0 246.8 550.954 300 89
0 246.8 560.575 300 89
0 246.8 569.969 300 89
0 246.8 577.372 300 89
0 246.8 586.97 300 89
0 246.8 596.369 300 89
0 246.8 604.994 300 89
0 246.8 613.705 300 89
0 246.8 621.664 300 89
0 246.8 632.315 300 89
0 246.8 641.248 300 89
0 246.8 650.642 300 89
0 246.8 659.484 300 89
0 246.8 666.786 300 89
0 246.8 675.055 300 89
0 246.8 686.591 300 89
0 246.8 696.256 300 89
0 246.8 706.205 300 89
0 246.8 714.175 300 89
0 246.8 723.784 300 89
0 246.8 732.784 300 89
0 246.8 741.789 300 89
0 246.8 750.292 300 89
0 246.8 761.621 300 89
0 246.8 770.415 300 89
0 246.8 779.809 300 89
0 246.8 789.092 300 89
0 246.8 798.261 300 89
