0.000298 71.200000 71.200000
1.000299 71.200000 71.200000
2.000300 71.200000 71.200000
3.000300 71.200000 71.200000
4.000300 71.200000 71.200000
5.000301 71.200000 71.200000
6.000303 71.200000 71.200000
7.000303 71.200000 71.200000
8.000303 71.200000 71.200000
9.000305 71.200000 71.200000
10.000319 71.200000 71.200000
11.000319 71.200000 71.200000
12.000319 71.200000 71.200000
13.000319 71.200000 71.200000
14.000323 71.200000 71.200000
15.000337 71.200000 71.200000
16.000341 71.200000 71.200000
17.000341 71.200000 71.200000
18.000342 71.200000 71.200000
19.000347 71.200000 71.200000
20.000349 71.200000 71.200000
21.000349 71.200000 71.200000
22.000395 71.200000 71.200000
23.000395 71.200000 71.200000
24.000395 71.200000 71.200000
25.000430 71.200000 71.200000
26.000430 71.200000 71.200000
27.000434 71.200000 71.200000
28.000434 71.200000 71.200000
29.000456 71.200000 71.200000
30.000457 71.200000 71.200000
31.000471 71.200000 71.200000
32.000473 71.200000 71.200000
33.000479 71.200000 71.200000
34.000491 71.200000 71.200000
35.000491 71.200000 71.200000
36.000491 71.200000 71.200000
37.000496 71.200000 71.200000
38.000496 71.200000 71.200000
39.000496 71.200000 71.200000
40.000501 71.200000 71.200000
41.000501 71.200000 71.200000
42.000504 71.200000 71.200000
43.000528 71.200000 71.200000
44.000528 71.200000 71.200000
45.000528 71.200000 71.200000
46.000533 71.200000 71.200000
47.000533 71.200000 71.200000
48.000533 71.200000 71.200000
49.000594 71.200000 71.200000
50.000602 71.200000 71.200000
51.000605 71.200000 71.200000
52.000606 71.200000 71.200000
53.000608 71.200000 71.200000
54.000616 71.200000 71.200000
55.000616 71.200000 71.200000
56.000621 71.200000 71.200000
57.000628 71.200000 71.200000
58.000632 71.200000 71.200000
59.000635 71.200000 71.200000
60.000647 71.200000 71.200000
61.000650 71.200000 71.200000
62.000659 71.200000 71.200000
63.000662 71.200000 71.200000
64.000662 71.200000 71.200000
65.000662 71.200000 71.200000
66.000662 71.200000 71.200000
67.000665 71.200000 71.200000
68.000671 71.200000 71.200000
69.000717 71.200000 71.200000
70.000717 71.200000 71.200000
71.000717 71.200000 71.200000
72.000718 71.200000 71.200000
73.000718 71.200000 71.200000
74.000735 71.200000 71.200000
75.000735 71.200000 71.200000
76.000735 71.200000 71.200000
77.000737 71.200000 71.200000
78.000737 71.200000 71.200000
79.000741 71.200000 71.200000
80.000741 71.200000 71.200000
81.000795 71.200000 71.200000
82.000802 71.200000 71.200000
83.000810 71.200000 71.200000
84.000810 71.200000 71.200000
85.000810 71.200000 71.200000
86.000819 71.200000 71.200000
87.000819 71.200000 71.200000
88.000831 71.200000 71.200000
89.000834 71.200000 71.200000
90.000844 71.200000 71.200000
91.000847 71.200000 71.200000
92.000856 71.200000 71.200000
93.000860 71.200000 71.200000
94.000860 71.200000 71.200000
95.000867 71.200000 71.200000
96.000867 71.200000 71.200000
97.000868 71.200000 71.200000
98.000901 71.200000 71.200000
99.000901 71.200000 71.200000
100.000904 71.200000 71.200000
101.000921 71.200000 71.200000
102.000921 71.200000 71.200000
103.000924 71.200000 71.200000
104.000944 71.200000 71.200000
105.000944 71.200000 71.200000
106.000945 71.200000 71.200000
107.000945 71.200000 71.200000
108.000949 71.200000 71.200000
109.000965 71.200000 71.200000
110.000965 71.200000 71.200000
111.000965 71.200000 71.200000
112.000965 71.200000 71.200000
113.000969 71.200000 71.200000
114.000970 71.200000 71.200000
115.000970 71.200000 71.200000
116.000974 71.200000 71.200000
117.000988 71.200000 71.200000
118.000999 71.200000 71.200000
119.001001 71.200000 71.200000
120.001001 71.200000 71.200000
121.001005 71.200000 71.200000
122.001006 71.200000 71.200000
123.001026 71.200000 71.200000
124.001032 71.200000 71.200000
125.001032 71.200000 71.200000
126.001035 71.200000 71.200000
127.001035 71.200000 71.200000
128.001044 71.200000 71.200000
129.001044 71.200000 71.200000
130.001045 71.200000 71.200000
131.001045 71.200000 71.200000
132.001045 71.200000 71.200000
133.001045 71.200000 71.200000
134.001049 71.200000 71.200000
135.001053 71.200000 71.200000
136.001053 71.200000 71.200000
137.001053 71.200000 71.200000
138.001058 71.200000 71.200000
139.001072 71.200000 71.200000
140.001122 71.200000 71.200000
141.001127 71.200000 71.200000
142.001138 71.200000 71.200000
143.001147 71.200000 71.200000
144.001147 71.200000 71.200000
145.001148 71.200000 71.200000
146.001148 71.200000 71.200000
147.001153 71.200000 71.200000
148.001154 71.200000 71.200000
149.001154 71.200000 71.200000
150.001154 71.200000 71.200000
151.001154 71.200000 71.200000
152.001180 71.200000 71.200000
153.001180 71.200000 71.200000
154.001180 71.200000 71.200000
155.001180 71.200000 71.200000
156.001184 71.200000 71.200000
157.001184 71.200000 71.200000
158.001196 71.200000 71.200000
159.001197 71.200000 71.200000
160.001203 71.200000 71.200000
161.001204 71.200000 71.200000
162.001212 71.200000 71.200000
163.001216 71.200000 71.200000
164.001217 71.200000 71.200000
165.001220 71.200000 71.200000
166.001220 71.200000 71.200000
167.001221 71.200000 71.200000
168.001222 71.200000 71.200000
169.001236 71.200000 71.200000
170.001237 71.200000 71.200000
171.001245 71.200000 71.200000
172.001259 71.200000 71.200000
173.001261 71.200000 71.200000
174.001288 71.200000 71.200000
175.001292 71.200000 71.200000
176.001292 71.200000 71.200000
177.001341 71.200000 71.200000
178.001342 71.200000 71.200000
179.001372 71.200000 71.200000
180.001376 71.200000 71.200000
181.001377 71.200000 71.200000
182.001378 71.200000 71.200000
183.001379 71.200000 71.200000
184.001379 71.200000 71.200000
185.001379 71.200000 71.200000
186.001380 71.200000 71.200000
187.001380 71.200000 71.200000
188.001433 71.200000 71.200000
189.001433 71.200000 71.200000
190.001437 71.200000 71.200000
191.001440 71.200000 71.200000
192.001440 71.200000 71.200000
193.001448 71.200000 71.200000
194.001448 71.200000 71.200000
195.001450 71.200000 71.200000
196.001451 71.200000 71.200000
197.001453 71.200000 71.200000
198.001455 71.200000 71.200000
199.001457 71.200000 71.200000
200.001457 71.200000 71.200000
201.001460 71.200000 71.200000
202.001460 71.200000 71.200000
203.001461 71.200000 71.200000
204.001463 71.200000 71.200000
205.001464 71.200000 71.200000
206.001467 71.200000 71.200000
207.001474 71.200000 71.200000
208.001476 71.200000 71.200000
209.001476 71.200000 71.200000
210.001477 71.200000 71.200000
211.001477 71.200000 71.200000
212.001479 71.200000 71.200000
213.001479 71.200000 71.200000
214.001485 71.200000 71.200000
215.001495 71.200000 71.200000
216.001513 71.200000 71.200000
217.001521 71.200000 71.200000
218.001521 71.200000 71.200000
219.001533 71.200000 71.200000
220.001567 71.200000 71.200000
221.001567 71.200000 71.200000
222.001607 71.200000 71.200000
223.001607 71.200000 71.200000
224.001608 71.200000 71.200000
225.001613 71.200000 71.200000
226.001613 71.200000 71.200000
227.001625 71.200000 71.200000
228.001626 71.200000 71.200000
229.001628 71.200000 71.200000
230.001628 71.200000 71.200000
231.001628 71.200000 71.200000
232.001628 71.200000 71.200000
233.001628 71.200000 71.200000
234.001630 71.200000 71.200000
235.001632 71.200000 71.200000
236.001644 71.200000 71.200000
237.001644 71.200000 71.200000
238.001644 71.200000 71.200000
239.001644 71.200000 71.200000
240.001644 71.200000 71.200000
241.001644 71.200000 71.200000
242.001644 71.200000 71.200000
243.001648 71.200000 71.200000
244.001648 71.200000 71.200000
245.001649 71.200000 71.200000
246.001661 71.200000 71.200000
247.001661 71.200000 71.200000
248.001675 71.200000 71.200000
249.001675 71.200000 71.200000
250.001675 71.200000 71.200000
251.001675 71.200000 71.200000
252.001681 71.200000 71.200000
253.001681 71.200000 71.200000
254.001681 71.200000 71.200000
255.001687 71.200000 71.200000
256.001691 71.200000 71.200000
257.001691 71.200000 71.200000
258.001697 71.200000 71.200000
259.001699 71.200000 71.200000
260.001711 71.200000 71.200000
261.001715 71.200000 71.200000
262.001715 71.200000 71.200000
263.001727 71.200000 71.200000
264.001729 71.200000 71.200000
265.001730 71.200000 71.200000
266.001730 71.200000 71.200000
267.001734 71.200000 71.200000
268.001734 71.200000 71.200000
269.001735 71.200000 71.200000
270.001739 71.200000 71.200000
271.001739 71.200000 71.200000
272.001749 71.200000 71.200000
273.001752 71.200000 71.200000
274.001766 71.200000 71.200000
275.001766 71.200000 71.200000
276.001802 71.200000 71.200000
277.001835 71.200000 71.200000
278.001838 71.200000 71.200000
279.001838 71.200000 71.200000
280.001839 71.200000 71.200000
281.001839 71.200000 71.200000
282.001839 71.200000 71.200000
283.001842 71.200000 71.200000
284.001842 71.200000 71.200000
285.001842 71.200000 71.200000
286.001845 71.200000 71.200000
287.001847 71.200000 71.200000
288.001906 71.200000 71.200000
289.001906 71.200000 71.200000
290.001924 71.200000 71.200000
291.001925 71.200000 71.200000
292.001925 71.200000 71.200000
293.001927 71.200000 71.200000
294.001938 71.200000 71.200000
295.001938 71.200000 71.200000
296.001954 71.200000 71.200000
297.001954 71.200000 71.200000
298.001955 71.200000 71.200000
299.001955 71.200000 71.200000
300.001957 71.200000 71.200000
301.001957 71.200000 71.200000
302.001959 71.200000 71.200000
303.001970 71.200000 71.200000
304.001971 71.200000 71.200000
305.001978 71.200000 71.200000
306.001982 71.200000 71.200000
307.001999 71.200000 71.200000
308.002025 71.200000 71.200000
309.002032 71.200000 71.200000
310.002036 71.200000 71.200000
311.002038 71.200000 71.200000
312.002040 71.200000 71.200000
313.002040 71.200000 71.200000
314.002040 71.200000 71.200000
315.002044 71.200000 71.200000
316.002053 71.200000 71.200000
317.002053 71.200000 71.200000
318.002066 71.200000 71.200000
319.002098 71.200000 71.200000
320.002107 71.200000 71.200000
321.002115 71.200000 71.200000
322.002118 71.200000 71.200000
323.002127 71.200000 71.200000
324.002129 71.200000 71.200000
325.002132 71.200000 71.200000
326.002132 71.200000 71.200000
327.002133 71.200000 71.200000
328.002133 71.200000 71.200000
329.002142 71.200000 71.200000
330.002154 71.200000 71.200000
331.002159 71.200000 71.200000
332.002187 71.200000 71.200000
333.002188 71.200000 71.200000
334.002194 71.200000 71.200000
335.002194 71.200000 71.200000
336.002198 71.200000 71.200000
337.002200 71.200000 71.200000
338.002201 71.200000 71.200000
339.002202 71.200000 71.200000
340.002207 71.200000 71.200000
341.002210 71.200000 71.200000
342.002223 71.200000 71.200000
343.002223 71.200000 71.200000
344.002224 71.200000 71.200000
345.002225 71.200000 71.200000
346.002235 71.200000 71.200000
347.002236 71.200000 71.200000
348.002236 71.200000 71.200000
349.002240 71.200000 71.200000
350.002240 71.200000 71.200000
351.002250 71.200000 71.200000
352.002250 71.200000 71.200000
353.002263 71.200000 71.200000
354.002263 71.200000 71.200000
355.002264 71.200000 71.200000
356.002265 71.200000 71.200000
357.002271 71.200000 71.200000
358.002272 71.200000 71.200000
359.002283 71.200000 71.200000
360.002284 71.200000 71.200000
361.002290 71.200000 71.200000
362.002299 71.200000 71.200000
363.002300 71.200000 71.200000
364.002306 71.200000 71.200000
365.002306 71.200000 71.200000
366.002308 71.200000 71.200000
367.002309 71.200000 71.200000
368.002326 71.200000 71.200000
369.002330 71.200000 71.200000
370.002332 71.200000 71.200000
371.002333 71.200000 71.200000
372.002346 71.200000 71.200000
373.002346 71.200000 71.200000
374.002354 71.200000 71.200000
375.002354 71.200000 71.200000
376.002365 71.200000 71.200000
377.002365 71.200000 71.200000
378.002365 71.200000 71.200000
379.002369 71.200000 71.200000
380.002372 71.200000 71.200000
381.002375 71.200000 71.200000
382.002383 71.200000 71.200000
383.002383 71.200000 71.200000
384.002383 71.200000 71.200000
385.002386 71.200000 71.200000
386.002387 71.200000 71.200000
387.002388 71.200000 71.200000
388.002390 71.200000 71.200000
389.002393 71.200000 71.200000
390.002394 71.200000 71.200000
391.002396 71.200000 71.200000
392.002396 71.200000 71.200000
393.002403 71.200000 71.200000
394.002413 71.200000 71.200000
395.002422 71.200000 71.200000
396.002433 71.200000 71.200000
397.002436 71.200000 71.200000
398.002436 71.200000 71.200000
399.002446 71.200000 71.200000
400.002456 71.200000 71.200000
401.002456 71.200000 71.200000
402.002458 71.200000 71.200000
403.002464 71.200000 71.200000
404.002468 71.200000 71.200000
405.002469 71.200000 71.200000
406.002470 71.200000 71.200000
407.002471 71.200000 71.200000
408.002472 71.200000 71.200000
409.002473 71.200000 71.200000
410.002476 71.200000 71.200000
411.002477 71.200000 71.200000
412.002477 71.200000 71.200000
413.002478 71.200000 71.200000
414.002482 71.200000 71.200000
415.002485 71.200000 71.200000
416.002486 71.200000 71.200000
417.002487 71.200000 71.200000
418.002488 71.200000 71.200000
419.002493 71.200000 71.200000
420.002495 71.200000 71.200000
421.002495 71.200000 71.200000
422.002495 71.200000 71.200000
423.002495 71.200000 71.200000
424.002512 71.200000 71.200000
425.002513 71.200000 71.200000
426.002515 71.200000 71.200000
427.002556 71.200000 71.200000
428.002557 71.200000 71.200000
429.002557 71.200000 71.200000
430.002566 71.200000 71.200000
431.002572 71.200000 71.200000
432.002574 71.200000 71.200000
433.002574 71.200000 71.200000
434.002578 71.200000 71.200000
435.002578 71.200000 71.200000
436.002587 71.200000 71.200000
437.002587 71.200000 71.200000
438.002589 71.200000 71.200000
439.002589 71.200000 71.200000
440.002589 71.200000 71.200000
441.002599 71.200000 71.200000
442.002602 71.200000 71.200000
443.002604 71.200000 71.200000
444.002605 71.200000 71.200000
445.002607 71.200000 71.200000
446.002609 71.200000 71.200000
447.002611 71.200000 71.200000
448.002612 71.200000 71.200000
449.002623 71.200000 71.200000
450.002623 71.200000 71.200000
451.002633 71.200000 71.200000
452.002633 71.200000 71.200000
453.002635 71.200000 71.200000
454.002635 71.200000 71.200000
455.002635 71.200000 71.200000
456.002649 71.200000 71.200000
457.002651 71.200000 71.200000
458.002651 71.200000 71.200000
459.002674 71.200000 71.200000
460.002707 71.200000 71.200000
461.002707 71.200000 71.200000
462.002708 71.200000 71.200000
463.002708 71.200000 71.200000
464.002713 71.200000 71.200000
465.002713 71.200000 71.200000
466.002714 71.200000 71.200000
467.002714 71.200000 71.200000
468.002715 71.200000 71.200000
469.002715 71.200000 71.200000
470.002717 71.200000 71.200000
471.002719 71.200000 71.200000
472.002720 71.200000 71.200000
473.002720 71.200000 71.200000
474.002721 71.200000 71.200000
475.002721 71.200000 71.200000
476.002722 71.200000 71.200000
477.002722 71.200000 71.200000
478.002736 71.200000 71.200000
479.002737 71.200000 71.200000
480.002752 71.200000 71.200000
481.002752 71.200000 71.200000
482.002755 71.200000 71.200000
483.002755 71.200000 71.200000
484.002755 71.200000 71.200000
485.002755 71.200000 71.200000
486.002755 71.200000 71.200000
487.002765 71.200000 71.200000
488.002767 71.200000 71.200000
489.002828 71.200000 71.200000
490.002829 71.200000 71.200000
491.002901 71.200000 71.200000
492.002901 71.200000 71.200000
493.002914 71.200000 71.200000
494.002914 71.200000 71.200000
495.002915 71.200000 71.200000
496.002917 71.200000 71.200000
497.002917 71.200000 71.200000
498.002919 71.200000 71.200000
499.002920 71.200000 71.200000
500.002922 71.200000 71.200000
501.002922 71.200000 71.200000
502.002922 71.200000 71.200000
503.002949 71.200000 71.200000
504.002949 71.200000 71.200000
505.002955 71.200000 71.200000
506.002957 71.200000 71.200000
507.002959 71.200000 71.200000
508.002976 71.200000 71.200000
509.002978 71.200000 71.200000
510.002978 71.200000 71.200000
511.002979 71.200000 71.200000
512.002979 71.200000 71.200000
513.002983 71.200000 71.200000
514.002995 71.200000 71.200000
515.003008 71.200000 71.200000
516.003018 71.200000 71.200000
517.003026 71.200000 71.200000
518.003026 71.200000 71.200000
519.003026 71.200000 71.200000
520.003026 71.200000 71.200000
521.003039 71.200000 71.200000
522.003040 71.200000 71.200000
523.003040 71.200000 71.200000
524.003043 71.200000 71.200000
525.003043 71.200000 71.200000
526.003047 71.200000 71.200000
527.003047 71.200000 71.200000
528.003049 71.200000 71.200000
529.003050 71.200000 71.200000
530.003050 71.200000 71.200000
531.003051 71.200000 71.200000
532.003051 71.200000 71.200000
533.003054 71.200000 71.200000
534.003056 71.200000 71.200000
535.003067 71.200000 71.200000
536.003067 71.200000 71.200000
537.003067 71.200000 71.200000
538.003079 71.200000 71.200000
539.003114 71.200000 71.200000
540.003114 71.200000 71.200000
541.003116 71.200000 71.200000
542.003117 71.200000 71.200000
543.003117 71.200000 71.200000
544.003117 71.200000 71.200000
545.003119 71.200000 71.200000
546.003121 71.200000 71.200000
547.003124 71.200000 71.200000
548.003134 71.200000 71.200000
549.003134 71.200000 71.200000
550.003146 71.200000 71.200000
551.003147 71.200000 71.200000
552.003149 71.200000 71.200000
553.003149 71.200000 71.200000
554.003157 71.200000 71.200000
555.003158 71.200000 71.200000
556.003158 71.200000 71.200000
557.003188 71.200000 71.200000
558.003190 71.200000 71.200000
559.003192 71.200000 71.200000
560.003194 71.200000 71.200000
561.003194 71.200000 71.200000
562.003194 71.200000 71.200000
563.003201 71.200000 71.200000
564.003202 71.200000 71.200000
565.003202 71.200000 71.200000
566.003210 71.200000 71.200000
567.003221 71.200000 71.200000
568.003221 71.200000 71.200000
569.003221 71.200000 71.200000
570.003230 71.200000 71.200000
571.003247 71.200000 71.200000
572.003248 71.200000 71.200000
573.003248 71.200000 71.200000
574.003260 71.200000 71.200000
575.003263 71.200000 71.200000
576.003263 71.200000 71.200000
577.003263 71.200000 71.200000
578.003265 71.200000 71.200000
579.003307 71.200000 71.200000
580.003307 71.200000 71.200000
581.003316 71.200000 71.200000
582.003316 71.200000 71.200000
583.003380 71.200000 71.200000
584.003384 71.200000 71.200000
585.003390 71.200000 71.200000
586.003392 71.200000 71.200000
587.003392 71.200000 71.200000
588.003405 71.200000 71.200000
589.003407 71.200000 71.200000
590.003407 71.200000 71.200000
591.003408 71.200000 71.200000
592.003409 71.200000 71.200000
593.003411 71.200000 71.200000
594.003415 71.200000 71.200000
595.003417 71.200000 71.200000
596.003423 71.200000 71.200000
597.003423 71.200000 71.200000
598.003425 71.200000 71.200000
599.003430 71.200000 71.200000
600.003448 71.200000 71.200000
601.003448 71.200000 71.200000
602.003448 71.200000 71.200000
603.003498 71.200000 71.200000
604.003507 71.200000 71.200000
605.003508 71.200000 71.200000
606.003516 71.200000 71.200000
607.003518 71.200000 71.200000
608.003520 71.200000 71.200000
609.003520 71.200000 71.200000
610.003522 71.200000 71.200000
611.003522 71.200000 71.200000
612.003523 71.200000 71.200000
613.003523 71.200000 71.200000
614.003524 71.200000 71.200000
615.003524 71.200000 71.200000
616.003527 71.200000 71.200000
617.003528 71.200000 71.200000
618.003529 71.200000 71.200000
619.003529 71.200000 71.200000
620.003529 71.200000 71.200000
621.003538 71.200000 71.200000
622.003538 71.200000 71.200000
623.003547 71.200000 71.200000
624.003549 71.200000 71.200000
625.003549 71.200000 71.200000
626.003549 71.200000 71.200000
627.003554 71.200000 71.200000
628.003554 71.200000 71.200000
629.003566 71.200000 71.200000
630.003598 71.200000 71.200000
631.003663 71.200000 71.200000
632.003699 71.200000 71.200000
633.003699 71.200000 71.200000
634.003699 71.200000 71.200000
635.003700 71.200000 71.200000
636.003700 71.200000 71.200000
637.003703 71.200000 71.200000
638.003710 71.200000 71.200000
639.003712 71.200000 71.200000
640.003713 71.200000 71.200000
641.003717 71.200000 71.200000
642.003724 71.200000 71.200000
643.003725 71.200000 71.200000
644.003729 71.200000 71.200000
645.003736 71.200000 71.200000
646.003737 71.200000 71.200000
647.003738 71.200000 71.200000
648.003739 71.200000 71.200000
649.003741 71.200000 71.200000
650.003780 71.200000 71.200000
651.003785 71.200000 71.200000
652.003785 71.200000 71.200000
653.003788 71.200000 71.200000
654.003788 71.200000 71.200000
655.003788 71.200000 71.200000
656.003788 71.200000 71.200000
657.003813 71.200000 71.200000
658.003813 71.200000 71.200000
659.003827 71.200000 71.200000
660.003835 71.200000 71.200000
661.003835 71.200000 71.200000
662.003838 71.200000 71.200000
663.003852 71.200000 71.200000
664.003853 71.200000 71.200000
665.003857 71.200000 71.200000
666.003859 71.200000 71.200000
667.003860 71.200000 71.200000
668.003894 71.200000 71.200000
669.003895 71.200000 71.200000
670.003915 71.200000 71.200000
671.003915 71.200000 71.200000
672.003918 71.200000 71.200000
673.003930 71.200000 71.200000
674.003940 71.200000 71.200000
675.003940 71.200000 71.200000
676.003940 71.200000 71.200000
677.003942 71.200000 71.200000
678.003952 71.200000 71.200000
679.003952 71.200000 71.200000
680.003953 71.200000 71.200000
681.003953 71.200000 71.200000
682.003954 71.200000 71.200000
683.003954 71.200000 71.200000
684.003959 71.200000 71.200000
685.003966 71.200000 71.200000
686.003975 71.200000 71.200000
687.003978 71.200000 71.200000
688.003986 71.200000 71.200000
689.003986 71.200000 71.200000
690.003986 71.200000 71.200000
691.003987 71.200000 71.200000
692.004000 71.200000 71.200000
693.004001 71.200000 71.200000
694.004001 71.200000 71.200000
695.004011 71.200000 71.200000
696.004011 71.200000 71.200000
697.004020 71.200000 71.200000
698.004033 71.200000 71.200000
699.004035 71.200000 71.200000
700.004039 71.200000 71.200000
701.004050 71.200000 71.200000
702.004050 71.200000 71.200000
703.004063 71.200000 71.200000
704.004063 71.200000 71.200000
705.004063 71.200000 71.200000
706.004075 71.200000 71.200000
707.004079 71.200000 71.200000
708.004111 71.200000 71.200000
709.004113 71.200000 71.200000
710.004113 71.200000 71.200000
711.004113 71.200000 71.200000
712.004124 71.200000 71.200000
713.004124 71.200000 71.200000
714.004124 71.200000 71.200000
715.004124 71.200000 71.200000
716.004124 71.200000 71.200000
717.004125 71.200000 71.200000
718.004125 71.200000 71.200000
719.004174 71.200000 71.200000
720.004177 71.200000 71.200000
721.004181 71.200000 71.200000
722.004181 71.200000 71.200000
723.004187 71.200000 71.200000
724.004189 71.200000 71.200000
725.004189 71.200000 71.200000
726.004191 71.200000 71.200000
727.004195 71.200000 71.200000
728.004196 71.200000 71.200000
729.004199 71.200000 71.200000
730.004200 71.200000 71.200000
731.004200 71.200000 71.200000
732.004201 71.200000 71.200000
733.004203 71.200000 71.200000
734.004213 71.200000 71.200000
735.004215 71.200000 71.200000
736.004216 71.200000 71.200000
737.004225 71.200000 71.200000
738.004227 71.200000 71.200000
739.004236 71.200000 71.200000
740.004248 71.200000 71.200000
741.004254 71.200000 71.200000
742.004254 71.200000 71.200000
743.004254 71.200000 71.200000
744.004262 71.200000 71.200000
745.004262 71.200000 71.200000
746.004262 71.200000 71.200000
747.004273 71.200000 71.200000
748.004280 71.200000 71.200000
749.004280 71.200000 71.200000
750.004284 71.200000 71.200000
751.004286 71.200000 71.200000
752.004288 71.200000 71.200000
753.004289 71.200000 71.200000
754.004322 71.200000 71.200000
755.004322 71.200000 71.200000
756.004322 71.200000 71.200000
757.004322 71.200000 71.200000
758.004325 71.200000 71.200000
759.004326 71.200000 71.200000
760.004326 71.200000 71.200000
761.004327 71.200000 71.200000
762.004330 71.200000 71.200000
763.004340 71.200000 71.200000
764.004341 71.200000 71.200000
765.004355 71.200000 71.200000
766.004362 71.200000 71.200000
767.004421 71.200000 71.200000
768.004436 71.200000 71.200000
769.004436 71.200000 71.200000
770.004436 71.200000 71.200000
771.004436 71.200000 71.200000
772.004436 71.200000 71.200000
773.004437 71.200000 71.200000
774.004440 71.200000 71.200000
775.004441 71.200000 71.200000
776.004443 71.200000 71.200000
777.004451 71.200000 71.200000
778.004457 71.200000 71.200000
779.004470 71.200000 71.200000
780.004471 71.200000 71.200000
781.004475 71.200000 71.200000
782.004479 71.200000 71.200000
783.004529 71.200000 71.200000
784.004529 71.200000 71.200000
785.004536 71.200000 71.200000
786.004536 71.200000 71.200000
787.004538 71.200000 71.200000
788.004551 71.200000 71.200000
789.004551 71.200000 71.200000
790.004625 71.200000 71.200000
791.004628 71.200000 71.200000
792.004628 71.200000 71.200000
793.004637 71.200000 71.200000
794.004637 71.200000 71.200000
795.004640 71.200000 71.200000
796.004662 71.200000 71.200000
797.004662 71.200000 71.200000
798.004665 71.200000 71.200000
799.004666 71.200000 71.200000
