46.273318 498.800000 498.800000
48.070947 498.800000 498.800000
49.562830 498.800000 498.800000
53.942636 465.200000 465.200000
55.332628 465.200000 465.200000
57.203426 465.200000 465.200000
62.026509 456.000000 456.000000
63.497100 456.000000 456.000000
64.703956 456.000000 456.000000
66.900244 456.000000 456.000000
69.086839 456.000000 456.000000
70.343672 456.000000 456.000000
71.425092 456.000000 456.000000
72.474119 456.000000 456.000000
73.670663 456.000000 456.000000
74.803109 456.000000 456.000000
77.324058 456.000000 456.000000
78.876748 456.000000 456.000000
80.474528 456.000000 456.000000
82.300387 456.000000 456.000000
83.328138 456.000000 456.000000
85.311877 456.000000 456.000000
87.846158 456.000000 364.400000
90.097500 364.400000 364.400000
91.866512 364.400000 364.400000
93.416612 364.400000 319.600000
95.395678 319.600000 319.600000
97.192870 319.600000 319.600000
99.795655 319.600000 314.000000
101.447141 314.000000 314.000000
102.653093 314.000000 314.000000
104.041533 314.000000 314.000000
106.641650 314.000000 314.000000
107.668961 314.000000 314.000000
108.700878 314.000000 314.000000
109.998446 314.000000 314.000000
111.278294 314.000000 314.000000
112.468373 314.000000 314.000000
113.634249 314.000000 314.000000
115.348158 314.000000 314.000000
118.117325 314.000000 314.000000
119.192029 314.000000 314.000000
121.263019 314.000000 314.000000
123.107531 314.000000 291.600000
125.380745 291.600000 291.600000
126.618315 291.600000 291.600000
127.813342 291.600000 291.600000
129.625390 291.600000 291.600000
131.900327 291.600000 291.600000
134.069668 291.600000 291.600000
135.388045 291.600000 286.000000
136.732820 286.000000 286.000000
138.328728 286.000000 286.000000
140.479409 286.000000 286.000000
142.593929 286.000000 286.000000
143.858133 286.000000 286.000000
144.921185 286.000000 286.000000
145.939604 286.000000 286.000000
147.256250 286.000000 286.000000
148.959149 286.000000 286.000000
150.478572 286.000000 286.000000
152.735185 286.000000 286.000000
153.849136 286.000000 286.000000
155.034188 286.000000 286.000000
156.613510 286.000000 286.000000
157.756091 286.000000 286.000000
158.963681 286.000000 286.000000
160.529801 286.000000 286.000000
161.692062 286.000000 286.000000
163.492412 286.000000 286.000000
165.996839 286.000000 286.000000
167.174330 286.000000 286.000000
168.609230 286.000000 286.000000
170.404865 286.000000 286.000000
172.974427 286.000000 286.000000
175.006445 286.000000 286.000000
176.188555 286.000000 286.000000
177.201510 286.000000 286.000000
178.707709 286.000000 286.000000
180.150669 286.000000 286.000000
181.218474 286.000000 286.000000
182.519814 286.000000 286.000000
183.960806 286.000000 286.000000
185.331236 286.000000 286.000000
186.433079 286.000000 286.000000
187.898836 286.000000 286.000000
189.861516 286.000000 286.000000
191.906389 286.000000 286.000000
194.041634 286.000000 286.000000
196.700922 286.000000 286.000000
197.824989 286.000000 286.000000
198.998486 286.000000 286.000000
200.673509 286.000000 286.000000
202.982699 286.000000 286.000000
204.015112 286.000000 286.000000
205.751598 286.000000 286.000000
207.421465 286.000000 286.000000
208.505856 286.000000 286.000000
210.135781 286.000000 286.000000
212.564827 286.000000 286.000000
213.636056 286.000000 286.000000
215.233003 286.000000 286.000000
216.548156 286.000000 286.000000
217.692210 286.000000 286.000000
218.953689 286.000000 286.000000
220.378403 286.000000 286.000000
222.003207 286.000000 286.000000
223.232762 286.000000 286.000000
224.380473 286.000000 286.000000
226.760466 286.000000 286.000000
228.256569 286.000000 286.000000
229.354202 286.000000 286.000000
231.262878 286.000000 286.000000
233.307946 286.000000 286.000000
234.913218 286.000000 286.000000
236.293807 286.000000 286.000000
272.154589 286.000000 498.800000
274.566092 286.000000 498.800000
276.021878 286.000000 414.800000
277.023899 286.000000 414.800000
278.038727 286.000000 414.800000
279.137317 286.000000 394.400000
281.023401 286.000000 394.400000
283.026282 286.000000 394.400000
284.612126 286.000000 330.800000
286.049025 286.000000 330.800000
287.263317 286.000000 330.800000
288.499511 286.000000 330.800000
290.774605 286.000000 330.800000
291.829685 286.000000 330.800000
293.000252 286.000000 330.800000
294.378899 286.000000 330.800000
296.500460 286.000000 330.800000
297.688969 286.000000 330.800000
299.232305 286.000000 330.800000
300.338976 286.000000 330.800000
301.377148 286.000000 330.800000
303.281643 286.000000 330.800000
305.292081 286.000000 330.800000
306.688888 286.000000 316.000000
308.705719 286.000000 316.000000
310.030705 286.000000 308.400000
312.057830 286.000000 308.400000
313.306984 286.000000 308.400000
314.450584 286.000000 308.400000
316.265347 286.000000 308.400000
318.399621 286.000000 308.400000
319.711258 286.000000 308.400000
320.852873 286.000000 308.400000
322.176271 286.000000 308.400000
323.299516 286.000000 308.400000
325.302825 286.000000 308.400000
326.583698 286.000000 308.400000
327.764392 286.000000 308.400000
329.663319 286.000000 308.400000
330.825275 286.000000 308.400000
331.929399 286.000000 308.400000
333.039492 286.000000 308.400000
334.080453 286.000000 308.400000
335.947831 286.000000 308.400000
337.029072 286.000000 308.400000
338.597364 286.000000 308.400000
340.855637 286.000000 308.400000
341.929915 286.000000 308.400000
343.518428 286.000000 308.400000
345.626003 286.000000 308.400000
346.733556 286.000000 308.400000
348.328971 286.000000 308.400000
350.395086 286.000000 308.400000
351.619251 286.000000 308.400000
352.781986 286.000000 308.400000
354.632319 286.000000 308.400000
356.020106 286.000000 308.400000
357.094107 286.000000 308.400000
358.987185 286.000000 308.400000
360.021069 286.000000 308.400000
361.619310 286.000000 308.400000
363.219963 286.000000 302.800000
365.151731 286.000000 302.800000
366.519936 286.000000 302.800000
367.733558 286.000000 302.800000
369.031180 286.000000 302.800000
371.231438 286.000000 302.800000
372.479361 286.000000 302.800000
373.490969 286.000000 302.800000
374.567758 286.000000 302.800000
375.756909 286.000000 302.800000
377.312171 286.000000 302.800000
378.449230 286.000000 302.800000
380.096618 286.000000 302.800000
381.276242 286.000000 302.800000
382.350704 286.000000 302.800000
383.644069 286.000000 302.800000
384.727197 286.000000 302.800000
386.643362 286.000000 302.800000
389.239221 286.000000 302.800000
390.326428 286.000000 302.800000
391.392459 286.000000 302.800000
393.186092 286.000000 302.800000
395.201782 286.000000 302.800000
396.395483 286.000000 302.800000
397.442726 286.000000 302.800000
399.294255 286.000000 302.800000
400.300647 286.000000 302.800000
401.868433 286.000000 302.800000
403.952015 286.000000 302.800000
406.109842 286.000000 302.800000
408.316419 286.000000 302.800000
410.547918 286.000000 302.800000
411.679992 286.000000 302.800000
413.022055 286.000000 302.800000
414.167182 286.000000 302.800000
415.409557 286.000000 302.800000
416.819919 286.000000 302.800000
418.008600 286.000000 302.800000
419.046875 286.000000 302.800000
420.902586 286.000000 302.800000
421.960540 286.000000 302.800000
423.111460 286.000000 302.800000
424.542197 286.000000 302.800000
426.785467 286.000000 302.800000
429.343943 286.000000 302.800000
430.514378 286.000000 302.800000
431.536612 286.000000 302.800000
433.909505 286.000000 302.800000
435.981418 286.000000 302.800000
437.160850 286.000000 302.800000
438.277766 286.000000 302.800000
440.134689 286.000000 302.800000
442.351635 286.000000 302.800000
443.807919 286.000000 302.800000
444.856295 286.000000 302.800000
446.709177 286.000000 302.800000
448.764421 286.000000 302.800000
449.818056 286.000000 302.800000
450.949228 286.000000 302.800000
451.985830 286.000000 302.800000
453.583212 286.000000 302.800000
454.981937 286.000000 302.800000
457.116489 286.000000 302.800000
458.284723 286.000000 302.800000
459.469369 286.000000 302.800000
460.959393 286.000000 302.800000
462.427741 286.000000 302.800000
463.610750 286.000000 302.800000
465.032141 286.000000 302.800000
466.365239 286.000000 302.800000
467.428470 286.000000 302.800000
469.342285 286.000000 302.800000
471.356875 286.000000 302.800000
473.405091 286.000000 302.800000
474.444883 286.000000 302.800000
476.009918 286.000000 302.800000
477.266329 286.000000 302.800000
478.386850 286.000000 302.800000
480.243957 286.000000 302.800000
481.681314 286.000000 302.800000
483.195081 286.000000 302.800000
484.276205 286.000000 302.800000
515.454526 286.000000 482.000000
517.187658 286.000000 482.000000
518.654223 286.000000 409.200000
520.238420 286.000000 409.200000
521.644777 286.000000 400.000000
523.239399 286.000000 400.000000
524.396054 286.000000 400.000000
525.829596 286.000000 400.000000
527.732448 286.000000 400.000000
529.011984 286.000000 336.400000
530.621676 286.000000 336.400000
531.975312 286.000000 336.400000
533.131827 286.000000 336.400000
534.492334 286.000000 336.400000
536.259184 286.000000 336.400000
537.464499 286.000000 336.400000
539.107546 286.000000 336.400000
541.142325 286.000000 336.400000
542.574497 286.000000 316.000000
544.034575 286.000000 316.000000
545.142325 286.000000 316.000000
546.552581 286.000000 316.000000
547.699163 286.000000 316.000000
549.290449 286.000000 316.000000
550.583852 286.000000 316.000000
552.052061 286.000000 316.000000
553.055038 286.000000 316.000000
554.279367 286.000000 316.000000
556.100720 286.000000 316.000000
557.486232 286.000000 304.800000
558.533523 286.000000 304.800000
559.553323 286.000000 304.800000
561.813511 286.000000 304.800000
563.199366 286.000000 280.400000
564.315696 280.400000 280.400000
565.852375 280.400000 280.400000
567.029212 280.400000 280.400000
568.387497 280.400000 280.400000
569.424191 280.400000 280.400000
571.215748 280.400000 280.400000
573.692121 280.400000 280.400000
575.800679 280.400000 280.400000
576.953349 280.400000 280.400000
578.907114 280.400000 280.400000
580.971681 280.400000 280.400000
582.309168 280.400000 274.800000
583.615618 274.800000 274.800000
585.438185 274.800000 274.800000
587.551925 274.800000 274.800000
588.972673 274.800000 274.800000
590.005021 274.800000 274.800000
591.851728 274.800000 274.800000
592.910357 274.800000 274.800000
594.604412 274.800000 274.800000
595.693898 274.800000 274.800000
597.878907 274.800000 274.800000
600.281891 274.800000 274.800000
601.748372 274.800000 274.800000
603.452977 274.800000 274.800000
604.546521 274.800000 274.800000
605.838721 274.800000 274.800000
607.932782 274.800000 274.800000
609.993894 274.800000 274.800000
611.148458 274.800000 274.800000
612.501547 274.800000 274.800000
614.550950 274.800000 274.800000
615.719841 274.800000 274.800000
616.912722 274.800000 274.800000
618.200196 274.800000 274.800000
619.421658 274.800000 274.800000
620.430752 274.800000 274.800000
622.260178 274.800000 274.800000
623.528448 274.800000 274.800000
624.575669 274.800000 274.800000
626.467356 274.800000 274.800000
627.846404 274.800000 274.800000
628.998136 274.800000 274.800000
630.902210 274.800000 274.800000
633.043912 274.800000 274.800000
635.253477 274.800000 274.800000
637.329441 274.800000 274.800000
638.517213 274.800000 274.800000
639.877353 274.800000 274.800000
641.537188 274.800000 274.800000
643.857034 274.800000 274.800000
645.983663 274.800000 274.800000
647.215842 274.800000 274.800000
648.329038 274.800000 274.800000
650.290565 274.800000 274.800000
651.526015 274.800000 274.800000
652.559123 274.800000 274.800000
655.060864 274.800000 274.800000
656.278141 274.800000 274.800000
657.280016 274.800000 274.800000
659.127445 274.800000 274.800000
660.400411 274.800000 274.800000
661.487301 274.800000 274.800000
662.871579 274.800000 274.800000
663.918635 274.800000 274.800000
664.924209 274.800000 274.800000
666.561494 274.800000 274.800000
667.586961 274.800000 274.800000
669.313059 274.800000 274.800000
670.578862 274.800000 274.800000
671.579021 274.800000 274.800000
673.027504 274.800000 274.800000
675.471128 274.800000 274.800000
676.755395 274.800000 274.800000
678.025287 274.800000 274.800000
679.663180 274.800000 274.800000
680.887456 274.800000 274.800000
682.091162 274.800000 274.800000
683.464549 274.800000 274.800000
685.722914 274.800000 274.800000
686.863468 274.800000 274.800000
687.878074 274.800000 274.800000
688.940704 274.800000 274.800000
690.586113 274.800000 274.800000
691.739064 274.800000 274.800000
692.930475 274.800000 274.800000
694.545378 274.800000 274.800000
696.639456 274.800000 274.800000
699.129942 274.800000 274.800000
701.221025 274.800000 274.800000
702.454477 274.800000 274.800000
703.466628 274.800000 274.800000
705.041885 274.800000 274.800000
707.254267 274.800000 274.800000
708.872469 274.800000 274.800000
740.988489 274.800000 498.800000
742.318324 274.800000 498.800000
744.195098 274.800000 469.200000
745.761484 274.800000 469.200000
747.164406 274.800000 469.200000
749.085263 274.800000 452.400000
750.984620 274.800000 452.400000
753.428921 274.800000 452.400000
754.561060 274.800000 358.800000
755.590046 274.800000 358.800000
756.753781 274.800000 358.800000
758.348562 274.800000 358.800000
759.476735 274.800000 358.800000
760.869956 274.800000 358.800000
761.892553 274.800000 358.800000
763.253690 274.800000 358.800000
765.486863 274.800000 358.800000
766.651999 274.800000 358.800000
767.810204 274.800000 358.800000
769.506945 274.800000 358.800000
770.691874 274.800000 349.600000
772.137940 274.800000 344.000000
773.662146 274.800000 344.000000
775.890976 274.800000 344.000000
777.970203 274.800000 344.000000
779.111141 274.800000 302.800000
780.578334 274.800000 297.200000
782.471096 274.800000 297.200000
783.667967 274.800000 291.600000
785.564112 274.800000 291.600000
787.683877 274.800000 291.600000
788.911851 274.800000 289.600000
790.417783 274.800000 289.600000
792.192401 274.800000 289.600000
794.702044 274.800000 289.600000
795.939542 274.800000 289.600000
797.022819 274.800000 289.600000
798.357257 274.800000 289.600000
799.557668 274.800000 289.600000
