34.848114 498.800000 498.800000
35.970689 498.800000 498.800000
37.415411 498.800000 498.800000
41.039054 470.800000 470.800000
42.221653 470.800000 470.800000
43.261917 470.800000 470.800000
48.787055 454.000000 454.000000
51.503760 454.000000 454.000000
52.516816 454.000000 454.000000
54.152403 454.000000 454.000000
55.248121 454.000000 454.000000
56.424697 454.000000 454.000000
57.742096 454.000000 454.000000
58.746689 454.000000 454.000000
60.490901 454.000000 454.000000
62.113432 454.000000 454.000000
63.389062 454.000000 454.000000
64.813554 454.000000 454.000000
66.114747 454.000000 428.000000
67.441067 428.000000 428.000000
69.398583 428.000000 428.000000
70.937913 428.000000 314.000000
72.114586 314.000000 314.000000
73.261701 314.000000 314.000000
74.347844 314.000000 314.000000
76.181284 314.000000 314.000000
78.326357 314.000000 314.000000
80.511513 314.000000 314.000000
82.067422 314.000000 306.400000
83.314240 306.400000 306.400000
85.110405 306.400000 306.400000
86.507850 306.400000 300.800000
87.797203 300.800000 300.800000
89.685501 300.800000 300.800000
91.092164 300.800000 297.200000
92.277359 297.200000 297.200000
94.103602 297.200000 297.200000
96.108255 297.200000 297.200000
97.358857 297.200000 297.200000
98.367055 297.200000 297.200000
99.373325 297.200000 297.200000
101.173071 297.200000 297.200000
102.309309 297.200000 297.200000
103.544029 297.200000 297.200000
105.095486 297.200000 297.200000
107.085468 297.200000 297.200000
108.337842 297.200000 297.200000
109.577297 297.200000 297.200000
110.943142 297.200000 297.200000
111.947794 297.200000 297.200000
112.977863 297.200000 297.200000
114.864709 297.200000 297.200000
115.895478 297.200000 295.200000
116.979741 295.200000 295.200000
118.892020 295.200000 295.200000
121.407754 295.200000 295.200000
123.279985 295.200000 295.200000
125.146977 295.200000 295.200000
127.063103 295.200000 295.200000
129.035922 295.200000 295.200000
130.157300 295.200000 295.200000
131.361931 295.200000 295.200000
132.628066 295.200000 295.200000
134.762295 295.200000 295.200000
136.729430 295.200000 295.200000
138.678463 295.200000 295.200000
139.764768 295.200000 295.200000
141.159936 295.200000 295.200000
142.468960 295.200000 295.200000
143.636984 295.200000 295.200000
144.946335 295.200000 295.200000
146.732137 295.200000 295.200000
148.744996 295.200000 295.200000
150.792895 295.200000 295.200000
153.222618 295.200000 295.200000
155.225786 295.200000 295.200000
157.230934 295.200000 295.200000
158.278982 295.200000 295.200000
159.407529 295.200000 295.200000
160.979203 295.200000 295.200000
162.070991 295.200000 295.200000
163.229791 295.200000 295.200000
164.771495 295.200000 295.200000
166.933463 295.200000 295.200000
169.248808 295.200000 295.200000
171.140554 295.200000 295.200000
172.151875 295.200000 295.200000
173.290968 295.200000 295.200000
174.783568 295.200000 295.200000
175.813917 295.200000 295.200000
177.247368 295.200000 295.200000
178.463936 295.200000 295.200000
179.777437 295.200000 295.200000
181.604288 295.200000 295.200000
182.686129 295.200000 295.200000
183.993520 295.200000 295.200000
186.174246 295.200000 295.200000
188.190663 295.200000 295.200000
189.694647 295.200000 295.200000
190.797743 295.200000 295.200000
192.024013 295.200000 295.200000
193.261455 295.200000 295.200000
194.413621 295.200000 295.200000
196.002972 295.200000 295.200000
197.112260 295.200000 295.200000
198.281725 295.200000 295.200000
199.866546 295.200000 295.200000
200.924410 295.200000 295.200000
202.494338 295.200000 295.200000
203.550184 295.200000 295.200000
205.019446 295.200000 295.200000
207.149228 295.200000 295.200000
208.676873 295.200000 295.200000
209.798015 295.200000 295.200000
211.343424 295.200000 295.200000
212.831835 295.200000 295.200000
213.844268 295.200000 295.200000
214.904618 295.200000 295.200000
216.021083 295.200000 295.200000
217.039731 295.200000 295.200000
218.203808 295.200000 295.200000
219.348569 295.200000 295.200000
220.472873 295.200000 295.200000
222.512178 295.200000 295.200000
224.758448 295.200000 295.200000
226.862674 295.200000 295.200000
229.162638 295.200000 295.200000
231.266261 295.200000 295.200000
233.306434 295.200000 295.200000
235.895799 295.200000 295.200000
238.031158 295.200000 295.200000
239.169882 295.200000 295.200000
241.618465 295.200000 295.200000
244.225171 295.200000 295.200000
245.350058 295.200000 295.200000
246.558149 295.200000 295.200000
248.226924 295.200000 295.200000
249.311555 295.200000 295.200000
250.552870 295.200000 295.200000
252.185385 295.200000 295.200000
283.487930 295.200000 498.800000
285.583434 295.200000 498.800000
287.079970 295.200000 409.200000
288.526759 295.200000 409.200000
290.192427 295.200000 394.400000
291.689682 295.200000 394.400000
292.951375 295.200000 394.400000
294.078077 295.200000 394.400000
295.590970 295.200000 394.400000
296.811110 295.200000 394.400000
298.335509 295.200000 394.400000
299.618513 295.200000 394.400000
300.676788 295.200000 394.400000
301.801635 295.200000 394.400000
303.418431 295.200000 394.400000
305.407522 295.200000 394.400000
306.760994 295.200000 394.400000
307.990791 295.200000 394.400000
309.841911 295.200000 394.400000
310.929971 295.200000 394.400000
312.348854 295.200000 394.400000
314.649901 295.200000 394.400000
315.893010 295.200000 394.400000
316.960150 295.200000 394.400000
318.809505 295.200000 394.400000
320.367638 295.200000 388.800000
321.620954 295.200000 388.800000
322.690516 295.200000 388.800000
323.918928 295.200000 388.800000
325.052379 295.200000 388.800000
326.975484 295.200000 388.800000
328.551580 295.200000 338.400000
330.455144 295.200000 338.400000
331.857193 295.200000 291.600000
333.188840 291.600000 291.600000
334.209196 291.600000 291.600000
336.135719 291.600000 291.600000
337.178868 291.600000 291.600000
338.788251 291.600000 291.600000
340.194186 291.600000 286.000000
341.340470 286.000000 286.000000
342.491229 286.000000 286.000000
343.519056 286.000000 286.000000
345.500109 286.000000 286.000000
347.694645 286.000000 286.000000
349.803025 286.000000 286.000000
351.101496 286.000000 286.000000
352.267401 286.000000 286.000000
353.414619 286.000000 286.000000
354.448628 286.000000 286.000000
356.561624 286.000000 286.000000
359.018720 286.000000 286.000000
360.320065 286.000000 286.000000
362.244361 286.000000 286.000000
363.255368 286.000000 286.000000
365.136435 286.000000 286.000000
366.372927 286.000000 286.000000
367.705361 286.000000 286.000000
369.860995 286.000000 286.000000
371.716675 286.000000 286.000000
372.737264 286.000000 286.000000
373.776881 286.000000 286.000000
375.368544 286.000000 286.000000
377.814487 286.000000 286.000000
380.087541 286.000000 286.000000
381.304202 286.000000 286.000000
382.485562 286.000000 286.000000
383.532614 286.000000 286.000000
384.678188 286.000000 286.000000
386.231033 286.000000 286.000000
387.533189 286.000000 286.000000
388.666476 286.000000 286.000000
390.671093 286.000000 286.000000
391.764079 286.000000 286.000000
393.177409 286.000000 286.000000
394.606830 286.000000 286.000000
395.689102 286.000000 286.000000
398.036611 286.000000 286.000000
399.433929 286.000000 286.000000
401.424778 286.000000 286.000000
403.583041 286.000000 286.000000
405.013427 286.000000 286.000000
406.109075 286.000000 286.000000
408.143143 286.000000 286.000000
409.294745 286.000000 286.000000
410.691959 286.000000 286.000000
412.311608 286.000000 286.000000
413.617083 286.000000 286.000000
415.246086 286.000000 286.000000
417.376476 286.000000 286.000000
419.609567 286.000000 286.000000
421.743447 286.000000 286.000000
422.904902 286.000000 286.000000
423.917132 286.000000 286.000000
425.028292 286.000000 286.000000
426.044554 286.000000 286.000000
427.685054 286.000000 286.000000
428.840334 286.000000 286.000000
430.274387 286.000000 286.000000
431.691560 286.000000 286.000000
432.898186 286.000000 286.000000
434.537042 286.000000 286.000000
435.749122 286.000000 286.000000
437.318706 286.000000 286.000000
438.655585 286.000000 286.000000
439.775027 286.000000 286.000000
441.131831 286.000000 286.000000
442.190761 286.000000 286.000000
443.249978 286.000000 286.000000
444.648837 286.000000 286.000000
480.513321 286.000000 498.800000
482.751240 286.000000 498.800000
483.940031 286.000000 403.600000
485.148182 286.000000 403.600000
486.625147 286.000000 403.600000
487.757577 286.000000 403.600000
489.813217 286.000000 398.000000
490.992446 286.000000 398.000000
492.226618 286.000000 398.000000
493.619507 286.000000 398.000000
495.776009 286.000000 394.400000
497.959446 286.000000 394.400000
499.022313 286.000000 394.400000
500.251969 286.000000 394.400000
501.688971 286.000000 394.400000
502.715656 286.000000 394.400000
503.922773 286.000000 394.400000
506.008413 286.000000 394.400000
508.022619 286.000000 394.400000
509.316618 286.000000 295.200000
511.177682 286.000000 295.200000
513.133709 286.000000 295.200000
514.387742 286.000000 291.600000
516.181159 286.000000 291.600000
517.249134 286.000000 286.000000
518.640369 286.000000 286.000000
519.851767 286.000000 286.000000
521.374032 286.000000 286.000000
522.602575 286.000000 286.000000
523.813576 286.000000 286.000000
525.416399 286.000000 286.000000
527.474885 286.000000 286.000000
529.545433 286.000000 286.000000
530.669332 286.000000 286.000000
531.886390 286.000000 286.000000
533.225515 286.000000 286.000000
534.464243 286.000000 286.000000
535.900361 286.000000 286.000000
537.415508 286.000000 286.000000
539.732784 286.000000 286.000000
540.899986 286.000000 286.000000
541.962845 286.000000 286.000000
543.388208 286.000000 286.000000
544.632048 286.000000 286.000000
546.238136 286.000000 286.000000
547.347420 286.000000 286.000000
548.530853 286.000000 286.000000
550.132672 286.000000 286.000000
552.604802 286.000000 286.000000
553.721294 286.000000 286.000000
556.034888 286.000000 286.000000
557.317050 286.000000 286.000000
558.330593 286.000000 286.000000
560.168049 286.000000 286.000000
562.235349 286.000000 286.000000
564.370478 286.000000 286.000000
565.625815 286.000000 286.000000
566.750631 286.000000 286.000000
569.042623 286.000000 286.000000
570.231557 286.000000 286.000000
571.298219 286.000000 286.000000
572.885137 286.000000 286.000000
574.861885 286.000000 286.000000
575.884082 286.000000 286.000000
577.470417 286.000000 286.000000
578.575308 286.000000 286.000000
580.123931 286.000000 286.000000
581.191741 286.000000 286.000000
582.785370 286.000000 286.000000
584.075061 286.000000 286.000000
585.128675 286.000000 286.000000
587.012973 286.000000 286.000000
589.127838 286.000000 286.000000
591.720095 286.000000 286.000000
593.851833 286.000000 286.000000
595.998432 286.000000 286.000000
597.222886 286.000000 286.000000
598.257198 286.000000 286.000000
599.413259 286.000000 286.000000
600.766225 286.000000 286.000000
602.288666 286.000000 286.000000
603.340881 286.000000 286.000000
604.860900 286.000000 286.000000
605.866740 286.000000 286.000000
607.421180 286.000000 286.000000
608.800139 286.000000 286.000000
609.832234 286.000000 286.000000
611.680112 286.000000 286.000000
612.910688 286.000000 286.000000
614.109678 286.000000 286.000000
615.492880 286.000000 286.000000
616.761172 286.000000 286.000000
617.925291 286.000000 286.000000
619.587815 286.000000 286.000000
620.753423 286.000000 286.000000
621.920022 286.000000 286.000000
623.592955 286.000000 286.000000
625.294560 286.000000 286.000000
626.421610 286.000000 286.000000
628.292285 286.000000 286.000000
629.591737 286.000000 286.000000
630.672924 286.000000 286.000000
661.072052 286.000000 504.400000
662.857093 286.000000 504.400000
664.188743 286.000000 409.200000
665.948929 286.000000 409.200000
667.273281 286.000000 403.600000
669.097758 286.000000 403.600000
671.094348 286.000000 403.600000
672.522493 286.000000 398.000000
674.139778 286.000000 398.000000
675.686341 286.000000 383.200000
677.900259 286.000000 383.200000
678.929455 286.000000 383.200000
680.090034 286.000000 383.200000
681.166223 286.000000 383.200000
682.613953 286.000000 383.200000
684.154543 286.000000 325.200000
686.101480 286.000000 325.200000
687.759317 286.000000 308.400000
689.572113 286.000000 308.400000
691.038483 286.000000 302.800000
692.899848 286.000000 302.800000
694.967016 286.000000 302.800000
696.507580 286.000000 302.800000
697.636177 286.000000 302.800000
698.761060 286.000000 302.800000
700.236182 286.000000 302.800000
701.755814 286.000000 302.800000
703.297118 286.000000 302.800000
704.349941 286.000000 302.800000
705.406194 286.000000 302.800000
706.656439 286.000000 302.800000
709.135430 286.000000 302.800000
710.306294 286.000000 302.800000
711.738677 286.000000 302.800000
713.976680 286.000000 302.800000
715.105944 286.000000 302.800000
716.176664 286.000000 302.800000
717.305610 286.000000 302.800000
718.525038 286.000000 302.800000
719.871353 286.000000 302.800000
721.367991 286.000000 302.800000
722.426341 286.000000 302.800000
724.318286 286.000000 302.800000
725.497910 286.000000 302.800000
727.057148 286.000000 302.800000
729.376641 286.000000 302.800000
730.695915 286.000000 302.800000
731.916547 286.000000 302.800000
733.556030 286.000000 302.800000
734.999645 286.000000 291.600000
736.074903 286.000000 291.600000
737.119714 286.000000 291.600000
738.189963 286.000000 291.600000
739.262432 286.000000 291.600000
740.841703 286.000000 291.600000
741.911205 286.000000 291.600000
742.952176 286.000000 291.600000
744.181188 286.000000 291.600000
745.731192 286.000000 291.600000
747.102218 286.000000 286.000000
748.685041 286.000000 286.000000
750.275174 286.000000 286.000000
751.278722 286.000000 286.000000
752.904152 286.000000 286.000000
755.160016 286.000000 286.000000
757.273151 286.000000 286.000000
759.375895 286.000000 286.000000
761.146508 286.000000 286.000000
762.187358 286.000000 286.000000
763.764171 286.000000 286.000000
765.308737 286.000000 286.000000
766.607395 286.000000 286.000000
767.678928 286.000000 286.000000
768.857317 286.000000 286.000000
770.721000 286.000000 286.000000
771.731945 286.000000 286.000000
773.089477 286.000000 286.000000
775.277172 286.000000 286.000000
776.422270 286.000000 286.000000
777.438276 286.000000 286.000000
779.079276 286.000000 286.000000
781.312318 286.000000 286.000000
783.290619 286.000000 286.000000
785.328899 286.000000 286.000000
787.375614 286.000000 286.000000
789.873850 286.000000 286.000000
791.915687 286.000000 286.000000
794.013151 286.000000 286.000000
795.123571 286.000000 286.000000
796.223045 286.000000 286.000000
797.769246 286.000000 286.000000
798.927588 286.000000 286.000000
800.039411 286.000000 286.000000
