0.018532 773.200000 773.200000
1.018561 442.800000 515.600000
2.019105 407.200000 426.000000
3.019851 407.200000 418.400000
4.021102 407.200000 504.400000
5.021705 407.200000 504.400000
6.021856 407.200000 480.000000
7.022015 407.200000 418.400000
8.023049 407.200000 470.800000
9.023297 407.200000 429.600000
10.023729 407.200000 457.600000
11.023876 407.200000 532.400000
12.024613 407.200000 431.600000
13.025429 407.200000 655.600000
14.025534 407.200000 487.600000
15.025726 407.200000 650.000000
16.026219 407.200000 543.600000
17.027040 407.200000 480.000000
18.027406 407.200000 487.600000
19.028700 407.200000 463.200000
20.029287 407.200000 678.000000
21.032705 407.200000 571.600000
22.032978 407.200000 532.400000
23.033249 407.200000 530.400000
24.033532 407.200000 543.600000
25.033539 407.200000 515.600000
26.033773 407.200000 521.200000
27.034329 407.200000 424.000000
28.034672 407.200000 672.400000
29.035370 407.200000 491.200000
30.035942 407.200000 532.400000
31.036049 396.000000 661.200000
32.036058 396.000000 482.000000
33.036346 396.000000 474.400000
34.036472 396.000000 437.200000
35.037285 396.000000 424.000000
36.037627 396.000000 661.200000
37.037652 396.000000 412.800000
38.037918 396.000000 446.400000
39.038932 396.000000 773.200000
40.039451 396.000000 767.600000
41.041652 396.000000 480.000000
42.046442 396.000000 767.600000
43.046941 396.000000 442.800000
44.047061 396.000000 519.200000
45.047117 396.000000 482.000000
46.047137 396.000000 454.000000
47.047841 396.000000 463.200000
48.047961 396.000000 468.800000
49.048618 396.000000 452.000000
50.048794 396.000000 566.000000
51.048943 396.000000 476.400000
52.051325 396.000000 762.000000
53.051529 396.000000 493.200000
54.051918 396.000000 454.000000
55.052042 396.000000 487.600000
56.052264 396.000000 524.800000
57.052294 396.000000 532.400000
58.052605 396.000000 424.000000
59.052606 396.000000 463.200000
60.052735 396.000000 442.800000
61.053721 396.000000 524.800000
62.055848 396.000000 650.000000
63.055911 396.000000 543.600000
64.056012 396.000000 412.800000
65.056123 396.000000 446.400000
66.056158 396.000000 493.200000
67.056548 396.000000 463.200000
68.056740 396.000000 521.200000
69.057651 396.000000 491.200000
70.057855 396.000000 482.000000
71.058229 396.000000 409.200000
72.058727 396.000000 491.200000
73.059344 396.000000 524.800000
74.059416 396.000000 476.400000
75.060213 396.000000 407.200000
76.060392 396.000000 459.600000
77.060618 396.000000 412.800000
78.060980 396.000000 446.400000
79.061084 396.000000 510.000000
80.061459 396.000000 429.600000
81.061678 396.000000 538.000000
82.061771 396.000000 418.400000
83.066059 396.000000 435.200000
84.066254 396.000000 610.800000
85.067798 396.000000 508.000000
86.069183 390.400000 420.400000
87.070291 390.400000 476.400000
88.070406 390.400000 515.600000
89.071210 390.400000 521.200000
90.071782 390.400000 412.800000
91.071865 390.400000 474.400000
92.072123 390.400000 530.400000
93.072525 390.400000 582.800000
94.073057 390.400000 414.800000
95.073669 390.400000 543.600000
96.073781 390.400000 424.000000
97.074860 390.400000 429.600000
98.074898 390.400000 440.800000
99.075284 390.400000 493.200000
100.075312 390.400000 487.600000
101.075352 390.400000 459.600000
102.075819 390.400000 465.200000
103.075953 390.400000 526.800000
104.076445 390.400000 530.400000
105.077867 390.400000 661.200000
106.078120 390.400000 446.400000
107.081582 390.400000 767.600000
108.081726 390.400000 476.400000
109.081983 390.400000 431.600000
110.082106 390.400000 767.600000
111.082438 390.400000 566.000000
112.084131 390.400000 470.800000
113.087883 390.400000 739.600000
114.088038 390.400000 496.800000
115.088238 390.400000 412.800000
116.089190 390.400000 463.200000
117.089239 390.400000 487.600000
118.091511 390.400000 519.200000
119.091669 390.400000 429.600000
120.092404 390.400000 504.400000
121.092658 390.400000 412.800000
122.092816 390.400000 424.000000
123.093089 390.400000 526.800000
124.093527 390.400000 491.200000
125.094566 390.400000 491.200000
126.095076 390.400000 435.200000
127.095652 390.400000 610.800000
128.096209 390.400000 412.800000
129.096263 390.400000 463.200000
130.098578 390.400000 762.000000
131.099065 390.400000 407.200000
132.100384 390.400000 457.600000
133.100956 390.400000 508.000000
134.101118 390.400000 519.200000
135.101674 390.400000 476.400000
136.102341 390.400000 474.400000
137.102558 390.400000 454.000000
138.102840 390.400000 480.000000
139.103355 390.400000 474.400000
140.104297 390.400000 491.200000
141.104481 390.400000 504.400000
142.105075 390.400000 412.800000
143.105861 390.400000 504.400000
144.105999 390.400000 485.600000
145.106432 390.400000 515.600000
146.106813 390.400000 431.600000
147.106819 390.400000 426.000000
148.107026 390.400000 543.600000
149.107046 390.400000 442.800000
150.107165 390.400000 493.200000
151.108815 390.400000 463.200000
152.111425 390.400000 448.400000
153.112139 390.400000 532.400000
154.112437 390.400000 513.600000
155.112635 390.400000 498.800000
156.112982 390.400000 435.200000
157.113639 390.400000 521.200000
158.114729 390.400000 571.600000
159.114885 390.400000 485.600000
160.114885 390.400000 414.800000
161.115586 390.400000 756.400000
162.115628 390.400000 560.400000
163.116913 390.400000 412.800000
164.116950 390.400000 412.800000
165.117212 390.400000 558.400000
166.117221 390.400000 493.200000
167.117707 390.400000 655.600000
168.118298 390.400000 502.400000
169.119429 390.400000 767.600000
170.119954 390.400000 554.800000
171.119991 390.400000 480.000000
172.120336 390.400000 420.400000
173.120615 390.400000 510.000000
174.120632 390.400000 440.800000
175.120985 390.400000 431.600000
176.121003 390.400000 498.800000
177.121861 390.400000 437.200000
178.122340 390.400000 414.800000
179.122420 390.400000 560.400000
180.123048 390.400000 496.800000
181.123087 390.400000 426.000000
182.123522 390.400000 459.600000
183.123701 390.400000 538.000000
184.123839 390.400000 739.600000
185.124083 390.400000 582.800000
186.124109 390.400000 515.600000
187.124136 390.400000 470.800000
188.124373 390.400000 418.400000
189.127002 390.400000 498.800000
190.127490 390.400000 429.600000
191.127508 390.400000 412.800000
192.128028 390.400000 442.800000
193.128476 390.400000 485.600000
194.133501 390.400000 773.200000
195.133576 390.400000 429.600000
196.133988 390.400000 485.600000
197.134914 390.400000 407.200000
198.135439 390.400000 491.200000
199.135484 390.400000 498.800000
200.136169 390.400000 571.600000
201.136340 390.400000 412.800000
202.136837 390.400000 463.200000
203.137299 390.400000 440.800000
204.137887 390.400000 437.200000
205.137941 390.400000 412.800000
206.138300 390.400000 474.400000
207.146489 390.400000 762.000000
208.146506 390.400000 442.800000
209.146721 390.400000 454.000000
210.146782 390.400000 577.200000
211.146967 390.400000 457.600000
212.147146 390.400000 412.800000
213.148210 390.400000 622.000000
214.148454 390.400000 474.400000
215.148525 390.400000 454.000000
216.148534 390.400000 502.400000
217.149501 390.400000 554.800000
218.149616 390.400000 552.800000
219.149798 390.400000 504.400000
220.150282 390.400000 778.800000
221.150521 390.400000 485.600000
222.150638 390.400000 633.200000
223.150658 390.400000 465.200000
224.150781 390.400000 418.400000
225.152360 390.400000 429.600000
226.152448 390.400000 463.200000
227.152894 390.400000 446.400000
228.152916 390.400000 519.200000
229.153358 390.400000 442.800000
230.153569 390.400000 442.800000
231.153927 390.400000 480.000000
232.154253 390.400000 508.000000
233.154474 390.400000 424.000000
234.155232 390.400000 521.200000
235.155673 390.400000 498.800000
236.155973 390.400000 560.400000
237.156394 390.400000 446.400000
238.157129 390.400000 485.600000
239.157526 390.400000 487.600000
240.157982 390.400000 532.400000
241.158465 390.400000 418.400000
242.159621 390.400000 510.000000
243.160375 390.400000 431.600000
244.161936 390.400000 513.600000
245.162393 390.400000 474.400000
246.163376 390.400000 412.800000
247.163382 390.400000 412.800000
248.163400 390.400000 465.200000
249.163613 390.400000 446.400000
250.163780 390.400000 549.200000
251.164792 390.400000 470.800000
252.165072 390.400000 554.800000
253.165279 390.400000 532.400000
254.165512 390.400000 661.200000
255.165857 390.400000 474.400000
256.166182 390.400000 571.600000
257.166380 390.400000 504.400000
258.166799 390.400000 532.400000
259.166923 390.400000 442.800000
260.167746 390.400000 661.200000
261.168078 390.400000 538.000000
262.168199 390.400000 468.800000
263.168799 390.400000 526.800000
264.169149 390.400000 566.000000
265.169201 390.400000 452.000000
266.169632 390.400000 407.200000
267.169916 390.400000 476.400000
268.170237 390.400000 463.200000
269.170566 390.400000 543.600000
270.171404 390.400000 610.800000
271.171768 390.400000 773.200000
272.172364 390.400000 597.600000
273.173013 390.400000 412.800000
274.173381 390.400000 446.400000
275.174198 390.400000 468.800000
276.174540 390.400000 524.800000
277.174846 390.400000 496.800000
278.175205 390.400000 463.200000
279.176192 390.400000 493.200000
280.178484 390.400000 474.400000
281.178571 390.400000 599.600000
282.178644 390.400000 459.600000
283.178708 390.400000 491.200000
284.179374 390.400000 519.200000
285.179445 390.400000 510.000000
286.180279 390.400000 476.400000
287.181285 390.400000 778.800000
288.182813 390.400000 566.000000
289.183199 390.400000 482.000000
290.183572 390.400000 442.800000
291.188433 390.400000 762.000000
292.188618 390.400000 510.000000
293.188774 390.400000 480.000000
294.190041 390.400000 407.200000
295.190586 390.400000 767.600000
296.190824 390.400000 508.000000
297.192231 390.400000 678.000000
298.192765 390.400000 508.000000
299.193056 390.400000 465.200000
300.193491 390.400000 446.400000
301.193772 390.400000 412.800000
302.199894 390.400000 767.600000
303.201865 390.400000 580.800000
304.202480 390.400000 418.400000
305.202970 390.400000 519.200000
306.203330 390.400000 435.200000
307.203411 390.400000 420.400000
308.203905 390.400000 429.600000
309.204064 390.400000 599.600000
310.204619 390.400000 424.000000
311.204948 390.400000 485.600000
312.206157 390.400000 485.600000
313.209262 390.400000 508.000000
314.209470 390.400000 407.200000
315.212319 390.400000 549.200000
316.213064 390.400000 496.800000
317.213244 390.400000 605.200000
318.213929 390.400000 463.200000
319.214181 390.400000 560.400000
320.214278 390.400000 448.400000
321.214547 390.400000 496.800000
322.214623 390.400000 485.600000
323.214906 390.400000 401.600000
324.215331 390.400000 666.800000
325.216488 390.400000 538.000000
326.216606 390.400000 756.400000
327.217536 390.400000 778.800000
328.217600 390.400000 538.000000
329.217890 390.400000 429.600000
330.218134 390.400000 424.000000
331.218545 390.400000 468.800000
332.218634 390.400000 446.400000
333.218760 390.400000 412.800000
334.219885 390.400000 491.200000
335.220433 390.400000 390.400000
336.222666 390.400000 543.600000
337.224441 390.400000 566.000000
338.225884 390.400000 468.800000
339.226851 390.400000 435.200000
340.226964 390.400000 588.400000
341.227155 390.400000 661.200000
342.227208 390.400000 566.000000
343.227586 390.400000 418.400000
344.228431 390.400000 519.200000
345.228458 390.400000 414.800000
346.228713 390.400000 491.200000
347.232579 390.400000 582.800000
348.233041 390.400000 440.800000
349.233384 390.400000 435.200000
350.234437 390.400000 429.600000
351.235189 390.400000 538.000000
352.235277 390.400000 582.800000
353.235814 390.400000 515.600000
354.236016 390.400000 412.800000
355.237403 390.400000 468.800000
356.237633 390.400000 442.800000
357.238182 390.400000 448.400000
358.239321 390.400000 491.200000
359.240400 390.400000 491.200000
360.240748 390.400000 435.200000
361.240937 390.400000 429.600000
362.240990 390.400000 418.400000
363.241934 390.400000 468.800000
364.242332 390.400000 538.000000
365.243038 390.400000 463.200000
366.243430 390.400000 446.400000
367.243887 390.400000 504.400000
368.244327 390.400000 446.400000
369.244680 390.400000 491.200000
370.245065 390.400000 459.600000
371.245442 390.400000 538.000000
372.252388 390.400000 767.600000
373.252496 390.400000 487.600000
374.253376 390.400000 412.800000
375.253771 390.400000 571.600000
376.253790 390.400000 446.400000
377.256396 390.400000 767.600000
378.257536 390.400000 510.000000
379.257842 390.400000 452.000000
380.257859 390.400000 508.000000
381.258194 390.400000 510.000000
382.258301 390.400000 418.400000
383.258424 390.400000 493.200000
384.258786 390.400000 429.600000
385.261743 390.400000 521.200000
386.261930 390.400000 463.200000
387.262297 390.400000 429.600000
388.262502 390.400000 440.800000
389.262692 390.400000 491.200000
390.262987 390.400000 480.000000
391.263402 390.400000 510.000000
392.263464 390.400000 549.200000
393.264390 390.400000 496.800000
394.264429 390.400000 412.800000
395.264484 390.400000 496.800000
396.266137 390.400000 510.000000
397.266566 390.400000 424.000000
398.266865 390.400000 496.800000
399.266917 390.400000 440.800000
400.268973 390.400000 564.000000
401.269154 390.400000 493.200000
402.269713 390.400000 412.800000
403.270093 390.400000 524.800000
404.270317 390.400000 446.400000
405.270355 390.400000 487.600000
406.270384 390.400000 429.600000
407.271600 390.400000 513.600000
408.271899 390.400000 521.200000
409.271959 390.400000 424.000000
410.272981 390.400000 515.600000
411.274838 390.400000 448.400000
412.275323 390.400000 482.000000
413.275859 390.400000 437.200000
414.276958 390.400000 560.400000
415.277801 390.400000 491.200000
416.277866 390.400000 526.800000
417.277890 390.400000 452.000000
418.277936 390.400000 745.200000
419.278189 390.400000 424.000000
420.278679 390.400000 526.800000
421.288109 390.400000 773.200000
422.289254 390.400000 452.000000
423.289533 390.400000 560.400000
424.289538 390.400000 463.200000
425.292547 390.400000 424.000000
426.293058 390.400000 491.200000
427.293513 390.400000 418.400000
428.293704 390.400000 442.800000
429.293888 390.400000 446.400000
430.295019 390.400000 745.200000
431.295567 390.400000 498.800000
432.296674 390.400000 622.000000
433.297565 390.400000 778.800000
434.298145 390.400000 435.200000
435.298545 390.400000 577.200000
436.298651 390.400000 412.800000
437.299671 390.400000 552.800000
438.299693 390.400000 476.400000
439.299803 390.400000 485.600000
440.303474 390.400000 435.200000
441.303831 390.400000 457.600000
442.305104 390.400000 457.600000
443.305636 390.400000 435.200000
444.305862 390.400000 491.200000
445.306348 390.400000 493.200000
446.306591 390.400000 407.200000
447.306701 390.400000 496.800000
448.306848 390.400000 435.200000
449.307957 390.400000 412.800000
450.308060 390.400000 446.400000
451.308675 390.400000 549.200000
452.308879 390.400000 418.400000
453.309540 390.400000 577.200000
454.309758 390.400000 465.200000
455.309933 390.400000 502.400000
456.311393 390.400000 412.800000
457.311439 390.400000 463.200000
458.311817 390.400000 468.800000
459.311907 390.400000 554.800000
460.313305 390.400000 465.200000
461.313948 390.400000 502.400000
462.314168 390.400000 459.600000
463.314921 390.400000 476.400000
464.315496 390.400000 459.600000
465.316422 390.400000 424.000000
466.317256 390.400000 480.000000
467.317865 390.400000 554.800000
468.318515 390.400000 407.200000
469.318907 390.400000 549.200000
470.319422 390.400000 480.000000
471.319713 390.400000 515.600000
472.319737 390.400000 440.800000
473.320700 390.400000 493.200000
474.320762 390.400000 470.800000
475.322060 390.400000 463.200000
476.322294 390.400000 767.600000
477.322864 390.400000 571.600000
478.323479 390.400000 468.800000
479.323499 390.400000 513.600000
480.324441 390.400000 496.800000
481.324893 390.400000 412.800000
482.325504 390.400000 496.800000
483.327012 390.400000 655.600000
484.329313 390.400000 536.000000
485.330637 390.400000 452.000000
486.330660 390.400000 463.200000
487.336933 390.400000 762.000000
488.346680 390.400000 778.800000
489.346795 390.400000 454.000000
490.347151 390.400000 661.200000
491.347636 390.400000 498.800000
492.348288 390.400000 577.200000
493.348312 390.400000 454.000000
494.348482 390.400000 435.200000
495.348977 390.400000 491.200000
496.349146 390.400000 515.600000
497.349397 390.400000 756.400000
498.349851 390.400000 414.800000
499.350054 390.400000 412.800000
500.350569 390.400000 442.800000
501.350960 390.400000 480.000000
502.351541 390.400000 468.800000
503.351655 390.400000 480.000000
504.351831 390.400000 655.600000
505.351986 390.400000 412.800000
506.352452 390.400000 510.000000
507.353320 390.400000 418.400000
508.353621 390.400000 429.600000
509.354112 390.400000 476.400000
510.354875 390.400000 485.600000
511.354999 390.400000 426.000000
512.355146 390.400000 452.000000
513.355160 390.400000 515.600000
514.356661 390.400000 521.200000
515.356766 390.400000 470.800000
516.357191 390.400000 409.200000
517.357436 390.400000 407.200000
518.357905 390.400000 605.200000
519.357961 390.400000 431.600000
520.358244 390.400000 482.000000
521.359815 390.400000 429.600000
522.360191 390.400000 549.200000
523.360241 390.400000 549.200000
524.360443 390.400000 442.800000
525.360453 390.400000 412.800000
526.360542 390.400000 440.800000
527.360805 390.400000 412.800000
528.360986 390.400000 429.600000
529.361908 390.400000 773.200000
530.362399 390.400000 493.200000
531.362956 390.400000 407.200000
532.364761 390.400000 513.600000
533.365725 390.400000 496.800000
534.365789 390.400000 487.600000
535.365864 390.400000 627.600000
536.369810 390.400000 510.000000
537.370675 390.400000 560.400000
538.370978 390.400000 482.000000
539.372043 390.400000 519.200000
540.372181 390.400000 526.800000
541.372319 390.400000 480.000000
542.373275 390.400000 638.800000
543.373310 390.400000 420.400000
544.374286 390.400000 459.600000
545.374435 390.400000 508.000000
546.374646 390.400000 457.600000
547.375591 390.400000 468.800000
548.375609 390.400000 588.400000
549.375651 390.400000 487.600000
550.375805 390.400000 538.000000
551.375927 390.400000 418.400000
552.376596 390.400000 510.000000
553.376601 390.400000 536.000000
554.377218 390.400000 560.400000
555.377503 390.400000 519.200000
556.377785 390.400000 502.400000
557.377809 390.400000 420.400000
558.378022 390.400000 476.400000
559.378652 390.400000 412.800000
560.379871 390.400000 502.400000
561.379894 390.400000 599.600000
562.379926 390.400000 491.200000
563.381283 390.400000 655.600000
564.381635 390.400000 538.000000
565.381729 390.400000 767.600000
566.381891 390.400000 566.000000
567.384457 390.400000 767.600000
568.384755 390.400000 480.000000
569.385320 390.400000 536.000000
570.385844 390.400000 429.600000
571.386176 390.400000 538.000000
572.386521 390.400000 426.000000
573.386572 390.400000 491.200000
574.387385 390.400000 474.400000
575.394280 390.400000 767.600000
576.394736 390.400000 459.600000
577.394915 390.400000 452.000000
578.395397 390.400000 412.800000
579.395653 390.400000 510.000000
580.395755 390.400000 424.000000
581.395755 390.400000 474.400000
582.396635 390.400000 627.600000
583.397968 390.400000 672.400000
584.398299 390.400000 431.600000
585.399567 390.400000 459.600000
586.401224 390.400000 538.000000
587.402141 390.400000 582.800000
588.402527 390.400000 599.600000
589.403264 390.400000 412.800000
590.404145 390.400000 513.600000
591.404253 390.400000 515.600000
592.404496 390.400000 521.200000
593.405276 390.400000 502.400000
594.405696 390.400000 476.400000
595.405854 390.400000 463.200000
596.406282 390.400000 442.800000
597.406830 390.400000 418.400000
598.406967 390.400000 412.800000
599.409066 390.400000 767.600000
600.409599 390.400000 526.800000
601.409868 390.400000 510.000000
602.410024 390.400000 666.800000
603.410311 390.400000 465.200000
604.410395 390.400000 448.400000
605.411160 390.400000 465.200000
606.411550 390.400000 468.800000
607.411726 390.400000 412.800000
608.411910 390.400000 465.200000
609.412265 390.400000 554.800000
610.412421 390.400000 480.000000
611.412491 390.400000 459.600000
612.412716 390.400000 476.400000
613.413330 390.400000 435.200000
614.413535 390.400000 502.400000
615.415677 390.400000 496.800000
616.416340 390.400000 412.800000
617.416424 390.400000 496.800000
618.416831 390.400000 442.800000
619.417047 390.400000 493.200000
620.419372 390.400000 468.800000
621.419454 390.400000 767.600000
622.419997 390.400000 485.600000
623.423149 390.400000 524.800000
624.423353 390.400000 470.800000
625.424122 390.400000 426.000000
626.424711 390.400000 407.200000
627.425315 390.400000 504.400000
628.425708 390.400000 418.400000
629.425710 390.400000 496.800000
630.425771 390.400000 502.400000
631.426343 390.400000 431.600000
632.426379 390.400000 418.400000
633.426415 390.400000 543.600000
634.426939 390.400000 487.600000
635.427392 390.400000 457.600000
636.427832 390.400000 510.000000
637.427897 390.400000 491.200000
638.428469 390.400000 463.200000
639.428607 390.400000 446.400000
640.428917 390.400000 412.800000
641.429611 390.400000 549.200000
642.430894 390.400000 773.200000
643.431253 390.400000 435.200000
644.431775 390.400000 407.200000
645.432490 390.400000 526.800000
646.433626 390.400000 485.600000
647.434145 390.400000 429.600000
648.434162 390.400000 498.800000
649.435340 390.400000 485.600000
650.436149 390.400000 431.600000
651.436967 390.400000 465.200000
652.437746 390.400000 452.000000
653.437900 390.400000 440.800000
654.438234 390.400000 459.600000
655.438516 390.400000 491.200000
656.438634 390.400000 560.400000
657.438949 390.400000 739.600000
658.440005 390.400000 485.600000
659.440777 390.400000 412.800000
660.442791 390.400000 429.600000
661.443035 390.400000 508.000000
662.443768 390.400000 566.000000
663.444748 390.400000 661.200000
664.445321 390.400000 510.000000
665.445399 390.400000 440.800000
666.445761 390.400000 412.800000
667.446295 390.400000 396.000000
668.449720 390.400000 767.600000
669.450351 390.400000 468.800000
670.450388 390.400000 566.000000
671.450547 390.400000 412.800000
672.451718 390.400000 476.400000
673.452131 390.400000 474.400000
674.452180 390.400000 480.000000
675.452728 390.400000 762.000000
676.453000 390.400000 560.400000
677.453047 390.400000 773.200000
678.453819 390.400000 543.600000
679.454363 390.400000 706.000000
680.454427 390.400000 498.800000
681.454661 390.400000 435.200000
682.454769 390.400000 493.200000
683.454851 390.400000 418.400000
684.454870 390.400000 418.400000
685.454958 390.400000 485.600000
686.455074 390.400000 519.200000
687.455646 390.400000 582.800000
688.456822 390.400000 519.200000
689.457236 384.800000 412.800000
690.457384 384.800000 440.800000
691.458171 384.800000 515.600000
692.458270 384.800000 502.400000
693.458392 384.800000 463.200000
694.458572 384.800000 480.000000
695.459116 384.800000 476.400000
696.459280 384.800000 474.400000
697.459308 384.800000 446.400000
698.459508 384.800000 482.000000
699.462888 384.800000 767.600000
700.463154 384.800000 493.200000
701.463510 384.800000 496.800000
702.464534 384.800000 442.800000
703.464871 384.800000 521.200000
704.464872 384.800000 482.000000
705.465048 384.800000 526.800000
706.468287 384.800000 498.800000
707.468638 384.800000 424.000000
708.468752 384.800000 448.400000
709.469245 384.800000 470.800000
710.469392 384.800000 463.200000
711.469615 384.800000 440.800000
712.469904 384.800000 426.000000
713.470250 384.800000 440.800000
714.470970 384.800000 491.200000
715.471347 384.800000 482.000000
716.471395 384.800000 485.600000
717.472490 384.800000 666.800000
718.473428 384.800000 513.600000
719.473558 384.800000 582.800000
720.473566 384.800000 429.600000
721.473918 384.800000 526.800000
722.475181 384.800000 468.800000
723.475181 384.800000 465.200000
724.475438 384.800000 459.600000
725.475461 384.800000 773.200000
726.476422 384.800000 442.800000
727.476948 384.800000 424.000000
728.477237 384.800000 739.600000
729.477817 384.800000 470.800000
730.478766 384.800000 750.800000
731.478880 384.800000 435.200000
732.478984 384.800000 513.600000
733.479057 384.800000 515.600000
734.479770 384.800000 502.400000
735.480155 384.800000 459.600000
736.481001 384.800000 459.600000
737.481086 384.800000 412.800000
738.483286 384.800000 476.400000
739.483831 384.800000 424.000000
740.484049 384.800000 452.000000
741.484639 384.800000 476.400000
742.484691 384.800000 429.600000
743.484750 384.800000 476.400000
744.485025 384.800000 577.200000
745.485423 384.800000 513.600000
746.485834 384.800000 480.000000
747.485950 384.800000 700.400000
748.486572 384.800000 482.000000
749.486917 384.800000 452.000000
750.487048 384.800000 459.600000
751.488086 384.800000 554.800000
752.488865 384.800000 515.600000
753.489105 384.800000 504.400000
754.489855 384.800000 493.200000
755.489945 384.800000 485.600000
756.491020 384.800000 418.400000
757.491420 384.800000 480.000000
758.491910 384.800000 412.800000
759.492136 384.800000 767.600000
760.492393 384.800000 482.000000
761.492528 384.800000 480.000000
762.492657 384.800000 465.200000
763.492903 384.800000 493.200000
764.492936 384.800000 515.600000
765.493385 384.800000 454.000000
766.493821 384.800000 424.000000
767.494026 384.800000 407.200000
768.494359 384.800000 515.600000
769.494761 384.800000 459.600000
770.495631 384.800000 487.600000
771.496618 384.800000 476.400000
772.498593 384.800000 485.600000
773.498829 384.800000 560.400000
774.498899 384.800000 519.200000
775.502060 384.800000 491.200000
776.502163 384.800000 496.800000
777.503177 384.800000 644.400000
778.504113 384.800000 418.400000
779.506552 384.800000 437.200000
780.510314 384.800000 767.600000
781.510616 384.800000 446.400000
782.510750 384.800000 412.800000
783.511180 384.800000 519.200000
784.511226 384.800000 446.400000
785.511713 384.800000 610.800000
786.512114 384.800000 412.800000
787.512625 384.800000 487.600000
788.512830 384.800000 502.400000
789.513152 384.800000 480.000000
790.513513 384.800000 459.600000
791.513780 384.800000 571.600000
792.513997 384.800000 429.600000
793.514203 384.800000 468.800000
794.514569 384.800000 426.000000
795.514642 384.800000 412.800000
796.515132 384.800000 457.600000
797.515534 384.800000 577.200000
798.515775 384.800000 582.800000
799.515875 384.800000 452.000000
