0.373947 573.600000 573.600000
1.397399 439.200000 439.200000
2.402434 286.000000 286.000000
3.409231 286.000000 286.000000
4.428768 272.800000 272.800000
5.429113 272.800000 272.800000
6.435348 272.800000 272.800000
7.455488 272.800000 272.800000
8.494062 272.800000 579.200000
9.538188 272.800000 394.400000
10.612749 272.800000 300.800000
11.620195 269.200000 269.200000
12.624432 258.000000 258.000000
13.673427 258.000000 258.000000
14.683840 258.000000 258.000000
15.725076 258.000000 258.000000
16.735422 258.000000 258.000000
17.814388 258.000000 258.000000
18.816395 258.000000 258.000000
19.820454 258.000000 332.800000
20.830766 258.000000 286.000000
21.848503 258.000000 280.400000
22.857330 258.000000 269.200000
23.876689 258.000000 267.200000
24.905813 258.000000 267.200000
25.913855 258.000000 267.200000
26.924005 258.000000 267.200000
28.122776 258.000000 579.200000
29.161026 258.000000 319.600000
30.171575 258.000000 302.800000
31.173493 258.000000 302.800000
32.185432 258.000000 297.200000
33.245822 258.000000 297.200000
34.290392 258.000000 297.200000
35.307730 258.000000 297.200000
36.315266 258.000000 297.200000
37.329706 258.000000 297.200000
38.339366 258.000000 297.200000
39.344707 258.000000 562.400000
40.353103 258.000000 297.200000
41.373718 258.000000 286.000000
42.441904 258.000000 286.000000
43.450870 258.000000 274.800000
44.451726 258.000000 272.800000
45.469862 258.000000 272.800000
46.493903 258.000000 272.800000
47.537365 258.000000 272.800000
48.538900 258.000000 272.800000
49.548130 258.000000 272.800000
50.620975 258.000000 308.400000
51.663376 258.000000 308.400000
52.677773 258.000000 274.800000
53.753259 258.000000 267.200000
54.814643 258.000000 263.600000
55.837421 258.000000 263.600000
56.884110 258.000000 263.600000
57.890199 258.000000 263.600000
58.894871 258.000000 263.600000
59.907396 258.000000 263.600000
61.084067 258.000000 584.800000
62.143132 258.000000 330.800000
63.204335 258.000000 280.400000
64.219526 258.000000 274.800000
65.245099 258.000000 274.800000
66.267511 258.000000 274.800000
67.303302 258.000000 274.800000
68.314970 258.000000 274.800000
69.372601 258.000000 274.800000
70.416698 258.000000 461.600000
71.472403 258.000000 297.200000
72.487557 258.000000 297.200000
73.499304 258.000000 280.400000
74.507345 258.000000 267.200000
75.528322 258.000000 267.200000
76.555649 258.000000 267.200000
77.589434 258.000000 267.200000
78.593293 258.000000 267.200000
79.606872 258.000000 267.200000
80.609972 258.000000 267.200000
81.742837 258.000000 579.200000
82.743428 258.000000 364.400000
83.776730 258.000000 302.800000
84.827229 258.000000 274.800000
85.829711 258.000000 274.800000
86.890906 258.000000 274.800000
87.912325 258.000000 274.800000
88.954521 258.000000 274.800000
89.963065 258.000000 274.800000
90.994791 258.000000 573.600000
92.040820 258.000000 411.200000
93.064885 258.000000 297.200000
94.110513 258.000000 297.200000
95.111209 258.000000 291.600000
96.141960 258.000000 291.600000
97.148995 258.000000 291.600000
98.235276 258.000000 291.600000
99.242523 258.000000 291.600000
100.252004 258.000000 291.600000
101.256509 258.000000 291.600000
102.281051 258.000000 291.600000
103.333527 258.000000 581.200000
104.412829 258.000000 381.200000
105.474866 258.000000 297.200000
106.488398 258.000000 286.000000
107.493645 258.000000 269.200000
108.517897 258.000000 269.200000
109.534873 258.000000 269.200000
110.556022 258.000000 269.200000
111.563231 258.000000 269.200000
112.567051 258.000000 269.200000
113.580044 258.000000 269.200000
114.754109 258.000000 596.000000
115.836080 258.000000 325.200000
116.841953 258.000000 325.200000
117.843258 258.000000 269.200000
118.857600 258.000000 269.200000
119.893950 258.000000 269.200000
120.896079 258.000000 269.200000
121.902337 258.000000 269.200000
122.906103 258.000000 269.200000
124.039882 258.000000 568.000000
125.101152 258.000000 366.400000
126.157945 258.000000 291.600000
127.171848 258.000000 286.000000
128.202180 258.000000 274.800000
129.229755 258.000000 258.000000
130.251211 258.000000 258.000000
131.278101 258.000000 258.000000
132.306583 258.000000 258.000000
133.314236 258.000000 258.000000
134.325316 258.000000 562.400000
135.328226 258.000000 330.800000
136.348311 258.000000 308.400000
137.357340 258.000000 297.200000
138.365003 258.000000 280.400000
139.372865 258.000000 280.400000
140.375729 258.000000 280.400000
141.385552 258.000000 280.400000
142.402044 258.000000 280.400000
143.407256 258.000000 280.400000
144.427222 258.000000 573.600000
145.444703 258.000000 442.800000
146.455750 258.000000 349.600000
147.455999 258.000000 349.600000
148.468376 258.000000 314.000000
149.472866 258.000000 314.000000
150.521344 258.000000 302.800000
151.525789 258.000000 291.600000
152.525907 258.000000 291.600000
153.545424 258.000000 291.600000
154.568808 258.000000 291.600000
155.575103 258.000000 291.600000
156.577970 258.000000 568.000000
157.594275 258.000000 325.200000
158.601693 258.000000 297.200000
159.601835 258.000000 286.000000
160.603886 258.000000 286.000000
161.604254 258.000000 280.400000
162.615933 258.000000 280.400000
163.621416 258.000000 280.400000
164.626856 258.000000 280.400000
165.742397 258.000000 575.600000
166.744047 258.000000 314.000000
167.780143 258.000000 302.800000
168.802218 258.000000 280.400000
169.814499 258.000000 278.400000
170.824898 258.000000 278.400000
171.825143 258.000000 278.400000
172.833428 258.000000 278.400000
173.885124 258.000000 278.400000
175.178035 258.000000 573.600000
176.224250 258.000000 400.000000
177.256735 258.000000 321.600000
178.261362 258.000000 291.600000
179.278234 258.000000 291.600000
180.304493 258.000000 291.600000
181.314564 258.000000 286.000000
182.352839 258.000000 286.000000
183.366277 258.000000 286.000000
184.565412 258.000000 579.200000
185.606381 258.000000 308.400000
186.612222 258.000000 302.800000
187.619211 258.000000 286.000000
188.635301 258.000000 274.800000
189.653046 258.000000 272.800000
190.665684 258.000000 272.800000
191.695030 258.000000 272.800000
192.720532 258.000000 272.800000
193.961310 258.000000 579.200000
195.010970 258.000000 506.400000
196.014580 258.000000 336.400000
197.072550 258.000000 325.200000
198.083998 258.000000 280.400000
199.122337 258.000000 269.200000
200.126113 258.000000 269.200000
201.148724 258.000000 269.200000
202.219868 258.000000 269.200000
203.246017 258.000000 269.200000
204.277580 258.000000 388.800000
205.284737 258.000000 274.800000
206.293525 258.000000 269.200000
207.364151 258.000000 263.600000
208.381606 258.000000 263.600000
209.423300 258.000000 263.600000
210.493434 258.000000 263.600000
211.506969 258.000000 263.600000
212.602597 258.000000 579.200000
213.607866 258.000000 495.200000
214.616178 258.000000 286.000000
215.619275 258.000000 280.400000
216.667017 258.000000 280.400000
217.680485 258.000000 274.800000
218.753054 258.000000 274.800000
219.781795 258.000000 274.800000
220.785163 258.000000 274.800000
221.821806 258.000000 274.800000
222.822749 258.000000 568.000000
223.896831 258.000000 297.200000
224.900931 258.000000 286.000000
225.940432 258.000000 280.400000
226.949034 258.000000 280.400000
227.951564 258.000000 280.400000
228.952588 258.000000 280.400000
229.953065 258.000000 568.000000
231.009612 258.000000 308.400000
232.013704 258.000000 291.600000
233.077786 258.000000 286.000000
234.087123 258.000000 280.400000
235.108139 258.000000 280.400000
236.125762 258.000000 280.400000
237.131091 258.000000 280.400000
238.140328 258.000000 280.400000
239.161125 258.000000 280.400000
240.216547 258.000000 461.600000
241.219839 258.000000 302.800000
242.233889 258.000000 280.400000
243.237456 258.000000 272.800000
244.242223 258.000000 272.800000
245.249526 258.000000 272.800000
246.276534 258.000000 272.800000
247.289547 258.000000 272.800000
248.355323 258.000000 573.600000
249.358035 258.000000 467.200000
250.358870 258.000000 353.200000
251.386346 258.000000 308.400000
252.420965 258.000000 286.000000
253.422549 258.000000 280.400000
254.430651 258.000000 280.400000
255.435751 258.000000 280.400000
256.471755 258.000000 280.400000
257.617197 258.000000 579.200000
258.646683 258.000000 450.400000
259.674596 258.000000 342.000000
260.685724 258.000000 284.000000
261.727415 258.000000 272.800000
262.748899 258.000000 272.800000
263.776202 258.000000 272.800000
264.778220 258.000000 272.800000
265.784083 258.000000 272.800000
266.798810 258.000000 272.800000
267.802230 258.000000 517.600000
268.809730 258.000000 291.600000
269.824822 258.000000 291.600000
270.850740 258.000000 291.600000
271.903810 258.000000 269.200000
272.920446 258.000000 269.200000
273.936575 258.000000 269.200000
274.941618 258.000000 269.200000
275.993278 258.000000 269.200000
277.025765 258.000000 269.200000
278.046231 258.000000 269.200000
279.067980 258.000000 570.000000
280.071076 258.000000 325.200000
281.086933 258.000000 302.800000
282.094479 258.000000 274.800000
283.108039 258.000000 267.200000
284.172962 258.000000 267.200000
285.191963 258.000000 267.200000
286.208812 258.000000 267.200000
287.244236 258.000000 267.200000
288.254168 258.000000 568.000000
289.286847 258.000000 364.400000
290.334464 258.000000 302.800000
291.352560 258.000000 286.000000
292.357000 258.000000 274.800000
293.358559 258.000000 269.200000
294.376611 258.000000 269.200000
295.388459 258.000000 269.200000
296.406339 258.000000 269.200000
297.456990 258.000000 269.200000
298.462405 258.000000 568.000000
299.483297 258.000000 392.400000
300.506351 258.000000 302.800000
301.519311 258.000000 302.800000
302.575695 258.000000 280.400000
303.587854 258.000000 274.800000
304.616483 258.000000 274.800000
305.627979 258.000000 274.800000
306.653311 258.000000 274.800000
307.653997 258.000000 274.800000
308.661203 258.000000 274.800000
309.704913 258.000000 579.200000
310.716469 258.000000 353.200000
311.724890 258.000000 297.200000
312.734284 258.000000 280.400000
313.790856 258.000000 263.600000
314.810128 258.000000 258.000000
315.819328 258.000000 258.000000
316.819867 258.000000 258.000000
317.851550 258.000000 258.000000
318.871078 258.000000 258.000000
319.965161 258.000000 575.600000
320.975051 258.000000 540.000000
321.988283 258.000000 330.800000
322.993957 258.000000 289.600000
323.994153 258.000000 284.000000
325.007045 258.000000 284.000000
326.062198 258.000000 284.000000
327.125961 258.000000 284.000000
328.136744 258.000000 284.000000
329.147998 258.000000 284.000000
330.171502 258.000000 579.200000
331.175766 258.000000 500.800000
332.191581 258.000000 314.000000
333.191723 258.000000 302.800000
334.250796 258.000000 280.400000
335.252898 258.000000 269.200000
336.258301 258.000000 267.200000
337.262341 258.000000 267.200000
338.273238 258.000000 267.200000
339.287600 258.000000 267.200000
340.426431 258.000000 584.800000
341.437702 258.000000 400.000000
342.459572 258.000000 319.600000
343.484770 258.000000 284.000000
344.492624 258.000000 284.000000
345.531827 258.000000 284.000000
346.535525 258.000000 284.000000
347.554920 258.000000 284.000000
348.580045 258.000000 573.600000
349.636427 258.000000 347.600000
350.651815 258.000000 347.600000
351.691534 258.000000 297.200000
352.703260 258.000000 291.600000
353.707315 258.000000 274.800000
354.728528 258.000000 272.800000
355.729418 258.000000 272.800000
356.749489 258.000000 272.800000
357.758526 258.000000 272.800000
358.786915 258.000000 272.800000
359.800029 258.000000 269.200000
360.816289 258.000000 269.200000
361.829322 258.000000 269.200000
362.833891 258.000000 269.200000
363.838310 258.000000 269.200000
364.841575 258.000000 269.200000
365.863546 258.000000 269.200000
366.889546 258.000000 439.200000
367.918363 258.000000 314.000000
368.981267 258.000000 291.600000
369.990705 258.000000 274.800000
371.052797 258.000000 258.000000
372.063270 258.000000 258.000000
373.076642 258.000000 258.000000
374.081739 258.000000 258.000000
375.083282 258.000000 258.000000
376.159903 258.000000 258.000000
377.177905 258.000000 568.000000
378.227309 258.000000 364.400000
379.245644 258.000000 269.200000
380.276585 258.000000 269.200000
381.315069 258.000000 269.200000
382.359396 258.000000 267.200000
383.383541 258.000000 267.200000
384.396742 258.000000 267.200000
385.417910 258.000000 267.200000
386.435161 258.000000 568.000000
387.515403 258.000000 308.400000
388.520969 258.000000 308.400000
389.527068 258.000000 272.800000
390.554343 258.000000 269.200000
391.557443 258.000000 269.200000
392.563418 258.000000 269.200000
393.595740 258.000000 269.200000
394.615728 258.000000 269.200000
395.903088 258.000000 635.200000
396.904826 258.000000 506.400000
397.924188 258.000000 319.600000
398.933130 258.000000 280.400000
399.942298 258.000000 274.800000
400.944267 258.000000 274.800000
401.963751 258.000000 274.800000
402.996031 258.000000 274.800000
404.019473 258.000000 258.000000
405.029019 258.000000 258.000000
406.054385 258.000000 258.000000
407.063816 258.000000 258.000000
408.068513 258.000000 258.000000
409.073819 258.000000 258.000000
410.077246 258.000000 568.000000
411.109582 258.000000 405.600000
412.165908 258.000000 405.600000
413.170783 258.000000 319.600000
414.178598 258.000000 286.000000
415.239676 258.000000 286.000000
416.268498 258.000000 284.000000
417.270229 258.000000 284.000000
418.286340 258.000000 284.000000
419.287236 258.000000 284.000000
420.300282 258.000000 284.000000
421.307626 258.000000 284.000000
422.313999 258.000000 573.600000
423.328365 258.000000 360.800000
424.328533 258.000000 274.800000
425.329424 258.000000 274.800000
426.354331 258.000000 274.800000
427.361514 258.000000 274.800000
428.374675 258.000000 274.800000
429.379954 258.000000 433.600000
430.398800 258.000000 314.000000
431.409363 258.000000 297.200000
432.413144 258.000000 291.600000
433.423391 258.000000 289.600000
434.523021 258.000000 280.400000
435.529328 258.000000 280.400000
436.553816 258.000000 280.400000
437.580393 258.000000 280.400000
438.598974 258.000000 280.400000
439.614848 258.000000 280.400000
440.804926 258.000000 579.200000
441.806199 258.000000 353.200000
442.807951 258.000000 297.200000
443.828332 258.000000 286.000000
444.846747 258.000000 274.800000
445.870043 258.000000 269.200000
446.897224 258.000000 263.600000
447.906704 258.000000 263.600000
448.907198 258.000000 263.600000
449.917351 258.000000 263.600000
451.158040 258.000000 575.600000
452.158316 258.000000 568.000000
453.164358 258.000000 319.600000
454.168061 258.000000 295.200000
455.172708 258.000000 269.200000
456.189703 258.000000 269.200000
457.233876 258.000000 269.200000
458.241121 258.000000 263.600000
459.248769 258.000000 263.600000
460.273988 258.000000 263.600000
461.300483 258.000000 263.600000
462.491347 258.000000 573.600000
463.555111 258.000000 377.600000
464.566364 258.000000 302.800000
465.585417 258.000000 302.800000
466.594192 258.000000 297.200000
467.633955 258.000000 291.600000
468.671929 258.000000 291.600000
469.676660 258.000000 291.600000
470.676749 258.000000 291.600000
471.679737 258.000000 291.600000
472.703186 258.000000 450.400000
473.734485 258.000000 336.400000
474.744335 258.000000 286.000000
475.762368 258.000000 286.000000
476.770115 258.000000 284.000000
477.780596 258.000000 284.000000
478.782577 258.000000 284.000000
479.804065 258.000000 284.000000
480.831232 258.000000 284.000000
481.880948 258.000000 579.200000
482.928122 258.000000 370.000000
483.955491 258.000000 319.600000
484.974549 258.000000 286.000000
486.001040 258.000000 286.000000
487.027334 258.000000 286.000000
488.039486 258.000000 286.000000
489.067091 258.000000 286.000000
490.087232 258.000000 286.000000
491.087792 258.000000 286.000000
492.091907 258.000000 364.400000
493.147280 258.000000 297.200000
494.159747 258.000000 286.000000
495.189699 258.000000 286.000000
496.219942 258.000000 280.400000
497.238169 258.000000 280.400000
498.268236 258.000000 280.400000
499.296757 258.000000 280.400000
500.444205 258.000000 573.600000
501.444987 258.000000 375.600000
502.459014 258.000000 308.400000
503.527713 258.000000 280.400000
504.552814 258.000000 278.400000
505.575513 258.000000 274.800000
506.586172 258.000000 274.800000
507.605974 258.000000 274.800000
508.608143 258.000000 274.800000
509.619776 258.000000 274.800000
510.624856 258.000000 566.000000
511.635169 258.000000 347.600000
512.655366 258.000000 314.000000
513.676890 258.000000 263.600000
514.683780 258.000000 263.600000
515.697043 258.000000 263.600000
516.772528 258.000000 263.600000
517.834634 258.000000 263.600000
518.836819 258.000000 263.600000
519.837906 258.000000 263.600000
520.844530 258.000000 573.600000
521.849572 258.000000 291.600000
522.856723 258.000000 269.200000
523.859648 258.000000 269.200000
524.871038 258.000000 269.200000
525.927640 258.000000 269.200000
526.944189 258.000000 269.200000
527.951119 258.000000 525.200000
528.964460 258.000000 291.600000
529.979087 258.000000 280.400000
531.000267 258.000000 272.800000
532.033650 258.000000 272.800000
533.043896 258.000000 272.800000
534.062679 258.000000 272.800000
535.137834 258.000000 272.800000
536.164541 258.000000 272.800000
537.185417 258.000000 472.800000
538.236862 258.000000 342.000000
539.256312 258.000000 278.400000
540.265707 258.000000 272.800000
541.304995 258.000000 269.200000
542.322986 258.000000 269.200000
543.323510 258.000000 269.200000
544.365957 258.000000 269.200000
545.382386 258.000000 269.200000
546.409570 258.000000 590.400000
547.427965 258.000000 330.800000
548.431947 258.000000 280.400000
549.477390 258.000000 267.200000
550.492294 258.000000 258.000000
551.510654 258.000000 258.000000
552.544741 258.000000 258.000000
553.552090 258.000000 258.000000
554.568499 258.000000 258.000000
555.578356 258.000000 596.000000
556.641760 258.000000 353.200000
557.650848 258.000000 308.400000
558.653414 258.000000 286.000000
559.676626 258.000000 258.000000
560.680332 256.000000 256.000000
561.708338 256.000000 256.000000
562.716165 256.000000 256.000000
563.724546 256.000000 256.000000
564.784514 256.000000 256.000000
565.821487 256.000000 568.000000
566.830986 256.000000 330.800000
567.863307 256.000000 286.000000
568.871807 256.000000 278.400000
569.883140 256.000000 278.400000
570.948874 256.000000 278.400000
571.960995 256.000000 278.400000
572.965305 256.000000 278.400000
573.977937 256.000000 278.400000
575.002396 256.000000 573.600000
576.076142 256.000000 308.400000
577.107641 256.000000 280.400000
578.156367 256.000000 280.400000
579.175711 256.000000 280.400000
580.194276 256.000000 278.400000
581.222233 256.000000 278.400000
582.227593 256.000000 278.400000
583.291726 256.000000 278.400000
584.348643 256.000000 573.600000
585.362803 256.000000 400.000000
586.396781 256.000000 297.200000
587.407089 256.000000 274.800000
588.424935 256.000000 274.800000
589.427756 256.000000 274.800000
590.437695 256.000000 274.800000
591.440435 256.000000 274.800000
592.444245 256.000000 274.800000
593.720646 256.000000 575.600000
594.794230 256.000000 308.400000
595.800225 256.000000 308.400000
596.806309 256.000000 286.000000
597.849178 256.000000 286.000000
598.873563 256.000000 280.400000
599.927508 256.000000 278.400000
600.962336 256.000000 278.400000
601.970861 256.000000 278.400000
602.979713 256.000000 278.400000
604.006900 256.000000 278.400000
605.218725 256.000000 607.200000
606.228978 256.000000 364.400000
607.237161 256.000000 330.800000
608.267220 256.000000 291.600000
609.282550 256.000000 267.200000
610.352004 256.000000 267.200000
611.389823 256.000000 267.200000
612.422759 256.000000 267.200000
613.424173 256.000000 267.200000
614.427604 256.000000 267.200000
615.438542 256.000000 570.000000
616.484622 256.000000 344.000000
617.525398 256.000000 284.000000
618.541573 256.000000 278.400000
619.546298 256.000000 263.600000
620.548044 256.000000 258.000000
621.574606 256.000000 258.000000
622.629318 256.000000 258.000000
623.637359 256.000000 258.000000
624.657462 256.000000 258.000000
625.718983 256.000000 258.000000
626.721019 256.000000 573.600000
627.773352 256.000000 512.000000
628.789670 256.000000 325.200000
629.800138 256.000000 291.600000
630.872231 256.000000 280.400000
631.875400 256.000000 280.400000
632.888700 256.000000 280.400000
633.899086 256.000000 280.400000
634.907068 256.000000 280.400000
635.907083 256.000000 579.200000
636.976039 256.000000 342.000000
637.987033 256.000000 302.800000
639.015096 256.000000 291.600000
640.025786 256.000000 274.800000
641.029796 256.000000 274.800000
642.056066 256.000000 274.800000
643.100057 256.000000 274.800000
644.114476 256.000000 274.800000
645.140886 256.000000 405.600000
646.159450 256.000000 342.000000
647.161510 256.000000 299.200000
648.172420 256.000000 274.800000
649.178989 256.000000 263.600000
650.185266 256.000000 263.600000
651.213388 256.000000 263.600000
652.214774 256.000000 263.600000
653.240290 256.000000 566.000000
654.279110 256.000000 291.600000
655.279753 256.000000 286.000000
656.313738 256.000000 274.800000
657.320979 256.000000 269.200000
658.325608 256.000000 269.200000
659.337409 256.000000 269.200000
660.346475 256.000000 269.200000
661.419942 256.000000 568.000000
662.434297 256.000000 366.400000
663.450799 256.000000 263.600000
664.454990 256.000000 261.600000
665.463970 256.000000 261.600000
666.490093 256.000000 261.600000
667.501503 256.000000 261.600000
668.506068 256.000000 261.600000
669.514582 256.000000 261.600000
670.534366 256.000000 575.600000
671.535766 256.000000 424.400000
672.556610 256.000000 325.200000
673.563617 256.000000 302.800000
674.576837 256.000000 297.200000
675.576890 256.000000 274.800000
676.587005 256.000000 274.800000
677.615064 256.000000 272.800000
678.618447 256.000000 272.800000
679.627134 256.000000 272.800000
680.636280 256.000000 272.800000
681.658686 256.000000 272.800000
682.861104 256.000000 579.200000
683.909205 256.000000 416.800000
684.917297 256.000000 314.000000
685.928794 256.000000 314.000000
686.939137 256.000000 308.400000
687.956424 256.000000 308.400000
688.957183 256.000000 308.400000
689.961848 256.000000 308.400000
690.980741 256.000000 308.400000
692.013392 256.000000 302.800000
693.085410 256.000000 302.800000
694.085709 256.000000 302.800000
695.107070 256.000000 302.800000
696.115484 256.000000 302.800000
697.135707 256.000000 573.600000
698.216738 256.000000 308.400000
699.225820 256.000000 297.200000
700.234346 256.000000 286.000000
701.242118 256.000000 280.400000
702.244805 256.000000 280.400000
703.261429 256.000000 280.400000
704.284672 256.000000 280.400000
705.303108 256.000000 280.400000
706.307609 256.000000 280.400000
707.381551 256.000000 562.400000
708.384350 256.000000 450.400000
709.413136 256.000000 321.600000
710.434756 256.000000 284.000000
711.462341 256.000000 280.400000
712.470245 256.000000 280.400000
713.481177 256.000000 274.800000
714.542753 256.000000 274.800000
715.558999 256.000000 274.800000
716.559295 256.000000 274.800000
717.590146 256.000000 274.800000
718.592825 256.000000 568.000000
719.610890 256.000000 347.600000
720.656505 256.000000 269.200000
721.723520 256.000000 267.200000
722.723624 256.000000 263.600000
723.725489 256.000000 263.600000
724.738793 256.000000 263.600000
725.741551 256.000000 261.600000
726.771051 256.000000 261.600000
727.771357 256.000000 261.600000
728.774809 256.000000 261.600000
729.797979 256.000000 261.600000
730.802861 256.000000 568.000000
731.803610 256.000000 336.400000
732.830094 256.000000 314.000000
733.830762 256.000000 280.400000
734.831364 256.000000 280.400000
735.841286 256.000000 280.400000
736.854222 256.000000 280.400000
737.900135 256.000000 280.400000
738.947652 256.000000 280.400000
739.952252 256.000000 280.400000
741.051610 256.000000 330.800000
742.077250 256.000000 308.400000
743.080623 256.000000 308.400000
744.107702 256.000000 272.800000
745.166965 256.000000 269.200000
746.171177 256.000000 269.200000
747.173849 256.000000 269.200000
748.188377 256.000000 269.200000
749.197492 256.000000 269.200000
750.227179 256.000000 269.200000
751.228109 256.000000 575.600000
752.238499 256.000000 439.200000
753.285030 256.000000 314.000000
754.317781 256.000000 297.200000
755.347178 256.000000 293.600000
756.364753 256.000000 291.600000
757.373188 256.000000 291.600000
758.434252 256.000000 291.600000
759.440343 256.000000 291.600000
760.448540 256.000000 291.600000
761.465632 256.000000 291.600000
762.471880 256.000000 291.600000
763.490092 256.000000 467.200000
764.559380 256.000000 302.800000
765.563040 256.000000 280.400000
766.614227 256.000000 274.800000
767.641095 256.000000 272.800000
768.690162 256.000000 263.600000
769.690932 256.000000 263.600000
770.693509 256.000000 263.600000
771.697217 256.000000 263.600000
772.703077 256.000000 263.600000
773.778523 256.000000 263.600000
774.790719 256.000000 573.600000
775.797849 256.000000 325.200000
776.814756 256.000000 297.200000
777.885851 252.400000 252.400000
778.900302 252.400000 252.400000
779.903546 252.400000 252.400000
780.933911 252.400000 252.400000
781.938900 252.400000 252.400000
783.008901 252.400000 252.400000
784.013794 252.400000 252.400000
785.062479 252.400000 568.000000
786.097180 252.400000 364.400000
787.155437 252.400000 353.200000
788.173236 252.400000 286.000000
789.243498 252.400000 286.000000
790.287779 252.400000 280.400000
791.295509 252.400000 280.400000
792.309464 252.400000 280.400000
793.344975 252.400000 280.400000
794.360410 252.400000 280.400000
795.365551 252.400000 280.400000
796.563028 252.400000 579.200000
797.584033 252.400000 428.000000
798.613725 252.400000 368.000000
799.628380 252.400000 280.400000
