0.013740 767.600000 767.600000
1.013806 418.400000 418.400000
2.014952 412.800000 532.400000
3.015621 412.800000 418.400000
4.016013 412.800000 498.800000
5.016383 412.800000 521.200000
6.016543 412.800000 672.400000
7.017092 412.800000 530.400000
8.017130 412.800000 412.800000
9.017354 407.200000 429.600000
10.018039 407.200000 448.400000
11.018670 407.200000 465.200000
12.018789 407.200000 661.200000
13.019250 407.200000 452.000000
14.019529 396.000000 396.000000
15.019671 396.000000 530.400000
16.019975 396.000000 407.200000
17.020451 396.000000 480.000000
18.020557 396.000000 571.600000
19.021458 396.000000 519.200000
20.021804 396.000000 442.800000
21.023524 396.000000 773.200000
22.023666 396.000000 508.000000
23.024295 396.000000 418.400000
24.024727 396.000000 487.600000
25.024998 396.000000 510.000000
26.027059 396.000000 655.600000
27.027081 396.000000 562.400000
28.027332 396.000000 496.800000
29.028041 396.000000 521.200000
30.028451 396.000000 493.200000
31.028639 396.000000 599.600000
32.028665 396.000000 468.800000
33.028734 396.000000 435.200000
34.029014 396.000000 554.800000
35.030199 396.000000 519.200000
36.030537 396.000000 491.200000
37.030988 396.000000 549.200000
38.031185 396.000000 465.200000
39.031887 396.000000 605.200000
40.031984 396.000000 504.400000
41.032081 390.400000 504.400000
42.032163 390.400000 566.000000
43.034649 390.400000 538.000000
44.036640 390.400000 543.600000
45.036836 390.400000 526.800000
46.044031 390.400000 762.000000
47.044272 390.400000 452.000000
48.044957 390.400000 476.400000
49.045041 390.400000 418.400000
50.045497 390.400000 429.600000
51.045831 390.400000 566.000000
52.046274 390.400000 452.000000
53.046585 390.400000 470.800000
54.048188 390.400000 530.400000
55.048429 390.400000 502.400000
56.048666 390.400000 431.600000
57.048885 390.400000 605.200000
58.049478 390.400000 513.600000
59.049542 390.400000 418.400000
60.049603 390.400000 571.600000
61.050527 390.400000 554.800000
62.051111 390.400000 463.200000
63.051912 390.400000 521.200000
64.052035 390.400000 448.400000
65.052533 390.400000 459.600000
66.056226 390.400000 508.000000
67.056513 390.400000 487.600000
68.056716 390.400000 491.200000
69.057018 390.400000 487.600000
70.057699 390.400000 468.800000
71.058927 390.400000 412.800000
72.059701 390.400000 463.200000
73.060450 390.400000 515.600000
74.060562 390.400000 412.800000
75.060835 390.400000 485.600000
76.061771 390.400000 468.800000
77.061909 390.400000 476.400000
78.062249 390.400000 440.800000
79.062699 390.400000 536.000000
80.069094 390.400000 767.600000
81.069100 390.400000 734.000000
82.069388 390.400000 661.200000
83.069679 390.400000 543.600000
84.069951 390.400000 465.200000
85.070143 390.400000 407.200000
86.070334 390.400000 412.800000
87.070905 390.400000 457.600000
88.071423 390.400000 577.200000
89.071658 390.400000 424.000000
90.074431 390.400000 566.000000
91.074804 390.400000 482.000000
92.074887 390.400000 463.200000
93.078322 390.400000 767.600000
94.079076 390.400000 440.800000
95.080149 390.400000 577.200000
96.080196 390.400000 437.200000
97.085542 390.400000 778.800000
98.085856 390.400000 426.000000
99.086272 390.400000 543.600000
100.086856 390.400000 476.400000
101.087430 390.400000 465.200000
102.089244 390.400000 412.800000
103.089765 390.400000 496.800000
104.090672 390.400000 457.600000
105.090687 390.400000 424.000000
106.091253 390.400000 452.000000
107.091555 390.400000 566.000000
108.091600 390.400000 510.000000
109.091817 390.400000 418.400000
110.091841 390.400000 496.800000
111.092049 390.400000 407.200000
112.092467 390.400000 773.200000
113.097038 390.400000 767.600000
114.097653 390.400000 508.000000
115.098614 390.400000 442.800000
116.100946 390.400000 412.800000
117.101111 390.400000 491.200000
118.101772 390.400000 407.200000
119.101818 390.400000 407.200000
120.102125 390.400000 396.000000
121.102926 390.400000 493.200000
122.103396 390.400000 622.000000
123.103454 390.400000 566.000000
124.105775 390.400000 496.800000
125.107856 390.400000 588.400000
126.109658 390.400000 560.400000
127.109777 390.400000 558.400000
128.110227 390.400000 588.400000
129.110238 390.400000 412.800000
130.113052 390.400000 547.200000
131.113392 390.400000 414.800000
132.113856 390.400000 532.400000
133.113954 390.400000 429.600000
134.114025 390.400000 468.800000
135.115107 390.400000 429.600000
136.115169 390.400000 468.800000
137.115517 390.400000 487.600000
138.115788 390.400000 485.600000
139.116443 390.400000 538.000000
140.117147 390.400000 496.800000
141.118246 390.400000 672.400000
142.119469 390.400000 407.200000
143.120702 390.400000 644.400000
144.120726 390.400000 622.000000
145.120727 390.400000 424.000000
146.121077 390.400000 491.200000
147.121473 390.400000 496.800000
148.122135 390.400000 767.600000
149.122572 390.400000 532.400000
150.122874 390.400000 566.000000
151.122907 390.400000 504.400000
152.123034 390.400000 429.600000
153.123158 390.400000 554.800000
154.125949 390.400000 773.200000
155.126056 390.400000 610.800000
156.126057 390.400000 482.000000
157.126667 390.400000 491.200000
158.126727 390.400000 532.400000
159.126895 390.400000 532.400000
160.127648 390.400000 498.800000
161.129357 390.400000 521.200000
162.129396 390.400000 429.600000
163.130339 390.400000 566.000000
164.132947 390.400000 491.200000
165.133005 390.400000 498.800000
166.133331 390.400000 521.200000
167.133624 390.400000 566.000000
168.135142 390.400000 480.000000
169.135660 390.400000 491.200000
170.136171 390.400000 407.200000
171.137291 390.400000 541.600000
172.137746 390.400000 666.800000
173.140566 390.400000 470.800000
174.140781 390.400000 491.200000
175.141508 390.400000 508.000000
176.141827 390.400000 407.200000
177.142167 390.400000 424.000000
178.142255 390.400000 429.600000
179.142691 390.400000 493.200000
180.143023 390.400000 530.400000
181.143469 390.400000 463.200000
182.143581 390.400000 463.200000
183.144034 390.400000 502.400000
184.144746 390.400000 446.400000
185.145082 390.400000 459.600000
186.145145 390.400000 431.600000
187.145812 390.400000 532.400000
188.146539 390.400000 437.200000
189.146720 390.400000 412.800000
190.147247 390.400000 571.600000
191.147563 390.400000 582.800000
192.148291 390.400000 564.000000
193.148912 390.400000 418.400000
194.149373 390.400000 418.400000
195.150436 390.400000 485.600000
196.151687 390.400000 482.000000
197.151912 390.400000 566.000000
198.152037 390.400000 504.400000
199.152262 390.400000 498.800000
200.152539 390.400000 560.400000
201.153427 390.400000 543.600000
202.156282 390.400000 655.600000
203.156782 390.400000 566.000000
204.156887 390.400000 470.800000
205.157134 390.400000 633.200000
206.157312 390.400000 496.800000
207.157577 390.400000 549.200000
208.157816 390.400000 412.800000
209.160708 390.400000 536.000000
210.160947 390.400000 429.600000
211.161020 390.400000 496.800000
212.162008 390.400000 508.000000
213.164246 390.400000 577.200000
214.164797 390.400000 485.600000
215.165060 390.400000 485.600000
216.165641 390.400000 403.600000
217.165766 390.400000 412.800000
218.166993 390.400000 418.400000
219.167618 390.400000 510.000000
220.167685 390.400000 543.600000
221.167857 390.400000 650.000000
222.171213 390.400000 605.200000
223.174172 390.400000 526.800000
224.174975 390.400000 541.600000
225.175898 390.400000 502.400000
226.180330 390.400000 773.200000
227.180935 390.400000 498.800000
228.181456 390.400000 454.000000
229.182279 390.400000 482.000000
230.183163 390.400000 446.400000
231.183587 390.400000 672.400000
232.184306 390.400000 666.800000
233.184468 390.400000 407.200000
234.187630 390.400000 745.200000
235.188089 390.400000 508.000000
236.188938 390.400000 470.800000
237.189440 390.400000 485.600000
238.189584 390.400000 470.800000
239.190485 390.400000 594.000000
240.190831 390.400000 554.800000
241.193231 390.400000 558.400000
242.193390 390.400000 510.000000
243.193493 390.400000 491.200000
244.193821 390.400000 496.800000
245.194840 390.400000 672.400000
246.194924 390.400000 767.600000
247.195950 390.400000 412.800000
248.195956 390.400000 412.800000
249.196521 390.400000 457.600000
250.196899 390.400000 396.000000
251.197107 390.400000 485.600000
252.197200 390.400000 412.800000
253.197404 390.400000 510.000000
254.200945 390.400000 452.000000
255.201641 390.400000 767.600000
256.202279 390.400000 426.000000
257.202328 390.400000 407.200000
258.204294 390.400000 560.400000
259.204516 390.400000 474.400000
260.204525 390.400000 412.800000
261.204900 390.400000 508.000000
262.205232 390.400000 463.200000
263.205749 390.400000 424.000000
264.206527 390.400000 452.000000
265.206955 390.400000 468.800000
266.207041 390.400000 554.800000
267.209544 390.400000 541.600000
268.210019 390.400000 496.800000
269.210233 390.400000 513.600000
270.210445 390.400000 440.800000
271.211847 390.400000 482.000000
272.211888 390.400000 424.000000
273.213980 390.400000 496.800000
274.215002 390.400000 429.600000
275.215909 390.400000 418.400000
276.217260 390.400000 480.000000
277.217558 390.400000 429.600000
278.217801 390.400000 452.000000
279.218086 390.400000 640.800000
280.218192 390.400000 442.800000
281.218704 390.400000 532.400000
282.219663 390.400000 412.800000
283.221342 390.400000 666.800000
284.222023 390.400000 480.000000
285.222599 390.400000 440.800000
286.223054 390.400000 515.600000
287.223318 390.400000 448.400000
288.223967 390.400000 502.400000
289.224234 390.400000 538.000000
290.224626 390.400000 463.200000
291.224864 390.400000 521.200000
292.224867 390.400000 412.800000
293.225143 390.400000 566.000000
294.225377 390.400000 560.400000
295.225671 390.400000 431.600000
296.225935 390.400000 493.200000
297.226956 390.400000 424.000000
298.227116 390.400000 418.400000
299.227680 390.400000 493.200000
300.228242 390.400000 530.400000
301.228371 390.400000 526.800000
302.229819 390.400000 440.800000
303.230363 390.400000 474.400000
304.230467 390.400000 778.800000
305.230721 390.400000 543.600000
306.230744 390.400000 498.800000
307.232044 390.400000 504.400000
308.232591 390.400000 440.800000
309.232791 390.400000 594.000000
310.233109 390.400000 418.400000
311.233181 390.400000 468.800000
312.233378 390.400000 442.800000
313.233879 390.400000 429.600000
314.234107 390.400000 496.800000
315.234216 390.400000 412.800000
316.234311 390.400000 429.600000
317.234608 390.400000 515.600000
318.234833 390.400000 508.000000
319.235090 390.400000 452.000000
320.236018 390.400000 407.200000
321.236470 390.400000 502.400000
322.237969 390.400000 491.200000
323.238658 390.400000 412.800000
324.238886 390.400000 412.800000
325.239152 390.400000 429.600000
326.239735 390.400000 431.600000
327.239736 390.400000 412.800000
328.239937 390.400000 424.000000
329.240203 390.400000 571.600000
330.240652 390.400000 424.000000
331.241191 390.400000 734.000000
332.244535 390.400000 773.200000
333.245012 390.400000 465.200000
334.245139 390.400000 463.200000
335.245850 390.400000 412.800000
336.246576 390.400000 440.800000
337.247093 390.400000 465.200000
338.247273 390.400000 424.000000
339.247696 390.400000 571.600000
340.247837 390.400000 435.200000
341.250651 390.400000 549.200000
342.250864 390.400000 454.000000
343.251763 390.400000 599.600000
344.252236 390.400000 454.000000
345.253184 390.400000 543.600000
346.254472 390.400000 485.600000
347.255591 390.400000 470.800000
348.256251 390.400000 474.400000
349.256516 390.400000 420.400000
350.256598 390.400000 510.000000
351.256654 390.400000 485.600000
352.256668 390.400000 515.600000
353.256770 390.400000 560.400000
354.257740 390.400000 448.400000
355.258087 390.400000 454.000000
356.258201 390.400000 487.600000
357.258342 390.400000 491.200000
358.258414 390.400000 435.200000
359.258819 390.400000 526.800000
360.259460 390.400000 519.200000
361.259770 390.400000 446.400000
362.260171 390.400000 558.400000
363.260261 390.400000 440.800000
364.260958 390.400000 543.600000
365.264205 390.400000 560.400000
366.264460 390.400000 571.600000
367.264822 390.400000 463.200000
368.265207 390.400000 566.000000
369.266176 390.400000 435.200000
370.266409 390.400000 429.600000
371.267340 390.400000 390.400000
372.268263 390.400000 409.200000
373.269997 390.400000 504.400000
374.270005 390.400000 474.400000
375.270203 390.400000 532.400000
376.270903 390.400000 554.800000
377.271811 390.400000 459.600000
378.271830 390.400000 482.000000
379.272183 390.400000 491.200000
380.274068 390.400000 510.000000
381.276133 390.400000 672.400000
382.280891 390.400000 762.000000
383.284326 390.400000 773.200000
384.285409 390.400000 452.000000
385.285432 390.400000 485.600000
386.285606 390.400000 440.800000
387.286684 390.400000 616.400000
388.287120 390.400000 424.000000
389.288178 390.400000 463.200000
390.288435 390.400000 504.400000
391.288482 390.400000 424.000000
392.288695 390.400000 429.600000
393.289234 390.400000 491.200000
394.289237 390.400000 532.400000
395.290186 390.400000 420.400000
396.290827 390.400000 476.400000
397.291555 390.400000 446.400000
398.291614 390.400000 566.000000
399.292971 390.400000 414.800000
400.293106 390.400000 532.400000
401.294828 390.400000 594.000000
402.295488 390.400000 463.200000
403.295569 390.400000 513.600000
404.296024 390.400000 407.200000
405.296334 390.400000 407.200000
406.297054 390.400000 521.200000
407.297213 390.400000 418.400000
408.298997 390.400000 414.800000
409.299035 390.400000 566.000000
410.299668 390.400000 504.400000
411.300574 390.400000 560.400000
412.301218 390.400000 543.600000
413.301713 390.400000 412.800000
414.302366 390.400000 426.000000
415.302747 390.400000 420.400000
416.303147 390.400000 463.200000
417.303750 390.400000 412.800000
418.303776 390.400000 465.200000
419.304478 390.400000 474.400000
420.305482 390.400000 491.200000
421.305590 390.400000 526.800000
422.305892 390.400000 429.600000
423.305917 390.400000 560.400000
424.306701 390.400000 424.000000
425.307057 390.400000 457.600000
426.307251 390.400000 508.000000
427.307883 390.400000 666.800000
428.311501 390.400000 468.800000
429.311739 390.400000 412.800000
430.312113 390.400000 543.600000
431.312179 390.400000 407.200000
432.312233 390.400000 480.000000
433.312503 390.400000 571.600000
434.312879 390.400000 543.600000
435.313128 390.400000 468.800000
436.316627 390.400000 524.800000
437.317721 390.400000 480.000000
438.317905 390.400000 734.000000
439.319337 390.400000 429.600000
440.319654 390.400000 424.000000
441.319676 390.400000 498.800000
442.319994 390.400000 424.000000
443.320146 390.400000 594.000000
444.320755 390.400000 459.600000
445.322544 390.400000 566.000000
446.323557 390.400000 412.800000
447.324275 390.400000 566.000000
448.324317 390.400000 672.400000
449.324931 390.400000 454.000000
450.325219 390.400000 452.000000
451.327008 390.400000 666.800000
452.327399 390.400000 424.000000
453.327952 390.400000 577.200000
454.328534 390.400000 424.000000
455.328690 390.400000 480.000000
456.329082 390.400000 412.800000
457.329582 390.400000 429.600000
458.329636 390.400000 532.400000
459.331104 390.400000 566.000000
460.331394 390.400000 491.200000
461.332690 390.400000 407.200000
462.333317 390.400000 487.600000
463.333501 390.400000 429.600000
464.333934 390.400000 474.400000
465.334384 390.400000 491.200000
466.334606 390.400000 442.800000
467.334786 390.400000 446.400000
468.335208 390.400000 560.400000
469.336138 390.400000 431.600000
470.336406 390.400000 485.600000
471.336624 390.400000 493.200000
472.336736 390.400000 577.200000
473.336782 390.400000 538.000000
474.336900 390.400000 424.000000
475.338028 390.400000 437.200000
476.338164 390.400000 465.200000
477.338406 390.400000 468.800000
478.339150 390.400000 480.000000
479.339279 390.400000 485.600000
480.339658 390.400000 431.600000
481.340007 390.400000 414.800000
482.340100 390.400000 560.400000
483.340935 390.400000 513.600000
484.341114 390.400000 437.200000
485.342010 390.400000 521.200000
486.342245 390.400000 549.200000
487.343760 390.400000 485.600000
488.347792 390.400000 485.600000
489.348041 390.400000 412.800000
490.348721 390.400000 429.600000
491.349303 390.400000 498.800000
492.350209 390.400000 519.200000
493.351311 390.400000 552.800000
494.353820 390.400000 446.400000
495.353953 390.400000 487.600000
496.354203 390.400000 412.800000
497.354468 390.400000 515.600000
498.356602 390.400000 470.800000
499.358158 390.400000 452.000000
500.358289 390.400000 476.400000
501.358357 390.400000 480.000000
502.358572 390.400000 429.600000
503.361944 390.400000 571.600000
504.362153 390.400000 496.800000
505.362871 390.400000 407.200000
506.363568 390.400000 446.400000
507.364015 390.400000 519.200000
508.364608 390.400000 502.400000
509.365023 390.400000 524.800000
510.365395 390.400000 773.200000
511.365835 390.400000 412.800000
512.366508 390.400000 491.200000
513.367021 390.400000 440.800000
514.367505 390.400000 418.400000
515.367627 390.400000 468.800000
516.368937 390.400000 493.200000
517.369178 390.400000 508.000000
518.369747 390.400000 429.600000
519.370497 390.400000 418.400000
520.370922 390.400000 431.600000
521.371970 390.400000 468.800000
522.371992 390.400000 706.000000
523.372299 390.400000 454.000000
524.372369 390.400000 418.400000
525.372656 390.400000 474.400000
526.372696 390.400000 457.600000
527.375155 390.400000 532.400000
528.375585 390.400000 519.200000
529.376354 390.400000 498.800000
530.376909 390.400000 493.200000
531.377751 390.400000 437.200000
532.379361 390.400000 437.200000
533.385887 390.400000 762.000000
534.386052 390.400000 452.000000
535.387135 390.400000 468.800000
536.388629 390.400000 526.800000
537.389314 390.400000 482.000000
538.390637 390.400000 508.000000
539.390926 390.400000 554.800000
540.391415 390.400000 487.600000
541.392532 390.400000 465.200000
542.392811 390.400000 549.200000
543.394701 390.400000 498.800000
544.395947 390.400000 767.600000
545.396498 390.400000 543.600000
546.396713 390.400000 577.200000
547.398253 390.400000 538.000000
548.398371 390.400000 577.200000
549.398595 390.400000 435.200000
550.402258 390.400000 468.800000
551.402917 390.400000 426.000000
552.403350 390.400000 412.800000
553.403889 390.400000 543.600000
554.403890 390.400000 571.600000
555.403977 390.400000 577.200000
556.404054 390.400000 493.200000
557.404880 390.400000 446.400000
558.407413 390.400000 508.000000
559.407596 390.400000 424.000000
560.408490 390.400000 524.800000
561.409771 390.400000 549.200000
562.411363 390.400000 558.400000
563.411955 390.400000 407.200000
564.412193 390.400000 554.800000
565.412977 390.400000 672.400000
566.413104 390.400000 513.600000
567.413963 390.400000 521.200000
568.414138 390.400000 530.400000
569.414480 390.400000 412.800000
570.415064 390.400000 448.400000
571.415700 390.400000 476.400000
572.415869 390.400000 554.800000
573.415991 390.400000 767.600000
574.416041 390.400000 459.600000
575.416801 390.400000 526.800000
576.419083 390.400000 496.800000
577.419137 390.400000 429.600000
578.419657 390.400000 526.800000
579.419874 390.400000 457.600000
580.421638 390.400000 446.400000
581.422210 390.400000 463.200000
582.422336 390.400000 571.600000
583.422853 390.400000 521.200000
584.423204 390.400000 493.200000
585.423451 390.400000 515.600000
586.424258 390.400000 407.200000
587.424466 390.400000 496.800000
588.424600 390.400000 418.400000
589.427706 390.400000 767.600000
590.428237 390.400000 577.200000
591.429104 390.400000 661.200000
592.429569 390.400000 491.200000
593.429979 390.400000 519.200000
594.430203 390.400000 498.800000
595.430354 390.400000 491.200000
596.430805 390.400000 474.400000
597.436301 390.400000 767.600000
598.439109 390.400000 616.400000
599.439216 390.400000 468.800000
600.440003 390.400000 510.000000
601.446225 390.400000 767.600000
602.446357 390.400000 407.200000
603.448554 390.400000 666.800000
604.448864 390.400000 412.800000
605.449286 390.400000 504.400000
606.449771 390.400000 418.400000
607.450309 390.400000 412.800000
608.450739 390.400000 734.000000
609.451762 390.400000 426.000000
610.451774 390.400000 538.000000
611.452035 390.400000 480.000000
612.452632 390.400000 515.600000
613.453375 390.400000 412.800000
614.455048 390.400000 459.600000
615.456759 390.400000 655.600000
616.457178 390.400000 480.000000
617.457557 390.400000 491.200000
618.457793 390.400000 515.600000
619.461188 390.400000 773.200000
620.462747 390.400000 745.200000
621.463240 390.400000 424.000000
622.463430 390.400000 577.200000
623.465937 390.400000 482.000000
624.466070 390.400000 457.600000
625.466741 390.400000 412.800000
626.467784 390.400000 532.400000
627.467939 390.400000 487.600000
628.468718 390.400000 530.400000
629.469035 390.400000 661.200000
630.469584 390.400000 446.400000
631.469712 390.400000 470.800000
632.472219 390.400000 778.800000
633.472795 390.400000 491.200000
634.472865 390.400000 496.800000
635.472935 390.400000 638.800000
636.473788 390.400000 485.600000
637.474168 390.400000 508.000000
638.474194 390.400000 463.200000
639.474497 390.400000 493.200000
640.474589 390.400000 426.000000
641.474751 390.400000 418.400000
642.474775 390.400000 554.800000
643.475031 390.400000 672.400000
644.475365 390.400000 510.000000
645.476587 390.400000 519.200000
646.477078 390.400000 429.600000
647.477258 390.400000 560.400000
648.477781 390.400000 526.800000
649.479452 390.400000 549.200000
650.479603 390.400000 543.600000
651.479701 390.400000 412.800000
652.480159 390.400000 407.200000
653.482087 390.400000 566.000000
654.482318 390.400000 487.600000
655.486400 390.400000 655.600000
656.487924 390.400000 767.600000
657.488112 390.400000 448.400000
658.488675 390.400000 491.200000
659.488699 390.400000 446.400000
660.489131 390.400000 552.800000
661.489250 390.400000 566.000000
662.489294 390.400000 463.200000
663.489294 390.400000 496.800000
664.489574 390.400000 459.600000
665.489757 390.400000 418.400000
666.490276 390.400000 440.800000
667.493897 390.400000 513.600000
668.495270 390.400000 424.000000
669.495712 390.400000 571.600000
670.499790 390.400000 661.200000
671.500406 390.400000 510.000000
672.500418 390.400000 515.600000
673.501341 390.400000 538.000000
674.505606 390.400000 767.600000
675.506097 390.400000 482.000000
676.506556 390.400000 502.400000
677.506619 390.400000 476.400000
678.507551 390.400000 418.400000
679.508044 390.400000 412.800000
680.508229 390.400000 502.400000
681.508502 390.400000 549.200000
682.508594 390.400000 431.600000
683.508895 390.400000 541.600000
684.508919 390.400000 474.400000
685.508926 390.400000 530.400000
686.509036 390.400000 566.000000
687.509551 390.400000 739.600000
688.511884 390.400000 521.200000
689.512034 390.400000 465.200000
690.513224 390.400000 485.600000
691.514072 390.400000 734.000000
692.514232 390.400000 452.000000
693.514266 390.400000 526.800000
694.515051 390.400000 414.800000
695.516496 390.400000 655.600000
696.516793 390.400000 420.400000
697.517503 390.400000 437.200000
698.517620 390.400000 457.600000
699.518055 390.400000 482.000000
700.518163 390.400000 521.200000
701.518435 390.400000 521.200000
702.519589 390.400000 549.200000
703.520094 390.400000 465.200000
704.520204 390.400000 465.200000
705.521851 390.400000 487.600000
706.522267 390.400000 463.200000
707.522524 390.400000 412.800000
708.523278 390.400000 407.200000
709.526392 390.400000 773.200000
710.530096 390.400000 650.000000
711.530743 390.400000 407.200000
712.530836 390.400000 622.000000
713.532506 390.400000 510.000000
714.537356 390.400000 521.200000
715.540504 390.400000 582.800000
716.540576 390.400000 666.800000
717.540970 390.400000 510.000000
718.541353 390.400000 424.000000
719.542121 390.400000 661.200000
720.542623 390.400000 504.400000
721.542767 390.400000 508.000000
722.543020 390.400000 504.400000
723.545220 390.400000 468.800000
724.545653 390.400000 491.200000
725.545755 390.400000 482.000000
726.546252 390.400000 435.200000
727.546690 390.400000 435.200000
728.547109 390.400000 407.200000
729.547335 390.400000 526.800000
730.547372 390.400000 407.200000
731.547449 390.400000 515.600000
732.547613 390.400000 431.600000
733.548297 390.400000 452.000000
734.548467 390.400000 566.000000
735.548861 390.400000 414.800000
736.549034 390.400000 414.800000
737.549388 390.400000 401.600000
738.549549 390.400000 508.000000
739.549779 390.400000 554.800000
740.549861 390.400000 549.200000
741.550289 390.400000 496.800000
742.550595 390.400000 605.200000
743.551920 390.400000 538.000000
744.552516 390.400000 468.800000
745.553379 390.400000 655.600000
746.554231 390.400000 463.200000
747.554469 390.400000 424.000000
748.554688 390.400000 457.600000
749.555302 390.400000 440.800000
750.561203 390.400000 773.200000
751.561345 390.400000 480.000000
752.561397 390.400000 496.800000
753.561751 390.400000 508.000000
754.562725 390.400000 446.400000
755.563000 390.400000 510.000000
756.563589 390.400000 496.800000
757.563915 390.400000 504.400000
758.564503 390.400000 442.800000
759.564879 390.400000 418.400000
760.565208 390.400000 420.400000
761.565928 390.400000 521.200000
762.565978 390.400000 426.000000
763.566649 390.400000 412.800000
764.567732 390.400000 498.800000
765.567816 390.400000 407.200000
766.567844 390.400000 437.200000
767.567962 390.400000 543.600000
768.568090 390.400000 485.600000
769.568575 390.400000 431.600000
770.568823 390.400000 482.000000
771.568883 390.400000 482.000000
772.569779 390.400000 672.400000
773.570058 390.400000 457.600000
774.570303 390.400000 463.200000
775.570982 390.400000 414.800000
776.571111 390.400000 504.400000
777.572664 390.400000 599.600000
778.573064 390.400000 493.200000
779.573451 390.400000 605.200000
780.573697 390.400000 429.600000
781.574484 390.400000 526.800000
782.574764 390.400000 532.400000
783.574842 390.400000 457.600000
784.575049 390.400000 440.800000
785.575807 390.400000 633.200000
786.576362 390.400000 508.000000
787.576873 390.400000 465.200000
788.576885 390.400000 412.800000
789.577044 390.400000 463.200000
790.577928 390.400000 476.400000
791.578296 390.400000 429.600000
792.579405 390.400000 491.200000
793.579642 390.400000 407.200000
794.579767 390.400000 424.000000
795.579981 390.400000 543.600000
796.580140 390.400000 459.600000
797.580567 390.400000 767.600000
798.580897 390.400000 440.800000
799.581150 390.400000 420.400000
