0 762 0.009134 300 0
0 666.8 0.012498 0
0 655.6 0.016557 0
0 582.8 0.020717 0
0 521.2 0.033508 8
0 515.6 0.039077 8
0 496.8 0.074339 30
0 474.4 0.077591 30
0 468.8 0.083065 30
0 465.2 0.148484 63
0 465.2 0.211296 300 63
0 459.6 0.251583 63
0 435.2 0.273614 63
0 426 0.276824 63
0 424 0.299685 63
0 418.4 0.302894 63
0 418.4 0.391407 300 75
0 418.4 0.495841 300 75
0 418.4 0.646421 300 75
0 418.4 0.749526 300 75
0 412.8 0.810466 75
0 412.8 0.887681 300 75
0 412.8 1.03025 300 78
0 412.8 1.17324 300 78
0 412.8 1.34325 300 81
0 412.8 1.51137 300 81
0 412.8 1.71651 300 81
0 412.8 1.82635 300 81
0 412.8 2.02535 300 85
0 412.8 2.17033 300 85
0 412.8 2.29839 300 85
0 412.8 2.48389 300 85
0 412.8 2.60665 300 85
0 412.8 2.84399 300 85
0 412.8 2.9642 300 85
0 412.8 3.15896 300 85
0 412.8 3.32089 300 85
0 412.8 3.52352 300 85
0 412.8 3.69271 300 85
0 412.8 3.93197 300 85
0 412.8 4.13261 300 89
0 412.8 4.36603 300 89
0 412.8 4.63207 300 89
0 412.8 4.83118 300 89
0 412.8 5.06635 300 89
0 407.2 5.21583 89
0 407.2 5.33455 300 89
0 407.2 5.44987 300 89
0 407.2 5.55727 300 89
0 407.2 5.70863 300 89
0 407.2 5.92432 300 89
0 407.2 6.06248 300 89
0 407.2 6.20705 300 89
0 407.2 6.3197 300 89
0 407.2 6.50916 300 89
0 407.2 6.71437 300 89
0 407.2 6.85747 300 89
0 407.2 7.00912 300 89
0 407.2 7.12918 300 89
0 407.2 7.28441 300 89
0 407.2 7.53992 300 89
0 407.2 7.66537 300 89
0 407.2 7.78014 300 89
0 407.2 7.97131 300 89
0 407.2 8.13085 300 89
0 407.2 8.28301 300 89
0 407.2 8.44776 300 89
0 407.2 8.5974 300 89
0 407.2 8.89489 300 89
0 407.2 9.06256 300 89
0 407.2 9.32892 300 89
0 407.2 9.56259 300 89
0 407.2 9.84447 300 89
0 407.2 10.0402 300 89
0 407.2 10.3738 300 89
0 407.2 10.5897 300 89
0 407.2 10.9139 300 89
0 407.2 11.191 300 89
0 407.2 11.5452 300 89
0 407.2 11.8139 300 89
0 407.2 11.9927 300 89
0 407.2 12.225 300 89
0 407.2 12.4906 300 89
0 407.2 12.8038 300 89
0 407.2 13.0637 300 89
0 407.2 13.4321 300 89
0 407.2 13.7228 300 89
0 407.2 13.9967 300 89
0 407.2 14.3083 300 89
0 407.2 14.582 300 89
0 407.2 14.834 300 89
0 407.2 15.098 300 89
0 407.2 15.3439 300 89
0 407.2 15.5337 300 89
0 407.2 15.7599 300 89
0 407.2 16.0215 300 89
0 407.2 16.3379 300 89
0 407.2 16.5739 300 89
0 407.2 16.8229 300 89
0 407.2 17.1168 300 89
0 407.2 17.5132 300 89
0 407.2 17.8419 300 89
0 407.2 18.3145 300 89
0 407.2 18.5636 300 89
0 407.2 18.8243 300 89
0 407.2 19.0968 300 89
0 407.2 19.4037 300 89
0 407.2 19.8468 300 89
0 407.2 20.2088 300 89
0 407.2 20.4204 300 89
0 407.2 20.6102 300 89
0 407.2 21.0329 300 89
0 407.2 21.2848 300 89
0 407.2 21.5326 300 89
0 407.2 21.8962 300 89
0 407.2 22.2817 300 89
0 407.2 22.6012 300 89
0 407.2 22.9077 300 89
0 407.2 23.1946 300 89
0 407.2 23.3859 300 89
0 407.2 23.5695 300 89
0 407.2 23.8888 300 89
0 407.2 24.1199 300 89
0 407.2 24.5381 300 89
0 407.2 24.8475 300 89
0 407.2 25.1667 300 89
0 407.2 25.5541 300 89
0 407.2 25.8133 300 89
0 407.2 26.0718 300 89
0 407.2 26.2843 300 89
0 407.2 26.5383 300 89
0 407.2 26.7323 300 89
0 407.2 26.9858 300 89
0 407.2 27.2852 300 89
0 407.2 27.4867 300 89
0 407.2 27.6585 300 89
0 407.2 27.9156 300 89
0 407.2 28.2457 300 89
0 407.2 28.4205 300 89
0 407.2 28.7357 300 89
0 407.2 29.041 300 89
0 407.2 29.3439 300 89
0 407.2 29.5159 300 89
0 407.2 29.7721 300 89
0 407.2 29.9661 300 89
0 407.2 30.1487 300 89
0 407.2 30.3273 300 89
0 407.2 30.5745 300 89
0 407.2 30.9208 300 89
0 407.2 31.161 300 89
0 407.2 31.3436 300 89
0 407.2 31.793 300 89
0 407.2 31.9678 300 89
0 407.2 32.1515 300 89
0 407.2 32.3261 300 89
0 407.2 32.5075 300 89
0 407.2 32.931 300 89
0 407.2 33.1763 300 89
0 407.2 33.3615 300 89
0 407.2 33.7073 300 89
0 407.2 34.0328 300 89
0 407.2 34.3245 300 89
0 407.2 34.512 300 89
0 407.2 34.617 300 89
0 407.2 34.8599 300 89
0 407.2 35.103 300 89
0 407.2 35.2797 300 89
0 407.2 35.6364 300 89
0 407.2 35.8678 300 89
0 407.2 36.1869 300 89
0 407.2 36.4339 300 89
0 407.2 36.6575 300 89
0 407.2 36.8313 300 89
0 407.2 37.1095 300 89
0 407.2 37.3558 300 89
0 407.2 37.7567 300 89
0 407.2 38.0446 300 89
0 407.2 38.2897 300 89
0 407.2 38.5746 300 89
0 407.2 38.8187 300 89
0 407.2 39.0654 300 89
0 407.2 39.3357 300 89
0 407.2 39.6525 300 89
0 407.2 39.9288 300 89
0 407.2 40.2118 300 89
0 407.2 40.3754 300 89
0 407.2 40.6173 300 89
0 407.2 40.8151 300 89
0 407.2 41.095 300 89
0 407.2 41.3816 300 89
0 407.2 41.5964 300 89
0 407.2 41.8137 300 89
0 407.2 42.1883 300 89
0 407.2 42.5062 300 89
0 407.2 42.7743 300 89
0 407.2 42.9401 300 89
0 407.2 43.274 300 89
0 407.2 43.5953 300 89
0 407.2 43.7718 300 89
0 407.2 44.005 300 89
0 407.2 44.2605 300 89
0 407.2 44.4869 300 89
0 407.2 44.7617 300 89
0 403.6 44.8844 89
0 403.6 44.9884 300 89
0 403.6 45.2079 300 89
0 403.6 45.3577 300 89
0 403.6 45.5836 300 89
0 403.6 45.7468 300 89
0 403.6 45.9697 300 89
0 403.6 46.1802 300 89
0 403.6 46.4452 300 89
0 403.6 46.6081 300 89
0 403.6 46.8166 300 89
0 403.6 47.1481 300 89
0 403.6 47.3598 300 89
0 403.6 47.6284 300 89
0 403.6 47.794 300 89
0 403.6 48.0596 300 89
0 403.6 48.278 300 89
0 403.6 48.4296 300 89
0 403.6 48.5408 300 89
0 403.6 48.6843 300 89
0 403.6 48.7924 300 89
0 403.6 48.9562 300 89
0 403.6 49.0575 300 89
0 403.6 49.2338 300 89
0 403.6 49.3719 300 89
0 403.6 49.5761 300 89
0 403.6 49.7965 300 89
0 403.6 50.0119 300 89
0 403.6 50.2482 300 89
0 403.6 50.5783 300 89
0 403.6 50.782 300 89
0 403.6 51.028 300 89
0 403.6 51.1819 300 89
0 403.6 51.4903 300 89
0 403.6 51.6332 300 89
0 403.6 51.9637 300 89
0 403.6 52.1704 300 89
0 403.6 52.4325 300 89
0 403.6 52.7422 300 89
0 403.6 53.0092 300 89
0 403.6 53.3251 300 89
0 403.6 53.5388 300 89
0 403.6 53.8019 300 89
0 403.6 54.0159 300 89
0 403.6 54.1684 300 89
0 403.6 54.4802 300 89
0 403.6 54.6988 300 89
0 403.6 54.9487 300 89
0 403.6 55.1659 300 89
0 403.6 55.3346 300 89
0 403.6 55.5477 300 89
0 403.6 55.7175 300 89
0 403.6 55.9156 300 89
0 403.6 56.0864 300 89
0 403.6 56.3715 300 89
0 403.6 56.5282 300 89
0 403.6 56.7175 300 89
0 403.6 56.9861 300 89
0 403.6 57.1958 300 89
0 403.6 57.4321 300 89
0 403.6 57.6545 300 89
0 403.6 57.868 300 89
0 403.6 58.077 300 89
0 403.6 58.299 300 89
0 403.6 58.6684 300 89
0 403.6 58.8397 300 89
0 403.6 59.1467 300 89
0 403.6 59.3973 300 89
0 403.6 59.5492 300 89
0 403.6 59.6557 300 89
0 403.6 59.7923 300 89
0 403.6 59.9278 300 89
0 403.6 60.1823 300 89
0 403.6 60.4067 300 89
0 403.6 60.5574 300 89
0 403.6 60.7127 300 89
0 401.6 60.8826 89
0 396 60.9059 89
0 390.4 60.9976 89
0 390.4 61.1087 300 89
0 390.4 61.4403 300 89
0 390.4 61.5934 300 89
0 390.4 61.8019 300 89
0 390.4 62.0582 300 89
0 390.4 62.2903 300 89
0 390.4 62.492 300 89
0 390.4 62.7918 300 89
0 390.4 63.0608 300 89
0 390.4 63.2676 300 89
0 390.4 63.4915 300 89
0 390.4 63.6522 300 89
0 390.4 63.8152 300 89
0 390.4 64.1675 300 89
0 390.4 64.379 300 89
0 390.4 64.71 300 89
0 390.4 64.9743 300 89
0 390.4 65.2847 300 89
0 390.4 65.5343 300 89
0 390.4 65.8503 300 89
0 390.4 66.1127 300 89
0 390.4 66.3452 300 89
0 390.4 66.6421 300 89
0 390.4 66.8479 300 89
0 390.4 67.0533 300 89
0 390.4 67.3717 300 89
0 390.4 67.6311 300 89
0 390.4 67.7911 300 89
0 390.4 67.9562 300 89
0 390.4 68.2425 300 89
0 390.4 68.4019 300 89
0 390.4 68.6542 300 89
0 390.4 68.9247 300 89
0 390.4 69.1354 300 89
0 390.4 69.4169 300 89
0 390.4 69.5683 300 89
0 390.4 69.793 300 89
0 390.4 70.0025 300 89
0 390.4 70.2085 300 89
0 390.4 70.3565 300 89
0 390.4 70.6052 300 89
0 390.4 70.8831 300 89
0 390.4 71.0395 300 89
0 390.4 71.3657 300 89
0 390.4 71.5857 300 89
0 390.4 71.944 300 89
0 390.4 72.157 300 89
0 390.4 72.4688 300 89
0 390.4 72.614 300 89
0 390.4 72.9148 300 89
0 390.4 73.1173 300 89
0 390.4 73.3768 300 89
0 390.4 73.6445 300 89
0 390.4 73.9088 300 89
0 390.4 74.0592 300 89
0 390.4 74.3592 300 89
0 390.4 74.6183 300 89
0 390.4 74.8316 300 89
0 390.4 75.0032 300 89
0 390.4 75.2139 300 89
0 390.4 75.526 300 89
0 390.4 75.6839 300 89
0 390.4 75.8915 300 89
0 390.4 76.3741 300 89
0 390.4 76.5395 300 89
0 390.4 76.7408 300 89
0 390.4 76.9596 300 89
0 390.4 77.1773 300 89
0 390.4 77.3946 300 89
0 390.4 77.6044 300 89
0 390.4 77.8231 300 89
0 390.4 78.0303 300 89
0 390.4 78.2459 300 89
0 390.4 78.4946 300 89
0 390.4 78.6623 300 89
0 390.4 78.9229 300 89
0 390.4 79.0834 300 89
0 390.4 79.1921 300 89
0 390.4 79.3805 300 89
0 390.4 79.5898 300 89
0 390.4 79.7696 300 89
0 390.4 80.094 300 89
0 390.4 80.2309 300 89
0 390.4 80.3922 300 89
0 390.4 80.5343 300 89
0 390.4 80.7198 300 89
0 390.4 80.8256 300 89
0 390.4 80.9348 300 89
0 390.4 81.0486 300 89
0 390.4 81.1621 300 89
0 390.4 81.2634 300 89
0 390.4 81.5071 300 89
0 390.4 81.7272 300 89
0 390.4 81.8289 300 89
0 390.4 82.0119 300 89
0 390.4 82.1693 300 89
0 390.4 82.321 300 89
0 390.4 82.552 300 89
0 390.4 82.7654 300 89
0 390.4 82.9114 300 89
0 390.4 83.0545 300 89
0 390.4 83.2066 300 89
0 390.4 83.3669 300 89
0 390.4 83.4744 300 89
0 390.4 83.5937 300 89
0 390.4 83.7093 300 89
0 390.4 83.8925 300 89
0 390.4 84.0657 300 89
0 390.4 84.1764 300 89
0 390.4 84.3031 300 89
0 390.4 84.5236 300 89
0 390.4 84.7798 300 89
0 390.4 84.9893 300 89
0 390.4 85.2928 300 89
0 390.4 85.512 300 89
0 390.4 85.7705 300 89
0 390.4 86.1695 300 89
0 390.4 86.439 300 89
0 390.4 86.6394 300 89
0 390.4 86.8994 300 89
0 390.4 87.0526 300 89
0 390.4 87.209 300 89
0 390.4 87.4307 300 89
0 390.4 87.6496 300 89
0 390.4 87.8554 300 89
0 390.4 88.0166 300 89
0 390.4 88.2231 300 89
0 390.4 88.48 300 89
0 390.4 88.64 300 89
0 390.4 88.8535 300 89
0 390.4 89.0734 300 89
0 390.4 89.2841 300 89
0 390.4 89.5072 300 89
0 390.4 89.6652 300 89
0 390.4 89.8785 300 89
0 390.4 90.0463 300 89
0 390.4 90.1509 300 89
0 390.4 90.3572 300 89
0 390.4 90.6609 300 89
0 390.4 90.827 300 89
0 390.4 90.9798 300 89
0 390.4 91.2345 300 89
0 390.4 91.4973 300 89
0 390.4 91.6673 300 89
0 390.4 91.9365 300 89
0 390.4 92.0908 300 89
0 390.4 92.2933 300 89
0 390.4 92.558 300 89
0 390.4 92.7685 300 89
0 390.4 93.0501 300 89
0 390.4 93.3245 300 89
0 390.4 93.5977 300 89
0 390.4 93.8675 300 89
0 390.4 94.1063 300 89
0 390.4 94.2734 300 89
0 390.4 94.4892 300 89
0 390.4 94.6325 300 89
0 390.4 94.8406 300 89
0 390.4 95.053 300 89
0 390.4 95.2749 300 89
0 390.4 95.5788 300 89
0 390.4 95.7874 300 89
0 390.4 96.0143 300 89
0 390.4 96.4241 300 89
0 390.4 96.5768 300 89
0 390.4 96.8614 300 89
0 390.4 97.0625 300 89
0 390.4 97.2755 300 89
0 390.4 97.4848 300 89
0 390.4 97.6438 300 89
0 390.4 97.8126 300 89
0 390.4 98.0288 300 89
0 390.4 98.2594 300 89
0 390.4 98.476 300 89
0 390.4 98.6529 300 89
0 390.4 98.8733 300 89
0 390.4 99.1401 300 89
0 390.4 99.2984 300 89
0 390.4 99.5831 300 89
0 390.4 99.843 300 89
0 390.4 100.095 300 89
0 390.4 100.262 300 89
0 390.4 100.437 300 89
0 390.4 100.584 300 89
0 390.4 100.762 300 89
0 390.4 100.914 300 89
0 390.4 101.169 300 89
0 390.4 101.272 300 89
0 390.4 101.417 300 89
0 390.4 101.563 300 89
0 390.4 101.79 300 89
0 390.4 101.945 300 89
0 390.4 102.154 300 89
0 390.4 102.431 300 89
0 390.4 102.708 300 89
0 390.4 102.995 300 89
0 390.4 103.358 300 89
0 390.4 103.535 300 89
0 390.4 103.727 300 89
0 390.4 104.016 300 89
0 390.4 104.226 300 89
0 390.4 104.529 300 89
0 390.4 104.867 300 89
0 390.4 105.094 300 89
0 390.4 105.313 300 89
0 390.4 105.585 300 89
0 390.4 105.809 300 89
0 390.4 105.969 300 89
0 390.4 106.296 300 89
0 390.4 106.52 300 89
0 390.4 106.73 300 89
0 390.4 106.991 300 89
0 390.4 107.207 300 89
0 390.4 107.532 300 89
0 390.4 107.713 300 89
0 390.4 107.887 300 89
0 390.4 108.186 300 89
0 390.4 108.461 300 89
0 390.4 108.614 300 89
0 390.4 108.857 300 89
0 390.4 109.051 300 89
0 390.4 109.262 300 89
0 390.4 109.519 300 89
0 390.4 109.714 300 89
0 390.4 109.982 300 89
0 390.4 110.154 300 89
0 390.4 110.45 300 89
0 390.4 110.807 300 89
0 390.4 110.972 300 89
0 390.4 111.215 300 89
0 390.4 111.599 300 89
0 390.4 111.817 300 89
0 390.4 112.008 300 89
0 390.4 112.372 300 89
0 390.4 112.603 300 89
0 390.4 112.816 300 89
0 390.4 113.021 300 89
0 390.4 113.328 300 89
0 390.4 113.791 300 89
0 390.4 113.967 300 89
0 390.4 114.166 300 89
0 390.4 114.407 300 89
0 390.4 114.694 300 89
0 390.4 114.967 300 89
0 390.4 115.226 300 89
0 390.4 115.462 300 89
0 390.4 115.666 300 89
0 390.4 115.821 300 89
0 390.4 116.02 300 89
0 390.4 116.303 300 89
0 390.4 116.504 300 89
0 390.4 116.856 300 89
0 390.4 117.114 300 89
0 390.4 117.333 300 89
0 390.4 117.576 300 89
0 390.4 117.787 300 89
0 390.4 117.967 300 89
0 390.4 118.124 300 89
0 390.4 118.385 300 89
0 390.4 118.671 300 89
0 390.4 118.997 300 89
0 390.4 119.368 300 89
0 390.4 119.592 300 89
0 390.4 119.814 300 89
0 390.4 120.027 300 89
0 390.4 120.308 300 89
0 390.4 120.462 300 89
0 390.4 120.676 300 89
0 390.4 120.898 300 89
0 390.4 121.1 300 89
0 390.4 121.372 300 89
0 390.4 121.624 300 89
0 390.4 121.849 300 89
0 390.4 122.022 300 89
0 390.4 122.25 300 89
0 390.4 122.397 300 89
0 390.4 122.548 300 89
0 390.4 122.861 300 89
0 390.4 123.249 300 89
0 390.4 123.452 300 89
0 390.4 123.749 300 89
0 390.4 124.004 300 89
0 390.4 124.247 300 89
0 390.4 124.409 300 89
0 390.4 124.601 300 89
0 390.4 124.831 300 89
0 390.4 125.212 300 89
0 390.4 125.435 300 89
0 390.4 125.637 300 89
0 390.4 125.835 300 89
0 390.4 126.172 300 89
0 390.4 126.382 300 89
0 390.4 126.543 300 89
0 390.4 126.844 300 89
0 390.4 127.036 300 89
0 390.4 127.288 300 89
0 390.4 127.641 300 89
0 390.4 127.794 300 89
0 390.4 127.996 300 89
0 390.4 128.369 300 89
0 390.4 128.601 300 89
0 390.4 128.903 300 89
0 390.4 129.218 300 89
0 390.4 129.481 300 89
0 390.4 129.689 300 89
0 390.4 130.111 300 89
0 390.4 130.357 300 89
0 390.4 130.587 300 89
0 390.4 130.861 300 89
0 390.4 131.217 300 89
0 390.4 131.592 300 89
0 390.4 131.803 300 89
0 390.4 132.02 300 89
0 390.4 132.344 300 89
0 390.4 132.584 300 89
0 390.4 132.747 300 89
0 390.4 133.055 300 89
0 390.4 133.305 300 89
0 390.4 133.467 300 89
0 390.4 133.723 300 89
0 390.4 133.97 300 89
0 390.4 134.248 300 89
0 390.4 134.562 300 89
0 390.4 134.881 300 89
0 390.4 135.085 300 89
0 390.4 135.314 300 89
0 390.4 135.466 300 89
0 390.4 135.694 300 89
0 390.4 135.946 300 89
0 390.4 136.196 300 89
0 390.4 136.427 300 89
0 390.4 136.66 300 89
0 390.4 136.844 300 89
0 390.4 137.174 300 89
0 390.4 137.452 300 89
0 390.4 137.744 300 89
0 390.4 137.973 300 89
0 390.4 138.129 300 89
0 390.4 138.352 300 89
0 390.4 138.59 300 89
0 390.4 138.759 300 89
0 390.4 139.09 300 89
0 390.4 139.226 300 91
0 390.4 139.493 300 91
0 390.4 139.72 300 91
0 390.4 139.989 300 91
0 390.4 140.268 300 91
0 390.4 140.555 300 91
0 390.4 140.792 300 91
0 390.4 141.129 300 91
0 390.4 141.315 300 91
0 390.4 141.536 300 91
0 390.4 141.774 300 91
0 390.4 141.936 300 91
0 390.4 142.171 300 91
0 390.4 142.51 300 91
0 390.4 142.878 300 91
0 390.4 143.21 300 91
0 390.4 143.485 300 91
0 390.4 143.699 300 91
0 390.4 143.923 300 91
0 390.4 144.198 300 91
0 390.4 144.44 300 91
0 390.4 144.651 300 91
0 390.4 144.932 300 91
0 390.4 145.143 300 91
0 390.4 145.28 300 91
0 390.4 145.563 300 91
0 390.4 145.793 300 91
0 390.4 145.963 300 91
0 390.4 146.136 300 91
0 390.4 146.345 300 91
0 390.4 146.737 300 91
0 390.4 146.958 300 91
0 390.4 147.261 300 91
0 390.4 147.488 300 91
0 390.4 147.755 300 91
0 390.4 147.981 300 91
0 390.4 148.231 300 91
0 390.4 148.599 300 91
0 390.4 148.833 300 91
0 390.4 149.007 300 91
0 390.4 149.202 300 91
0 390.4 149.367 300 91
0 390.4 149.544 300 91
0 390.4 149.772 300 91
0 390.4 149.965 300 91
0 390.4 150.099 300 91
0 390.4 150.313 300 91
0 390.4 150.428 300 91
0 390.4 150.551 300 91
0 390.4 150.708 300 91
0 390.4 150.861 300 91
0 390.4 150.98 300 91
0 390.4 151.103 300 91
0 390.4 151.267 300 91
0 390.4 151.426 300 91
0 390.4 151.733 300 91
0 390.4 152.095 300 91
0 390.4 152.362 300 91
0 390.4 152.61 300 91
0 390.4 152.786 300 91
0 390.4 153.052 300 91
0 390.4 153.281 300 91
0 390.4 153.45 300 91
0 390.4 153.825 300 91
0 390.4 154.162 300 91
0 390.4 154.35 300 91
0 390.4 154.521 300 91
0 390.4 154.742 300 91
0 390.4 155.073 300 91
0 390.4 155.322 300 91
0 390.4 155.7 300 91
0 390.4 156.009 300 91
0 390.4 156.167 300 91
0 390.4 156.406 300 91
0 390.4 156.581 300 91
0 390.4 156.869 300 91
0 390.4 157.179 300 91
0 390.4 157.35 300 91
0 390.4 157.564 300 91
0 390.4 157.77 300 91
0 390.4 158.015 300 91
0 390.4 158.227 300 91
0 390.4 158.53 300 91
0 390.4 158.699 300 91
0 390.4 158.828 300 91
0 390.4 158.985 300 91
0 390.4 159.211 300 91
0 390.4 159.472 300 91
0 390.4 159.724 300 91
0 390.4 159.909 300 91
0 390.4 160.116 300 91
0 390.4 160.277 300 91
0 390.4 160.494 300 91
0 390.4 160.705 300 91
0 390.4 160.912 300 91
0 390.4 161.114 300 91
0 390.4 161.314 300 91
0 390.4 161.581 300 91
0 390.4 161.782 300 91
0 390.4 161.948 300 91
0 390.4 162.306 300 91
0 390.4 162.478 300 91
0 390.4 162.647 300 91
0 390.4 162.951 300 91
0 390.4 163.175 300 91
0 390.4 163.406 300 91
0 390.4 163.627 300 91
0 390.4 163.781 300 91
0 390.4 164.047 300 91
0 390.4 164.214 300 91
0 390.4 164.502 300 91
0 390.4 164.769 300 91
0 390.4 164.963 300 91
0 390.4 165.114 300 91
0 390.4 165.309 300 91
0 390.4 165.474 300 91
0 390.4 165.736 300 91
0 390.4 166.017 300 91
0 390.4 166.261 300 91
0 390.4 166.477 300 91
0 390.4 166.865 300 91
0 390.4 167.217 300 91
0 390.4 167.39 300 91
0 390.4 167.543 300 91
0 390.4 167.798 300 91
0 390.4 168.02 300 91
0 390.4 168.233 300 91
0 390.4 168.56 300 91
0 390.4 168.853 300 91
0 390.4 169.214 300 91
0 390.4 169.382 300 91
0 390.4 169.551 300 91
0 390.4 169.772 300 91
0 390.4 169.991 300 91
0 390.4 170.152 300 91
0 390.4 170.477 300 91
0 390.4 170.747 300 91
0 390.4 170.964 300 91
0 390.4 171.11 300 91
0 390.4 171.282 300 91
0 390.4 171.567 300 91
0 390.4 171.718 300 91
0 390.4 171.834 300 91
0 390.4 172.008 300 91
0 390.4 172.228 300 91
0 390.4 172.334 300 91
0 390.4 172.486 300 91
0 390.4 172.598 300 91
0 390.4 172.817 300 91
0 390.4 172.965 300 91
0 390.4 173.083 300 91
0 390.4 173.23 300 91
0 390.4 173.388 300 91
0 390.4 173.615 300 91
0 390.4 173.868 300 91
0 390.4 174.099 300 91
0 390.4 174.375 300 91
0 390.4 174.536 300 91
0 390.4 174.684 300 91
0 390.4 174.997 300 91
0 390.4 175.266 300 91
0 390.4 175.535 300 91
0 390.4 175.691 300 91
0 390.4 175.972 300 91
0 390.4 176.178 300 91
0 390.4 176.443 300 91
0 390.4 176.683 300 91
0 390.4 176.833 300 91
0 390.4 177.184 300 91
0 390.4 177.518 300 91
0 390.4 177.732 300 91
0 390.4 177.921 300 91
0 390.4 178.193 300 91
0 390.4 178.499 300 91
0 390.4 178.868 300 91
0 390.4 179.073 300 91
0 390.4 179.399 300 91
0 390.4 179.571 300 91
0 390.4 179.815 300 91
0 390.4 180.025 300 91
0 390.4 180.22 300 91
0 390.4 180.472 300 91
0 390.4 180.793 300 91
0 390.4 180.984 300 91
0 390.4 181.284 300 91
0 390.4 181.552 300 91
0 390.4 181.753 300 91
0 390.4 181.91 300 91
0 390.4 182.167 300 91
0 390.4 182.304 300 91
0 390.4 182.557 300 91
0 390.4 182.966 300 91
0 390.4 183.21 300 91
0 390.4 183.321 300 91
0 390.4 183.457 300 91
0 390.4 183.676 300 91
0 390.4 183.861 300 91
0 390.4 184.008 300 91
0 390.4 184.154 300 91
0 390.4 184.31 300 91
0 390.4 184.492 300 91
0 390.4 184.634 300 91
0 390.4 184.781 300 91
0 390.4 185.067 300 91
0 390.4 185.382 300 91
0 390.4 185.728 300 91
0 390.4 185.996 300 91
0 390.4 186.203 300 91
0 390.4 186.359 300 91
0 390.4 186.569 300 91
0 390.4 186.772 300 91
0 390.4 186.924 300 91
0 390.4 187.157 300 91
0 390.4 187.455 300 91
0 390.4 187.671 300 91
0 390.4 187.891 300 91
0 390.4 188.092 300 91
0 390.4 188.386 300 91
0 390.4 188.641 300 91
0 390.4 188.863 300 91
0 390.4 189.115 300 91
0 390.4 189.321 300 91
0 390.4 189.521 300 91
0 390.4 189.871 300 91
0 390.4 190.231 300 91
0 390.4 190.495 300 91
0 390.4 190.683 300 91
0 390.4 190.847 300 91
0 390.4 191.163 300 91
0 390.4 191.324 300 91
0 390.4 191.625 300 91
0 390.4 191.876 300 91
0 390.4 192.074 300 91
0 390.4 192.277 300 91
0 390.4 192.486 300 91
0 390.4 192.812 300 91
0 390.4 193.022 300 91
0 390.4 193.246 300 91
0 390.4 193.402 300 91
0 390.4 193.712 300 91
0 390.4 193.963 300 91
0 390.4 194.201 300 91
0 390.4 194.368 300 91
0 390.4 194.525 300 91
0 390.4 194.739 300 91
0 390.4 195.096 300 91
0 390.4 195.313 300 91
0 390.4 195.666 300 91
0 390.4 195.92 300 91
0 390.4 196.129 300 91
0 390.4 196.309 300 91
0 390.4 196.529 300 91
0 390.4 196.817 300 91
0 390.4 196.978 300 91
0 390.4 197.289 300 91
0 390.4 197.582 300 91
0 390.4 197.886 300 91
0 390.4 198.081 300 91
0 390.4 198.242 300 91
0 390.4 198.476 300 91
0 390.4 198.618 300 91
0 390.4 198.829 300 91
0 390.4 198.987 300 91
0 390.4 199.305 300 91
0 390.4 199.629 300 91
0 390.4 199.884 300 91
0 390.4 200.195 300 91
0 390.4 200.466 300 91
0 390.4 200.801 300 91
0 390.4 200.969 300 91
0 390.4 201.235 300 91
0 390.4 201.494 300 91
0 390.4 201.761 300 91
0 390.4 202.035 300 91
0 390.4 202.203 300 91
0 390.4 202.54 300 91
0 390.4 202.769 300 91
0 390.4 202.935 300 91
0 390.4 203.258 300 91
0 390.4 203.483 300 91
0 390.4 203.65 300 91
0 390.4 203.814 300 91
0 390.4 204.043 300 91
0 390.4 204.315 300 91
0 390.4 204.538 300 91
0 390.4 204.683 300 91
0 390.4 204.834 300 91
0 390.4 205.096 300 91
0 390.4 205.329 300 91
0 390.4 205.531 300 91
0 390.4 205.777 300 91
0 390.4 206.039 300 91
0 390.4 206.313 300 91
0 390.4 206.59 300 91
0 390.4 206.879 300 91
0 390.4 206.981 300 91
0 390.4 207.313 300 91
0 390.4 207.677 300 91
0 390.4 207.981 300 91
0 390.4 208.163 300 91
0 390.4 208.349 300 91
0 390.4 208.601 300 91
0 390.4 208.783 300 91
0 390.4 209.163 300 91
0 390.4 209.446 300 91
0 390.4 209.716 300 91
0 390.4 210.042 300 91
0 390.4 210.25 300 91
0 390.4 210.528 300 91
0 390.4 210.808 300 91
0 390.4 211.122 300 91
0 390.4 211.42 300 91
0 390.4 211.734 300 91
0 390.4 211.898 300 91
0 390.4 212.131 300 91
0 390.4 212.444 300 91
0 390.4 212.836 300 91
0 390.4 213.075 300 91
0 390.4 213.371 300 91
0 390.4 213.667 300 91
0 390.4 213.846 300 91
0 390.4 214.023 300 91
0 390.4 214.222 300 91
0 390.4 214.459 300 91
0 390.4 214.688 300 91
0 390.4 214.951 300 91
0 390.4 215.178 300 91
0 390.4 215.504 300 91
0 390.4 215.777 300 91
0 390.4 215.984 300 91
0 390.4 216.224 300 91
0 390.4 216.505 300 91
0 390.4 216.828 300 91
0 390.4 217.069 300 91
0 390.4 217.345 300 91
0 390.4 217.482 300 91
0 390.4 217.641 300 91
0 390.4 217.807 300 91
0 390.4 217.988 300 91
0 390.4 218.216 300 91
0 390.4 218.395 300 91
0 390.4 218.572 300 91
0 390.4 218.793 300 91
0 390.4 218.969 300 91
0 390.4 219.246 300 91
0 390.4 219.471 300 91
0 390.4 219.684 300 91
0 390.4 219.886 300 91
0 390.4 220.053 300 91
0 390.4 220.326 300 91
0 390.4 220.67 300 91
0 390.4 220.86 300 91
0 390.4 221.031 300 91
0 390.4 221.235 300 91
0 390.4 221.358 300 91
0 390.4 221.469 300 91
0 390.4 221.625 300 91
0 390.4 221.795 300 91
0 390.4 222.074 300 91
0 390.4 222.344 300 91
0 390.4 222.474 300 91
0 390.4 222.718 300 91
0 390.4 222.957 300 91
0 390.4 223.284 300 91
0 390.4 223.486 300 91
0 390.4 223.753 300 91
0 390.4 223.981 300 91
0 390.4 224.139 300 91
0 390.4 224.295 300 91
0 390.4 224.524 300 91
0 390.4 224.863 300 91
0 390.4 225.128 300 91
0 390.4 225.355 300 91
0 390.4 225.585 300 91
0 390.4 225.917 300 91
0 390.4 226.083 300 91
0 390.4 226.354 300 91
0 390.4 226.528 300 91
0 390.4 226.756 300 91
0 390.4 226.984 300 91
0 390.4 227.318 300 91
0 390.4 227.499 300 91
0 390.4 227.719 300 91
0 390.4 228.052 300 91
0 390.4 228.274 300 91
0 390.4 228.534 300 91
0 390.4 228.865 300 91
0 390.4 229.104 300 91
0 390.4 229.326 300 91
0 390.4 229.568 300 91
0 390.4 229.826 300 91
0 390.4 229.981 300 91
0 390.4 230.251 300 91
0 390.4 230.476 300 91
0 390.4 230.683 300 91
0 390.4 230.899 300 91
0 390.4 231.075 300 91
0 390.4 231.27 300 91
0 390.4 231.584 300 91
0 390.4 231.845 300 91
0 390.4 232.081 300 91
0 390.4 232.344 300 91
0 390.4 232.571 300 91
0 390.4 232.797 300 91
0 390.4 233.008 300 91
0 390.4 233.32 300 91
0 390.4 233.568 300 91
0 390.4 233.954 300 91
0 390.4 234.253 300 91
0 390.4 234.647 300 91
0 390.4 234.942 300 91
0 390.4 235.158 300 91
0 390.4 235.382 300 91
0 390.4 235.581 300 91
0 390.4 235.795 300 91
0 390.4 236.022 300 91
0 390.4 236.19 300 91
0 390.4 236.441 300 91
0 390.4 236.772 300 91
0 390.4 236.932 300 91
0 390.4 237.303 300 91
0 390.4 237.595 300 91
0 390.4 237.859 300 91
0 390.4 238.076 300 91
0 390.4 238.238 300 91
0 390.4 238.484 300 91
0 390.4 238.763 300 91
0 390.4 238.985 300 91
0 390.4 239.149 300 91
0 390.4 239.512 300 91
0 390.4 239.763 300 91
0 390.4 240.025 300 91
0 390.4 240.256 300 91
0 390.4 240.556 300 91
0 390.4 240.844 300 91
0 390.4 240.989 300 91
0 390.4 241.233 300 91
0 390.4 241.511 300 91
0 390.4 241.791 300 91
0 390.4 242.016 300 91
0 390.4 242.288 300 91
0 390.4 242.56 300 91
0 390.4 242.82 300 91
0 390.4 243.144 300 91
0 390.4 243.444 300 91
0 390.4 243.6 300 91
0 390.4 243.818 300 91
0 390.4 244.008 300 91
0 390.4 244.396 300 91
0 390.4 244.593 300 91
0 390.4 244.816 300 91
0 390.4 245.062 300 91
0 390.4 245.324 300 91
0 390.4 245.667 300 91
0 390.4 246.028 300 91
0 390.4 246.277 300 91
0 390.4 246.49 300 91
0 390.4 246.696 300 91
0 390.4 246.884 300 91
0 390.4 247.127 300 91
0 390.4 247.363 300 91
0 390.4 247.529 300 91
0 390.4 247.766 300 91
0 390.4 247.951 300 91
0 390.4 248.193 300 91
0 390.4 248.47 300 91
0 390.4 248.708 300 91
0 390.4 248.999 300 91
0 390.4 249.23 300 91
0 390.4 249.509 300 91
0 390.4 249.864 300 91
0 390.4 250.076 300 91
0 390.4 250.348 300 91
0 390.4 250.574 300 91
0 390.4 250.964 300 91
0 390.4 251.299 300 91
0 390.4 251.567 300 91
0 390.4 251.835 300 91
0 390.4 252.046 300 91
0 390.4 252.4 300 91
0 390.4 252.565 300 91
0 390.4 252.881 300 91
0 390.4 253.111 300 91
0 390.4 253.371 300 91
0 390.4 253.594 300 91
0 390.4 253.88 300 91
0 390.4 254.106 300 91
0 390.4 254.331 300 91
0 390.4 254.498 300 91
0 390.4 254.676 300 91
0 390.4 254.864 300 91
0 390.4 255.114 300 91
0 390.4 255.293 300 91
0 390.4 255.571 300 91
0 390.4 255.855 300 91
0 390.4 256.242 300 91
0 390.4 256.462 300 91
0 390.4 256.718 300 91
0 390.4 256.942 300 91
0 390.4 257.296 300 91
0 390.4 257.519 300 91
0 390.4 257.752 300 91
0 390.4 257.979 300 91
0 390.4 258.235 300 91
0 390.4 258.489 300 91
0 390.4 258.712 300 91
0 390.4 258.883 300 91
0 390.4 259.038 300 91
0 390.4 259.332 300 91
0 390.4 259.502 300 91
0 390.4 259.728 300 91
0 390.4 259.967 300 91
0 390.4 260.23 300 91
0 390.4 260.452 300 91
0 390.4 260.741 300 91
0 390.4 261.215 300 91
0 390.4 261.382 300 91
0 390.4 261.621 300 91
0 390.4 261.858 300 91
0 390.4 262.087 300 91
0 390.4 262.342 300 91
0 390.4 262.568 300 91
0 390.4 262.782 300 91
0 390.4 262.987 300 91
0 390.4 263.307 300 91
0 390.4 263.481 300 91
0 390.4 263.744 300 91
0 390.4 264.138 300 91
0 390.4 264.5 300 91
0 390.4 264.776 300 91
0 390.4 265.006 300 91
0 390.4 265.209 300 91
0 390.4 265.447 300 91
0 390.4 265.741 300 91
0 390.4 266.065 300 91
0 390.4 266.341 300 91
0 390.4 266.662 300 91
0 390.4 266.911 300 91
0 390.4 267.085 300 91
0 390.4 267.318 300 91
0 390.4 267.534 300 91
0 390.4 267.88 300 91
0 390.4 268.114 300 91
0 390.4 268.3 300 91
0 390.4 268.534 300 91
0 390.4 268.709 300 91
0 390.4 269.062 300 91
0 390.4 269.287 300 91
0 390.4 269.562 300 91
0 390.4 269.82 300 91
0 390.4 270.039 300 91
0 390.4 270.327 300 91
0 390.4 270.55 300 91
0 390.4 270.832 300 91
0 390.4 271.062 300 91
0 390.4 271.24 300 91
0 390.4 271.396 300 91
0 390.4 271.654 300 91
0 390.4 271.949 300 91
0 390.4 272.237 300 91
0 390.4 272.521 300 91
0 390.4 272.762 300 91
0 390.4 273.05 300 91
0 390.4 273.279 300 91
0 390.4 273.579 300 91
0 390.4 273.755 300 91
0 390.4 274.019 300 91
0 390.4 274.226 300 91
0 390.4 274.46 300 91
0 390.4 274.675 300 91
0 390.4 274.921 300 91
0 390.4 275.21 300 91
0 390.4 275.416 300 91
0 390.4 275.627 300 91
0 390.4 275.829 300 91
0 390.4 276.101 300 91
0 390.4 276.508 300 91
0 390.4 276.686 300 91
0 390.4 276.919 300 91
0 390.4 277.237 300 91
0 390.4 277.456 300 91
0 390.4 277.667 300 91
0 390.4 277.951 300 91
0 390.4 278.23 300 91
0 390.4 278.485 300 91
0 390.4 278.662 300 91
0 390.4 278.893 300 91
0 390.4 279.223 300 91
0 390.4 279.476 300 91
0 390.4 279.659 300 91
0 390.4 279.916 300 91
0 390.4 280.107 300 91
0 390.4 280.447 300 91
0 390.4 280.657 300 91
0 390.4 280.895 300 91
0 390.4 281.119 300 91
0 390.4 281.338 300 91
0 390.4 281.603 300 91
0 390.4 281.881 300 91
0 390.4 282.058 300 91
0 390.4 282.391 300 91
0 390.4 282.662 300 91
0 390.4 282.943 300 91
0 390.4 283.223 300 91
0 390.4 283.446 300 91
0 390.4 283.624 300 91
0 390.4 283.786 300 91
0 390.4 283.957 300 91
0 390.4 284.149 300 91
0 390.4 284.498 300 91
0 390.4 284.655 300 91
0 390.4 284.922 300 91
0 390.4 285.092 300 91
0 390.4 285.325 300 91
0 390.4 285.484 300 91
0 390.4 285.733 300 91
0 390.4 285.988 300 91
0 390.4 286.183 300 91
0 390.4 286.399 300 91
0 390.4 286.713 300 91
0 390.4 286.885 300 91
0 390.4 287.423 300 91
0 390.4 287.771 300 91
0 390.4 288.052 300 91
0 390.4 288.228 300 91
0 390.4 288.449 300 91
0 390.4 288.694 300 91
0 390.4 288.951 300 91
0 390.4 289.815 300 91
0 390.4 290.082 300 91
0 390.4 290.262 300 91
0 390.4 290.466 300 91
0 390.4 290.64 300 91
0 390.4 290.891 300 91
0 390.4 291.49 300 91
0 390.4 291.76 300 91
0 390.4 292.153 300 91
0 390.4 292.403 300 91
0 390.4 292.694 300 91
0 390.4 292.894 300 91
0 390.4 293.055 300 91
0 390.4 293.22 300 91
0 390.4 293.426 300 91
0 390.4 293.559 300 91
0 390.4 293.671 300 91
0 390.4 293.845 300 91
0 390.4 293.977 300 91
0 390.4 294.244 300 91
0 390.4 294.425 300 91
0 390.4 294.677 300 91
0 390.4 294.903 300 91
0 390.4 295.154 300 91
0 390.4 295.338 300 91
0 390.4 295.621 300 91
0 390.4 295.842 300 91
0 390.4 296.114 300 91
0 390.4 296.291 300 91
0 390.4 296.537 300 91
0 390.4 296.788 300 91
0 390.4 297.053 300 91
0 390.4 297.363 300 91
0 390.4 297.602 300 91
0 390.4 297.788 300 91
0 390.4 298.048 300 91
0 390.4 298.184 300 91
0 390.4 298.351 300 91
0 390.4 298.511 300 91
0 390.4 298.784 300 91
0 390.4 298.954 300 91
0 390.4 299.223 300 91
0 390.4 299.39 300 91
0 390.4 299.558 300 91
0 390.4 299.853 300 91
0 390.4 300.071 300 91
0 390.4 300.253 300 91
0 390.4 300.428 300 91
0 390.4 300.668 300 91
0 390.4 300.957 300 91
0 390.4 301.127 300 91
0 390.4 301.479 300 91
0 390.4 301.674 300 91
0 390.4 301.986 300 91
0 390.4 302.18 300 91
0 390.4 302.509 300 91
0 390.4 302.84 300 91
0 390.4 303.12 300 91
0 390.4 303.28 300 91
0 390.4 303.521 300 91
0 390.4 303.688 300 91
0 390.4 303.924 300 91
0 390.4 304.136 300 91
0 390.4 304.382 300 91
0 390.4 304.572 300 91
0 390.4 304.883 300 91
0 390.4 305.137 300 91
0 390.4 305.399 300 91
0 390.4 305.633 300 91
0 390.4 305.805 300 91
0 390.4 306.043 300 91
0 390.4 306.259 300 91
0 390.4 306.422 300 91
0 390.4 306.726 300 91
0 390.4 307.017 300 91
0 390.4 307.223 300 91
0 390.4 307.538 300 91
0 390.4 307.802 300 91
0 390.4 308.046 300 91
0 390.4 308.341 300 91
0 390.4 308.647 300 91
0 390.4 308.84 300 91
0 390.4 309.257 300 91
0 390.4 309.428 300 91
0 390.4 309.657 300 91
0 390.4 309.957 300 91
0 390.4 310.336 300 91
0 390.4 310.533 300 91
0 390.4 310.785 300 91
0 390.4 311.112 300 91
0 390.4 311.464 300 91
0 390.4 311.75 300 91
0 390.4 311.987 300 91
0 390.4 312.214 300 91
0 390.4 312.434 300 91
0 390.4 312.728 300 91
0 390.4 312.921 300 91
0 390.4 313.225 300 91
0 390.4 313.421 300 91
0 390.4 313.722 300 91
0 390.4 313.965 300 91
0 390.4 314.29 300 91
0 390.4 314.604 300 91
0 390.4 314.871 300 91
0 390.4 315.074 300 91
0 390.4 315.41 300 91
0 390.4 315.737 300 91
0 390.4 316.021 300 91
0 390.4 316.243 300 91
0 390.4 316.46 300 91
0 390.4 316.672 300 91
0 390.4 317.064 300 91
0 390.4 317.305 300 91
0 390.4 317.493 300 91
0 390.4 317.891 300 91
0 390.4 318.221 300 91
0 390.4 318.604 300 91
0 390.4 318.874 300 91
0 390.4 319.147 300 91
0 390.4 319.379 300 91
0 390.4 319.569 300 91
0 390.4 319.76 300 91
0 390.4 319.978 300 91
0 390.4 320.231 300 91
0 390.4 320.409 300 91
0 390.4 320.639 300 91
0 390.4 320.91 300 91
0 390.4 321.35 300 91
0 390.4 321.617 300 91
0 390.4 321.987 300 91
0 390.4 322.31 300 91
0 390.4 322.567 300 91
0 390.4 322.88 300 91
0 390.4 323.053 300 91
0 390.4 323.39 300 91
0 390.4 323.618 300 91
0 390.4 323.839 300 91
0 390.4 324.148 300 91
0 390.4 324.427 300 91
0 390.4 324.607 300 91
0 390.4 324.917 300 91
0 390.4 325.194 300 91
0 390.4 325.416 300 91
0 390.4 325.531 300 91
0 390.4 325.695 300 91
0 390.4 325.906 300 91
0 390.4 326.163 300 91
0 390.4 326.406 300 91
0 390.4 326.781 300 91
0 390.4 327.066 300 91
0 390.4 327.37 300 91
0 390.4 327.669 300 91
0 390.4 328.008 300 91
0 390.4 328.273 300 91
0 390.4 328.584 300 91
0 390.4 328.83 300 91
0 390.4 329.071 300 91
0 390.4 329.242 300 91
0 390.4 329.451 300 91
0 390.4 329.679 300 91
0 390.4 329.988 300 91
0 390.4 330.178 300 91
0 390.4 330.43 300 91
0 390.4 330.69 300 91
0 390.4 330.958 300 91
0 390.4 331.139 300 91
0 390.4 331.455 300 91
0 390.4 331.764 300 91
0 390.4 331.944 300 91
0 390.4 332.119 300 91
0 390.4 332.335 300 91
0 390.4 332.571 300 91
0 390.4 332.81 300 91
0 390.4 332.986 300 91
0 390.4 333.337 300 91
0 390.4 333.678 300 91
0 390.4 333.912 300 91
0 390.4 334.123 300 91
0 390.4 334.354 300 91
0 390.4 334.514 300 91
0 390.4 334.762 300 91
0 390.4 334.909 300 91
0 390.4 335.085 300 91
0 390.4 335.247 300 91
0 390.4 335.432 300 91
0 390.4 335.854 300 91
0 390.4 336.048 300 91
0 390.4 336.283 300 91
0 390.4 336.5 300 91
0 390.4 336.74 300 91
0 390.4 336.95 300 91
0 390.4 337.115 300 91
0 390.4 337.332 300 91
0 390.4 337.507 300 91
0 390.4 337.788 300 91
0 390.4 338.028 300 91
0 390.4 338.286 300 91
0 390.4 338.626 300 91
0 390.4 339.011 300 91
0 390.4 339.258 300 91
0 390.4 339.477 300 91
0 390.4 339.68 300 91
0 390.4 339.992 300 91
0 390.4 340.223 300 91
0 390.4 340.396 300 91
0 390.4 340.616 300 91
0 390.4 340.921 300 91
0 390.4 341.248 300 91
0 390.4 341.468 300 91
0 390.4 341.662 300 91
0 390.4 341.843 300 91
0 390.4 342.111 300 91
0 390.4 342.312 300 91
0 390.4 342.631 300 91
0 390.4 342.909 300 91
0 390.4 343.154 300 91
0 390.4 343.408 300 91
0 390.4 343.593 300 91
0 390.4 343.772 300 91
0 390.4 344.162 300 91
0 390.4 344.44 300 91
0 390.4 344.664 300 91
0 390.4 344.892 300 91
0 390.4 345.248 300 91
0 390.4 345.74 300 91
0 390.4 346.21 300 91
0 390.4 346.536 300 91
0 390.4 346.833 300 91
0 390.4 346.997 300 91
0 390.4 347.271 300 91
0 390.4 347.523 300 91
0 390.4 347.797 300 91
0 390.4 348.018 300 91
0 390.4 348.369 300 91
0 390.4 348.641 300 91
0 390.4 348.916 300 91
0 390.4 349.097 300 91
0 390.4 349.368 300 91
0 390.4 349.813 300 91
0 390.4 350.331 300 91
0 390.4 350.774 300 91
0 390.4 351.186 300 91
0 390.4 351.456 300 91
0 390.4 351.793 300 91
0 390.4 352.137 300 91
0 390.4 352.472 300 91
0 390.4 352.814 300 91
0 390.4 353.163 300 91
0 390.4 353.492 300 91
0 390.4 353.88 300 91
0 390.4 354.118 300 91
0 390.4 354.478 300 91
0 390.4 354.832 300 91
0 390.4 355.141 300 91
0 390.4 355.661 300 91
0 390.4 355.955 300 91
0 390.4 356.175 300 91
0 390.4 356.569 300 91
0 390.4 356.84 300 91
0 390.4 357.29 300 91
0 390.4 357.825 300 91
0 390.4 358.2 300 91
0 390.4 358.613 300 91
0 390.4 358.865 300 91
0 390.4 359.073 300 91
0 390.4 359.388 300 91
0 390.4 359.783 300 91
0 390.4 360.19 300 91
0 390.4 360.604 300 91
0 390.4 361.047 300 91
0 390.4 361.542 300 91
0 390.4 361.803 300 91
0 390.4 362.065 300 91
0 390.4 362.318 300 91
0 390.4 362.493 300 91
0 390.4 362.66 300 91
0 390.4 362.902 300 91
0 390.4 363.164 300 91
0 390.4 363.375 300 91
0 390.4 363.549 300 91
0 390.4 363.783 300 91
0 390.4 364.043 300 91
0 390.4 364.301 300 91
0 390.4 364.464 300 91
0 390.4 364.675 300 91
0 390.4 364.912 300 91
0 390.4 365.186 300 91
0 390.4 365.571 300 91
0 390.4 365.892 300 91
0 390.4 366.122 300 91
0 390.4 366.326 300 91
0 390.4 366.543 300 91
0 390.4 366.714 300 91
0 390.4 366.912 300 91
0 390.4 367.2 300 91
0 390.4 367.552 300 91
0 390.4 367.785 300 91
0 390.4 367.949 300 91
0 390.4 368.125 300 91
0 390.4 368.438 300 91
0 390.4 368.694 300 91
0 390.4 368.932 300 91
0 390.4 369.275 300 91
0 390.4 369.479 300 91
0 390.4 369.702 300 91
0 390.4 370.014 300 91
0 390.4 370.404 300 91
0 390.4 370.616 300 91
0 390.4 370.902 300 91
0 390.4 371.22 300 91
0 390.4 371.373 300 91
0 390.4 371.603 300 91
0 390.4 371.804 300 91
0 390.4 371.966 300 91
0 390.4 372.336 300 91
0 390.4 372.491 300 91
0 390.4 372.777 300 91
0 390.4 373.109 300 91
0 390.4 373.425 300 91
0 390.4 373.648 300 91
0 390.4 373.914 300 91
0 390.4 374.202 300 91
0 390.4 374.564 300 91
0 390.4 374.796 300 91
0 390.4 375.196 300 91
0 390.4 375.375 300 91
0 390.4 375.639 300 91
0 390.4 375.919 300 91
0 390.4 376.192 300 91
0 390.4 376.418 300 91
0 390.4 376.688 300 91
0 390.4 376.96 300 91
0 390.4 377.131 300 91
0 390.4 377.286 300 91
0 390.4 377.509 300 91
0 390.4 377.73 300 91
0 390.4 377.95 300 91
0 390.4 378.119 300 91
0 390.4 378.281 300 91
0 390.4 378.427 300 92
0 390.4 378.598 300 92
0 390.4 378.812 300 92
0 390.4 379.035 300 92
0 390.4 379.267 300 92
0 390.4 379.485 300 92
0 390.4 379.752 300 92
0 390.4 380.063 300 92
0 390.4 380.266 300 92
0 390.4 380.433 300 92
0 390.4 380.602 300 92
0 390.4 380.8 300 92
0 390.4 380.976 300 92
0 390.4 381.19 300 92
0 390.4 381.424 300 92
0 390.4 381.693 300 92
0 390.4 381.957 300 92
0 390.4 382.176 300 92
0 390.4 382.389 300 92
0 390.4 382.545 300 92
0 390.4 382.817 300 92
0 390.4 383.029 300 92
0 390.4 383.242 300 92
0 390.4 383.4 300 92
0 390.4 383.641 300 92
0 390.4 383.855 300 92
0 390.4 384.206 300 92
0 390.4 384.529 300 92
0 390.4 384.784 300 92
0 390.4 385.11 300 92
0 390.4 385.317 300 92
0 390.4 385.483 300 92
0 390.4 385.741 300 92
0 390.4 385.905 300 92
0 390.4 386.197 300 92
0 390.4 386.425 300 92
0 390.4 386.769 300 92
0 390.4 386.981 300 92
0 390.4 387.209 300 92
0 390.4 387.423 300 92
0 390.4 387.624 300 92
0 390.4 387.856 300 92
0 390.4 388.073 300 92
0 390.4 388.301 300 92
0 390.4 388.5 300 92
0 390.4 388.661 300 92
0 390.4 388.884 300 92
0 390.4 389.147 300 92
0 390.4 389.371 300 92
0 390.4 389.606 300 92
0 390.4 389.773 300 92
0 390.4 389.97 300 92
0 390.4 390.278 300 92
0 390.4 390.452 300 92
0 390.4 390.785 300 92
0 390.4 390.96 300 92
0 390.4 391.272 300 92
0 390.4 391.593 300 92
0 390.4 391.764 300 92
0 390.4 391.977 300 92
0 390.4 392.232 300 92
0 390.4 392.527 300 92
0 390.4 392.738 300 92
0 390.4 392.962 300 92
0 390.4 393.177 300 92
0 390.4 393.489 300 92
0 390.4 393.824 300 92
0 390.4 394.034 300 92
0 390.4 394.193 300 92
0 390.4 394.416 300 92
0 390.4 394.56 300 92
0 390.4 394.907 300 92
0 390.4 395.056 300 92
0 390.4 395.343 300 92
0 390.4 395.523 300 92
0 390.4 395.744 300 92
0 390.4 395.957 300 92
0 390.4 396.185 300 92
0 390.4 396.352 300 92
0 390.4 396.623 300 92
0 390.4 396.893 300 92
0 390.4 397.17 300 92
0 390.4 397.342 300 92
0 390.4 397.646 300 92
0 390.4 397.979 300 92
0 390.4 398.21 300 92
0 390.4 398.427 300 92
0 390.4 398.648 300 92
0 390.4 398.866 300 92
0 390.4 399.088 300 92
0 390.4 399.339 300 92
0 390.4 399.603 300 92
0 390.4 399.818 300 92
0 390.4 400.129 300 92
0 390.4 400.245 300 92
0 390.4 400.46 300 92
0 390.4 400.711 300 92
0 390.4 401.027 300 92
0 390.4 401.247 300 92
0 390.4 401.506 300 92
0 390.4 401.671 300 92
0 390.4 401.892 300 92
0 390.4 402.15 300 92
0 390.4 402.43 300 92
0 390.4 402.737 300 92
0 390.4 402.986 300 92
0 390.4 403.291 300 92
0 390.4 403.448 300 92
0 390.4 403.814 300 92
0 390.4 404.027 300 92
0 390.4 404.268 300 92
0 390.4 404.532 300 92
0 390.4 404.815 300 92
0 390.4 405.086 300 92
0 390.4 405.38 300 92
0 390.4 405.615 300 92
0 390.4 405.914 300 92
0 390.4 406.408 300 92
0 390.4 406.7 300 92
0 390.4 406.99 300 92
0 390.4 407.169 300 92
0 390.4 407.397 300 92
0 390.4 407.751 300 92
0 390.4 407.928 300 92
0 390.4 408.076 300 92
0 390.4 408.402 300 92
0 390.4 408.668 300 92
0 390.4 408.949 300 92
0 390.4 409.33 300 92
0 390.4 409.602 300 92
0 390.4 409.886 300 92
0 390.4 410.182 300 92
0 390.4 410.389 300 92
0 390.4 410.606 300 92
0 390.4 410.827 300 92
0 390.4 411.03 300 92
0 390.4 411.237 300 92
0 390.4 411.478 300 92
0 390.4 411.732 300 92
0 390.4 411.958 300 92
0 390.4 412.142 300 92
0 390.4 412.389 300 92
0 390.4 412.671 300 92
0 390.4 412.989 300 92
0 390.4 413.363 300 92
0 390.4 413.538 300 92
0 390.4 413.76 300 92
0 390.4 413.939 300 92
0 390.4 414.109 300 92
0 390.4 414.323 300 92
0 390.4 414.588 300 92
0 390.4 414.877 300 92
0 390.4 415.223 300 92
0 390.4 415.557 300 92
0 390.4 415.801 300 92
0 390.4 416.091 300 92
0 390.4 416.315 300 92
0 390.4 416.488 300 92
0 390.4 416.757 300 92
0 390.4 416.946 300 92
0 390.4 417.209 300 92
0 390.4 417.491 300 92
0 390.4 417.691 300 92
0 390.4 417.95 300 92
0 390.4 418.161 300 92
0 390.4 418.467 300 92
0 390.4 418.617 300 92
0 390.4 418.878 300 92
0 390.4 419.101 300 92
0 390.4 419.501 300 92
0 390.4 419.704 300 92
0 390.4 420.011 300 92
0 390.4 420.272 300 92
0 390.4 420.537 300 92
0 390.4 420.701 300 92
0 390.4 420.939 300 92
0 390.4 421.313 300 92
0 390.4 421.573 300 92
0 390.4 421.735 300 92
0 390.4 421.972 300 92
0 390.4 422.367 300 92
0 390.4 422.579 300 92
0 390.4 422.79 300 92
0 390.4 423.15 300 92
0 390.4 423.386 300 92
0 390.4 423.583 300 92
0 390.4 423.729 300 92
0 390.4 424.014 300 92
0 390.4 424.184 300 92
0 390.4 424.44 300 92
0 390.4 424.653 300 92
0 390.4 424.91 300 92
0 390.4 425.443 300 92
0 390.4 425.613 300 92
0 390.4 425.941 300 92
0 390.4 426.265 300 92
0 390.4 426.465 300 92
0 390.4 426.764 300 92
0 390.4 426.999 300 92
0 390.4 427.21 300 92
0 390.4 427.404 300 92
0 390.4 427.652 300 92
0 390.4 427.925 300 92
0 390.4 428.138 300 92
0 390.4 428.307 300 92
0 390.4 428.598 300 92
0 390.4 428.819 300 92
0 390.4 428.951 300 92
0 390.4 429.207 300 92
0 390.4 429.46 300 92
0 390.4 429.669 300 92
0 390.4 429.847 300 92
0 390.4 430.013 300 92
0 390.4 430.479 300 92
0 390.4 430.688 300 92
0 390.4 431.119 300 92
0 390.4 431.277 300 92
0 390.4 431.632 300 92
0 390.4 431.904 300 92
0 390.4 432.069 300 92
0 390.4 432.336 300 92
0 390.4 432.542 300 92
0 390.4 432.765 300 92
0 390.4 432.978 300 92
0 390.4 433.139 300 92
0 390.4 433.402 300 92
0 390.4 433.719 300 92
0 390.4 433.875 300 92
0 390.4 434.107 300 92
0 390.4 434.265 300 92
0 390.4 434.475 300 92
0 390.4 434.632 300 92
0 390.4 434.914 300 92
0 390.4 435.361 300 92
0 390.4 435.688 300 92
0 390.4 435.914 300 92
0 390.4 436.124 300 92
0 390.4 436.285 300 92
0 390.4 436.466 300 92
0 390.4 436.709 300 92
0 390.4 437.027 300 92
0 390.4 437.202 300 92
0 390.4 437.473 300 92
0 390.4 437.695 300 92
0 390.4 437.962 300 92
0 390.4 438.243 300 92
0 390.4 438.425 300 92
0 390.4 438.66 300 92
0 390.4 438.89 300 92
0 390.4 439.204 300 92
0 390.4 439.663 300 92
0 390.4 440.041 300 92
0 390.4 440.299 300 92
0 390.4 440.831 300 92
0 390.4 441.126 300 92
0 390.4 441.74 300 92
0 390.4 442.08 300 92
0 390.4 442.387 300 92
0 390.4 442.694 300 92
0 390.4 443.089 300 92
0 390.4 443.524 300 92
0 390.4 443.878 300 92
0 390.4 444.299 300 92
0 390.4 444.467 300 92
0 390.4 444.839 300 92
0 390.4 445.228 300 92
0 390.4 445.82 300 92
0 390.4 446.099 300 92
0 390.4 446.419 300 92
0 390.4 446.783 300 92
0 390.4 447.097 300 92
0 390.4 447.422 300 92
0 390.4 447.959 300 92
0 390.4 448.228 300 92
0 390.4 448.555 300 92
0 390.4 448.767 300 92
0 390.4 448.885 300 92
0 390.4 449.069 300 92
0 390.4 449.225 300 92
0 390.4 449.349 300 92
0 390.4 449.507 300 92
0 390.4 449.72 300 92
0 390.4 450.066 300 92
0 390.4 450.314 300 92
0 390.4 450.583 300 92
0 390.4 450.837 300 92
0 390.4 451.215 300 92
0 390.4 451.384 300 92
0 390.4 451.654 300 92
0 390.4 451.946 300 92
0 390.4 452.221 300 92
0 390.4 452.445 300 92
0 390.4 452.695 300 92
0 390.4 453.052 300 92
0 390.4 453.34 300 92
0 390.4 453.573 300 92
0 390.4 453.886 300 92
0 390.4 454.07 300 92
0 390.4 454.296 300 92
0 390.4 454.459 300 92
0 390.4 454.63 300 92
0 390.4 454.926 300 92
0 390.4 455.191 300 92
0 390.4 455.419 300 92
0 390.4 455.74 300 92
0 390.4 455.909 300 92
0 390.4 456.146 300 92
0 390.4 456.367 300 92
0 390.4 456.609 300 92
0 390.4 456.796 300 92
0 390.4 457.266 300 92
0 390.4 457.513 300 92
0 390.4 457.807 300 92
0 390.4 458.046 300 92
0 390.4 458.445 300 92
0 390.4 458.861 300 92
0 390.4 459.347 300 92
0 390.4 459.575 300 92
0 390.4 459.818 300 92
0 390.4 460.003 300 92
0 390.4 460.293 300 92
0 390.4 460.59 300 92
0 390.4 460.829 300 92
0 390.4 461.027 300 92
0 390.4 461.199 300 92
0 390.4 461.484 300 92
0 390.4 461.887 300 92
0 390.4 462.142 300 92
0 390.4 462.465 300 92
0 390.4 462.865 300 92
0 390.4 463.133 300 92
0 390.4 463.439 300 92
0 390.4 463.675 300 92
0 390.4 463.956 300 92
0 390.4 464.327 300 92
0 390.4 464.519 300 92
0 390.4 464.741 300 92
0 390.4 464.965 300 92
0 390.4 465.256 300 92
0 390.4 465.565 300 92
0 390.4 465.816 300 92
0 390.4 466.094 300 92
0 390.4 466.327 300 92
0 390.4 466.604 300 92
0 390.4 466.935 300 92
0 390.4 467.199 300 92
0 390.4 467.488 300 92
0 390.4 467.672 300 92
0 390.4 467.947 300 92
0 390.4 468.199 300 92
0 390.4 468.366 300 92
0 390.4 468.52 300 92
0 390.4 468.749 300 92
0 390.4 468.954 300 92
0 390.4 469.173 300 92
0 390.4 469.331 300 92
0 390.4 469.525 300 92
0 390.4 469.712 300 92
0 390.4 469.83 300 92
0 390.4 469.983 300 92
0 390.4 470.172 300 92
0 390.4 470.337 300 92
0 390.4 470.465 300 92
0 390.4 470.585 300 92
0 390.4 470.715 300 92
0 390.4 470.908 300 92
0 390.4 471.061 300 92
0 390.4 471.299 300 92
0 390.4 471.403 300 92
0 390.4 471.509 300 92
0 390.4 471.669 300 92
0 390.4 471.863 300 92
0 390.4 472.087 300 92
0 390.4 472.25 300 92
0 390.4 472.363 300 92
0 390.4 472.627 300 92
0 390.4 472.742 300 92
0 390.4 472.889 300 92
0 390.4 473.101 300 92
0 390.4 473.27 300 92
0 390.4 473.44 300 92
0 390.4 473.595 300 92
0 390.4 473.784 300 92
0 390.4 473.91 300 92
0 390.4 474.101 300 92
0 390.4 474.269 300 92
0 390.4 474.516 300 92
0 390.4 474.732 300 92
0 390.4 474.909 300 92
0 390.4 475.083 300 92
0 390.4 475.354 300 92
0 390.4 475.577 300 92
0 390.4 475.737 300 92
0 390.4 475.959 300 92
0 390.4 476.158 300 92
0 390.4 476.39 300 92
0 390.4 476.617 300 92
0 390.4 476.845 300 92
0 390.4 477.064 300 92
0 390.4 477.294 300 92
0 390.4 477.46 300 92
0 390.4 477.675 300 92
0 390.4 477.988 300 92
0 390.4 478.197 300 92
0 390.4 478.693 300 92
0 390.4 478.934 300 92
0 390.4 479.091 300 92
0 390.4 479.34 300 92
0 390.4 479.504 300 92
0 390.4 479.638 300 92
0 390.4 479.831 300 92
0 390.4 480.062 300 92
0 390.4 480.24 300 92
0 390.4 480.449 300 92
0 390.4 480.829 300 92
0 390.4 481.167 300 92
0 390.4 481.658 300 92
0 390.4 481.88 300 92
0 390.4 482.356 300 92
0 390.4 482.801 300 92
0 390.4 483.115 300 92
0 390.4 483.523 300 92
0 390.4 483.847 300 92
0 390.4 484.294 300 92
0 390.4 484.667 300 92
0 390.4 484.992 300 92
0 390.4 485.414 300 92
0 390.4 485.737 300 92
0 390.4 486.225 300 92
0 390.4 486.489 300 92
0 390.4 486.846 300 92
0 390.4 487.249 300 92
0 390.4 487.524 300 92
0 390.4 487.816 300 92
0 390.4 488.096 300 92
0 390.4 488.334 300 92
0 390.4 488.674 300 92
0 390.4 489.005 300 92
0 390.4 489.275 300 92
0 390.4 489.693 300 92
0 390.4 489.983 300 92
0 390.4 490.329 300 92
0 390.4 490.585 300 92
0 390.4 490.847 300 92
0 390.4 491.301 300 92
0 390.4 491.497 300 92
0 390.4 491.684 300 92
0 390.4 492.04 300 92
0 390.4 492.22 300 92
0 390.4 492.558 300 92
0 390.4 492.857 300 92
0 390.4 493.177 300 92
0 390.4 493.464 300 92
0 390.4 493.677 300 92
0 390.4 493.978 300 92
0 390.4 494.275 300 92
0 390.4 494.471 300 92
0 390.4 494.692 300 92
0 390.4 495.002 300 92
0 390.4 495.16 300 92
0 390.4 495.364 300 92
0 390.4 495.614 300 92
0 390.4 495.871 300 92
0 390.4 496.046 300 92
0 390.4 496.314 300 92
0 390.4 496.536 300 92
0 390.4 496.712 300 92
0 390.4 496.984 300 92
0 390.4 497.143 300 92
0 390.4 497.431 300 92
0 390.4 497.659 300 92
0 390.4 497.865 300 92
0 390.4 498.086 300 92
0 390.4 498.257 300 92
0 390.4 498.462 300 92
0 390.4 498.739 300 92
0 390.4 498.918 300 92
0 390.4 499.191 300 92
0 390.4 499.415 300 92
0 390.4 499.678 300 92
0 390.4 500.026 300 92
0 390.4 500.297 300 92
0 390.4 500.582 300 92
0 390.4 500.903 300 92
0 390.4 501.44 300 92
0 390.4 501.701 300 92
0 390.4 501.934 300 92
0 390.4 502.227 300 92
0 390.4 502.527 300 92
0 390.4 502.85 300 92
0 390.4 503.009 300 92
0 390.4 503.214 300 92
0 390.4 503.659 300 92
0 390.4 503.873 300 92
0 390.4 504.16 300 92
0 390.4 504.435 300 92
0 390.4 504.64 300 92
0 390.4 504.923 300 92
0 390.4 505.374 300 92
0 390.4 505.592 300 92
0 390.4 505.825 300 92
0 390.4 506.147 300 92
0 390.4 506.41 300 92
0 390.4 506.643 300 92
0 390.4 506.865 300 92
0 390.4 507.089 300 92
0 390.4 507.505 300 92
0 390.4 507.673 300 92
0 390.4 507.948 300 92
0 390.4 508.18 300 92
0 390.4 508.423 300 92
0 390.4 508.674 300 92
0 390.4 509.017 300 92
0 390.4 509.218 300 92
0 390.4 509.4 300 92
0 390.4 509.608 300 92
0 390.4 509.854 300 92
0 390.4 510.041 300 92
0 390.4 510.325 300 92
0 390.4 510.546 300 92
0 390.4 510.723 300 92
0 390.4 511.046 300 92
0 390.4 511.278 300 92
0 390.4 511.66 300 92
0 390.4 512.005 300 92
0 390.4 512.174 300 92
0 390.4 512.401 300 92
0 390.4 512.945 300 92
0 390.4 513.193 300 92
0 390.4 513.416 300 92
0 390.4 513.592 300 92
0 390.4 513.918 300 92
0 390.4 514.162 300 92
0 390.4 514.539 300 92
0 390.4 514.81 300 92
0 390.4 515.087 300 92
0 390.4 515.3 300 92
0 390.4 515.629 300 92
0 390.4 515.936 300 92
0 390.4 516.386 300 92
0 390.4 516.613 300 92
0 390.4 516.834 300 92
0 390.4 517.074 300 92
0 390.4 517.257 300 92
0 390.4 517.566 300 92
0 390.4 517.745 300 92
0 390.4 518.05 300 92
0 390.4 518.539 300 92
0 390.4 518.69 300 92
0 390.4 518.834 300 92
0 390.4 519.003 300 92
0 390.4 519.155 300 92
0 390.4 519.319 300 92
0 390.4 519.442 300 92
0 390.4 519.56 300 92
0 390.4 519.758 300 92
0 390.4 519.948 300 92
0 390.4 520.102 300 92
0 390.4 520.252 300 92
0 390.4 520.414 300 92
0 390.4 520.536 300 92
0 390.4 520.688 300 92
0 390.4 520.873 300 92
0 390.4 521.014 300 92
0 390.4 521.16 300 92
0 390.4 521.268 300 92
0 390.4 521.422 300 92
0 390.4 521.544 300 92
0 390.4 521.697 300 92
0 390.4 521.922 300 92
0 390.4 522.078 300 92
0 390.4 522.2 300 92
0 390.4 522.442 300 92
0 390.4 522.598 300 92
0 390.4 522.717 300 92
0 390.4 522.873 300 92
0 390.4 523.028 300 92
0 390.4 523.178 300 92
0 390.4 523.298 300 92
0 390.4 523.495 300 92
0 390.4 523.622 300 92
0 390.4 523.952 300 92
0 390.4 524.112 300 92
0 390.4 524.224 300 92
0 390.4 524.339 300 92
0 390.4 524.529 300 92
0 390.4 524.648 300 92
0 390.4 524.827 300 92
0 390.4 524.986 300 92
0 390.4 525.141 300 92
0 390.4 525.343 300 92
0 390.4 525.507 300 92
0 390.4 525.686 300 92
0 390.4 525.8 300 92
0 390.4 525.914 300 92
0 390.4 526.067 300 92
0 390.4 526.179 300 92
0 390.4 526.326 300 92
0 390.4 526.441 300 92
0 390.4 526.585 300 92
0 390.4 526.779 300 92
0 390.4 526.93 300 92
0 390.4 527.094 300 92
0 390.4 527.217 300 92
0 390.4 527.366 300 92
0 390.4 527.658 300 92
0 390.4 527.778 300 92
0 390.4 527.97 300 92
0 390.4 528.124 300 92
0 390.4 528.241 300 92
0 390.4 528.402 300 92
0 390.4 528.519 300 92
0 390.4 528.678 300 92
0 390.4 528.878 300 92
0 390.4 529.012 300 92
0 390.4 529.175 300 92
0 390.4 529.327 300 92
0 390.4 529.647 300 92
0 390.4 529.862 300 92
0 390.4 529.981 300 92
0 390.4 530.156 300 92
0 390.4 530.294 300 92
0 390.4 530.444 300 92
0 390.4 530.626 300 92
0 390.4 530.783 300 92
0 390.4 531.004 300 92
0 390.4 531.107 300 92
0 390.4 531.223 300 92
0 390.4 531.344 300 92
0 390.4 531.508 300 92
0 390.4 531.708 300 92
0 390.4 531.89 300 92
0 390.4 532.001 300 92
0 390.4 532.162 300 92
0 390.4 532.349 300 92
0 390.4 532.459 300 92
0 390.4 532.638 300 92
0 390.4 532.823 300 92
0 390.4 533.009 300 92
0 390.4 533.202 300 92
0 390.4 533.422 300 92
0 390.4 533.641 300 92
0 390.4 533.885 300 92
0 390.4 534.166 300 92
0 390.4 534.484 300 92
0 390.4 534.697 300 92
0 390.4 534.946 300 92
0 390.4 535.112 300 92
0 390.4 535.316 300 92
0 390.4 535.545 300 92
0 390.4 536.011 300 92
0 390.4 536.222 300 92
0 390.4 536.478 300 92
0 390.4 536.736 300 92
0 390.4 536.947 300 92
0 390.4 537.214 300 92
0 390.4 537.403 300 92
0 390.4 537.638 300 92
0 390.4 537.865 300 92
0 390.4 538.039 300 92
0 390.4 538.38 300 92
0 390.4 538.719 300 92
0 390.4 539.04 300 92
0 390.4 539.27 300 92
0 390.4 539.687 300 92
0 390.4 539.913 300 92
0 390.4 540.167 300 92
0 390.4 540.321 300 92
0 390.4 540.558 300 92
0 390.4 540.844 300 92
0 390.4 541.07 300 92
0 390.4 541.298 300 92
0 390.4 541.51 300 92
0 390.4 541.721 300 92
0 390.4 541.936 300 92
0 390.4 542.167 300 92
0 390.4 542.395 300 92
0 390.4 542.655 300 92
0 390.4 542.958 300 92
0 390.4 543.33 300 92
0 390.4 543.547 300 92
0 390.4 543.76 300 92
0 390.4 543.912 300 92
0 390.4 544.123 300 92
0 390.4 544.349 300 92
0 390.4 544.513 300 92
0 390.4 544.745 300 92
0 390.4 544.909 300 92
0 390.4 545.091 300 92
0 390.4 545.283 300 92
0 390.4 545.511 300 92
0 390.4 545.738 300 92
0 390.4 546.101 300 92
0 390.4 546.311 300 92
0 390.4 546.531 300 92
0 390.4 546.747 300 92
0 390.4 547 300 92
0 390.4 547.227 300 92
0 390.4 547.574 300 92
0 390.4 547.824 300 92
0 390.4 548.144 300 92
0 390.4 548.352 300 92
0 390.4 548.574 300 92
0 390.4 548.831 300 92
0 390.4 549.027 300 92
0 390.4 549.276 300 92
0 390.4 549.578 300 92
0 390.4 549.875 300 92
0 390.4 550.162 300 92
0 390.4 550.511 300 92
0 390.4 550.807 300 92
0 390.4 551.008 300 92
0 390.4 551.233 300 92
0 390.4 551.538 300 92
0 390.4 551.835 300 92
0 390.4 552.009 300 92
0 390.4 552.219 300 92
0 390.4 552.38 300 92
0 390.4 552.662 300 92
0 390.4 552.949 300 92
0 390.4 553.118 300 92
0 390.4 553.356 300 92
0 390.4 553.614 300 92
0 390.4 553.877 300 92
0 390.4 554.141 300 92
0 390.4 554.311 300 92
0 390.4 554.476 300 92
0 390.4 554.646 300 92
0 390.4 554.792 300 92
0 390.4 554.911 300 92
0 390.4 555.148 300 92
0 390.4 555.337 300 92
0 390.4 555.478 300 92
0 390.4 555.585 300 92
0 390.4 555.834 300 92
0 390.4 556.158 300 92
0 390.4 556.401 300 92
0 390.4 556.64 300 92
0 390.4 557.03 300 92
0 390.4 557.254 300 92
0 390.4 557.577 300 92
0 390.4 557.753 300 92
0 390.4 558.075 300 92
0 390.4 558.25 300 92
0 390.4 558.517 300 92
0 390.4 558.778 300 92
0 390.4 559.05 300 92
0 390.4 559.252 300 92
0 390.4 559.408 300 92
0 390.4 559.62 300 92
0 390.4 559.836 300 92
0 390.4 560.25 300 92
0 390.4 560.426 300 92
0 390.4 560.775 300 92
0 390.4 561.011 300 92
0 390.4 561.243 300 92
0 390.4 561.421 300 92
0 390.4 561.749 300 92
0 390.4 561.967 300 92
0 390.4 562.248 300 92
0 390.4 562.429 300 92
0 390.4 562.671 300 92
0 390.4 562.896 300 92
0 390.4 563.191 300 92
0 390.4 563.456 300 92
0 390.4 563.684 300 92
0 390.4 564.05 300 92
0 390.4 564.306 300 92
0 390.4 564.554 300 92
0 390.4 564.963 300 92
0 390.4 565.212 300 92
0 390.4 565.415 300 92
0 390.4 565.779 300 92
0 390.4 566.062 300 92
0 390.4 566.224 300 92
0 390.4 566.651 300 92
0 390.4 566.899 300 92
0 390.4 567.064 300 92
0 390.4 567.229 300 92
0 390.4 567.445 300 92
0 390.4 567.818 300 92
0 390.4 568.045 300 92
0 390.4 568.287 300 92
0 390.4 568.502 300 92
0 390.4 568.671 300 92
0 390.4 568.85 300 92
0 390.4 569.017 300 92
0 390.4 569.171 300 92
0 390.4 569.279 300 92
0 390.4 569.604 300 92
0 390.4 569.83 300 92
0 390.4 570.047 300 92
0 390.4 570.261 300 92
0 390.4 570.481 300 92
0 390.4 570.69 300 92
0 390.4 570.908 300 92
0 390.4 571.137 300 92
0 390.4 571.407 300 92
0 390.4 571.609 300 92
0 390.4 571.89 300 92
0 390.4 572.093 300 92
0 390.4 572.412 300 92
0 390.4 572.618 300 92
0 390.4 572.838 300 92
0 390.4 573.143 300 92
0 390.4 573.479 300 92
0 390.4 573.655 300 92
0 390.4 573.861 300 92
0 390.4 574.08 300 92
0 390.4 574.262 300 92
0 390.4 574.639 300 92
0 390.4 574.961 300 92
0 390.4 575.254 300 92
0 390.4 575.428 300 92
0 390.4 575.786 300 92
0 390.4 575.992 300 92
0 390.4 576.157 300 92
0 390.4 576.526 300 92
0 390.4 576.794 300 92
0 390.4 577.013 300 92
0 390.4 577.393 300 92
0 390.4 577.627 300 92
0 390.4 577.837 300 92
0 390.4 578.062 300 92
0 390.4 578.28 300 92
0 390.4 578.484 300 92
0 390.4 578.647 300 92
0 390.4 578.863 300 92
0 390.4 579.09 300 92
0 390.4 579.397 300 92
0 390.4 579.568 300 92
0 390.4 579.729 300 92
0 390.4 579.993 300 92
0 390.4 580.254 300 92
0 390.4 580.515 300 92
0 390.4 580.728 300 92
0 390.4 580.996 300 92
0 390.4 581.159 300 92
0 390.4 581.383 300 92
0 390.4 581.614 300 92
0 390.4 581.832 300 92
0 390.4 582.178 300 92
0 390.4 582.361 300 92
0 390.4 582.516 300 92
0 390.4 582.631 300 92
0 390.4 582.785 300 92
0 390.4 582.936 300 92
0 390.4 583.155 300 92
0 390.4 583.426 300 92
0 390.4 583.595 300 92
0 390.4 583.797 300 92
0 390.4 583.991 300 92
0 390.4 584.101 300 92
0 390.4 584.322 300 92
0 390.4 584.478 300 92
0 390.4 584.582 300 92
0 390.4 584.729 300 92
0 390.4 584.836 300 92
0 390.4 584.981 300 92
0 390.4 585.14 300 92
0 390.4 585.292 300 92
0 390.4 585.556 300 92
0 390.4 585.715 300 92
0 390.4 585.938 300 92
0 390.4 586.152 300 92
0 390.4 586.316 300 92
0 390.4 586.621 300 92
0 390.4 586.929 300 92
0 390.4 587.151 300 92
0 390.4 587.419 300 92
0 390.4 587.682 300 92
0 390.4 587.939 300 92
0 390.4 588.157 300 92
0 390.4 588.416 300 92
0 390.4 588.573 300 92
0 390.4 588.794 300 92
0 390.4 588.974 300 92
0 390.4 589.163 300 92
0 390.4 589.375 300 92
0 390.4 589.498 300 92
0 390.4 589.615 300 92
0 390.4 589.731 300 92
0 390.4 590.122 300 92
0 390.4 590.29 300 92
0 390.4 590.526 300 92
0 390.4 590.844 300 92
0 390.4 591.015 300 92
0 390.4 591.223 300 92
0 390.4 591.492 300 92
0 390.4 591.777 300 92
0 390.4 592.023 300 92
0 390.4 592.336 300 92
0 390.4 592.621 300 92
0 390.4 592.79 300 92
0 390.4 592.997 300 92
0 390.4 593.163 300 92
0 390.4 593.42 300 92
0 390.4 593.715 300 92
0 390.4 593.991 300 92
0 390.4 594.3 300 92
0 390.4 594.549 300 92
0 390.4 594.842 300 92
0 390.4 595.072 300 92
0 390.4 595.32 300 92
0 390.4 595.511 300 92
0 390.4 595.755 300 92
0 390.4 596.14 300 92
0 390.4 596.299 300 92
0 390.4 596.572 300 92
0 390.4 596.738 300 92
0 390.4 596.907 300 92
0 390.4 597.149 300 92
0 390.4 597.328 300 92
0 390.4 597.596 300 92
0 390.4 597.885 300 92
0 390.4 598.122 300 92
0 390.4 598.305 300 92
0 390.4 598.622 300 92
0 390.4 598.877 300 92
0 390.4 599.162 300 92
0 390.4 599.491 300 92
0 390.4 599.718 300 92
0 390.4 599.903 300 92
0 390.4 600.31 300 92
0 390.4 600.551 300 92
0 390.4 600.828 300 92
0 390.4 600.985 300 92
0 390.4 601.156 300 92
0 390.4 601.326 300 92
0 390.4 601.585 300 92
0 390.4 602.083 300 92
0 390.4 602.257 300 92
0 390.4 602.453 300 92
0 390.4 602.652 300 92
0 390.4 602.841 300 92
0 390.4 603.018 300 92
0 390.4 603.19 300 92
0 390.4 603.413 300 92
0 390.4 603.591 300 92
0 390.4 603.795 300 92
0 390.4 604.061 300 92
0 390.4 604.365 300 92
0 390.4 604.661 300 92
0 390.4 604.852 300 92
0 390.4 604.97 300 92
0 390.4 605.094 300 92
0 390.4 605.255 300 92
0 390.4 605.488 300 92
0 390.4 605.655 300 92
0 390.4 605.962 300 92
0 390.4 606.187 300 92
0 390.4 606.298 300 92
0 390.4 606.473 300 92
0 390.4 606.787 300 92
0 390.4 606.963 300 92
0 390.4 607.274 300 92
0 390.4 607.836 300 92
0 390.4 608.015 300 92
0 390.4 608.289 300 92
0 390.4 608.49 300 92
0 390.4 608.764 300 92
0 390.4 608.963 300 92
0 390.4 609.431 300 92
0 390.4 609.802 300 92
0 390.4 610.082 300 92
0 390.4 610.559 300 92
0 390.4 610.894 300 92
0 390.4 611.518 300 92
0 390.4 611.883 300 92
0 390.4 612.222 300 92
0 390.4 612.689 300 92
0 390.4 613.001 300 92
0 390.4 613.463 300 92
0 390.4 613.969 300 92
0 390.4 614.37 300 92
0 390.4 614.684 300 92
0 390.4 615.069 300 92
0 390.4 615.316 300 92
0 390.4 615.722 300 92
0 390.4 616.147 300 92
0 390.4 616.452 300 92
0 390.4 616.845 300 92
0 390.4 617.146 300 92
0 390.4 617.614 300 92
0 390.4 618.075 300 92
0 390.4 618.543 300 92
0 390.4 618.788 300 92
0 390.4 619.281 300 92
0 390.4 619.638 300 92
0 390.4 619.953 300 92
0 390.4 620.287 300 92
0 390.4 620.528 300 92
0 390.4 620.919 300 92
0 390.4 621.175 300 92
0 390.4 621.537 300 92
0 390.4 621.859 300 92
0 390.4 622.196 300 92
0 390.4 622.763 300 92
0 390.4 623.026 300 92
0 390.4 623.515 300 92
0 390.4 623.921 300 92
0 390.4 624.044 300 92
0 390.4 624.278 300 92
0 390.4 624.568 300 92
0 390.4 624.797 300 92
0 390.4 624.979 300 92
0 390.4 625.186 300 92
0 390.4 625.344 300 92
0 390.4 625.567 300 92
0 390.4 625.767 300 92
0 390.4 625.882 300 92
0 390.4 626.196 300 92
0 390.4 626.285 300 92
0 390.4 626.415 300 92
0 390.4 626.576 300 92
0 390.4 626.708 300 92
0 390.4 626.913 300 92
0 390.4 627.102 300 92
0 390.4 627.271 300 92
0 390.4 627.55 300 92
0 390.4 627.719 300 92
0 390.4 627.886 300 92
0 390.4 628.053 300 92
0 390.4 628.336 300 92
0 390.4 628.577 300 92
0 390.4 628.749 300 92
0 390.4 628.932 300 92
0 390.4 629.158 300 92
0 390.4 629.339 300 92
0 390.4 629.566 300 92
0 390.4 629.745 300 92
0 390.4 630.012 300 92
0 390.4 630.296 300 92
0 390.4 630.512 300 92
0 390.4 630.696 300 92
0 390.4 630.922 300 92
0 390.4 631.145 300 92
0 390.4 631.498 300 92
0 390.4 631.872 300 92
0 390.4 632.096 300 92
0 390.4 632.437 300 92
0 390.4 632.695 300 92
0 390.4 632.969 300 92
0 390.4 633.244 300 92
0 390.4 633.418 300 92
0 390.4 633.693 300 92
0 390.4 633.923 300 92
0 390.4 634.268 300 92
0 390.4 634.519 300 92
0 390.4 634.677 300 92
0 390.4 634.965 300 92
0 390.4 635.215 300 92
0 390.4 635.551 300 92
0 390.4 635.814 300 92
0 390.4 635.989 300 92
0 390.4 636.285 300 92
0 390.4 636.546 300 92
0 390.4 636.824 300 92
0 390.4 637.166 300 92
0 390.4 637.497 300 92
0 390.4 637.734 300 92
0 390.4 638.011 300 92
0 390.4 638.24 300 92
0 390.4 638.479 300 92
0 390.4 638.764 300 92
0 390.4 639.004 300 92
0 390.4 639.255 300 92
0 390.4 639.418 300 92
0 390.4 639.654 300 92
0 390.4 639.946 300 92
0 390.4 640.177 300 92
0 390.4 640.403 300 92
0 390.4 640.61 300 92
0 390.4 640.829 300 92
0 390.4 641.102 300 92
0 390.4 641.291 300 92
0 390.4 641.672 300 92
0 390.4 641.915 300 92
0 390.4 642.093 300 92
0 390.4 642.279 300 92
0 390.4 642.516 300 92
0 390.4 642.681 300 92
0 390.4 642.861 300 92
0 390.4 643.141 300 92
0 390.4 643.349 300 92
0 390.4 643.612 300 92
0 390.4 643.749 300 92
0 390.4 643.853 300 92
0 390.4 644.007 300 92
0 390.4 644.158 300 92
0 390.4 644.319 300 92
0 390.4 644.468 300 92
0 390.4 644.616 300 92
0 390.4 644.774 300 92
0 390.4 644.933 300 92
0 390.4 645.115 300 92
0 390.4 645.274 300 92
0 390.4 645.435 300 92
0 390.4 645.645 300 92
0 390.4 645.827 300 92
0 390.4 645.997 300 92
0 390.4 646.236 300 92
0 390.4 646.548 300 92
0 390.4 646.698 300 92
0 390.4 646.987 300 92
0 390.4 647.211 300 92
0 390.4 647.435 300 92
0 390.4 647.711 300 92
0 390.4 647.941 300 92
0 390.4 648.239 300 92
0 390.4 648.512 300 92
0 390.4 648.729 300 92
0 390.4 648.971 300 92
0 390.4 649.24 300 92
0 390.4 649.539 300 92
0 390.4 649.72 300 92
0 390.4 650.011 300 92
0 390.4 650.238 300 92
0 390.4 650.409 300 92
0 390.4 650.677 300 92
0 390.4 650.96 300 92
0 390.4 651.223 300 92
0 390.4 651.453 300 92
0 390.4 651.843 300 92
0 390.4 652.024 300 92
0 390.4 652.21 300 92
0 390.4 652.483 300 92
0 390.4 652.73 300 92
0 390.4 653.057 300 92
0 390.4 653.272 300 92
0 390.4 653.566 300 92
0 390.4 653.867 300 92
0 390.4 654.191 300 92
0 390.4 654.381 300 92
0 390.4 654.612 300 92
0 390.4 654.888 300 92
0 390.4 655.105 300 92
0 390.4 655.273 300 92
0 390.4 655.67 300 92
0 390.4 655.947 300 92
0 390.4 656.164 300 92
0 390.4 656.338 300 92
0 390.4 656.536 300 92
0 390.4 656.758 300 92
0 390.4 657.049 300 92
0 390.4 657.307 300 92
0 390.4 657.476 300 92
0 390.4 657.717 300 92
0 390.4 657.938 300 92
0 390.4 658.343 300 92
0 390.4 658.603 300 92
0 390.4 658.769 300 92
0 390.4 659.077 300 92
0 390.4 659.378 300 92
0 390.4 659.66 300 92
0 390.4 659.827 300 92
0 390.4 660.054 300 92
0 390.4 660.365 300 92
0 390.4 660.542 300 92
0 390.4 660.829 300 92
0 390.4 661.01 300 92
0 390.4 661.251 300 92
0 390.4 661.525 300 92
0 390.4 661.76 300 92
0 390.4 661.996 300 92
0 390.4 662.184 300 92
0 390.4 662.34 300 92
0 390.4 662.573 300 92
0 390.4 662.738 300 92
0 390.4 662.996 300 92
0 390.4 663.237 300 92
0 390.4 663.577 300 92
0 390.4 663.906 300 92
0 390.4 664.084 300 92
0 390.4 664.421 300 92
0 390.4 664.66 300 92
0 390.4 664.906 300 92
0 390.4 665.262 300 92
0 390.4 665.425 300 92
0 390.4 665.65 300 92
0 390.4 665.9 300 92
0 390.4 666.128 300 92
0 390.4 666.346 300 92
0 390.4 666.601 300 92
0 390.4 666.829 300 92
0 390.4 667.11 300 92
0 390.4 667.285 300 92
0 390.4 667.446 300 92
0 390.4 667.674 300 92
0 390.4 667.904 300 92
0 390.4 668.085 300 92
0 390.4 668.551 300 92
0 390.4 668.729 300 92
0 390.4 668.904 300 92
0 390.4 669.268 300 92
0 390.4 669.439 300 92
0 390.4 669.788 300 92
0 390.4 670.077 300 92
0 390.4 670.31 300 92
0 390.4 670.557 300 92
0 390.4 670.841 300 92
0 390.4 671.198 300 92
0 390.4 671.482 300 92
0 390.4 671.837 300 92
0 390.4 672.065 300 92
0 390.4 672.432 300 92
0 390.4 672.722 300 92
0 390.4 673.081 300 92
0 390.4 673.262 300 92
0 390.4 673.639 300 92
0 390.4 673.816 300 92
0 390.4 674.027 300 92
0 390.4 674.368 300 92
0 390.4 674.526 300 92
0 390.4 674.752 300 92
0 390.4 674.907 300 92
0 390.4 675.102 300 92
0 390.4 675.251 300 92
0 390.4 675.367 300 92
0 390.4 675.483 300 92
0 390.4 675.609 300 92
0 390.4 675.858 300 92
0 390.4 676.007 300 92
0 390.4 676.212 300 92
0 390.4 676.377 300 92
0 390.4 676.522 300 92
0 390.4 676.676 300 92
0 390.4 676.874 300 92
0 390.4 677.047 300 92
0 390.4 677.222 300 92
0 390.4 677.411 300 92
0 390.4 677.565 300 92
0 390.4 677.672 300 92
0 390.4 677.792 300 92
0 390.4 677.992 300 92
0 390.4 678.124 300 92
0 390.4 678.238 300 92
0 390.4 678.395 300 92
0 390.4 678.556 300 92
0 390.4 678.668 300 92
0 390.4 678.899 300 92
0 390.4 679.056 300 92
0 390.4 679.283 300 92
0 390.4 679.561 300 92
0 390.4 679.85 300 92
0 390.4 680.026 300 92
0 390.4 680.301 300 92
0 390.4 680.62 300 92
0 390.4 680.875 300 92
0 390.4 681.18 300 92
0 390.4 681.4 300 92
0 390.4 681.677 300 92
0 390.4 681.967 300 92
0 390.4 682.247 300 92
0 390.4 682.489 300 92
0 390.4 682.661 300 92
0 390.4 683 300 92
0 390.4 683.361 300 92
0 390.4 683.642 300 92
0 390.4 683.809 300 92
0 390.4 683.967 300 92
0 390.4 684.244 300 92
0 390.4 684.477 300 92
0 390.4 684.693 300 92
0 390.4 684.97 300 92
0 390.4 685.146 300 92
0 390.4 685.327 300 92
0 390.4 685.689 300 92
0 390.4 685.873 300 92
0 390.4 686.079 300 92
0 390.4 686.237 300 92
0 390.4 686.423 300 92
0 390.4 686.895 300 92
0 390.4 687.179 300 92
0 390.4 687.47 300 92
0 390.4 687.686 300 92
0 390.4 687.913 300 92
0 390.4 688.135 300 92
0 390.4 688.299 300 92
0 390.4 688.677 300 92
0 390.4 688.902 300 92
0 390.4 689.134 300 92
0 390.4 689.369 300 92
0 390.4 689.548 300 92
0 390.4 689.881 300 92
0 390.4 690.25 300 92
0 390.4 690.404 300 92
0 390.4 690.57 300 92
0 390.4 690.982 300 92
0 390.4 691.142 300 92
0 390.4 691.376 300 92
0 390.4 691.613 300 92
0 390.4 691.938 300 92
0 390.4 692.211 300 92
0 390.4 692.367 300 92
0 390.4 692.584 300 92
0 390.4 692.815 300 92
0 390.4 693.045 300 92
0 390.4 693.414 300 92
0 390.4 693.647 300 92
0 390.4 693.93 300 92
0 390.4 694.195 300 92
0 390.4 694.422 300 92
0 390.4 694.692 300 92
0 390.4 694.853 300 92
0 390.4 695.251 300 92
0 390.4 695.491 300 92
0 390.4 695.839 300 92
0 390.4 696.011 300 92
0 390.4 696.34 300 92
0 390.4 696.489 300 92
0 390.4 696.652 300 92
0 390.4 696.939 300 92
0 390.4 697.239 300 92
0 390.4 697.445 300 92
0 390.4 697.722 300 92
0 390.4 697.983 300 92
0 390.4 698.232 300 92
0 390.4 698.411 300 92
0 390.4 698.637 300 92
0 390.4 699.124 300 92
0 390.4 699.3 300 92
0 390.4 699.641 300 92
0 390.4 699.927 300 92
0 390.4 700.098 300 92
0 390.4 700.318 300 92
0 390.4 700.807 300 92
0 390.4 701.099 300 92
0 390.4 701.28 300 92
0 390.4 701.512 300 92
0 390.4 701.757 300 92
0 390.4 701.975 300 92
0 390.4 702.152 300 92
0 390.4 702.312 300 92
0 390.4 702.649 300 92
0 390.4 702.841 300 92
0 390.4 703.024 300 92
0 390.4 703.303 300 92
0 390.4 703.489 300 92
0 390.4 703.681 300 92
0 390.4 703.842 300 92
0 390.4 704.096 300 92
0 390.4 704.521 300 92
0 390.4 704.811 300 92
0 390.4 705.032 300 92
0 390.4 705.265 300 92
0 390.4 705.545 300 92
0 390.4 705.777 300 92
0 390.4 706.008 300 92
0 390.4 706.227 300 92
0 390.4 706.388 300 92
0 390.4 706.722 300 92
0 390.4 706.955 300 92
0 390.4 707.287 300 92
0 390.4 707.585 300 92
0 390.4 707.832 300 92
0 390.4 708.118 300 92
0 390.4 708.304 300 92
0 390.4 708.642 300 92
0 390.4 708.949 300 92
0 390.4 709.142 300 92
0 390.4 709.376 300 92
0 390.4 709.666 300 92
0 390.4 709.991 300 92
0 390.4 710.219 300 92
0 390.4 710.405 300 92
0 390.4 710.695 300 92
0 390.4 710.981 300 92
0 390.4 711.311 300 92
0 390.4 711.632 300 92
0 390.4 712.039 300 92
0 390.4 712.264 300 92
0 390.4 712.596 300 92
0 390.4 712.809 300 92
0 390.4 713.058 300 92
0 390.4 713.342 300 92
0 390.4 713.619 300 92
0 390.4 714.045 300 92
0 390.4 714.322 300 92
0 390.4 714.502 300 92
0 390.4 714.776 300 92
0 390.4 715.015 300 92
0 390.4 715.311 300 92
0 390.4 715.543 300 92
0 390.4 715.783 300 92
0 390.4 716.081 300 92
0 390.4 716.322 300 92
0 390.4 716.499 300 92
0 390.4 716.717 300 92
0 390.4 717.045 300 92
0 390.4 717.284 300 92
0 390.4 717.524 300 92
0 390.4 717.694 300 92
0 390.4 717.88 300 92
0 390.4 718.201 300 92
0 390.4 718.393 300 92
0 390.4 718.705 300 92
0 390.4 718.995 300 92
0 390.4 719.183 300 92
0 390.4 719.668 300 92
0 390.4 719.939 300 92
0 390.4 720.207 300 92
0 390.4 720.394 300 92
0 390.4 720.68 300 92
0 390.4 720.905 300 92
0 390.4 721.25 300 92
0 390.4 721.598 300 92
0 390.4 721.956 300 92
0 390.4 722.261 300 92
0 390.4 722.545 300 92
0 390.4 722.779 300 92
0 390.4 723.008 300 92
0 390.4 723.288 300 92
0 390.4 723.573 300 92
0 390.4 723.869 300 92
0 390.4 724.106 300 92
0 390.4 724.472 300 92
0 390.4 724.646 300 92
0 390.4 724.818 300 92
0 390.4 725.065 300 92
0 390.4 725.273 300 92
0 390.4 725.545 300 92
0 390.4 725.826 300 92
0 390.4 726.118 300 92
0 390.4 726.334 300 92
0 390.4 726.567 300 92
0 390.4 726.738 300 92
0 390.4 727.061 300 92
0 390.4 727.289 300 92
0 390.4 727.692 300 92
0 390.4 727.954 300 92
0 390.4 728.123 300 92
0 390.4 728.426 300 92
0 390.4 728.675 300 92
0 390.4 728.958 300 92
0 390.4 729.191 300 92
0 390.4 729.471 300 92
0 390.4 729.641 300 92
0 390.4 729.828 300 92
0 390.4 730.014 300 92
0 390.4 730.264 300 92
0 390.4 730.548 300 92
0 390.4 730.947 300 92
0 390.4 731.197 300 92
0 390.4 731.476 300 92
0 390.4 731.67 300 92
0 390.4 731.909 300 92
0 390.4 732.227 300 92
0 390.4 732.536 300 92
0 390.4 732.719 300 92
0 390.4 732.906 300 92
0 390.4 733.082 300 92
0 390.4 733.311 300 92
0 390.4 733.55 300 92
0 390.4 733.887 300 92
0 390.4 734.202 300 92
0 390.4 734.44 300 92
0 390.4 734.666 300 92
0 390.4 734.951 300 92
0 390.4 735.135 300 92
0 390.4 735.43 300 92
0 390.4 735.72 300 92
0 390.4 735.944 300 92
0 390.4 736.266 300 92
0 390.4 736.545 300 92
0 390.4 736.767 300 92
0 390.4 737.19 300 92
0 390.4 737.403 300 92
0 390.4 737.647 300 92
0 390.4 738.006 300 92
0 390.4 738.217 300 92
0 390.4 738.491 300 92
0 390.4 738.726 300 92
0 390.4 738.939 300 92
0 390.4 739.149 300 92
0 390.4 739.505 300 92
0 390.4 739.747 300 92
0 390.4 739.963 300 92
0 390.4 740.182 300 92
0 390.4 740.402 300 92
0 390.4 740.632 300 92
0 390.4 740.805 300 92
0 390.4 741.043 300 92
0 390.4 741.218 300 92
0 390.4 741.455 300 92
0 390.4 741.73 300 92
0 390.4 741.971 300 92
0 390.4 742.122 300 92
0 390.4 742.303 300 92
0 390.4 742.51 300 92
0 390.4 742.849 300 92
0 390.4 743.166 300 92
0 390.4 743.465 300 92
0 390.4 743.695 300 92
0 390.4 743.99 300 92
0 390.4 744.213 300 92
0 390.4 744.583 300 92
0 390.4 744.763 300 92
0 390.4 744.988 300 92
0 390.4 745.204 300 92
0 390.4 745.641 300 92
0 390.4 745.903 300 92
0 390.4 746.06 300 92
0 390.4 746.326 300 92
0 390.4 746.557 300 92
0 390.4 746.712 300 92
0 390.4 746.884 300 92
0 390.4 747.161 300 92
0 390.4 747.322 300 92
0 390.4 747.626 300 92
0 390.4 747.799 300 92
0 390.4 748.007 300 92
0 390.4 748.291 300 92
0 390.4 748.606 300 92
0 390.4 748.832 300 92
0 390.4 748.993 300 92
0 390.4 749.221 300 92
0 390.4 749.445 300 92
0 390.4 749.738 300 92
0 390.4 749.967 300 92
0 390.4 750.141 300 92
0 390.4 750.309 300 92
0 390.4 750.478 300 92
0 390.4 750.692 300 92
0 390.4 750.968 300 92
0 390.4 751.124 300 92
0 390.4 751.334 300 92
0 390.4 751.716 300 92
0 390.4 751.998 300 92
0 390.4 752.291 300 92
0 390.4 752.465 300 92
0 390.4 752.769 300 92
0 390.4 753.05 300 92
0 390.4 753.318 300 92
0 390.4 753.606 300 92
0 390.4 753.79 300 92
0 390.4 753.955 300 92
0 390.4 754.12 300 92
0 390.4 754.44 300 92
0 390.4 754.657 300 92
0 390.4 754.902 300 92
0 390.4 755.069 300 92
0 390.4 755.39 300 92
0 390.4 755.625 300 92
0 390.4 755.791 300 92
0 390.4 756.031 300 92
0 390.4 756.308 300 92
0 390.4 756.626 300 92
0 390.4 756.85 300 92
0 390.4 757.2 300 92
0 390.4 757.376 300 92
0 390.4 757.713 300 92
0 390.4 757.998 300 92
0 390.4 758.168 300 92
0 390.4 758.517 300 92
0 390.4 758.806 300 92
0 390.4 759.052 300 92
0 390.4 759.301 300 92
0 390.4 759.526 300 92
0 390.4 759.927 300 92
0 390.4 760.152 300 92
0 390.4 760.327 300 92
0 390.4 760.557 300 92
0 390.4 760.767 300 92
0 390.4 761.037 300 92
0 390.4 761.256 300 92
0 390.4 761.41 300 92
0 390.4 761.643 300 92
0 390.4 761.885 300 92
0 390.4 762.046 300 92
0 390.4 762.325 300 92
0 390.4 762.605 300 92
0 390.4 762.935 300 92
0 390.4 763.138 300 92
0 390.4 763.365 300 92
0 390.4 763.666 300 92
0 390.4 764.05 300 92
0 390.4 764.331 300 92
0 390.4 764.615 300 92
0 390.4 764.936 300 92
0 390.4 765.154 300 92
0 390.4 765.457 300 92
0 390.4 765.883 300 92
0 390.4 766.127 300 92
0 390.4 766.352 300 92
0 390.4 766.618 300 92
0 390.4 766.825 300 92
0 390.4 767.06 300 92
0 390.4 767.217 300 92
0 390.4 767.495 300 92
0 390.4 767.687 300 92
0 390.4 767.914 300 92
0 390.4 768.138 300 92
0 390.4 768.415 300 92
0 390.4 768.562 300 92
0 390.4 768.935 300 92
0 390.4 769.218 300 92
0 390.4 769.442 300 92
0 390.4 769.663 300 92
0 390.4 769.966 300 92
0 390.4 770.293 300 92
0 390.4 770.529 300 92
0 390.4 770.741 300 92
0 390.4 771.008 300 92
0 390.4 771.231 300 92
0 390.4 771.516 300 92
0 390.4 771.697 300 92
0 390.4 771.916 300 92
0 390.4 772.219 300 92
0 390.4 772.386 300 92
0 390.4 772.577 300 92
0 390.4 772.825 300 92
0 390.4 773.053 300 92
0 390.4 773.232 300 92
0 390.4 773.574 300 92
0 390.4 773.812 300 92
0 390.4 774.098 300 92
0 390.4 774.452 300 92
0 390.4 774.633 300 92
0 390.4 774.886 300 92
0 390.4 775.2 300 92
0 390.4 775.43 300 92
0 390.4 775.676 300 92
0 390.4 775.959 300 92
0 390.4 776.142 300 92
0 390.4 776.512 300 92
0 390.4 776.699 300 92
0 390.4 776.956 300 92
0 390.4 777.139 300 92
0 390.4 777.372 300 92
0 390.4 777.672 300 92
0 390.4 778.009 300 92
0 390.4 778.177 300 92
0 390.4 778.472 300 92
0 390.4 778.646 300 92
0 390.4 778.89 300 92
0 390.4 779.138 300 92
0 390.4 779.316 300 92
0 390.4 779.555 300 92
0 390.4 779.782 300 92
0 390.4 780.055 300 92
0 390.4 780.222 300 92
0 390.4 780.42 300 92
0 390.4 780.596 300 92
0 390.4 780.786 300 92
0 390.4 781.023 300 92
0 390.4 781.276 300 92
0 390.4 781.529 300 92
0 390.4 781.949 300 92
0 390.4 782.167 300 92
0 390.4 782.354 300 92
0 390.4 782.59 300 92
0 390.4 782.821 300 92
0 390.4 783.031 300 92
0 390.4 783.258 300 92
0 390.4 783.524 300 92
0 390.4 783.822 300 92
0 390.4 784.089 300 92
0 390.4 784.252 300 92
0 390.4 784.422 300 92
0 390.4 784.694 300 92
0 390.4 784.856 300 92
0 390.4 785.142 300 92
0 390.4 785.48 300 92
0 390.4 785.807 300 92
0 390.4 786.178 300 92
0 390.4 786.399 300 92
0 390.4 786.601 300 92
0 390.4 786.8 300 92
0 390.4 787.029 300 92
0 390.4 787.282 300 92
0 390.4 787.573 300 92
0 390.4 787.774 300 92
0 390.4 787.947 300 92
0 390.4 788.331 300 92
0 390.4 788.563 300 92
0 390.4 788.924 300 92
0 390.4 789.144 300 92
0 390.4 789.368 300 92
0 390.4 789.602 300 92
0 390.4 789.835 300 92
0 390.4 790.11 300 92
0 390.4 790.357 300 92
0 390.4 790.623 300 92
0 390.4 790.88 300 92
0 390.4 791.097 300 92
0 390.4 791.259 300 92
0 390.4 791.575 300 92
0 390.4 791.804 300 92
0 390.4 792.092 300 92
0 390.4 792.269 300 92
0 390.4 792.508 300 92
0 390.4 792.786 300 92
0 390.4 792.997 300 92
0 390.4 793.158 300 92
0 390.4 793.372 300 92
0 390.4 793.65 300 92
0 390.4 793.828 300 92
0 390.4 793.995 300 92
0 390.4 794.264 300 92
0 390.4 794.564 300 92
0 390.4 794.783 300 92
0 390.4 795.043 300 92
0 390.4 795.354 300 92
0 390.4 795.664 300 92
0 390.4 795.922 300 92
0 390.4 796.141 300 92
0 390.4 796.307 300 92
0 390.4 796.534 300 92
0 390.4 796.737 300 92
0 390.4 796.95 300 92
0 390.4 797.196 300 92
0 390.4 797.478 300 92
0 390.4 797.694 300 92
0 390.4 797.896 300 92
0 390.4 798.101 300 92
0 390.4 798.264 300 92
0 390.4 798.554 300 92
0 390.4 798.816 300 92
0 390.4 799.031 300 92
0 390.4 799.383 300 92
0 390.4 799.596 300 92
0 390.4 799.775 300 92
