0.000456 71.200000 71.200000
1.000456 71.200000 71.200000
2.000460 71.200000 71.200000
3.000460 71.200000 71.200000
4.000495 71.200000 71.200000
5.000496 71.200000 71.200000
6.000496 71.200000 71.200000
7.000503 71.200000 71.200000
8.000513 71.200000 71.200000
9.000527 71.200000 71.200000
10.000531 71.200000 71.200000
11.000541 71.200000 71.200000
12.000541 71.200000 71.200000
13.000541 71.200000 71.200000
14.000546 71.200000 71.200000
15.000546 71.200000 71.200000
16.000555 71.200000 71.200000
17.000555 71.200000 71.200000
18.000556 71.200000 71.200000
19.000557 71.200000 71.200000
20.000557 71.200000 71.200000
21.000562 71.200000 71.200000
22.000577 71.200000 71.200000
23.000577 71.200000 71.200000
24.000577 71.200000 71.200000
25.000584 71.200000 71.200000
26.000599 71.200000 71.200000
27.000600 71.200000 71.200000
28.000600 71.200000 71.200000
29.000600 71.200000 71.200000
30.000615 71.200000 71.200000
31.000616 71.200000 71.200000
32.000616 71.200000 71.200000
33.000623 71.200000 71.200000
34.000625 71.200000 71.200000
35.000625 71.200000 71.200000
36.000625 71.200000 71.200000
37.000625 71.200000 71.200000
38.000625 71.200000 71.200000
39.000625 71.200000 71.200000
40.000625 71.200000 71.200000
41.000630 71.200000 71.200000
42.000631 71.200000 71.200000
43.000632 71.200000 71.200000
44.000632 71.200000 71.200000
45.000640 71.200000 71.200000
46.000664 71.200000 71.200000
47.000668 71.200000 71.200000
48.000668 71.200000 71.200000
49.000668 71.200000 71.200000
50.000670 71.200000 71.200000
51.000675 71.200000 71.200000
52.000675 71.200000 71.200000
53.000676 71.200000 71.200000
54.000677 71.200000 71.200000
55.000679 71.200000 71.200000
56.000680 71.200000 71.200000
57.000680 71.200000 71.200000
58.000681 71.200000 71.200000
59.000685 71.200000 71.200000
60.000685 71.200000 71.200000
61.000685 71.200000 71.200000
62.000685 71.200000 71.200000
63.000687 71.200000 71.200000
64.000689 71.200000 71.200000
65.000693 71.200000 71.200000
66.000694 71.200000 71.200000
67.000695 71.200000 71.200000
68.000700 71.200000 71.200000
69.000706 71.200000 71.200000
70.000709 71.200000 71.200000
71.000722 71.200000 71.200000
72.000723 71.200000 71.200000
73.000724 71.200000 71.200000
74.000730 71.200000 71.200000
75.000731 71.200000 71.200000
76.000731 71.200000 71.200000
77.000732 71.200000 71.200000
78.000733 71.200000 71.200000
79.000735 71.200000 71.200000
80.000736 71.200000 71.200000
81.000738 71.200000 71.200000
82.000745 71.200000 71.200000
83.000745 71.200000 71.200000
84.000746 71.200000 71.200000
85.000748 71.200000 71.200000
86.000748 71.200000 71.200000
87.000748 71.200000 71.200000
88.000755 71.200000 71.200000
89.000757 71.200000 71.200000
90.000770 71.200000 71.200000
91.000773 71.200000 71.200000
92.000782 71.200000 71.200000
93.000792 71.200000 71.200000
94.000795 71.200000 71.200000
95.000798 71.200000 71.200000
96.000801 71.200000 71.200000
97.000802 71.200000 71.200000
98.000802 71.200000 71.200000
99.000802 71.200000 71.200000
100.000802 71.200000 71.200000
101.000802 71.200000 71.200000
102.000802 71.200000 71.200000
103.000808 71.200000 71.200000
104.000808 71.200000 71.200000
105.000820 71.200000 71.200000
106.000823 71.200000 71.200000
107.000825 71.200000 71.200000
108.000828 71.200000 71.200000
109.000830 71.200000 71.200000
110.000838 71.200000 71.200000
111.000838 71.200000 71.200000
112.000838 71.200000 71.200000
113.000856 71.200000 71.200000
114.000856 71.200000 71.200000
115.000856 71.200000 71.200000
116.000856 71.200000 71.200000
117.000892 71.200000 71.200000
118.000892 71.200000 71.200000
119.000892 71.200000 71.200000
120.000894 71.200000 71.200000
121.000918 71.200000 71.200000
122.000922 71.200000 71.200000
123.000931 71.200000 71.200000
124.000932 71.200000 71.200000
125.000933 71.200000 71.200000
126.000935 71.200000 71.200000
127.000935 71.200000 71.200000
128.000935 71.200000 71.200000
129.000935 71.200000 71.200000
130.000935 71.200000 71.200000
131.000936 71.200000 71.200000
132.000936 71.200000 71.200000
133.000937 71.200000 71.200000
134.000940 71.200000 71.200000
135.000940 71.200000 71.200000
136.000941 71.200000 71.200000
137.000945 71.200000 71.200000
138.000945 71.200000 71.200000
139.000945 71.200000 71.200000
140.000945 71.200000 71.200000
141.000976 71.200000 71.200000
142.000976 71.200000 71.200000
143.000976 71.200000 71.200000
144.000976 71.200000 71.200000
145.000982 71.200000 71.200000
146.000982 71.200000 71.200000
147.000985 71.200000 71.200000
148.000987 71.200000 71.200000
149.000997 71.200000 71.200000
150.000999 71.200000 71.200000
151.000999 71.200000 71.200000
152.001000 71.200000 71.200000
153.001000 71.200000 71.200000
154.001001 71.200000 71.200000
155.001001 71.200000 71.200000
156.001003 71.200000 71.200000
157.001085 71.200000 71.200000
158.001085 71.200000 71.200000
159.001085 71.200000 71.200000
160.001097 71.200000 71.200000
161.001097 71.200000 71.200000
162.001097 71.200000 71.200000
163.001097 71.200000 71.200000
164.001101 71.200000 71.200000
165.001102 71.200000 71.200000
166.001119 71.200000 71.200000
167.001119 71.200000 71.200000
168.001129 71.200000 71.200000
169.001155 71.200000 71.200000
170.001155 71.200000 71.200000
171.001155 71.200000 71.200000
172.001156 71.200000 71.200000
173.001197 71.200000 71.200000
174.001204 71.200000 71.200000
175.001204 71.200000 71.200000
176.001204 71.200000 71.200000
177.001227 71.200000 71.200000
178.001227 71.200000 71.200000
179.001228 71.200000 71.200000
180.001239 71.200000 71.200000
181.001239 71.200000 71.200000
182.001241 71.200000 71.200000
183.001241 71.200000 71.200000
184.001249 71.200000 71.200000
185.001250 71.200000 71.200000
186.001251 71.200000 71.200000
187.001252 71.200000 71.200000
188.001253 71.200000 71.200000
189.001253 71.200000 71.200000
190.001262 71.200000 71.200000
191.001264 71.200000 71.200000
192.001268 71.200000 71.200000
193.001268 71.200000 71.200000
194.001271 71.200000 71.200000
195.001272 71.200000 71.200000
196.001273 71.200000 71.200000
197.001275 71.200000 71.200000
198.001277 71.200000 71.200000
199.001279 71.200000 71.200000
200.001279 71.200000 71.200000
201.001284 71.200000 71.200000
202.001284 71.200000 71.200000
203.001289 71.200000 71.200000
204.001290 71.200000 71.200000
205.001294 71.200000 71.200000
206.001295 71.200000 71.200000
207.001295 71.200000 71.200000
208.001297 71.200000 71.200000
209.001301 71.200000 71.200000
210.001301 71.200000 71.200000
211.001301 71.200000 71.200000
212.001301 71.200000 71.200000
213.001314 71.200000 71.200000
214.001327 71.200000 71.200000
215.001332 71.200000 71.200000
216.001333 71.200000 71.200000
217.001334 71.200000 71.200000
218.001334 71.200000 71.200000
219.001342 71.200000 71.200000
220.001342 71.200000 71.200000
221.001348 71.200000 71.200000
222.001350 71.200000 71.200000
223.001353 71.200000 71.200000
224.001359 71.200000 71.200000
225.001359 71.200000 71.200000
226.001359 71.200000 71.200000
227.001359 71.200000 71.200000
228.001359 71.200000 71.200000
229.001369 71.200000 71.200000
230.001369 71.200000 71.200000
231.001402 71.200000 71.200000
232.001409 71.200000 71.200000
233.001409 71.200000 71.200000
234.001409 71.200000 71.200000
235.001419 71.200000 71.200000
236.001420 71.200000 71.200000
237.001420 71.200000 71.200000
238.001421 71.200000 71.200000
239.001423 71.200000 71.200000
240.001433 71.200000 71.200000
241.001446 71.200000 71.200000
242.001449 71.200000 71.200000
243.001449 71.200000 71.200000
244.001449 71.200000 71.200000
245.001450 71.200000 71.200000
246.001453 71.200000 71.200000
247.001464 71.200000 71.200000
248.001477 71.200000 71.200000
249.001478 71.200000 71.200000
250.001482 71.200000 71.200000
251.001482 71.200000 71.200000
252.001494 71.200000 71.200000
253.001494 71.200000 71.200000
254.001495 71.200000 71.200000
255.001496 71.200000 71.200000
256.001506 71.200000 71.200000
257.001512 71.200000 71.200000
258.001522 71.200000 71.200000
259.001522 71.200000 71.200000
260.001526 71.200000 71.200000
261.001528 71.200000 71.200000
262.001529 71.200000 71.200000
263.001531 71.200000 71.200000
264.001542 71.200000 71.200000
265.001549 71.200000 71.200000
266.001561 71.200000 71.200000
267.001563 71.200000 71.200000
268.001566 71.200000 71.200000
269.001569 71.200000 71.200000
270.001569 71.200000 71.200000
271.001571 71.200000 71.200000
272.001571 71.200000 71.200000
273.001580 71.200000 71.200000
274.001580 71.200000 71.200000
275.001583 71.200000 71.200000
276.001585 71.200000 71.200000
277.001626 71.200000 71.200000
278.001640 71.200000 71.200000
279.001642 71.200000 71.200000
280.001651 71.200000 71.200000
281.001666 71.200000 71.200000
282.001668 71.200000 71.200000
283.001675 71.200000 71.200000
284.001711 71.200000 71.200000
285.001721 71.200000 71.200000
286.001722 71.200000 71.200000
287.001722 71.200000 71.200000
288.001729 71.200000 71.200000
289.001732 71.200000 71.200000
290.001744 71.200000 71.200000
291.001744 71.200000 71.200000
292.001752 71.200000 71.200000
293.001752 71.200000 71.200000
294.001753 71.200000 71.200000
295.001757 71.200000 71.200000
296.001769 71.200000 71.200000
297.001769 71.200000 71.200000
298.001771 71.200000 71.200000
299.001773 71.200000 71.200000
300.001776 71.200000 71.200000
301.001781 71.200000 71.200000
302.001781 71.200000 71.200000
303.001795 71.200000 71.200000
304.001797 71.200000 71.200000
305.001798 71.200000 71.200000
306.001801 71.200000 71.200000
307.001806 71.200000 71.200000
308.001820 71.200000 71.200000
309.001821 71.200000 71.200000
310.001841 71.200000 71.200000
311.001846 71.200000 71.200000
312.001846 71.200000 71.200000
313.001869 71.200000 71.200000
314.001871 71.200000 71.200000
315.001871 71.200000 71.200000
316.001872 71.200000 71.200000
317.001872 71.200000 71.200000
318.001872 71.200000 71.200000
319.001872 71.200000 71.200000
320.001900 71.200000 71.200000
321.001900 71.200000 71.200000
322.001903 71.200000 71.200000
323.001905 71.200000 71.200000
324.001912 71.200000 71.200000
325.001912 71.200000 71.200000
326.001925 71.200000 71.200000
327.001929 71.200000 71.200000
328.001933 71.200000 71.200000
329.001934 71.200000 71.200000
330.001936 71.200000 71.200000
331.001936 71.200000 71.200000
332.001937 71.200000 71.200000
333.001947 71.200000 71.200000
334.001949 71.200000 71.200000
335.001949 71.200000 71.200000
336.001988 71.200000 71.200000
337.001988 71.200000 71.200000
338.001989 71.200000 71.200000
339.001990 71.200000 71.200000
340.002001 71.200000 71.200000
341.002012 71.200000 71.200000
342.002022 71.200000 71.200000
343.002030 71.200000 71.200000
344.002043 71.200000 71.200000
345.002054 71.200000 71.200000
346.002066 71.200000 71.200000
347.002066 71.200000 71.200000
348.002070 71.200000 71.200000
349.002070 71.200000 71.200000
350.002074 71.200000 71.200000
351.002076 71.200000 71.200000
352.002087 71.200000 71.200000
353.002087 71.200000 71.200000
354.002087 71.200000 71.200000
355.002094 71.200000 71.200000
356.002096 71.200000 71.200000
357.002096 71.200000 71.200000
358.002108 71.200000 71.200000
359.002108 71.200000 71.200000
360.002108 71.200000 71.200000
361.002108 71.200000 71.200000
362.002110 71.200000 71.200000
363.002110 71.200000 71.200000
364.002111 71.200000 71.200000
365.002122 71.200000 71.200000
366.002135 71.200000 71.200000
367.002135 71.200000 71.200000
368.002136 71.200000 71.200000
369.002138 71.200000 71.200000
370.002140 71.200000 71.200000
371.002140 71.200000 71.200000
372.002140 71.200000 71.200000
373.002156 71.200000 71.200000
374.002170 71.200000 71.200000
375.002174 71.200000 71.200000
376.002175 71.200000 71.200000
377.002176 71.200000 71.200000
378.002176 71.200000 71.200000
379.002187 71.200000 71.200000
380.002188 71.200000 71.200000
381.002199 71.200000 71.200000
382.002200 71.200000 71.200000
383.002202 71.200000 71.200000
384.002203 71.200000 71.200000
385.002204 71.200000 71.200000
386.002207 71.200000 71.200000
387.002207 71.200000 71.200000
388.002207 71.200000 71.200000
389.002207 71.200000 71.200000
390.002210 71.200000 71.200000
391.002210 71.200000 71.200000
392.002210 71.200000 71.200000
393.002219 71.200000 71.200000
394.002223 71.200000 71.200000
395.002223 71.200000 71.200000
396.002225 71.200000 71.200000
397.002227 71.200000 71.200000
398.002227 71.200000 71.200000
399.002230 71.200000 71.200000
400.002230 71.200000 71.200000
401.002230 71.200000 71.200000
402.002237 71.200000 71.200000
403.002241 71.200000 71.200000
404.002244 71.200000 71.200000
405.002246 71.200000 71.200000
406.002255 71.200000 71.200000
407.002257 71.200000 71.200000
408.002260 71.200000 71.200000
409.002262 71.200000 71.200000
410.002276 71.200000 71.200000
411.002276 71.200000 71.200000
412.002277 71.200000 71.200000
413.002278 71.200000 71.200000
414.002282 71.200000 71.200000
415.002282 71.200000 71.200000
416.002282 71.200000 71.200000
417.002283 71.200000 71.200000
418.002285 71.200000 71.200000
419.002285 71.200000 71.200000
420.002285 71.200000 71.200000
421.002285 71.200000 71.200000
422.002287 71.200000 71.200000
423.002289 71.200000 71.200000
424.002289 71.200000 71.200000
425.002335 71.200000 71.200000
426.002336 71.200000 71.200000
427.002345 71.200000 71.200000
428.002347 71.200000 71.200000
429.002347 71.200000 71.200000
430.002355 71.200000 71.200000
431.002355 71.200000 71.200000
432.002355 71.200000 71.200000
433.002355 71.200000 71.200000
434.002364 71.200000 71.200000
435.002364 71.200000 71.200000
436.002378 71.200000 71.200000
437.002387 71.200000 71.200000
438.002387 71.200000 71.200000
439.002420 71.200000 71.200000
440.002425 71.200000 71.200000
441.002427 71.200000 71.200000
442.002430 71.200000 71.200000
443.002430 71.200000 71.200000
444.002432 71.200000 71.200000
445.002446 71.200000 71.200000
446.002446 71.200000 71.200000
447.002448 71.200000 71.200000
448.002458 71.200000 71.200000
449.002460 71.200000 71.200000
450.002461 71.200000 71.200000
451.002464 71.200000 71.200000
452.002464 71.200000 71.200000
453.002473 71.200000 71.200000
454.002473 71.200000 71.200000
455.002485 71.200000 71.200000
456.002489 71.200000 71.200000
457.002492 71.200000 71.200000
458.002528 71.200000 71.200000
459.002531 71.200000 71.200000
460.002545 71.200000 71.200000
461.002545 71.200000 71.200000
462.002548 71.200000 71.200000
463.002577 71.200000 71.200000
464.002590 71.200000 71.200000
465.002591 71.200000 71.200000
466.002593 71.200000 71.200000
467.002593 71.200000 71.200000
468.002597 71.200000 71.200000
469.002604 71.200000 71.200000
470.002608 71.200000 71.200000
471.002614 71.200000 71.200000
472.002616 71.200000 71.200000
473.002621 71.200000 71.200000
474.002623 71.200000 71.200000
475.002623 71.200000 71.200000
476.002624 71.200000 71.200000
477.002624 71.200000 71.200000
478.002624 71.200000 71.200000
479.002654 71.200000 71.200000
480.002656 71.200000 71.200000
481.002658 71.200000 71.200000
482.002668 71.200000 71.200000
483.002670 71.200000 71.200000
484.002670 71.200000 71.200000
485.002763 71.200000 71.200000
486.002763 71.200000 71.200000
487.002771 71.200000 71.200000
488.002771 71.200000 71.200000
489.002771 71.200000 71.200000
490.002771 71.200000 71.200000
491.002775 71.200000 71.200000
492.002778 71.200000 71.200000
493.002779 71.200000 71.200000
494.002779 71.200000 71.200000
495.002788 71.200000 71.200000
496.002789 71.200000 71.200000
497.002791 71.200000 71.200000
498.002801 71.200000 71.200000
499.002809 71.200000 71.200000
500.002809 71.200000 71.200000
501.002809 71.200000 71.200000
502.002812 71.200000 71.200000
503.002814 71.200000 71.200000
504.002825 71.200000 71.200000
505.002835 71.200000 71.200000
506.002835 71.200000 71.200000
507.002835 71.200000 71.200000
508.002837 71.200000 71.200000
509.002853 71.200000 71.200000
510.002853 71.200000 71.200000
511.002854 71.200000 71.200000
512.002870 71.200000 71.200000
513.002874 71.200000 71.200000
514.002874 71.200000 71.200000
515.002875 71.200000 71.200000
516.002878 71.200000 71.200000
517.002882 71.200000 71.200000
518.002882 71.200000 71.200000
519.002888 71.200000 71.200000
520.002889 71.200000 71.200000
521.002902 71.200000 71.200000
522.002902 71.200000 71.200000
523.002902 71.200000 71.200000
524.002905 71.200000 71.200000
525.002909 71.200000 71.200000
526.002910 71.200000 71.200000
527.002912 71.200000 71.200000
528.002912 71.200000 71.200000
529.002942 71.200000 71.200000
530.002942 71.200000 71.200000
531.002952 71.200000 71.200000
532.002964 71.200000 71.200000
533.002964 71.200000 71.200000
534.002964 71.200000 71.200000
535.002964 71.200000 71.200000
536.002964 71.200000 71.200000
537.002964 71.200000 71.200000
538.002964 71.200000 71.200000
539.002996 71.200000 71.200000
540.002996 71.200000 71.200000
541.003002 71.200000 71.200000
542.003002 71.200000 71.200000
543.003002 71.200000 71.200000
544.003018 71.200000 71.200000
545.003024 71.200000 71.200000
546.003024 71.200000 71.200000
547.003026 71.200000 71.200000
548.003030 71.200000 71.200000
549.003033 71.200000 71.200000
550.003033 71.200000 71.200000
551.003036 71.200000 71.200000
552.003052 71.200000 71.200000
553.003064 71.200000 71.200000
554.003071 71.200000 71.200000
555.003071 71.200000 71.200000
556.003071 71.200000 71.200000
557.003079 71.200000 71.200000
558.003094 71.200000 71.200000
559.003094 71.200000 71.200000
560.003095 71.200000 71.200000
561.003096 71.200000 71.200000
562.003097 71.200000 71.200000
563.003097 71.200000 71.200000
564.003097 71.200000 71.200000
565.003097 71.200000 71.200000
566.003108 71.200000 71.200000
567.003108 71.200000 71.200000
568.003108 71.200000 71.200000
569.003108 71.200000 71.200000
570.003108 71.200000 71.200000
571.003109 71.200000 71.200000
572.003116 71.200000 71.200000
573.003116 71.200000 71.200000
574.003116 71.200000 71.200000
575.003130 71.200000 71.200000
576.003135 71.200000 71.200000
577.003135 71.200000 71.200000
578.003139 71.200000 71.200000
579.003146 71.200000 71.200000
580.003157 71.200000 71.200000
581.003165 71.200000 71.200000
582.003177 71.200000 71.200000
583.003189 71.200000 71.200000
584.003203 71.200000 71.200000
585.003204 71.200000 71.200000
586.003205 71.200000 71.200000
587.003217 71.200000 71.200000
588.003225 71.200000 71.200000
589.003227 71.200000 71.200000
590.003227 71.200000 71.200000
591.003227 71.200000 71.200000
592.003231 71.200000 71.200000
593.003237 71.200000 71.200000
594.003239 71.200000 71.200000
595.003239 71.200000 71.200000
596.003254 71.200000 71.200000
597.003255 71.200000 71.200000
598.003255 71.200000 71.200000
599.003256 71.200000 71.200000
600.003256 71.200000 71.200000
601.003256 71.200000 71.200000
602.003256 71.200000 71.200000
603.003257 71.200000 71.200000
604.003260 71.200000 71.200000
605.003260 71.200000 71.200000
606.003311 71.200000 71.200000
607.003315 71.200000 71.200000
608.003326 71.200000 71.200000
609.003346 71.200000 71.200000
610.003359 71.200000 71.200000
611.003361 71.200000 71.200000
612.003376 71.200000 71.200000
613.003376 71.200000 71.200000
614.003382 71.200000 71.200000
615.003400 71.200000 71.200000
616.003402 71.200000 71.200000
617.003406 71.200000 71.200000
618.003406 71.200000 71.200000
619.003406 71.200000 71.200000
620.003406 71.200000 71.200000
621.003406 71.200000 71.200000
622.003406 71.200000 71.200000
623.003410 71.200000 71.200000
624.003410 71.200000 71.200000
625.003420 71.200000 71.200000
626.003420 71.200000 71.200000
627.003427 71.200000 71.200000
628.003428 71.200000 71.200000
629.003438 71.200000 71.200000
630.003438 71.200000 71.200000
631.003449 71.200000 71.200000
632.003451 71.200000 71.200000
633.003451 71.200000 71.200000
634.003461 71.200000 71.200000
635.003464 71.200000 71.200000
636.003473 71.200000 71.200000
637.003481 71.200000 71.200000
638.003481 71.200000 71.200000
639.003481 71.200000 71.200000
640.003492 71.200000 71.200000
641.003493 71.200000 71.200000
642.003494 71.200000 71.200000
643.003494 71.200000 71.200000
644.003494 71.200000 71.200000
645.003494 71.200000 71.200000
646.003496 71.200000 71.200000
647.003496 71.200000 71.200000
648.003497 71.200000 71.200000
649.003498 71.200000 71.200000
650.003498 71.200000 71.200000
651.003500 71.200000 71.200000
652.003501 71.200000 71.200000
653.003501 71.200000 71.200000
654.003502 71.200000 71.200000
655.003505 71.200000 71.200000
656.003514 71.200000 71.200000
657.003514 71.200000 71.200000
658.003514 71.200000 71.200000
659.003514 71.200000 71.200000
660.003515 71.200000 71.200000
661.003515 71.200000 71.200000
662.003518 71.200000 71.200000
663.003518 71.200000 71.200000
664.003518 71.200000 71.200000
665.003520 71.200000 71.200000
666.003520 71.200000 71.200000
667.003520 71.200000 71.200000
668.003521 71.200000 71.200000
669.003522 71.200000 71.200000
670.003525 71.200000 71.200000
671.003572 71.200000 71.200000
672.003614 71.200000 71.200000
673.003627 71.200000 71.200000
674.003627 71.200000 71.200000
675.003637 71.200000 71.200000
676.003638 71.200000 71.200000
677.003650 71.200000 71.200000
678.003654 71.200000 71.200000
679.003666 71.200000 71.200000
680.003673 71.200000 71.200000
681.003674 71.200000 71.200000
682.003674 71.200000 71.200000
683.003674 71.200000 71.200000
684.003675 71.200000 71.200000
685.003734 71.200000 71.200000
686.003735 71.200000 71.200000
687.003746 71.200000 71.200000
688.003752 71.200000 71.200000
689.003768 71.200000 71.200000
690.003768 71.200000 71.200000
691.003768 71.200000 71.200000
692.003776 71.200000 71.200000
693.003777 71.200000 71.200000
694.003778 71.200000 71.200000
695.003781 71.200000 71.200000
696.003781 71.200000 71.200000
697.003819 71.200000 71.200000
698.003819 71.200000 71.200000
699.003826 71.200000 71.200000
700.003826 71.200000 71.200000
701.003835 71.200000 71.200000
702.003836 71.200000 71.200000
703.003837 71.200000 71.200000
704.003837 71.200000 71.200000
705.003837 71.200000 71.200000
706.003850 71.200000 71.200000
707.003850 71.200000 71.200000
708.003850 71.200000 71.200000
709.003850 71.200000 71.200000
710.003850 71.200000 71.200000
711.003850 71.200000 71.200000
712.003852 71.200000 71.200000
713.003852 71.200000 71.200000
714.003853 71.200000 71.200000
715.003854 71.200000 71.200000
716.003855 71.200000 71.200000
717.003855 71.200000 71.200000
718.003857 71.200000 71.200000
719.003860 71.200000 71.200000
720.003868 71.200000 71.200000
721.003874 71.200000 71.200000
722.003875 71.200000 71.200000
723.003875 71.200000 71.200000
724.003882 71.200000 71.200000
725.003885 71.200000 71.200000
726.003885 71.200000 71.200000
727.003887 71.200000 71.200000
728.003888 71.200000 71.200000
729.003888 71.200000 71.200000
730.003945 71.200000 71.200000
731.003952 71.200000 71.200000
732.003954 71.200000 71.200000
733.003959 71.200000 71.200000
734.003984 71.200000 71.200000
735.003988 71.200000 71.200000
736.003991 71.200000 71.200000
737.003991 71.200000 71.200000
738.003993 71.200000 71.200000
739.004000 71.200000 71.200000
740.004000 71.200000 71.200000
741.004003 71.200000 71.200000
742.004003 71.200000 71.200000
743.004003 71.200000 71.200000
744.004003 71.200000 71.200000
745.004003 71.200000 71.200000
746.004004 71.200000 71.200000
747.004004 71.200000 71.200000
748.004012 71.200000 71.200000
749.004014 71.200000 71.200000
750.004016 71.200000 71.200000
751.004026 71.200000 71.200000
752.004026 71.200000 71.200000
753.004031 71.200000 71.200000
754.004031 71.200000 71.200000
755.004041 71.200000 71.200000
756.004049 71.200000 71.200000
757.004056 71.200000 71.200000
758.004058 71.200000 71.200000
759.004059 71.200000 71.200000
760.004063 71.200000 71.200000
761.004070 71.200000 71.200000
762.004070 71.200000 71.200000
763.004079 71.200000 71.200000
764.004089 71.200000 71.200000
765.004092 71.200000 71.200000
766.004092 71.200000 71.200000
767.004101 71.200000 71.200000
768.004101 71.200000 71.200000
769.004104 71.200000 71.200000
770.004166 71.200000 71.200000
771.004166 71.200000 71.200000
772.004166 71.200000 71.200000
773.004168 71.200000 71.200000
774.004212 71.200000 71.200000
775.004215 71.200000 71.200000
776.004216 71.200000 71.200000
777.004230 71.200000 71.200000
778.004232 71.200000 71.200000
779.004234 71.200000 71.200000
780.004238 71.200000 71.200000
781.004238 71.200000 71.200000
782.004239 71.200000 71.200000
783.004239 71.200000 71.200000
784.004240 71.200000 71.200000
785.004243 71.200000 71.200000
786.004243 71.200000 71.200000
787.004243 71.200000 71.200000
788.004272 71.200000 71.200000
789.004274 71.200000 71.200000
790.004284 71.200000 71.200000
791.004284 71.200000 71.200000
792.004284 71.200000 71.200000
793.004285 71.200000 71.200000
794.004285 71.200000 71.200000
795.004286 71.200000 71.200000
796.004286 71.200000 71.200000
797.004286 71.200000 71.200000
798.004286 71.200000 71.200000
799.004288 71.200000 71.200000
