0.000542 71.200000 71.200000
1.000543 71.200000 71.200000
2.000543 71.200000 71.200000
3.000550 71.200000 71.200000
4.000560 71.200000 71.200000
5.000560 71.200000 71.200000
6.000567 71.200000 71.200000
7.000594 71.200000 71.200000
8.000595 71.200000 71.200000
9.000596 71.200000 71.200000
10.000596 71.200000 71.200000
11.000596 71.200000 71.200000
12.000601 71.200000 71.200000
13.000601 71.200000 71.200000
14.000611 71.200000 71.200000
15.000613 71.200000 71.200000
16.000613 71.200000 71.200000
17.000613 71.200000 71.200000
18.000647 71.200000 71.200000
19.000647 71.200000 71.200000
20.000647 71.200000 71.200000
21.000647 71.200000 71.200000
22.000658 71.200000 71.200000
23.000667 71.200000 71.200000
24.000685 71.200000 71.200000
25.000688 71.200000 71.200000
26.000688 71.200000 71.200000
27.000688 71.200000 71.200000
28.000767 71.200000 71.200000
29.000775 71.200000 71.200000
30.000775 71.200000 71.200000
31.000775 71.200000 71.200000
32.000780 71.200000 71.200000
33.000780 71.200000 71.200000
34.000835 71.200000 71.200000
35.000870 71.200000 71.200000
36.000880 71.200000 71.200000
37.000881 71.200000 71.200000
38.000883 71.200000 71.200000
39.000893 71.200000 71.200000
40.000893 71.200000 71.200000
41.000893 71.200000 71.200000
42.000905 71.200000 71.200000
43.000907 71.200000 71.200000
44.000907 71.200000 71.200000
45.000919 71.200000 71.200000
46.000919 71.200000 71.200000
47.000919 71.200000 71.200000
48.000922 71.200000 71.200000
49.000922 71.200000 71.200000
50.000923 71.200000 71.200000
51.000937 71.200000 71.200000
52.000986 71.200000 71.200000
53.000990 71.200000 71.200000
54.000991 71.200000 71.200000
55.000991 71.200000 71.200000
56.000996 71.200000 71.200000
57.000999 71.200000 71.200000
58.001007 71.200000 71.200000
59.001017 71.200000 71.200000
60.001028 71.200000 71.200000
61.001031 71.200000 71.200000
62.001033 71.200000 71.200000
63.001036 71.200000 71.200000
64.001076 71.200000 71.200000
65.001076 71.200000 71.200000
66.001080 71.200000 71.200000
67.001266 71.200000 71.200000
68.001266 71.200000 71.200000
69.001266 71.200000 71.200000
70.001274 71.200000 71.200000
71.001275 71.200000 71.200000
72.001275 71.200000 71.200000
73.001276 71.200000 71.200000
74.001276 71.200000 71.200000
75.001276 71.200000 71.200000
76.001280 71.200000 71.200000
77.001282 71.200000 71.200000
78.001282 71.200000 71.200000
79.001284 71.200000 71.200000
80.001287 71.200000 71.200000
81.001289 71.200000 71.200000
82.001289 71.200000 71.200000
83.001289 71.200000 71.200000
84.001289 71.200000 71.200000
85.001306 71.200000 71.200000
86.001336 71.200000 71.200000
87.001338 71.200000 71.200000
88.001341 71.200000 71.200000
89.001343 71.200000 71.200000
90.001345 71.200000 71.200000
91.001355 71.200000 71.200000
92.001355 71.200000 71.200000
93.001365 71.200000 71.200000
94.001366 71.200000 71.200000
95.001373 71.200000 71.200000
96.001373 71.200000 71.200000
97.001374 71.200000 71.200000
98.001379 71.200000 71.200000
99.001382 71.200000 71.200000
100.001382 71.200000 71.200000
101.001384 71.200000 71.200000
102.001385 71.200000 71.200000
103.001388 71.200000 71.200000
104.001391 71.200000 71.200000
105.001402 71.200000 71.200000
106.001404 71.200000 71.200000
107.001407 71.200000 71.200000
108.001418 71.200000 71.200000
109.001419 71.200000 71.200000
110.001419 71.200000 71.200000
111.001420 71.200000 71.200000
112.001422 71.200000 71.200000
113.001430 71.200000 71.200000
114.001430 71.200000 71.200000
115.001438 71.200000 71.200000
116.001444 71.200000 71.200000
117.001450 71.200000 71.200000
118.001450 71.200000 71.200000
119.001453 71.200000 71.200000
120.001456 71.200000 71.200000
121.001456 71.200000 71.200000
122.001457 71.200000 71.200000
123.001503 71.200000 71.200000
124.001503 71.200000 71.200000
125.001505 71.200000 71.200000
126.001548 71.200000 71.200000
127.001548 71.200000 71.200000
128.001551 71.200000 71.200000
129.001551 71.200000 71.200000
130.001553 71.200000 71.200000
131.001555 71.200000 71.200000
132.001555 71.200000 71.200000
133.001555 71.200000 71.200000
134.001556 71.200000 71.200000
135.001591 71.200000 71.200000
136.001591 71.200000 71.200000
137.001643 71.200000 71.200000
138.001652 71.200000 71.200000
139.001652 71.200000 71.200000
140.001661 71.200000 71.200000
141.001661 71.200000 71.200000
142.001671 71.200000 71.200000
143.001674 71.200000 71.200000
144.001675 71.200000 71.200000
145.001682 71.200000 71.200000
146.001688 71.200000 71.200000
147.001689 71.200000 71.200000
148.001689 71.200000 71.200000
149.001698 71.200000 71.200000
150.001712 71.200000 71.200000
151.001721 71.200000 71.200000
152.001721 71.200000 71.200000
153.001729 71.200000 71.200000
154.001729 71.200000 71.200000
155.001730 71.200000 71.200000
156.001733 71.200000 71.200000
157.001733 71.200000 71.200000
158.001733 71.200000 71.200000
159.001737 71.200000 71.200000
160.001737 71.200000 71.200000
161.001800 71.200000 71.200000
162.001801 71.200000 71.200000
163.001802 71.200000 71.200000
164.001805 71.200000 71.200000
165.001807 71.200000 71.200000
166.001807 71.200000 71.200000
167.001817 71.200000 71.200000
168.001821 71.200000 71.200000
169.001823 71.200000 71.200000
170.001823 71.200000 71.200000
171.001823 71.200000 71.200000
172.001824 71.200000 71.200000
173.001824 71.200000 71.200000
174.001828 71.200000 71.200000
175.001839 71.200000 71.200000
176.001846 71.200000 71.200000
177.001853 71.200000 71.200000
178.001860 71.200000 71.200000
179.001860 71.200000 71.200000
180.001880 71.200000 71.200000
181.001881 71.200000 71.200000
182.001881 71.200000 71.200000
183.001881 71.200000 71.200000
184.001881 71.200000 71.200000
185.001881 71.200000 71.200000
186.001885 71.200000 71.200000
187.001885 71.200000 71.200000
188.001897 71.200000 71.200000
189.001940 71.200000 71.200000
190.001941 71.200000 71.200000
191.001941 71.200000 71.200000
192.001941 71.200000 71.200000
193.001943 71.200000 71.200000
194.001944 71.200000 71.200000
195.001953 71.200000 71.200000
196.001953 71.200000 71.200000
197.001960 71.200000 71.200000
198.001960 71.200000 71.200000
199.001960 71.200000 71.200000
200.001962 71.200000 71.200000
201.001970 71.200000 71.200000
202.001975 71.200000 71.200000
203.001977 71.200000 71.200000
204.001977 71.200000 71.200000
205.002009 71.200000 71.200000
206.002012 71.200000 71.200000
207.002026 71.200000 71.200000
208.002027 71.200000 71.200000
209.002039 71.200000 71.200000
210.002053 71.200000 71.200000
211.002060 71.200000 71.200000
212.002060 71.200000 71.200000
213.002061 71.200000 71.200000
214.002065 71.200000 71.200000
215.002066 71.200000 71.200000
216.002078 71.200000 71.200000
217.002086 71.200000 71.200000
218.002087 71.200000 71.200000
219.002097 71.200000 71.200000
220.002100 71.200000 71.200000
221.002104 71.200000 71.200000
222.002115 71.200000 71.200000
223.002116 71.200000 71.200000
224.002119 71.200000 71.200000
225.002119 71.200000 71.200000
226.002122 71.200000 71.200000
227.002122 71.200000 71.200000
228.002135 71.200000 71.200000
229.002143 71.200000 71.200000
230.002146 71.200000 71.200000
231.002146 71.200000 71.200000
232.002146 71.200000 71.200000
233.002152 71.200000 71.200000
234.002157 71.200000 71.200000
235.002164 71.200000 71.200000
236.002169 71.200000 71.200000
237.002169 71.200000 71.200000
238.002197 71.200000 71.200000
239.002199 71.200000 71.200000
240.002200 71.200000 71.200000
241.002207 71.200000 71.200000
242.002207 71.200000 71.200000
243.002207 71.200000 71.200000
244.002211 71.200000 71.200000
245.002211 71.200000 71.200000
246.002213 71.200000 71.200000
247.002213 71.200000 71.200000
248.002213 71.200000 71.200000
249.002214 71.200000 71.200000
250.002224 71.200000 71.200000
251.002229 71.200000 71.200000
252.002269 71.200000 71.200000
253.002270 71.200000 71.200000
254.002316 71.200000 71.200000
255.002316 71.200000 71.200000
256.002317 71.200000 71.200000
257.002317 71.200000 71.200000
258.002320 71.200000 71.200000
259.002321 71.200000 71.200000
260.002321 71.200000 71.200000
261.002323 71.200000 71.200000
262.002332 71.200000 71.200000
263.002332 71.200000 71.200000
264.002343 71.200000 71.200000
265.002343 71.200000 71.200000
266.002343 71.200000 71.200000
267.002343 71.200000 71.200000
268.002376 71.200000 71.200000
269.002376 71.200000 71.200000
270.002437 71.200000 71.200000
271.002437 71.200000 71.200000
272.002437 71.200000 71.200000
273.002442 71.200000 71.200000
274.002442 71.200000 71.200000
275.002442 71.200000 71.200000
276.002446 71.200000 71.200000
277.002446 71.200000 71.200000
278.002448 71.200000 71.200000
279.002451 71.200000 71.200000
280.002459 71.200000 71.200000
281.002459 71.200000 71.200000
282.002459 71.200000 71.200000
283.002459 71.200000 71.200000
284.002463 71.200000 71.200000
285.002463 71.200000 71.200000
286.002465 71.200000 71.200000
287.002465 71.200000 71.200000
288.002465 71.200000 71.200000
289.002465 71.200000 71.200000
290.002466 71.200000 71.200000
291.002467 71.200000 71.200000
292.002467 71.200000 71.200000
293.002467 71.200000 71.200000
294.002468 71.200000 71.200000
295.002476 71.200000 71.200000
296.002476 71.200000 71.200000
297.002476 71.200000 71.200000
298.002476 71.200000 71.200000
299.002478 71.200000 71.200000
300.002478 71.200000 71.200000
301.002478 71.200000 71.200000
302.002480 71.200000 71.200000
303.002484 71.200000 71.200000
304.002485 71.200000 71.200000
305.002487 71.200000 71.200000
306.002487 71.200000 71.200000
307.002491 71.200000 71.200000
308.002491 71.200000 71.200000
309.002494 71.200000 71.200000
310.002495 71.200000 71.200000
311.002495 71.200000 71.200000
312.002497 71.200000 71.200000
313.002499 71.200000 71.200000
314.002499 71.200000 71.200000
315.002499 71.200000 71.200000
316.002506 71.200000 71.200000
317.002507 71.200000 71.200000
318.002513 71.200000 71.200000
319.002526 71.200000 71.200000
320.002534 71.200000 71.200000
321.002534 71.200000 71.200000
322.002534 71.200000 71.200000
323.002543 71.200000 71.200000
324.002553 71.200000 71.200000
325.002605 71.200000 71.200000
326.002650 71.200000 71.200000
327.002656 71.200000 71.200000
328.002664 71.200000 71.200000
329.002696 71.200000 71.200000
330.002725 71.200000 71.200000
331.002725 71.200000 71.200000
332.002731 71.200000 71.200000
333.002745 71.200000 71.200000
334.002747 71.200000 71.200000
335.002747 71.200000 71.200000
336.002755 71.200000 71.200000
337.002764 71.200000 71.200000
338.002766 71.200000 71.200000
339.002766 71.200000 71.200000
340.002769 71.200000 71.200000
341.002770 71.200000 71.200000
342.002780 71.200000 71.200000
343.002783 71.200000 71.200000
344.002796 71.200000 71.200000
345.002804 71.200000 71.200000
346.002805 71.200000 71.200000
347.002815 71.200000 71.200000
348.002816 71.200000 71.200000
349.002818 71.200000 71.200000
350.002819 71.200000 71.200000
351.002822 71.200000 71.200000
352.002836 71.200000 71.200000
353.002845 71.200000 71.200000
354.002848 71.200000 71.200000
355.002849 71.200000 71.200000
356.002852 71.200000 71.200000
357.002855 71.200000 71.200000
358.002855 71.200000 71.200000
359.002855 71.200000 71.200000
360.002858 71.200000 71.200000
361.002859 71.200000 71.200000
362.002866 71.200000 71.200000
363.002869 71.200000 71.200000
364.002870 71.200000 71.200000
365.002870 71.200000 71.200000
366.002874 71.200000 71.200000
367.002874 71.200000 71.200000
368.002879 71.200000 71.200000
369.002879 71.200000 71.200000
370.002881 71.200000 71.200000
371.002881 71.200000 71.200000
372.002893 71.200000 71.200000
373.002893 71.200000 71.200000
374.002893 71.200000 71.200000
375.002899 71.200000 71.200000
376.002900 71.200000 71.200000
377.002902 71.200000 71.200000
378.002902 71.200000 71.200000
379.002902 71.200000 71.200000
380.002902 71.200000 71.200000
381.002904 71.200000 71.200000
382.002904 71.200000 71.200000
383.002904 71.200000 71.200000
384.002905 71.200000 71.200000
385.002955 71.200000 71.200000
386.002965 71.200000 71.200000
387.002965 71.200000 71.200000
388.002980 71.200000 71.200000
389.002980 71.200000 71.200000
390.002980 71.200000 71.200000
391.002981 71.200000 71.200000
392.002981 71.200000 71.200000
393.002984 71.200000 71.200000
394.002988 71.200000 71.200000
395.002994 71.200000 71.200000
396.002994 71.200000 71.200000
397.002994 71.200000 71.200000
398.002998 71.200000 71.200000
399.002998 71.200000 71.200000
400.003003 71.200000 71.200000
401.003014 71.200000 71.200000
402.003017 71.200000 71.200000
403.003019 71.200000 71.200000
404.003022 71.200000 71.200000
405.003030 71.200000 71.200000
406.003032 71.200000 71.200000
407.003034 71.200000 71.200000
408.003034 71.200000 71.200000
409.003036 71.200000 71.200000
410.003037 71.200000 71.200000
411.003037 71.200000 71.200000
412.003037 71.200000 71.200000
413.003038 71.200000 71.200000
414.003039 71.200000 71.200000
415.003040 71.200000 71.200000
416.003042 71.200000 71.200000
417.003046 71.200000 71.200000
418.003046 71.200000 71.200000
419.003058 71.200000 71.200000
420.003058 71.200000 71.200000
421.003062 71.200000 71.200000
422.003063 71.200000 71.200000
423.003065 71.200000 71.200000
424.003065 71.200000 71.200000
425.003066 71.200000 71.200000
426.003070 71.200000 71.200000
427.003093 71.200000 71.200000
428.003093 71.200000 71.200000
429.003093 71.200000 71.200000
430.003095 71.200000 71.200000
431.003095 71.200000 71.200000
432.003097 71.200000 71.200000
433.003103 71.200000 71.200000
434.003114 71.200000 71.200000
435.003141 71.200000 71.200000
436.003141 71.200000 71.200000
437.003152 71.200000 71.200000
438.003163 71.200000 71.200000
439.003167 71.200000 71.200000
440.003167 71.200000 71.200000
441.003171 71.200000 71.200000
442.003172 71.200000 71.200000
443.003172 71.200000 71.200000
444.003173 71.200000 71.200000
445.003173 71.200000 71.200000
446.003174 71.200000 71.200000
447.003174 71.200000 71.200000
448.003175 71.200000 71.200000
449.003193 71.200000 71.200000
450.003193 71.200000 71.200000
451.003197 71.200000 71.200000
452.003205 71.200000 71.200000
453.003205 71.200000 71.200000
454.003205 71.200000 71.200000
455.003206 71.200000 71.200000
456.003209 71.200000 71.200000
457.003209 71.200000 71.200000
458.003211 71.200000 71.200000
459.003211 71.200000 71.200000
460.003212 71.200000 71.200000
461.003215 71.200000 71.200000
462.003215 71.200000 71.200000
463.003215 71.200000 71.200000
464.003217 71.200000 71.200000
465.003218 71.200000 71.200000
466.003221 71.200000 71.200000
467.003287 71.200000 71.200000
468.003314 71.200000 71.200000
469.003314 71.200000 71.200000
470.003315 71.200000 71.200000
471.003316 71.200000 71.200000
472.003326 71.200000 71.200000
473.003328 71.200000 71.200000
474.003331 71.200000 71.200000
475.003333 71.200000 71.200000
476.003333 71.200000 71.200000
477.003338 71.200000 71.200000
478.003339 71.200000 71.200000
479.003339 71.200000 71.200000
480.003352 71.200000 71.200000
481.003369 71.200000 71.200000
482.003369 71.200000 71.200000
483.003380 71.200000 71.200000
484.003390 71.200000 71.200000
485.003390 71.200000 71.200000
486.003437 71.200000 71.200000
487.003445 71.200000 71.200000
488.003445 71.200000 71.200000
489.003457 71.200000 71.200000
490.003458 71.200000 71.200000
491.003458 71.200000 71.200000
492.003463 71.200000 71.200000
493.003464 71.200000 71.200000
494.003473 71.200000 71.200000
495.003479 71.200000 71.200000
496.003490 71.200000 71.200000
497.003491 71.200000 71.200000
498.003491 71.200000 71.200000
499.003492 71.200000 71.200000
500.003493 71.200000 71.200000
501.003506 71.200000 71.200000
502.003512 71.200000 71.200000
503.003520 71.200000 71.200000
504.003534 71.200000 71.200000
505.003544 71.200000 71.200000
506.003544 71.200000 71.200000
507.003549 71.200000 71.200000
508.003549 71.200000 71.200000
509.003550 71.200000 71.200000
510.003559 71.200000 71.200000
511.003562 71.200000 71.200000
512.003565 71.200000 71.200000
513.003565 71.200000 71.200000
514.003568 71.200000 71.200000
515.003568 71.200000 71.200000
516.003568 71.200000 71.200000
517.003569 71.200000 71.200000
518.003569 71.200000 71.200000
519.003572 71.200000 71.200000
520.003585 71.200000 71.200000
521.003592 71.200000 71.200000
522.003604 71.200000 71.200000
523.003604 71.200000 71.200000
524.003607 71.200000 71.200000
525.003664 71.200000 71.200000
526.003664 71.200000 71.200000
527.003665 71.200000 71.200000
528.003666 71.200000 71.200000
529.003666 71.200000 71.200000
530.003677 71.200000 71.200000
531.003683 71.200000 71.200000
532.003686 71.200000 71.200000
533.003686 71.200000 71.200000
534.003686 71.200000 71.200000
535.003687 71.200000 71.200000
536.003688 71.200000 71.200000
537.003692 71.200000 71.200000
538.003692 71.200000 71.200000
539.003692 71.200000 71.200000
540.003692 71.200000 71.200000
541.003692 71.200000 71.200000
542.003701 71.200000 71.200000
543.003702 71.200000 71.200000
544.003704 71.200000 71.200000
545.003709 71.200000 71.200000
546.003714 71.200000 71.200000
547.003714 71.200000 71.200000
548.003717 71.200000 71.200000
549.003717 71.200000 71.200000
550.003717 71.200000 71.200000
551.003717 71.200000 71.200000
552.003717 71.200000 71.200000
553.003717 71.200000 71.200000
554.003719 71.200000 71.200000
555.003727 71.200000 71.200000
556.003730 71.200000 71.200000
557.003739 71.200000 71.200000
558.003739 71.200000 71.200000
559.003741 71.200000 71.200000
560.003754 71.200000 71.200000
561.003755 71.200000 71.200000
562.003792 71.200000 71.200000
563.003796 71.200000 71.200000
564.003803 71.200000 71.200000
565.003803 71.200000 71.200000
566.003804 71.200000 71.200000
567.003804 71.200000 71.200000
568.003804 71.200000 71.200000
569.003807 71.200000 71.200000
570.003837 71.200000 71.200000
571.003838 71.200000 71.200000
572.003838 71.200000 71.200000
573.003840 71.200000 71.200000
574.003840 71.200000 71.200000
575.003841 71.200000 71.200000
576.003848 71.200000 71.200000
577.003861 71.200000 71.200000
578.003862 71.200000 71.200000
579.003862 71.200000 71.200000
580.003926 71.200000 71.200000
581.003926 71.200000 71.200000
582.003927 71.200000 71.200000
583.003965 71.200000 71.200000
584.003974 71.200000 71.200000
585.003974 71.200000 71.200000
586.003974 71.200000 71.200000
587.003975 71.200000 71.200000
588.003990 71.200000 71.200000
589.004003 71.200000 71.200000
590.004005 71.200000 71.200000
591.004005 71.200000 71.200000
592.004005 71.200000 71.200000
593.004006 71.200000 71.200000
594.004006 71.200000 71.200000
595.004011 71.200000 71.200000
596.004013 71.200000 71.200000
597.004014 71.200000 71.200000
598.004014 71.200000 71.200000
599.004016 71.200000 71.200000
600.004017 71.200000 71.200000
601.004021 71.200000 71.200000
602.004023 71.200000 71.200000
603.004023 71.200000 71.200000
604.004031 71.200000 71.200000
605.004031 71.200000 71.200000
606.004034 71.200000 71.200000
607.004038 71.200000 71.200000
608.004060 71.200000 71.200000
609.004068 71.200000 71.200000
610.004068 71.200000 71.200000
611.004068 71.200000 71.200000
612.004070 71.200000 71.200000
613.004071 71.200000 71.200000
614.004073 71.200000 71.200000
615.004104 71.200000 71.200000
616.004104 71.200000 71.200000
617.004106 71.200000 71.200000
618.004106 71.200000 71.200000
619.004106 71.200000 71.200000
620.004106 71.200000 71.200000
621.004120 71.200000 71.200000
622.004125 71.200000 71.200000
623.004125 71.200000 71.200000
624.004129 71.200000 71.200000
625.004130 71.200000 71.200000
626.004130 71.200000 71.200000
627.004136 71.200000 71.200000
628.004186 71.200000 71.200000
629.004187 71.200000 71.200000
630.004188 71.200000 71.200000
631.004188 71.200000 71.200000
632.004189 71.200000 71.200000
633.004193 71.200000 71.200000
634.004193 71.200000 71.200000
635.004196 71.200000 71.200000
636.004198 71.200000 71.200000
637.004198 71.200000 71.200000
638.004198 71.200000 71.200000
639.004198 71.200000 71.200000
640.004198 71.200000 71.200000
641.004210 71.200000 71.200000
642.004211 71.200000 71.200000
643.004211 71.200000 71.200000
644.004215 71.200000 71.200000
645.004281 71.200000 71.200000
646.004285 71.200000 71.200000
647.004290 71.200000 71.200000
648.004290 71.200000 71.200000
649.004293 71.200000 71.200000
650.004293 71.200000 71.200000
651.004293 71.200000 71.200000
652.004295 71.200000 71.200000
653.004295 71.200000 71.200000
654.004297 71.200000 71.200000
655.004298 71.200000 71.200000
656.004300 71.200000 71.200000
657.004300 71.200000 71.200000
658.004337 71.200000 71.200000
659.004337 71.200000 71.200000
660.004337 71.200000 71.200000
661.004337 71.200000 71.200000
662.004338 71.200000 71.200000
663.004340 71.200000 71.200000
664.004340 71.200000 71.200000
665.004340 71.200000 71.200000
666.004346 71.200000 71.200000
667.004347 71.200000 71.200000
668.004347 71.200000 71.200000
669.004348 71.200000 71.200000
670.004348 71.200000 71.200000
671.004348 71.200000 71.200000
672.004350 71.200000 71.200000
673.004350 71.200000 71.200000
674.004356 71.200000 71.200000
675.004361 71.200000 71.200000
676.004361 71.200000 71.200000
677.004372 71.200000 71.200000
678.004378 71.200000 71.200000
679.004378 71.200000 71.200000
680.004382 71.200000 71.200000
681.004385 71.200000 71.200000
682.004386 71.200000 71.200000
683.004396 71.200000 71.200000
684.004398 71.200000 71.200000
685.004407 71.200000 71.200000
686.004407 71.200000 71.200000
687.004407 71.200000 71.200000
688.004408 71.200000 71.200000
689.004414 71.200000 71.200000
690.004425 71.200000 71.200000
691.004426 71.200000 71.200000
692.004426 71.200000 71.200000
693.004426 71.200000 71.200000
694.004426 71.200000 71.200000
695.004428 71.200000 71.200000
696.004428 71.200000 71.200000
697.004428 71.200000 71.200000
698.004428 71.200000 71.200000
699.004439 71.200000 71.200000
700.004451 71.200000 71.200000
701.004453 71.200000 71.200000
702.004457 71.200000 71.200000
703.004457 71.200000 71.200000
704.004457 71.200000 71.200000
705.004457 71.200000 71.200000
706.004457 71.200000 71.200000
707.004457 71.200000 71.200000
708.004459 71.200000 71.200000
709.004459 71.200000 71.200000
710.004471 71.200000 71.200000
711.004471 71.200000 71.200000
712.004471 71.200000 71.200000
713.004477 71.200000 71.200000
714.004479 71.200000 71.200000
715.004482 71.200000 71.200000
716.004493 71.200000 71.200000
717.004499 71.200000 71.200000
718.004504 71.200000 71.200000
719.004504 71.200000 71.200000
720.004509 71.200000 71.200000
721.004509 71.200000 71.200000
722.004510 71.200000 71.200000
723.004554 71.200000 71.200000
724.004560 71.200000 71.200000
725.004561 71.200000 71.200000
726.004561 71.200000 71.200000
727.004562 71.200000 71.200000
728.004562 71.200000 71.200000
729.004571 71.200000 71.200000
730.004574 71.200000 71.200000
731.004576 71.200000 71.200000
732.004580 71.200000 71.200000
733.004583 71.200000 71.200000
734.004590 71.200000 71.200000
735.004642 71.200000 71.200000
736.004644 71.200000 71.200000
737.004645 71.200000 71.200000
738.004647 71.200000 71.200000
739.004649 71.200000 71.200000
740.004651 71.200000 71.200000
741.004651 71.200000 71.200000
742.004651 71.200000 71.200000
743.004658 71.200000 71.200000
744.004670 71.200000 71.200000
745.004685 71.200000 71.200000
746.004689 71.200000 71.200000
747.004689 71.200000 71.200000
748.004689 71.200000 71.200000
749.004693 71.200000 71.200000
750.004708 71.200000 71.200000
751.004709 71.200000 71.200000
752.004709 71.200000 71.200000
753.004709 71.200000 71.200000
754.004709 71.200000 71.200000
755.004711 71.200000 71.200000
756.004711 71.200000 71.200000
757.004711 71.200000 71.200000
758.004711 71.200000 71.200000
759.004712 71.200000 71.200000
760.004713 71.200000 71.200000
761.004715 71.200000 71.200000
762.004716 71.200000 71.200000
763.004735 71.200000 71.200000
764.004738 71.200000 71.200000
765.004738 71.200000 71.200000
766.004748 71.200000 71.200000
767.004750 71.200000 71.200000
768.004752 71.200000 71.200000
769.004756 71.200000 71.200000
770.004756 71.200000 71.200000
771.004757 71.200000 71.200000
772.004764 71.200000 71.200000
773.004764 71.200000 71.200000
774.004767 71.200000 71.200000
775.004769 71.200000 71.200000
776.004769 71.200000 71.200000
777.004770 71.200000 71.200000
778.004773 71.200000 71.200000
779.004773 71.200000 71.200000
780.004780 71.200000 71.200000
781.004780 71.200000 71.200000
782.004798 71.200000 71.200000
783.004799 71.200000 71.200000
784.004802 71.200000 71.200000
785.004804 71.200000 71.200000
786.004807 71.200000 71.200000
787.004822 71.200000 71.200000
788.004823 71.200000 71.200000
789.004827 71.200000 71.200000
790.004827 71.200000 71.200000
791.004829 71.200000 71.200000
792.004830 71.200000 71.200000
793.004833 71.200000 71.200000
794.004833 71.200000 71.200000
795.004833 71.200000 71.200000
796.004834 71.200000 71.200000
797.004834 71.200000 71.200000
798.004837 71.200000 71.200000
799.004837 71.200000 71.200000
