0 573.6 0.257843 300 0
0 336.4 0.505033 3
0 291.6 0.636517 3
0 274.8 0.98861 5
0 272.8 1.1791 5
0 269.2 1.3046 5
0 263.6 2.97707 36
0 258 3.12424 36
0 252.4 3.99635 36
0 252.4 8.91556 300 82
0 252.4 15.5403 300 82
0 252.4 24.1624 300 82
0 252.4 30.201 300 82
0 252.4 37.1099 300 82
0 252.4 47.6192 300 83
0 252.4 56.1492 300 83
0 252.4 67.489 300 88
0 252.4 78.4776 300 88
0 252.4 90.1612 300 88
0 244.8 95.0724 88
0 244.8 101.796 300 88
0 244.8 112.531 300 88
0 244.8 123.265 300 88
0 244.8 134.502 300 88
0 244.8 145.151 300 88
0 244.8 155.642 300 88
0 244.8 165.666 300 88
0 244.8 175.579 300 88
0 244.8 185.247 300 88
0 244.8 197.027 300 88
0 244.8 206.91 300 88
0 244.8 218.97 300 88
0 244.8 230.847 300 88
0 244.8 241.392 300 88
0 244.8 251.677 300 88
0 244.8 260.712 300 88
0 244.8 269.497 300 88
0 244.8 282.264 300 89
0 244.8 291.478 300 89
0 244.8 304.258 300 89
0 244.8 314.098 300 89
0 244.8 324.215 300 89
0 244.8 334.282 300 89
0 244.8 346.67 300 89
0 244.8 357.76 300 89
0 244.8 370.906 300 89
0 244.8 381.06 300 89
0 244.8 390.613 300 89
0 244.8 402.894 300 89
0 244.8 413.028 300 89
0 244.8 422.785 300 89
0 244.8 433.164 300 89
0 244.8 442.665 300 89
0 244.8 452.305 300 89
0 244.8 462.458 300 89
0 244.8 471.914 300 89
0 244.8 480.797 300 89
0 244.8 490.564 300 89
0 244.8 499.553 300 89
0 244.8 508.443 300 89
0 244.8 518.834 300 89
0 244.8 524.79 300 89
0 244.8 533.289 300 89
0 244.8 540.456 300 89
0 244.8 550.925 300 89
0 244.8 559.002 300 89
0 244.8 566.766 300 89
0 244.8 576.879 300 89
0 244.8 585.099 300 89
0 244.8 593.215 300 89
0 244.8 602.716 300 89
0 244.8 612 300 89
0 244.8 619.842 300 89
0 244.8 628.959 300 89
0 244.8 636.514 300 89
0 244.8 645.057 300 89
0 244.8 657.252 300 89
0 244.8 666.053 300 89
0 244.8 675.649 300 89
0 244.8 685.043 300 89
0 244.8 692.993 300 89
0 244.8 702.128 300 89
0 244.8 714.926 300 89
0 244.8 725.827 300 89
0 244.8 734.92 300 89
0 244.8 743.801 300 89
0 244.8 752.765 300 89
0 244.8 762.505 300 89
0 244.8 768.841 300 89
0 244.8 776.878 300 89
0 244.8 786.504 300 89
0 244.8 794.494 300 89
