0.000290 71.200000 71.200000
1.000292 71.200000 71.200000
2.000293 71.200000 71.200000
3.000293 71.200000 71.200000
4.000293 71.200000 71.200000
5.000293 71.200000 71.200000
6.000295 71.200000 71.200000
7.000296 71.200000 71.200000
8.000296 71.200000 71.200000
9.000297 71.200000 71.200000
10.000297 71.200000 71.200000
11.000298 71.200000 71.200000
12.000301 71.200000 71.200000
13.000302 71.200000 71.200000
14.000302 71.200000 71.200000
15.000304 71.200000 71.200000
16.000306 71.200000 71.200000
17.000307 71.200000 71.200000
18.000310 71.200000 71.200000
19.000311 71.200000 71.200000
20.000311 71.200000 71.200000
21.000325 71.200000 71.200000
22.000336 71.200000 71.200000
23.000338 71.200000 71.200000
24.000341 71.200000 71.200000
25.000344 71.200000 71.200000
26.000346 71.200000 71.200000
27.000346 71.200000 71.200000
28.000349 71.200000 71.200000
29.000349 71.200000 71.200000
30.000349 71.200000 71.200000
31.000349 71.200000 71.200000
32.000351 71.200000 71.200000
33.000361 71.200000 71.200000
34.000362 71.200000 71.200000
35.000365 71.200000 71.200000
36.000375 71.200000 71.200000
37.000377 71.200000 71.200000
38.000378 71.200000 71.200000
39.000378 71.200000 71.200000
40.000386 71.200000 71.200000
41.000386 71.200000 71.200000
42.000387 71.200000 71.200000
43.000391 71.200000 71.200000
44.000391 71.200000 71.200000
45.000392 71.200000 71.200000
46.000392 71.200000 71.200000
47.000392 71.200000 71.200000
48.000392 71.200000 71.200000
49.000393 71.200000 71.200000
50.000394 71.200000 71.200000
51.000395 71.200000 71.200000
52.000408 71.200000 71.200000
53.000409 71.200000 71.200000
54.000409 71.200000 71.200000
55.000409 71.200000 71.200000
56.000410 71.200000 71.200000
57.000415 71.200000 71.200000
58.000419 71.200000 71.200000
59.000419 71.200000 71.200000
60.000423 71.200000 71.200000
61.000425 71.200000 71.200000
62.000426 71.200000 71.200000
63.000426 71.200000 71.200000
64.000430 71.200000 71.200000
65.000430 71.200000 71.200000
66.000430 71.200000 71.200000
67.000430 71.200000 71.200000
68.000430 71.200000 71.200000
69.000430 71.200000 71.200000
70.000430 71.200000 71.200000
71.000441 71.200000 71.200000
72.000443 71.200000 71.200000
73.000444 71.200000 71.200000
74.000455 71.200000 71.200000
75.000458 71.200000 71.200000
76.000473 71.200000 71.200000
77.000473 71.200000 71.200000
78.000474 71.200000 71.200000
79.000475 71.200000 71.200000
80.000479 71.200000 71.200000
81.000488 71.200000 71.200000
82.000491 71.200000 71.200000
83.000491 71.200000 71.200000
84.000493 71.200000 71.200000
85.000495 71.200000 71.200000
86.000497 71.200000 71.200000
87.000499 71.200000 71.200000
88.000500 71.200000 71.200000
89.000500 71.200000 71.200000
90.000500 71.200000 71.200000
91.000500 71.200000 71.200000
92.000515 71.200000 71.200000
93.000516 71.200000 71.200000
94.000517 71.200000 71.200000
95.000517 71.200000 71.200000
96.000519 71.200000 71.200000
97.000525 71.200000 71.200000
98.000527 71.200000 71.200000
99.000530 71.200000 71.200000
100.000563 71.200000 71.200000
101.000563 71.200000 71.200000
102.000563 71.200000 71.200000
103.000563 71.200000 71.200000
104.000570 71.200000 71.200000
105.000571 71.200000 71.200000
106.000578 71.200000 71.200000
107.000578 71.200000 71.200000
108.000579 71.200000 71.200000
109.000579 71.200000 71.200000
110.000579 71.200000 71.200000
111.000585 71.200000 71.200000
112.000585 71.200000 71.200000
113.000587 71.200000 71.200000
114.000587 71.200000 71.200000
115.000598 71.200000 71.200000
116.000619 71.200000 71.200000
117.000673 71.200000 71.200000
118.000683 71.200000 71.200000
119.000685 71.200000 71.200000
120.000691 71.200000 71.200000
121.000693 71.200000 71.200000
122.000696 71.200000 71.200000
123.000696 71.200000 71.200000
124.000696 71.200000 71.200000
125.000700 71.200000 71.200000
126.000701 71.200000 71.200000
127.000705 71.200000 71.200000
128.000706 71.200000 71.200000
129.000710 71.200000 71.200000
130.000710 71.200000 71.200000
131.000711 71.200000 71.200000
132.000723 71.200000 71.200000
133.000724 71.200000 71.200000
134.000725 71.200000 71.200000
135.000726 71.200000 71.200000
136.000730 71.200000 71.200000
137.000730 71.200000 71.200000
138.000731 71.200000 71.200000
139.000734 71.200000 71.200000
140.000744 71.200000 71.200000
141.000748 71.200000 71.200000
142.000774 71.200000 71.200000
143.000775 71.200000 71.200000
144.000782 71.200000 71.200000
145.000785 71.200000 71.200000
146.000787 71.200000 71.200000
147.000789 71.200000 71.200000
148.000828 71.200000 71.200000
149.000830 71.200000 71.200000
150.000830 71.200000 71.200000
151.000832 71.200000 71.200000
152.000833 71.200000 71.200000
153.000840 71.200000 71.200000
154.000840 71.200000 71.200000
155.000848 71.200000 71.200000
156.000848 71.200000 71.200000
157.000848 71.200000 71.200000
158.000850 71.200000 71.200000
159.000851 71.200000 71.200000
160.000908 71.200000 71.200000
161.000908 71.200000 71.200000
162.000915 71.200000 71.200000
163.000917 71.200000 71.200000
164.000920 71.200000 71.200000
165.000928 71.200000 71.200000
166.000930 71.200000 71.200000
167.000933 71.200000 71.200000
168.000935 71.200000 71.200000
169.000938 71.200000 71.200000
170.000938 71.200000 71.200000
171.000941 71.200000 71.200000
172.000943 71.200000 71.200000
173.000944 71.200000 71.200000
174.000944 71.200000 71.200000
175.000945 71.200000 71.200000
176.000947 71.200000 71.200000
177.000952 71.200000 71.200000
178.000953 71.200000 71.200000
179.000965 71.200000 71.200000
180.000974 71.200000 71.200000
181.000975 71.200000 71.200000
182.000981 71.200000 71.200000
183.001013 71.200000 71.200000
184.001013 71.200000 71.200000
185.001013 71.200000 71.200000
186.001022 71.200000 71.200000
187.001023 71.200000 71.200000
188.001023 71.200000 71.200000
189.001023 71.200000 71.200000
190.001028 71.200000 71.200000
191.001077 71.200000 71.200000
192.001090 71.200000 71.200000
193.001101 71.200000 71.200000
194.001110 71.200000 71.200000
195.001111 71.200000 71.200000
196.001119 71.200000 71.200000
197.001121 71.200000 71.200000
198.001123 71.200000 71.200000
199.001123 71.200000 71.200000
200.001123 71.200000 71.200000
201.001129 71.200000 71.200000
202.001129 71.200000 71.200000
203.001129 71.200000 71.200000
204.001131 71.200000 71.200000
205.001131 71.200000 71.200000
206.001134 71.200000 71.200000
207.001134 71.200000 71.200000
208.001134 71.200000 71.200000
209.001136 71.200000 71.200000
210.001137 71.200000 71.200000
211.001139 71.200000 71.200000
212.001139 71.200000 71.200000
213.001141 71.200000 71.200000
214.001141 71.200000 71.200000
215.001141 71.200000 71.200000
216.001145 71.200000 71.200000
217.001146 71.200000 71.200000
218.001146 71.200000 71.200000
219.001160 71.200000 71.200000
220.001160 71.200000 71.200000
221.001160 71.200000 71.200000
222.001161 71.200000 71.200000
223.001205 71.200000 71.200000
224.001210 71.200000 71.200000
225.001239 71.200000 71.200000
226.001240 71.200000 71.200000
227.001240 71.200000 71.200000
228.001244 71.200000 71.200000
229.001245 71.200000 71.200000
230.001245 71.200000 71.200000
231.001248 71.200000 71.200000
232.001248 71.200000 71.200000
233.001257 71.200000 71.200000
234.001260 71.200000 71.200000
235.001260 71.200000 71.200000
236.001260 71.200000 71.200000
237.001262 71.200000 71.200000
238.001262 71.200000 71.200000
239.001262 71.200000 71.200000
240.001265 71.200000 71.200000
241.001265 71.200000 71.200000
242.001265 71.200000 71.200000
243.001267 71.200000 71.200000
244.001289 71.200000 71.200000
245.001289 71.200000 71.200000
246.001289 71.200000 71.200000
247.001290 71.200000 71.200000
248.001291 71.200000 71.200000
249.001291 71.200000 71.200000
250.001296 71.200000 71.200000
251.001300 71.200000 71.200000
252.001309 71.200000 71.200000
253.001311 71.200000 71.200000
254.001312 71.200000 71.200000
255.001332 71.200000 71.200000
256.001333 71.200000 71.200000
257.001334 71.200000 71.200000
258.001346 71.200000 71.200000
259.001348 71.200000 71.200000
260.001349 71.200000 71.200000
261.001350 71.200000 71.200000
262.001359 71.200000 71.200000
263.001362 71.200000 71.200000
264.001362 71.200000 71.200000
265.001364 71.200000 71.200000
266.001365 71.200000 71.200000
267.001370 71.200000 71.200000
268.001371 71.200000 71.200000
269.001372 71.200000 71.200000
270.001372 71.200000 71.200000
271.001380 71.200000 71.200000
272.001380 71.200000 71.200000
273.001382 71.200000 71.200000
274.001382 71.200000 71.200000
275.001389 71.200000 71.200000
276.001389 71.200000 71.200000
277.001389 71.200000 71.200000
278.001389 71.200000 71.200000
279.001399 71.200000 71.200000
280.001399 71.200000 71.200000
281.001407 71.200000 71.200000
282.001407 71.200000 71.200000
283.001413 71.200000 71.200000
284.001421 71.200000 71.200000
285.001439 71.200000 71.200000
286.001440 71.200000 71.200000
287.001441 71.200000 71.200000
288.001441 71.200000 71.200000
289.001441 71.200000 71.200000
290.001441 71.200000 71.200000
291.001442 71.200000 71.200000
292.001444 71.200000 71.200000
293.001445 71.200000 71.200000
294.001449 71.200000 71.200000
295.001456 71.200000 71.200000
296.001458 71.200000 71.200000
297.001458 71.200000 71.200000
298.001458 71.200000 71.200000
299.001458 71.200000 71.200000
300.001458 71.200000 71.200000
301.001458 71.200000 71.200000
302.001458 71.200000 71.200000
303.001466 71.200000 71.200000
304.001468 71.200000 71.200000
305.001468 71.200000 71.200000
306.001471 71.200000 71.200000
307.001474 71.200000 71.200000
308.001477 71.200000 71.200000
309.001482 71.200000 71.200000
310.001494 71.200000 71.200000
311.001502 71.200000 71.200000
312.001514 71.200000 71.200000
313.001514 71.200000 71.200000
314.001514 71.200000 71.200000
315.001514 71.200000 71.200000
316.001515 71.200000 71.200000
317.001515 71.200000 71.200000
318.001515 71.200000 71.200000
319.001523 71.200000 71.200000
320.001523 71.200000 71.200000
321.001523 71.200000 71.200000
322.001531 71.200000 71.200000
323.001534 71.200000 71.200000
324.001583 71.200000 71.200000
325.001583 71.200000 71.200000
326.001583 71.200000 71.200000
327.001585 71.200000 71.200000
328.001589 71.200000 71.200000
329.001599 71.200000 71.200000
330.001605 71.200000 71.200000
331.001610 71.200000 71.200000
332.001621 71.200000 71.200000
333.001621 71.200000 71.200000
334.001624 71.200000 71.200000
335.001634 71.200000 71.200000
336.001635 71.200000 71.200000
337.001639 71.200000 71.200000
338.001642 71.200000 71.200000
339.001644 71.200000 71.200000
340.001644 71.200000 71.200000
341.001645 71.200000 71.200000
342.001645 71.200000 71.200000
343.001645 71.200000 71.200000
344.001647 71.200000 71.200000
345.001650 71.200000 71.200000
346.001650 71.200000 71.200000
347.001652 71.200000 71.200000
348.001653 71.200000 71.200000
349.001662 71.200000 71.200000
350.001662 71.200000 71.200000
351.001667 71.200000 71.200000
352.001670 71.200000 71.200000
353.001680 71.200000 71.200000
354.001680 71.200000 71.200000
355.001681 71.200000 71.200000
356.001687 71.200000 71.200000
357.001695 71.200000 71.200000
358.001696 71.200000 71.200000
359.001696 71.200000 71.200000
360.001733 71.200000 71.200000
361.001733 71.200000 71.200000
362.001733 71.200000 71.200000
363.001746 71.200000 71.200000
364.001747 71.200000 71.200000
365.001754 71.200000 71.200000
366.001756 71.200000 71.200000
367.001756 71.200000 71.200000
368.001757 71.200000 71.200000
369.001757 71.200000 71.200000
370.001760 71.200000 71.200000
371.001762 71.200000 71.200000
372.001762 71.200000 71.200000
373.001766 71.200000 71.200000
374.001777 71.200000 71.200000
375.001778 71.200000 71.200000
376.001781 71.200000 71.200000
377.001782 71.200000 71.200000
378.001791 71.200000 71.200000
379.001791 71.200000 71.200000
380.001806 71.200000 71.200000
381.001807 71.200000 71.200000
382.001812 71.200000 71.200000
383.001812 71.200000 71.200000
384.001812 71.200000 71.200000
385.001814 71.200000 71.200000
386.001814 71.200000 71.200000
387.001814 71.200000 71.200000
388.001815 71.200000 71.200000
389.001815 71.200000 71.200000
390.001815 71.200000 71.200000
391.001815 71.200000 71.200000
392.001826 71.200000 71.200000
393.001826 71.200000 71.200000
394.001831 71.200000 71.200000
395.001833 71.200000 71.200000
396.001833 71.200000 71.200000
397.001833 71.200000 71.200000
398.001844 71.200000 71.200000
399.001848 71.200000 71.200000
400.001848 71.200000 71.200000
401.001848 71.200000 71.200000
402.001848 71.200000 71.200000
403.001849 71.200000 71.200000
404.001852 71.200000 71.200000
405.001853 71.200000 71.200000
406.001853 71.200000 71.200000
407.001853 71.200000 71.200000
408.001853 71.200000 71.200000
409.001860 71.200000 71.200000
410.001862 71.200000 71.200000
411.001866 71.200000 71.200000
412.001866 71.200000 71.200000
413.001866 71.200000 71.200000
414.001866 71.200000 71.200000
415.001909 71.200000 71.200000
416.001914 71.200000 71.200000
417.001915 71.200000 71.200000
418.001916 71.200000 71.200000
419.001917 71.200000 71.200000
420.001917 71.200000 71.200000
421.001922 71.200000 71.200000
422.001922 71.200000 71.200000
423.001925 71.200000 71.200000
424.001926 71.200000 71.200000
425.001926 71.200000 71.200000
426.001928 71.200000 71.200000
427.001937 71.200000 71.200000
428.001940 71.200000 71.200000
429.001970 71.200000 71.200000
430.001972 71.200000 71.200000
431.001979 71.200000 71.200000
432.001984 71.200000 71.200000
433.001987 71.200000 71.200000
434.001987 71.200000 71.200000
435.001990 71.200000 71.200000
436.001990 71.200000 71.200000
437.001991 71.200000 71.200000
438.001998 71.200000 71.200000
439.001998 71.200000 71.200000
440.001998 71.200000 71.200000
441.002007 71.200000 71.200000
442.002010 71.200000 71.200000
443.002012 71.200000 71.200000
444.002051 71.200000 71.200000
445.002060 71.200000 71.200000
446.002096 71.200000 71.200000
447.002102 71.200000 71.200000
448.002103 71.200000 71.200000
449.002103 71.200000 71.200000
450.002105 71.200000 71.200000
451.002107 71.200000 71.200000
452.002116 71.200000 71.200000
453.002116 71.200000 71.200000
454.002121 71.200000 71.200000
455.002122 71.200000 71.200000
456.002122 71.200000 71.200000
457.002124 71.200000 71.200000
458.002124 71.200000 71.200000
459.002131 71.200000 71.200000
460.002132 71.200000 71.200000
461.002135 71.200000 71.200000
462.002185 71.200000 71.200000
463.002185 71.200000 71.200000
464.002189 71.200000 71.200000
465.002189 71.200000 71.200000
466.002190 71.200000 71.200000
467.002192 71.200000 71.200000
468.002192 71.200000 71.200000
469.002204 71.200000 71.200000
470.002205 71.200000 71.200000
471.002205 71.200000 71.200000
472.002205 71.200000 71.200000
473.002209 71.200000 71.200000
474.002216 71.200000 71.200000
475.002218 71.200000 71.200000
476.002218 71.200000 71.200000
477.002218 71.200000 71.200000
478.002223 71.200000 71.200000
479.002224 71.200000 71.200000
480.002225 71.200000 71.200000
481.002235 71.200000 71.200000
482.002235 71.200000 71.200000
483.002236 71.200000 71.200000
484.002236 71.200000 71.200000
485.002238 71.200000 71.200000
486.002248 71.200000 71.200000
487.002260 71.200000 71.200000
488.002264 71.200000 71.200000
489.002322 71.200000 71.200000
490.002367 71.200000 71.200000
491.002367 71.200000 71.200000
492.002367 71.200000 71.200000
493.002404 71.200000 71.200000
494.002405 71.200000 71.200000
495.002415 71.200000 71.200000
496.002424 71.200000 71.200000
497.002428 71.200000 71.200000
498.002428 71.200000 71.200000
499.002439 71.200000 71.200000
500.002441 71.200000 71.200000
501.002441 71.200000 71.200000
502.002445 71.200000 71.200000
503.002445 71.200000 71.200000
504.002449 71.200000 71.200000
505.002450 71.200000 71.200000
506.002452 71.200000 71.200000
507.002458 71.200000 71.200000
508.002458 71.200000 71.200000
509.002458 71.200000 71.200000
510.002464 71.200000 71.200000
511.002524 71.200000 71.200000
512.002524 71.200000 71.200000
513.002525 71.200000 71.200000
514.002525 71.200000 71.200000
515.002525 71.200000 71.200000
516.002528 71.200000 71.200000
517.002539 71.200000 71.200000
518.002548 71.200000 71.200000
519.002548 71.200000 71.200000
520.002548 71.200000 71.200000
521.002548 71.200000 71.200000
522.002556 71.200000 71.200000
523.002562 71.200000 71.200000
524.002570 71.200000 71.200000
525.002570 71.200000 71.200000
526.002570 71.200000 71.200000
527.002570 71.200000 71.200000
528.002579 71.200000 71.200000
529.002583 71.200000 71.200000
530.002585 71.200000 71.200000
531.002585 71.200000 71.200000
532.002597 71.200000 71.200000
533.002646 71.200000 71.200000
534.002659 71.200000 71.200000
535.002659 71.200000 71.200000
536.002661 71.200000 71.200000
537.002661 71.200000 71.200000
538.002666 71.200000 71.200000
539.002666 71.200000 71.200000
540.002676 71.200000 71.200000
541.002676 71.200000 71.200000
542.002679 71.200000 71.200000
543.002679 71.200000 71.200000
544.002679 71.200000 71.200000
545.002685 71.200000 71.200000
546.002685 71.200000 71.200000
547.002685 71.200000 71.200000
548.002685 71.200000 71.200000
549.002685 71.200000 71.200000
550.002697 71.200000 71.200000
551.002702 71.200000 71.200000
552.002705 71.200000 71.200000
553.002707 71.200000 71.200000
554.002708 71.200000 71.200000
555.002708 71.200000 71.200000
556.002716 71.200000 71.200000
557.002717 71.200000 71.200000
558.002730 71.200000 71.200000
559.002732 71.200000 71.200000
560.002732 71.200000 71.200000
561.002734 71.200000 71.200000
562.002734 71.200000 71.200000
563.002734 71.200000 71.200000
564.002745 71.200000 71.200000
565.002752 71.200000 71.200000
566.002758 71.200000 71.200000
567.002761 71.200000 71.200000
568.002761 71.200000 71.200000
569.002775 71.200000 71.200000
570.002778 71.200000 71.200000
571.002781 71.200000 71.200000
572.002781 71.200000 71.200000
573.002785 71.200000 71.200000
574.002791 71.200000 71.200000
575.002791 71.200000 71.200000
576.002791 71.200000 71.200000
577.002791 71.200000 71.200000
578.002792 71.200000 71.200000
579.002792 71.200000 71.200000
580.002814 71.200000 71.200000
581.002818 71.200000 71.200000
582.002818 71.200000 71.200000
583.002820 71.200000 71.200000
584.002854 71.200000 71.200000
585.002855 71.200000 71.200000
586.002855 71.200000 71.200000
587.002871 71.200000 71.200000
588.002871 71.200000 71.200000
589.002876 71.200000 71.200000
590.002891 71.200000 71.200000
591.002891 71.200000 71.200000
592.002892 71.200000 71.200000
593.002892 71.200000 71.200000
594.002892 71.200000 71.200000
595.002892 71.200000 71.200000
596.002905 71.200000 71.200000
597.002912 71.200000 71.200000
598.002912 71.200000 71.200000
599.002912 71.200000 71.200000
600.002913 71.200000 71.200000
601.002921 71.200000 71.200000
602.002921 71.200000 71.200000
603.002933 71.200000 71.200000
604.002933 71.200000 71.200000
605.002934 71.200000 71.200000
606.002936 71.200000 71.200000
607.002948 71.200000 71.200000
608.002960 71.200000 71.200000
609.002960 71.200000 71.200000
610.002961 71.200000 71.200000
611.002962 71.200000 71.200000
612.002963 71.200000 71.200000
613.002964 71.200000 71.200000
614.002965 71.200000 71.200000
615.002976 71.200000 71.200000
616.002984 71.200000 71.200000
617.002984 71.200000 71.200000
618.002997 71.200000 71.200000
619.003008 71.200000 71.200000
620.003021 71.200000 71.200000
621.003021 71.200000 71.200000
622.003028 71.200000 71.200000
623.003039 71.200000 71.200000
624.003042 71.200000 71.200000
625.003082 71.200000 71.200000
626.003121 71.200000 71.200000
627.003121 71.200000 71.200000
628.003121 71.200000 71.200000
629.003121 71.200000 71.200000
630.003121 71.200000 71.200000
631.003122 71.200000 71.200000
632.003123 71.200000 71.200000
633.003123 71.200000 71.200000
634.003125 71.200000 71.200000
635.003125 71.200000 71.200000
636.003180 71.200000 71.200000
637.003191 71.200000 71.200000
638.003192 71.200000 71.200000
639.003192 71.200000 71.200000
640.003194 71.200000 71.200000
641.003204 71.200000 71.200000
642.003205 71.200000 71.200000
643.003205 71.200000 71.200000
644.003205 71.200000 71.200000
645.003207 71.200000 71.200000
646.003208 71.200000 71.200000
647.003208 71.200000 71.200000
648.003209 71.200000 71.200000
649.003213 71.200000 71.200000
650.003213 71.200000 71.200000
651.003217 71.200000 71.200000
652.003220 71.200000 71.200000
653.003220 71.200000 71.200000
654.003223 71.200000 71.200000
655.003229 71.200000 71.200000
656.003272 71.200000 71.200000
657.003274 71.200000 71.200000
658.003285 71.200000 71.200000
659.003290 71.200000 71.200000
660.003290 71.200000 71.200000
661.003294 71.200000 71.200000
662.003338 71.200000 71.200000
663.003341 71.200000 71.200000
664.003343 71.200000 71.200000
665.003343 71.200000 71.200000
666.003343 71.200000 71.200000
667.003344 71.200000 71.200000
668.003345 71.200000 71.200000
669.003345 71.200000 71.200000
670.003348 71.200000 71.200000
671.003353 71.200000 71.200000
672.003356 71.200000 71.200000
673.003359 71.200000 71.200000
674.003360 71.200000 71.200000
675.003364 71.200000 71.200000
676.003364 71.200000 71.200000
677.003364 71.200000 71.200000
678.003370 71.200000 71.200000
679.003376 71.200000 71.200000
680.003378 71.200000 71.200000
681.003382 71.200000 71.200000
682.003385 71.200000 71.200000
683.003385 71.200000 71.200000
684.003385 71.200000 71.200000
685.003388 71.200000 71.200000
686.003390 71.200000 71.200000
687.003390 71.200000 71.200000
688.003395 71.200000 71.200000
689.003396 71.200000 71.200000
690.003396 71.200000 71.200000
691.003397 71.200000 71.200000
692.003398 71.200000 71.200000
693.003405 71.200000 71.200000
694.003407 71.200000 71.200000
695.003408 71.200000 71.200000
696.003408 71.200000 71.200000
697.003411 71.200000 71.200000
698.003412 71.200000 71.200000
699.003414 71.200000 71.200000
700.003414 71.200000 71.200000
701.003415 71.200000 71.200000
702.003459 71.200000 71.200000
703.003460 71.200000 71.200000
704.003460 71.200000 71.200000
705.003478 71.200000 71.200000
706.003488 71.200000 71.200000
707.003492 71.200000 71.200000
708.003492 71.200000 71.200000
709.003498 71.200000 71.200000
710.003499 71.200000 71.200000
711.003499 71.200000 71.200000
712.003499 71.200000 71.200000
713.003500 71.200000 71.200000
714.003503 71.200000 71.200000
715.003516 71.200000 71.200000
716.003526 71.200000 71.200000
717.003530 71.200000 71.200000
718.003530 71.200000 71.200000
719.003532 71.200000 71.200000
720.003532 71.200000 71.200000
721.003532 71.200000 71.200000
722.003548 71.200000 71.200000
723.003548 71.200000 71.200000
724.003565 71.200000 71.200000
725.003573 71.200000 71.200000
726.003573 71.200000 71.200000
727.003577 71.200000 71.200000
728.003582 71.200000 71.200000
729.003582 71.200000 71.200000
730.003585 71.200000 71.200000
731.003589 71.200000 71.200000
732.003601 71.200000 71.200000
733.003602 71.200000 71.200000
734.003602 71.200000 71.200000
735.003603 71.200000 71.200000
736.003644 71.200000 71.200000
737.003646 71.200000 71.200000
738.003648 71.200000 71.200000
739.003648 71.200000 71.200000
740.003682 71.200000 71.200000
741.003683 71.200000 71.200000
742.003684 71.200000 71.200000
743.003684 71.200000 71.200000
744.003684 71.200000 71.200000
745.003684 71.200000 71.200000
746.003684 71.200000 71.200000
747.003685 71.200000 71.200000
748.003685 71.200000 71.200000
749.003686 71.200000 71.200000
750.003686 71.200000 71.200000
751.003690 71.200000 71.200000
752.003693 71.200000 71.200000
753.003696 71.200000 71.200000
754.003699 71.200000 71.200000
755.003700 71.200000 71.200000
756.003701 71.200000 71.200000
757.003701 71.200000 71.200000
758.003703 71.200000 71.200000
759.003703 71.200000 71.200000
760.003714 71.200000 71.200000
761.003715 71.200000 71.200000
762.003715 71.200000 71.200000
763.003719 71.200000 71.200000
764.003769 71.200000 71.200000
765.003773 71.200000 71.200000
766.003773 71.200000 71.200000
767.003774 71.200000 71.200000
768.003774 71.200000 71.200000
769.003782 71.200000 71.200000
770.003782 71.200000 71.200000
771.003782 71.200000 71.200000
772.003790 71.200000 71.200000
773.003790 71.200000 71.200000
774.003790 71.200000 71.200000
775.003794 71.200000 71.200000
776.003800 71.200000 71.200000
777.003800 71.200000 71.200000
778.003800 71.200000 71.200000
779.003800 71.200000 71.200000
780.003800 71.200000 71.200000
781.003839 71.200000 71.200000
782.003845 71.200000 71.200000
783.003845 71.200000 71.200000
784.003846 71.200000 71.200000
785.003914 71.200000 71.200000
786.003923 71.200000 71.200000
787.003925 71.200000 71.200000
788.003925 71.200000 71.200000
789.003931 71.200000 71.200000
790.003932 71.200000 71.200000
791.003934 71.200000 71.200000
792.003935 71.200000 71.200000
793.003970 71.200000 71.200000
794.003977 71.200000 71.200000
795.003986 71.200000 71.200000
796.003986 71.200000 71.200000
797.003993 71.200000 71.200000
798.003993 71.200000 71.200000
799.003994 71.200000 71.200000
