0.016510 773.200000 773.200000
1.016698 412.800000 491.200000
2.018135 412.800000 734.000000
3.018712 412.800000 474.400000
4.018982 412.800000 420.400000
5.019014 412.800000 521.200000
6.019133 412.800000 536.000000
7.020079 407.200000 566.000000
8.020457 407.200000 459.600000
9.020697 407.200000 504.400000
10.020816 401.600000 454.000000
11.021351 401.600000 521.200000
12.021353 401.600000 476.400000
13.022626 401.600000 491.200000
14.022683 401.600000 515.600000
15.022869 401.600000 554.800000
16.023324 401.600000 655.600000
17.023757 401.600000 468.800000
18.024646 401.600000 588.400000
19.029219 401.600000 778.800000
20.029262 401.600000 498.800000
21.029893 401.600000 412.800000
22.030539 401.600000 412.800000
23.031052 401.600000 476.400000
24.031950 401.600000 767.600000
25.033069 401.600000 420.400000
26.033880 401.600000 474.400000
27.038286 401.600000 767.600000
28.039509 401.600000 454.000000
29.040344 401.600000 440.800000
30.040458 401.600000 508.000000
31.040806 401.600000 530.400000
32.041864 401.600000 459.600000
33.042935 401.600000 498.800000
34.043005 401.600000 412.800000
35.043485 401.600000 412.800000
36.043553 401.600000 463.200000
37.044625 401.600000 633.200000
38.044764 401.600000 431.600000
39.045365 396.000000 526.800000
40.045993 396.000000 498.800000
41.046557 396.000000 418.400000
42.046751 396.000000 465.200000
43.046781 396.000000 412.800000
44.046994 396.000000 482.000000
45.047561 396.000000 412.800000
46.048768 396.000000 424.000000
47.049000 396.000000 407.200000
48.049307 396.000000 468.800000
49.049562 396.000000 491.200000
50.050182 396.000000 396.000000
51.050283 396.000000 532.400000
52.050294 396.000000 457.600000
53.050461 396.000000 560.400000
54.050674 396.000000 605.200000
55.050838 396.000000 424.000000
56.051065 396.000000 513.600000
57.053102 396.000000 424.000000
58.056331 396.000000 773.200000
59.056993 396.000000 418.400000
60.057006 396.000000 577.200000
61.057023 396.000000 515.600000
62.058206 390.400000 549.200000
63.059237 390.400000 515.600000
64.061178 390.400000 571.600000
65.061452 390.400000 412.800000
66.061739 390.400000 446.400000
67.065479 390.400000 784.400000
68.065492 390.400000 493.200000
69.065713 390.400000 482.000000
70.066122 390.400000 487.600000
71.066239 390.400000 459.600000
72.066989 390.400000 508.000000
73.067401 390.400000 778.800000
74.067704 390.400000 459.600000
75.067728 390.400000 635.200000
76.067740 390.400000 549.200000
77.067863 390.400000 429.600000
78.067895 390.400000 474.400000
79.068539 390.400000 773.200000
80.068869 390.400000 420.400000
81.069027 390.400000 407.200000
82.069156 390.400000 431.600000
83.069248 390.400000 429.600000
84.069806 390.400000 435.200000
85.076449 390.400000 773.200000
86.077088 390.400000 437.200000
87.078266 390.400000 526.800000
88.078598 390.400000 459.600000
89.079087 390.400000 554.800000
90.079169 390.400000 429.600000
91.079627 390.400000 424.000000
92.079785 390.400000 476.400000
93.080000 390.400000 496.800000
94.080320 390.400000 440.800000
95.080666 390.400000 482.000000
96.081826 390.400000 661.200000
97.082657 390.400000 412.800000
98.082786 390.400000 424.000000
99.082846 390.400000 480.000000
100.090992 390.400000 773.200000
101.092001 390.400000 424.000000
102.092022 390.400000 560.400000
103.092552 390.400000 470.800000
104.092820 390.400000 515.600000
105.093312 390.400000 420.400000
106.093392 390.400000 412.800000
107.093827 390.400000 454.000000
108.094155 390.400000 577.200000
109.095333 390.400000 504.400000
110.095685 390.400000 502.400000
111.096160 390.400000 689.200000
112.096386 390.400000 435.200000
113.097146 390.400000 465.200000
114.097446 390.400000 457.600000
115.097673 390.400000 480.000000
116.098130 390.400000 588.400000
117.098444 390.400000 435.200000
118.098472 390.400000 429.600000
119.098921 390.400000 418.400000
120.099219 390.400000 622.000000
121.099477 390.400000 474.400000
122.099902 390.400000 407.200000
123.099982 390.400000 463.200000
124.100340 390.400000 577.200000
125.100981 390.400000 476.400000
126.101257 390.400000 482.000000
127.101691 390.400000 566.000000
128.102060 390.400000 491.200000
129.102308 390.400000 437.200000
130.102649 390.400000 487.600000
131.102831 390.400000 424.000000
132.103231 390.400000 409.200000
133.104861 390.400000 491.200000
134.105278 390.400000 519.200000
135.105380 390.400000 407.200000
136.105403 390.400000 470.800000
137.107668 390.400000 407.200000
138.108490 390.400000 482.000000
139.108748 390.400000 566.000000
140.108908 390.400000 504.400000
141.109281 390.400000 412.800000
142.109388 390.400000 468.800000
143.109559 390.400000 452.000000
144.109609 390.400000 549.200000
145.109661 390.400000 435.200000
146.110501 390.400000 519.200000
147.110792 390.400000 452.000000
148.110984 390.400000 526.800000
149.111334 390.400000 526.800000
150.114097 390.400000 773.200000
151.114240 390.400000 487.600000
152.114367 390.400000 474.400000
153.114626 390.400000 454.000000
154.114867 390.400000 549.200000
155.114966 390.400000 424.000000
156.115088 390.400000 524.800000
157.115751 390.400000 435.200000
158.115788 390.400000 452.000000
159.115836 390.400000 407.200000
160.115929 390.400000 463.200000
161.116347 390.400000 407.200000
162.117086 390.400000 493.200000
163.117153 390.400000 543.600000
164.117532 390.400000 412.800000
165.117846 390.400000 409.200000
166.118485 390.400000 407.200000
167.118635 390.400000 504.400000
168.118701 390.400000 502.400000
169.119135 390.400000 459.600000
170.124053 390.400000 778.800000
171.124485 390.400000 414.800000
172.124753 390.400000 767.600000
173.124817 390.400000 424.000000
174.124894 390.400000 412.800000
175.124963 390.400000 435.200000
176.124990 390.400000 480.000000
177.125330 390.400000 543.600000
178.125425 390.400000 543.600000
179.125597 390.400000 412.800000
180.126431 390.400000 452.000000
181.126899 390.400000 508.000000
182.126990 390.400000 508.000000
183.127265 390.400000 429.600000
184.127513 390.400000 504.400000
185.127696 390.400000 538.000000
186.128668 390.400000 412.800000
187.128729 390.400000 474.400000
188.128936 390.400000 493.200000
189.128987 390.400000 470.800000
190.129659 390.400000 566.000000
191.129807 390.400000 521.200000
192.130065 390.400000 431.600000
193.130224 390.400000 446.400000
194.130883 390.400000 476.400000
195.130954 390.400000 513.600000
196.131098 390.400000 440.800000
197.131174 390.400000 547.200000
198.131230 390.400000 476.400000
199.131460 390.400000 554.800000
200.131649 390.400000 498.800000
201.131799 390.400000 446.400000
202.132319 390.400000 672.400000
203.133500 390.400000 566.000000
204.133505 390.400000 407.200000
205.133541 390.400000 412.800000
206.133607 390.400000 407.200000
207.134078 390.400000 457.600000
208.134189 390.400000 491.200000
209.134531 390.400000 513.600000
210.135092 390.400000 493.200000
211.135577 390.400000 566.000000
212.135578 390.400000 457.600000
213.135907 390.400000 440.800000
214.136399 390.400000 407.200000
215.137015 390.400000 566.000000
216.137445 390.400000 549.200000
217.137934 390.400000 429.600000
218.138337 390.400000 493.200000
219.139038 390.400000 457.600000
220.139292 390.400000 498.800000
221.140112 390.400000 498.800000
222.140257 390.400000 448.400000
223.140288 390.400000 457.600000
224.140455 390.400000 448.400000
225.140942 390.400000 474.400000
226.142047 390.400000 767.600000
227.142789 390.400000 504.400000
228.143046 390.400000 465.200000
229.143496 390.400000 524.800000
230.144010 390.400000 773.200000
231.145055 390.400000 412.800000
232.145888 390.400000 442.800000
233.146002 390.400000 739.600000
234.146327 390.400000 515.600000
235.146348 390.400000 470.800000
236.149815 390.400000 538.000000
237.150208 390.400000 412.800000
238.150292 390.400000 440.800000
239.150303 390.400000 474.400000
240.150770 390.400000 502.400000
241.153290 390.400000 622.000000
242.153997 390.400000 767.600000
243.154761 390.400000 452.000000
244.155007 390.400000 463.200000
245.155484 390.400000 442.800000
246.155518 390.400000 429.600000
247.156159 390.400000 498.800000
248.156423 390.400000 412.800000
249.157205 390.400000 554.800000
250.157249 390.400000 491.200000
251.157269 390.400000 588.400000
252.157450 390.400000 526.800000
253.157696 390.400000 412.800000
254.158070 390.400000 566.000000
255.158717 390.400000 480.000000
256.158786 390.400000 418.400000
257.159737 390.400000 599.600000
258.159887 390.400000 543.600000
259.159984 390.400000 566.000000
260.160891 390.400000 566.000000
261.161356 390.400000 474.400000
262.161368 390.400000 549.200000
263.161386 390.400000 412.800000
264.161776 390.400000 485.600000
265.161793 390.400000 474.400000
266.161991 390.400000 582.800000
267.171550 390.400000 773.200000
268.173699 390.400000 513.600000
269.173713 390.400000 407.200000
270.175261 390.400000 431.600000
271.175297 390.400000 498.800000
272.175767 390.400000 442.800000
273.175773 390.400000 560.400000
274.176202 390.400000 454.000000
275.177405 390.400000 554.800000
276.177428 390.400000 476.400000
277.177709 390.400000 485.600000
278.178323 390.400000 463.200000
279.178505 390.400000 493.200000
280.179167 390.400000 426.000000
281.179564 390.400000 465.200000
282.181553 390.400000 627.600000
283.181952 390.400000 431.600000
284.182041 390.400000 424.000000
285.183109 390.400000 482.000000
286.183651 390.400000 739.600000
287.184027 390.400000 521.200000
288.184303 390.400000 532.400000
289.184811 390.400000 543.600000
290.184822 390.400000 504.400000
291.185926 390.400000 485.600000
292.185958 390.400000 440.800000
293.186106 390.400000 468.800000
294.186120 390.400000 407.200000
295.186287 390.400000 440.800000
296.186843 390.400000 414.800000
297.187941 390.400000 513.600000
298.187985 390.400000 504.400000
299.188777 390.400000 498.800000
300.190207 390.400000 502.400000
301.190594 390.400000 508.000000
302.191388 390.400000 424.000000
303.192130 390.400000 463.200000
304.192607 390.400000 429.600000
305.193467 390.400000 773.200000
306.193769 390.400000 745.200000
307.194513 390.400000 446.400000
308.194586 390.400000 476.400000
309.195283 390.400000 457.600000
310.195640 390.400000 773.200000
311.196352 390.400000 409.200000
312.197363 390.400000 465.200000
313.197433 390.400000 418.400000
314.197669 390.400000 661.200000
315.198597 390.400000 424.000000
316.199081 390.400000 750.800000
317.199397 390.400000 418.400000
318.199464 390.400000 487.600000
319.200008 390.400000 446.400000
320.200200 390.400000 412.800000
321.200685 390.400000 515.600000
322.201118 390.400000 560.400000
323.202157 390.400000 459.600000
324.203227 390.400000 504.400000
325.203377 390.400000 412.800000
326.203975 390.400000 412.800000
327.204404 390.400000 459.600000
328.204655 390.400000 554.800000
329.204955 390.400000 532.400000
330.205409 390.400000 476.400000
331.205580 390.400000 480.000000
332.207992 390.400000 739.600000
333.208672 390.400000 538.000000
334.209144 390.400000 424.000000
335.210737 390.400000 767.600000
336.211055 390.400000 493.200000
337.211515 390.400000 412.800000
338.211902 390.400000 496.800000
339.212057 390.400000 526.800000
340.212307 390.400000 407.200000
341.212877 390.400000 487.600000
342.213421 390.400000 510.000000
343.214197 390.400000 496.800000
344.214385 390.400000 463.200000
345.214637 390.400000 476.400000
346.214760 390.400000 412.800000
347.215384 390.400000 504.400000
348.215555 390.400000 448.400000
349.215595 390.400000 429.600000
350.215651 390.400000 429.600000
351.215686 390.400000 424.000000
352.216224 390.400000 482.000000
353.216655 390.400000 521.200000
354.217165 390.400000 543.600000
355.217607 390.400000 491.200000
356.218470 390.400000 510.000000
357.218547 390.400000 493.200000
358.218923 390.400000 571.600000
359.218995 390.400000 560.400000
360.220150 390.400000 480.000000
361.220841 390.400000 407.200000
362.221188 390.400000 435.200000
363.221210 390.400000 412.800000
364.221444 390.400000 610.800000
365.222551 390.400000 571.600000
366.222625 390.400000 468.800000
367.223657 390.400000 476.400000
368.223866 390.400000 440.800000
369.224110 390.400000 480.000000
370.224593 390.400000 560.400000
371.224614 390.400000 424.000000
372.225956 390.400000 532.400000
373.226588 390.400000 424.000000
374.227072 390.400000 521.200000
375.228010 390.400000 496.800000
376.228112 390.400000 480.000000
377.228475 390.400000 426.000000
378.228792 390.400000 605.200000
379.231366 390.400000 429.600000
380.231418 390.400000 468.800000
381.231552 390.400000 521.200000
382.232156 390.400000 508.000000
383.232395 390.400000 566.000000
384.232982 390.400000 599.600000
385.233026 390.400000 508.000000
386.233180 390.400000 610.800000
387.236341 390.400000 762.000000
388.236744 390.400000 435.200000
389.237386 390.400000 470.800000
390.237468 390.400000 412.800000
391.237638 390.400000 560.400000
392.237726 390.400000 435.200000
393.238413 390.400000 412.800000
394.238450 390.400000 424.000000
395.238536 390.400000 418.400000
396.238703 390.400000 508.000000
397.238984 390.400000 424.000000
398.241659 390.400000 601.600000
399.241780 390.400000 491.200000
400.245408 390.400000 493.200000
401.246984 390.400000 524.800000
402.247177 390.400000 465.200000
403.247666 390.400000 538.000000
404.250277 390.400000 773.200000
405.250370 390.400000 440.800000
406.250410 390.400000 429.600000
407.250593 390.400000 470.800000
408.252061 390.400000 577.200000
409.252727 390.400000 508.000000
410.253235 390.400000 482.000000
411.253734 390.400000 470.800000
412.254081 390.400000 459.600000
413.254301 390.400000 491.200000
414.254698 390.400000 519.200000
415.255657 390.400000 538.000000
416.256494 390.400000 502.400000
417.256557 390.400000 418.400000
418.258178 390.400000 452.000000
419.259690 390.400000 474.400000
420.260422 390.400000 468.800000
421.260479 390.400000 470.800000
422.261697 390.400000 496.800000
423.261904 390.400000 498.800000
424.262399 390.400000 418.400000
425.263358 390.400000 526.800000
426.266460 390.400000 666.800000
427.266753 390.400000 420.400000
428.266843 390.400000 457.600000
429.266968 390.400000 502.400000
430.267295 390.400000 459.600000
431.267769 390.400000 414.800000
432.267964 390.400000 418.400000
433.268097 390.400000 672.400000
434.269905 390.400000 446.400000
435.269956 390.400000 498.800000
436.270523 390.400000 571.600000
437.270719 390.400000 474.400000
438.271873 390.400000 512.000000
439.272522 390.400000 493.200000
440.273649 390.400000 566.000000
441.276860 390.400000 588.400000
442.276923 390.400000 418.400000
443.277115 390.400000 407.200000
444.277151 390.400000 446.400000
445.280696 390.400000 773.200000
446.280808 390.400000 424.000000
447.280817 390.400000 452.000000
448.281058 390.400000 431.600000
449.281249 390.400000 468.800000
450.281449 390.400000 470.800000
451.281928 390.400000 435.200000
452.283054 390.400000 508.000000
453.283533 390.400000 666.800000
454.283902 390.400000 491.200000
455.284122 390.400000 424.000000
456.285006 390.400000 485.600000
457.285148 390.400000 474.400000
458.285350 390.400000 424.000000
459.285369 390.400000 496.800000
460.285439 390.400000 515.600000
461.285940 390.400000 468.800000
462.286402 390.400000 474.400000
463.287063 390.400000 773.200000
464.288098 390.400000 571.600000
465.288547 390.400000 480.000000
466.288730 390.400000 457.600000
467.288746 390.400000 412.800000
468.292319 390.400000 429.600000
469.292640 390.400000 526.800000
470.292956 390.400000 429.600000
471.293423 390.400000 482.000000
472.293667 390.400000 577.200000
473.294786 390.400000 773.200000
474.294920 390.400000 526.800000
475.295316 390.400000 442.800000
476.295777 390.400000 463.200000
477.295971 390.400000 485.600000
478.296276 390.400000 452.000000
479.296524 390.400000 437.200000
480.298119 390.400000 435.200000
481.298142 390.400000 496.800000
482.298165 390.400000 513.600000
483.298499 390.400000 459.600000
484.299229 390.400000 767.600000
485.299239 390.400000 549.200000
486.299370 390.400000 577.200000
487.299445 390.400000 530.400000
488.300441 390.400000 463.200000
489.300672 390.400000 508.000000
490.301554 390.400000 424.000000
491.302110 390.400000 498.800000
492.302173 390.400000 457.600000
493.302397 390.400000 437.200000
494.302595 390.400000 424.000000
495.303870 390.400000 498.800000
496.304257 390.400000 530.400000
497.305729 390.400000 549.200000
498.308090 390.400000 485.600000
499.308719 390.400000 420.400000
500.308863 390.400000 532.400000
501.309135 390.400000 482.000000
502.310032 390.400000 549.200000
503.310102 390.400000 566.000000
504.312594 390.400000 418.400000
505.313956 390.400000 515.600000
506.314607 390.400000 526.800000
507.315726 390.400000 513.600000
508.315804 390.400000 465.200000
509.315890 390.400000 407.200000
510.316297 390.400000 442.800000
511.317097 390.400000 493.200000
512.317132 390.400000 532.400000
513.317280 390.400000 448.400000
514.320282 390.400000 672.400000
515.320555 390.400000 482.000000
516.320679 390.400000 454.000000
517.322117 390.400000 577.200000
518.322605 390.400000 412.800000
519.322938 390.400000 457.600000
520.323208 390.400000 491.200000
521.323344 390.400000 403.600000
522.325010 390.400000 538.000000
523.325295 390.400000 778.800000
524.325647 390.400000 446.400000
525.326050 390.400000 515.600000
526.326110 390.400000 407.200000
527.326128 390.400000 429.600000
528.327369 390.400000 767.600000
529.327597 390.400000 504.400000
530.328214 390.400000 745.200000
531.328712 390.400000 610.800000
532.329864 390.400000 491.200000
533.330835 390.400000 424.000000
534.330942 390.400000 429.600000
535.331702 390.400000 510.000000
536.331892 390.400000 418.400000
537.332427 390.400000 407.200000
538.332695 390.400000 526.800000
539.333023 390.400000 485.600000
540.333173 390.400000 424.000000
541.334194 390.400000 418.400000
542.334595 390.400000 442.800000
543.334840 390.400000 412.800000
544.335413 390.400000 470.800000
545.336123 390.400000 429.600000
546.336257 390.400000 407.200000
547.336366 390.400000 440.800000
548.336466 390.400000 407.200000
549.336870 390.400000 605.200000
550.337006 390.400000 530.400000
551.338871 390.400000 655.600000
552.339079 390.400000 610.800000
553.339144 390.400000 504.400000
554.339802 390.400000 510.000000
555.340217 390.400000 412.800000
556.340462 390.400000 493.200000
557.340586 390.400000 554.800000
558.341063 390.400000 442.800000
559.341193 390.400000 412.800000
560.341557 390.400000 532.400000
561.341699 390.400000 440.800000
562.342004 390.400000 502.400000
563.342101 390.400000 463.200000
564.342261 390.400000 429.600000
565.342798 390.400000 480.000000
566.344069 390.400000 452.000000
567.344191 390.400000 485.600000
568.344314 390.400000 502.400000
569.344917 390.400000 627.600000
570.345265 390.400000 487.600000
571.345460 390.400000 577.200000
572.345755 390.400000 521.200000
573.346245 390.400000 644.400000
574.346493 390.400000 418.400000
575.346790 390.400000 493.200000
576.347912 390.400000 661.200000
577.348471 390.400000 414.800000
578.349646 390.400000 508.000000
579.349688 390.400000 594.000000
580.350178 390.400000 463.200000
581.350780 390.400000 485.600000
582.351181 390.400000 491.200000
583.351896 390.400000 502.400000
584.351909 390.400000 452.000000
585.352835 390.400000 412.800000
586.353599 390.400000 558.400000
587.354342 390.400000 414.800000
588.354667 390.400000 575.200000
589.355337 390.400000 463.200000
590.355659 390.400000 418.400000
591.355806 390.400000 571.600000
592.355969 390.400000 435.200000
593.357531 390.400000 700.400000
594.357746 390.400000 485.600000
595.357902 390.400000 446.400000
596.357908 390.400000 549.200000
597.358222 390.400000 463.200000
598.359106 390.400000 412.800000
599.360707 390.400000 424.000000
600.360841 390.400000 459.600000
601.360994 390.400000 448.400000
602.361858 390.400000 418.400000
603.361958 390.400000 418.400000
604.362057 390.400000 493.200000
605.362852 390.400000 661.200000
606.363017 390.400000 493.200000
607.363684 390.400000 588.400000
608.363983 390.400000 480.000000
609.363995 390.400000 429.600000
610.364374 390.400000 424.000000
611.365655 390.400000 554.800000
612.366343 390.400000 429.600000
613.366463 390.400000 420.400000
614.366651 390.400000 459.600000
615.367403 390.400000 515.600000
616.367735 390.400000 504.400000
617.368156 390.400000 521.200000
618.368190 390.400000 493.200000
619.369504 390.400000 616.400000
620.369704 390.400000 496.800000
621.370229 390.400000 429.600000
622.370563 390.400000 412.800000
623.370847 390.400000 582.800000
624.371095 390.400000 437.200000
625.371099 390.400000 504.400000
626.371489 390.400000 424.000000
627.372583 390.400000 616.400000
628.373708 390.400000 435.200000
629.374579 390.400000 448.400000
630.375895 390.400000 496.800000
631.376041 390.400000 493.200000
632.377681 390.400000 538.000000
633.377779 390.400000 468.800000
634.378047 390.400000 431.600000
635.381746 390.400000 571.600000
636.382276 390.400000 465.200000
637.383895 390.400000 532.400000
638.384724 390.400000 435.200000
639.384750 390.400000 412.800000
640.384928 390.400000 468.800000
641.385088 390.400000 566.000000
642.385905 390.400000 454.000000
643.387756 390.400000 496.800000
644.388468 390.400000 435.200000
645.392237 390.400000 767.600000
646.392359 390.400000 457.600000
647.393254 390.400000 560.400000
648.397621 390.400000 767.600000
649.397937 390.400000 454.000000
650.397952 390.400000 407.200000
651.398065 390.400000 429.600000
652.398226 390.400000 414.800000
653.398797 390.400000 622.000000
654.401139 390.400000 767.600000
655.401411 390.400000 767.600000
656.401733 390.400000 407.200000
657.401938 390.400000 454.000000
658.403203 390.400000 655.600000
659.403826 390.400000 508.000000
660.404125 390.400000 605.200000
661.405492 390.400000 424.000000
662.405617 390.400000 547.200000
663.406114 390.400000 515.600000
664.406689 390.400000 487.600000
665.406742 390.400000 560.400000
666.406875 390.400000 437.200000
667.407038 390.400000 452.000000
668.408325 390.400000 476.400000
669.409494 390.400000 470.800000
670.409829 390.400000 672.400000
671.410161 390.400000 412.800000
672.410269 390.400000 426.000000
673.410338 390.400000 424.000000
674.410696 390.400000 446.400000
675.410807 390.400000 504.400000
676.411058 390.400000 412.800000
677.411262 390.400000 424.000000
678.412067 390.400000 552.800000
679.412228 390.400000 498.800000
680.412490 390.400000 739.600000
681.412950 390.400000 463.200000
682.413247 390.400000 560.400000
683.413990 390.400000 582.800000
684.415013 390.400000 650.000000
685.415605 390.400000 407.200000
686.416851 390.400000 420.400000
687.424466 390.400000 767.600000
688.424895 390.400000 424.000000
689.424959 390.400000 491.200000
690.425387 390.400000 566.000000
691.428862 390.400000 524.800000
692.429535 390.400000 493.200000
693.430376 390.400000 424.000000
694.430878 390.400000 476.400000
695.430910 390.400000 491.200000
696.431394 390.400000 605.200000
697.431853 390.400000 515.600000
698.431991 390.400000 407.200000
699.432135 390.400000 638.800000
700.432446 390.400000 452.000000
701.433330 390.400000 440.800000
702.433463 390.400000 566.000000
703.433903 390.400000 767.600000
704.434122 390.400000 465.200000
705.434793 390.400000 650.000000
706.434936 390.400000 412.800000
707.435379 390.400000 448.400000
708.436686 390.400000 588.400000
709.436915 390.400000 566.000000
710.437459 390.400000 435.200000
711.437535 390.400000 470.800000
712.437693 390.400000 582.800000
713.438376 390.400000 440.800000
714.438566 390.400000 485.600000
715.439252 390.400000 446.400000
716.439850 390.400000 482.000000
717.440412 390.400000 476.400000
718.440608 390.400000 571.600000
719.441229 390.400000 493.200000
720.441448 390.400000 429.600000
721.443825 390.400000 745.200000
722.444379 390.400000 480.000000
723.444666 390.400000 407.200000
724.444736 390.400000 452.000000
725.445208 390.400000 491.200000
726.446364 390.400000 457.600000
727.446966 390.400000 543.600000
728.446996 390.400000 582.800000
729.448982 390.400000 510.000000
730.449259 390.400000 414.800000
731.449836 390.400000 577.200000
732.450675 390.400000 515.600000
733.450966 390.400000 588.400000
734.452250 390.400000 463.200000
735.452843 390.400000 468.800000
736.453233 390.400000 762.000000
737.454424 390.400000 480.000000
738.455950 390.400000 524.800000
739.456142 390.400000 599.600000
740.456332 390.400000 446.400000
741.457489 390.400000 465.200000
742.458246 390.400000 407.200000
743.458572 390.400000 485.600000
744.459632 390.400000 435.200000
745.459918 390.400000 588.400000
746.463610 390.400000 773.200000
747.465014 390.400000 407.200000
748.465271 390.400000 767.600000
749.472180 390.400000 778.800000
750.472743 390.400000 521.200000
751.473609 390.400000 429.600000
752.474252 390.400000 426.000000
753.474624 390.400000 485.600000
754.474987 390.400000 418.400000
755.475721 390.400000 412.800000
756.475869 390.400000 575.200000
757.476521 390.400000 582.800000
758.477638 390.400000 582.800000
759.477768 390.400000 538.000000
760.479324 390.400000 463.200000
761.479490 390.400000 577.200000
762.479970 390.400000 424.000000
763.480316 390.400000 496.800000
764.480743 390.400000 463.200000
765.482135 390.400000 412.800000
766.482911 390.400000 440.800000
767.483333 390.400000 521.200000
768.483950 390.400000 508.000000
769.484233 390.400000 530.400000
770.486976 390.400000 538.000000
771.487288 390.400000 452.000000
772.487709 390.400000 420.400000
773.488281 390.400000 515.600000
774.488324 390.400000 498.800000
775.495289 390.400000 778.800000
776.495584 390.400000 476.400000
777.495940 390.400000 491.200000
778.496241 390.400000 508.000000
779.496253 390.400000 457.600000
780.496402 390.400000 401.600000
781.496657 390.400000 435.200000
782.496684 390.400000 463.200000
783.497271 390.400000 476.400000
784.497797 390.400000 549.200000
785.500557 390.400000 661.200000
786.501026 390.400000 452.000000
787.501790 390.400000 418.400000
788.501855 390.400000 508.000000
789.501875 390.400000 526.800000
790.502192 390.400000 519.200000
791.502470 390.400000 468.800000
792.502827 390.400000 504.400000
793.505116 390.400000 502.400000
794.507647 390.400000 454.000000
795.508831 390.400000 582.800000
796.508941 390.400000 498.800000
797.510054 390.400000 498.800000
798.512029 390.400000 485.600000
799.512436 390.400000 515.600000
