34.734664 504.400000 504.400000
36.510096 504.400000 504.400000
37.884313 504.400000 409.200000
38.971462 409.200000 409.200000
40.388581 409.200000 409.200000
42.577120 398.000000 398.000000
44.003818 398.000000 398.000000
45.398666 398.000000 398.000000
46.705001 398.000000 398.000000
48.595877 398.000000 398.000000
50.568149 398.000000 394.400000
52.410494 394.400000 394.400000
54.449429 394.400000 394.400000
55.927109 394.400000 342.000000
57.521334 342.000000 342.000000
59.994945 342.000000 342.000000
61.082703 342.000000 325.200000
62.552245 325.200000 325.200000
64.424866 325.200000 325.200000
65.862756 325.200000 314.000000
67.232934 314.000000 314.000000
69.240008 314.000000 314.000000
71.358606 314.000000 314.000000
72.454804 314.000000 308.400000
73.680522 308.400000 308.400000
75.261749 308.400000 308.400000
77.255623 308.400000 308.400000
79.213666 308.400000 308.400000
80.326973 308.400000 308.400000
81.633395 308.400000 308.400000
83.014962 308.400000 308.400000
85.259064 308.400000 308.400000
87.193746 308.400000 308.400000
88.279922 308.400000 302.800000
89.582373 302.800000 302.800000
91.128716 302.800000 302.800000
92.184328 302.800000 297.200000
93.571538 297.200000 297.200000
95.695886 297.200000 297.200000
97.461038 297.200000 297.200000
99.456687 297.200000 297.200000
101.184280 297.200000 297.200000
102.185994 297.200000 297.200000
103.583271 297.200000 297.200000
105.105893 297.200000 297.200000
107.418856 297.200000 297.200000
109.317075 297.200000 297.200000
111.222664 297.200000 297.200000
112.320378 297.200000 291.600000
113.599931 291.600000 291.600000
115.322250 291.600000 291.600000
117.191927 291.600000 291.600000
118.527132 291.600000 291.600000
119.567933 291.600000 291.600000
121.056400 291.600000 291.600000
122.913832 291.600000 291.600000
124.444604 291.600000 291.600000
126.289784 291.600000 291.600000
128.171629 291.600000 291.600000
129.602173 291.600000 291.600000
131.568270 291.600000 291.600000
133.458011 291.600000 291.600000
135.341688 291.600000 291.600000
137.582972 291.600000 291.600000
139.413184 291.600000 291.600000
141.257534 291.600000 291.600000
143.444911 291.600000 291.600000
145.328897 291.600000 291.600000
146.757062 291.600000 291.600000
147.892995 291.600000 291.600000
148.915370 291.600000 291.600000
150.075565 291.600000 291.600000
152.259071 291.600000 291.600000
153.901769 291.600000 291.600000
155.055838 291.600000 291.600000
156.189198 291.600000 291.600000
157.850426 291.600000 291.600000
160.215132 291.600000 291.600000
162.534672 291.600000 291.600000
164.101308 291.600000 291.600000
165.402163 291.600000 291.600000
166.866487 291.600000 291.600000
168.732281 291.600000 291.600000
170.784058 291.600000 291.600000
172.753389 291.600000 291.600000
174.761555 291.600000 291.600000
176.829938 291.600000 291.600000
179.181376 291.600000 291.600000
181.337444 291.600000 291.600000
183.396432 291.600000 291.600000
185.280534 291.600000 291.600000
187.189067 291.600000 291.600000
189.512767 291.600000 291.600000
191.030884 291.600000 291.600000
192.089807 291.600000 291.600000
193.355705 291.600000 291.600000
195.420256 291.600000 291.600000
197.797325 291.600000 291.600000
199.253371 291.600000 291.600000
200.433115 291.600000 291.600000
201.516986 291.600000 291.600000
203.051064 291.600000 291.600000
204.929565 291.600000 291.600000
206.864114 291.600000 291.600000
208.384335 291.600000 291.600000
209.987557 291.600000 291.600000
211.884126 291.600000 291.600000
213.824023 291.600000 291.600000
215.858558 291.600000 291.600000
216.955673 291.600000 291.600000
218.587776 291.600000 291.600000
220.132064 291.600000 291.600000
222.574185 291.600000 291.600000
224.989664 291.600000 291.600000
227.385122 291.600000 291.600000
228.487956 291.600000 291.600000
229.741920 291.600000 291.600000
231.262993 291.600000 291.600000
232.384976 291.600000 291.600000
233.711360 291.600000 291.600000
235.852388 291.600000 291.600000
237.008689 291.600000 291.600000
238.025558 291.600000 291.600000
239.087451 291.600000 291.600000
240.168641 291.600000 291.600000
242.120852 291.600000 291.600000
244.138902 291.600000 291.600000
246.224287 291.600000 291.600000
247.447863 291.600000 291.600000
248.727122 291.600000 291.600000
250.394571 291.600000 291.600000
251.891686 291.600000 291.600000
252.975482 291.600000 291.600000
254.231851 291.600000 291.600000
255.809081 291.600000 291.600000
286.523851 291.600000 465.200000
287.977222 291.600000 465.200000
289.857812 291.600000 403.600000
291.264314 291.600000 403.600000
292.456292 291.600000 403.600000
294.267426 291.600000 403.600000
296.283145 291.600000 403.600000
297.845665 291.600000 353.200000
299.704376 291.600000 353.200000
301.676117 291.600000 336.400000
304.021369 291.600000 336.400000
305.900874 291.600000 336.400000
307.135594 291.600000 330.800000
308.216274 291.600000 330.800000
309.466663 291.600000 330.800000
311.087132 291.600000 330.800000
312.435038 291.600000 325.200000
313.672829 291.600000 325.200000
315.092364 291.600000 325.200000
316.522801 291.600000 325.200000
318.006703 291.600000 325.200000
319.491441 291.600000 325.200000
321.636445 291.600000 325.200000
323.778305 291.600000 325.200000
325.337911 291.600000 325.200000
326.700009 291.600000 325.200000
328.920499 291.600000 325.200000
331.200865 291.600000 325.200000
333.416441 291.600000 325.200000
334.956968 291.600000 319.600000
336.517108 291.600000 319.600000
338.621269 291.600000 319.600000
339.948853 291.600000 314.000000
340.976325 291.600000 314.000000
341.998170 291.600000 314.000000
343.850892 291.600000 314.000000
345.697885 291.600000 314.000000
348.222282 291.600000 314.000000
349.567791 291.600000 310.400000
350.680079 291.600000 310.400000
351.728515 291.600000 310.400000
353.698250 291.600000 310.400000
355.752485 291.600000 310.400000
357.862420 291.600000 310.400000
359.378055 291.600000 302.800000
360.382645 291.600000 302.800000
361.466055 291.600000 302.800000
363.236082 291.600000 302.800000
365.219159 291.600000 302.800000
366.859050 291.600000 302.800000
368.042985 291.600000 297.200000
369.225352 291.600000 297.200000
370.374732 291.600000 297.200000
371.503823 291.600000 297.200000
372.624856 291.600000 297.200000
374.170749 291.600000 297.200000
376.522186 291.600000 297.200000
378.806650 291.600000 297.200000
379.961385 291.600000 297.200000
381.205545 291.600000 297.200000
383.267898 291.600000 297.200000
385.636074 291.600000 297.200000
386.762114 291.600000 291.600000
388.606280 291.600000 291.600000
390.509388 291.600000 291.600000
392.467529 291.600000 291.600000
394.468024 291.600000 291.600000
395.576759 291.600000 291.600000
397.039221 291.600000 291.600000
398.215616 291.600000 291.600000
399.567186 291.600000 291.600000
401.407849 291.600000 291.600000
402.485538 291.600000 291.600000
403.586609 291.600000 291.600000
404.779937 291.600000 291.600000
406.606731 291.600000 291.600000
408.620648 291.600000 291.600000
410.617818 291.600000 291.600000
411.964029 291.600000 291.600000
413.316223 291.600000 291.600000
414.680688 291.600000 291.600000
416.976343 291.600000 291.600000
418.092073 291.600000 291.600000
419.342561 291.600000 291.600000
420.974200 291.600000 291.600000
423.048238 291.600000 291.600000
425.048358 291.600000 291.600000
427.520010 291.600000 291.600000
428.793774 291.600000 291.600000
429.994243 291.600000 291.600000
431.484652 291.600000 291.600000
433.385420 291.600000 291.600000
434.516469 291.600000 291.600000
435.705931 291.600000 291.600000
437.444500 291.600000 291.600000
439.775801 291.600000 291.600000
440.888861 291.600000 291.600000
442.540682 291.600000 291.600000
444.782960 291.600000 291.600000
446.412562 291.600000 291.600000
449.166538 291.600000 291.600000
451.439409 291.600000 291.600000
453.758658 291.600000 291.600000
456.090244 291.600000 291.600000
457.147475 291.600000 291.600000
458.178843 291.600000 291.600000
460.640207 291.600000 291.600000
461.769775 291.600000 291.600000
462.809023 291.600000 291.600000
464.813511 291.600000 291.600000
466.733993 291.600000 291.600000
467.858260 291.600000 291.600000
468.982133 291.600000 291.600000
470.478432 291.600000 291.600000
472.585329 291.600000 291.600000
473.676707 291.600000 291.600000
474.948228 291.600000 291.600000
477.018845 291.600000 291.600000
479.001538 291.600000 291.600000
481.034629 291.600000 291.600000
483.143058 291.600000 291.600000
484.334464 291.600000 291.600000
485.400801 291.600000 291.600000
487.010387 291.600000 291.600000
488.190339 291.600000 291.600000
489.197274 291.600000 291.600000
490.651344 291.600000 291.600000
492.092458 291.600000 291.600000
493.131281 291.600000 291.600000
495.019163 291.600000 291.600000
527.118678 291.600000 510.000000
529.433395 291.600000 510.000000
530.849057 291.600000 403.600000
532.303169 291.600000 403.600000
533.688929 291.600000 403.600000
534.790324 291.600000 403.600000
535.896024 291.600000 398.000000
537.194029 291.600000 398.000000
538.654880 291.600000 388.800000
540.131323 291.600000 388.800000
542.342047 291.600000 388.800000
544.518228 291.600000 388.800000
545.824545 291.600000 342.000000
547.776152 291.600000 342.000000
548.992309 291.600000 338.400000
550.642574 291.600000 338.400000
551.664153 291.600000 338.400000
552.984205 291.600000 338.400000
555.018198 291.600000 338.400000
556.185890 291.600000 338.400000
557.300561 291.600000 338.400000
558.607238 291.600000 338.400000
559.892939 291.600000 338.400000
560.898491 291.600000 338.400000
561.909595 291.600000 338.400000
563.378138 291.600000 338.400000
565.742257 291.600000 338.400000
567.883328 291.600000 338.400000
569.014005 291.600000 330.800000
570.179329 291.600000 330.800000
571.514662 291.600000 330.800000
573.723817 291.600000 330.800000
575.809098 291.600000 330.800000
577.038005 291.600000 308.400000
578.638236 291.600000 308.400000
580.918359 291.600000 308.400000
582.379682 291.600000 308.400000
583.515983 291.600000 308.400000
584.941406 291.600000 308.400000
586.905394 291.600000 308.400000
588.051774 291.600000 308.400000
589.140792 291.600000 308.400000
591.413530 291.600000 308.400000
593.448818 291.600000 308.400000
595.486202 291.600000 308.400000
596.564828 291.600000 302.800000
597.996145 291.600000 302.800000
600.232914 291.600000 302.800000
602.663704 291.600000 302.800000
605.093478 291.600000 302.800000
606.145381 291.600000 302.800000
607.632633 291.600000 302.800000
608.875311 291.600000 302.800000
610.026715 291.600000 302.800000
611.641399 291.600000 302.800000
612.715441 291.600000 302.800000
614.041240 291.600000 302.800000
615.468864 291.600000 302.800000
616.625645 291.600000 302.800000
617.727656 291.600000 302.800000
619.020213 291.600000 302.800000
620.250478 291.600000 302.800000
621.410244 291.600000 302.800000
622.722590 291.600000 302.800000
623.888404 291.600000 302.800000
625.434558 291.600000 302.800000
626.599810 291.600000 302.800000
627.799750 291.600000 302.800000
629.247312 291.600000 302.800000
631.549894 291.600000 302.800000
633.189108 291.600000 302.800000
634.321619 291.600000 302.800000
635.600039 291.600000 302.800000
637.966334 291.600000 302.800000
640.025710 291.600000 302.800000
642.158421 291.600000 302.800000
643.350342 291.600000 302.800000
644.353357 291.600000 302.800000
646.263694 291.600000 302.800000
647.488252 291.600000 302.800000
648.494913 291.600000 302.800000
650.827941 291.600000 302.800000
652.062785 291.600000 302.800000
653.122052 291.600000 302.800000
655.042349 291.600000 302.800000
656.814356 291.600000 302.800000
658.013728 291.600000 302.800000
659.481838 291.600000 302.800000
660.552160 291.600000 302.800000
661.885106 291.600000 302.800000
663.536095 291.600000 302.800000
664.894563 291.600000 302.800000
666.458975 291.600000 302.800000
667.692219 291.600000 302.800000
669.289590 291.600000 302.800000
671.257149 291.600000 302.800000
672.433000 291.600000 302.800000
673.454544 291.600000 302.800000
674.479320 291.600000 302.800000
676.111369 291.600000 302.800000
678.453661 291.600000 302.800000
679.517344 291.600000 302.800000
681.082438 291.600000 302.800000
683.104589 291.600000 302.800000
685.247316 291.600000 302.800000
687.332649 291.600000 302.800000
688.602212 291.600000 302.800000
689.807884 291.600000 302.800000
691.340635 291.600000 302.800000
692.721789 291.600000 302.800000
694.247888 291.600000 302.800000
696.299657 291.600000 302.800000
698.426315 291.600000 302.800000
699.516374 291.600000 302.800000
701.896797 291.600000 302.800000
703.117130 291.600000 302.800000
704.117162 291.600000 302.800000
705.997917 291.600000 302.800000
707.225526 291.600000 302.800000
708.716119 291.600000 302.800000
709.750191 291.600000 302.800000
711.324122 291.600000 302.800000
713.239016 291.600000 302.800000
714.631526 291.600000 302.800000
744.950401 291.600000 504.400000
746.603411 291.600000 504.400000
747.828010 291.600000 403.600000
749.753331 291.600000 403.600000
750.844149 291.600000 403.600000
751.859786 291.600000 403.600000
752.884669 291.600000 398.000000
754.649742 291.600000 398.000000
755.887834 291.600000 398.000000
756.970634 291.600000 398.000000
758.804661 291.600000 398.000000
760.807709 291.600000 398.000000
762.016902 291.600000 336.400000
763.628368 291.600000 336.400000
764.737049 291.600000 336.400000
765.773834 291.600000 336.400000
767.035554 291.600000 336.400000
769.448478 291.600000 336.400000
772.007551 291.600000 336.400000
773.235046 291.600000 314.000000
774.792016 291.600000 314.000000
775.986016 291.600000 314.000000
777.823076 291.600000 314.000000
778.981986 291.600000 314.000000
780.779340 291.600000 314.000000
781.789405 291.600000 314.000000
783.166825 291.600000 314.000000
784.413872 291.600000 314.000000
785.444321 291.600000 314.000000
786.921870 291.600000 314.000000
788.931968 291.600000 314.000000
790.134708 291.600000 314.000000
792.168310 291.600000 314.000000
793.781457 291.600000 314.000000
794.879969 291.600000 308.400000
796.337613 291.600000 308.400000
798.468645 291.600000 308.400000
799.794543 291.600000 302.800000
