0.016211 762.000000 762.000000
1.016341 412.800000 493.200000
2.017056 412.800000 498.800000
3.017142 396.000000 521.200000
4.017323 396.000000 560.400000
5.017578 396.000000 575.200000
6.017748 396.000000 510.000000
7.018028 390.400000 508.000000
8.018274 390.400000 407.200000
9.018377 390.400000 543.600000
10.018412 390.400000 482.000000
11.020000 390.400000 452.000000
12.020493 390.400000 457.600000
13.022229 390.400000 762.000000
14.022846 390.400000 482.000000
15.023480 390.400000 418.400000
16.024410 390.400000 599.600000
17.024570 390.400000 666.800000
18.024634 390.400000 526.800000
19.025489 390.400000 424.000000
20.026075 390.400000 446.400000
21.026641 390.400000 418.400000
22.027964 390.400000 480.000000
23.028011 390.400000 526.800000
24.028067 390.400000 470.800000
25.028287 390.400000 496.800000
26.028727 390.400000 407.200000
27.028831 390.400000 485.600000
28.029804 390.400000 435.200000
29.029870 390.400000 496.800000
30.030074 390.400000 418.400000
31.032630 390.400000 524.800000
32.032938 390.400000 510.000000
33.033052 390.400000 491.200000
34.033567 390.400000 502.400000
35.033637 390.400000 508.000000
36.033921 390.400000 510.000000
37.034255 390.400000 418.400000
38.034414 390.400000 480.000000
39.034426 390.400000 594.000000
40.034460 390.400000 440.800000
41.034618 390.400000 508.000000
42.034618 390.400000 429.600000
43.035047 390.400000 526.800000
44.036361 390.400000 577.200000
45.037079 390.400000 407.200000
46.037507 390.400000 666.800000
47.038696 390.400000 485.600000
48.039797 390.400000 409.200000
49.039907 390.400000 440.800000
50.040391 390.400000 560.400000
51.040448 390.400000 407.200000
52.040859 390.400000 487.600000
53.041105 390.400000 452.000000
54.041588 390.400000 582.800000
55.041718 390.400000 530.400000
56.042457 390.400000 599.600000
57.042884 390.400000 502.400000
58.043220 390.400000 554.800000
59.043376 390.400000 750.800000
60.043390 390.400000 491.200000
61.043866 390.400000 452.000000
62.043869 390.400000 496.800000
63.044023 390.400000 566.000000
64.045419 390.400000 552.800000
65.045760 390.400000 510.000000
66.046399 390.400000 398.000000
67.046530 390.400000 661.200000
68.046670 390.400000 508.000000
69.046730 390.400000 504.400000
70.049797 390.400000 767.600000
71.049875 390.400000 448.400000
72.050341 390.400000 412.800000
73.050486 390.400000 470.800000
74.050569 390.400000 543.600000
75.051667 390.400000 485.600000
76.051733 390.400000 496.800000
77.051807 390.400000 493.200000
78.052202 390.400000 440.800000
79.052227 390.400000 493.200000
80.052327 390.400000 571.600000
81.053219 390.400000 482.000000
82.053527 390.400000 496.800000
83.053934 390.400000 420.400000
84.054179 390.400000 496.800000
85.054458 390.400000 435.200000
86.054959 390.400000 412.800000
87.055623 390.400000 412.800000
88.055654 390.400000 437.200000
89.056179 390.400000 470.800000
90.056590 390.400000 463.200000
91.059702 390.400000 508.000000
92.060519 390.400000 446.400000
93.065454 390.400000 532.400000
94.069810 390.400000 773.200000
95.070385 390.400000 571.600000
96.070586 390.400000 566.000000
97.071294 390.400000 424.000000
98.071429 390.400000 454.000000
99.071531 390.400000 510.000000
100.072083 390.400000 571.600000
101.072228 390.400000 480.000000
102.072957 390.400000 560.400000
103.073476 390.400000 538.000000
104.073615 390.400000 437.200000
105.074006 390.400000 493.200000
106.074065 390.400000 459.600000
107.078217 390.400000 773.200000
108.078576 390.400000 515.600000
109.079732 390.400000 661.200000
110.080159 390.400000 513.600000
111.080312 390.400000 554.800000
112.080361 390.400000 474.400000
113.080768 390.400000 485.600000
114.080916 390.400000 457.600000
115.081124 390.400000 442.800000
116.081608 390.400000 459.600000
117.081860 390.400000 778.800000
118.082420 390.400000 459.600000
119.083364 390.400000 463.200000
120.084210 390.400000 502.400000
121.085351 390.400000 407.200000
122.085638 390.400000 457.600000
123.085900 390.400000 457.600000
124.086400 390.400000 571.600000
125.086673 390.400000 515.600000
126.090792 390.400000 655.600000
127.091113 390.400000 549.200000
128.091234 390.400000 468.800000
129.092038 390.400000 491.200000
130.092111 390.400000 482.000000
131.092862 390.400000 524.800000
132.093213 390.400000 482.000000
133.093596 390.400000 577.200000
134.094533 390.400000 577.200000
135.094714 390.400000 414.800000
136.095371 390.400000 412.800000
137.095863 390.400000 412.800000
138.096792 390.400000 588.400000
139.097238 390.400000 424.000000
140.097586 390.400000 502.400000
141.098287 390.400000 638.800000
142.098297 390.400000 412.800000
143.098671 390.400000 470.800000
144.099087 390.400000 412.800000
145.099783 390.400000 538.000000
146.100649 390.400000 457.600000
147.101057 390.400000 457.600000
148.101114 390.400000 538.000000
149.101442 390.400000 418.400000
150.101749 390.400000 424.000000
151.101831 390.400000 407.200000
152.102047 390.400000 409.200000
153.102205 390.400000 412.800000
154.102294 390.400000 482.000000
155.102967 390.400000 412.800000
156.104047 390.400000 424.000000
157.104502 390.400000 577.200000
158.105299 390.400000 452.000000
159.106092 390.400000 510.000000
160.106362 390.400000 515.600000
161.106757 390.400000 407.200000
162.107188 390.400000 429.600000
163.108032 390.400000 468.800000
164.108476 390.400000 442.800000
165.108516 390.400000 521.200000
166.109148 390.400000 418.400000
167.112090 390.400000 767.600000
168.112339 390.400000 504.400000
169.112402 390.400000 448.400000
170.112990 390.400000 566.000000
171.113090 390.400000 566.000000
172.113723 390.400000 487.600000
173.113998 390.400000 426.000000
174.120498 390.400000 767.600000
175.125919 390.400000 767.600000
176.126282 390.400000 424.000000
177.126361 390.400000 577.200000
178.126806 390.400000 493.200000
179.126927 390.400000 412.800000
180.126927 390.400000 485.600000
181.127266 390.400000 468.800000
182.128001 390.400000 582.800000
183.130375 390.400000 435.200000
184.130976 390.400000 457.600000
185.132401 390.400000 491.200000
186.132842 390.400000 440.800000
187.133583 390.400000 454.000000
188.134608 390.400000 452.000000
189.134645 390.400000 480.000000
190.135363 390.400000 655.600000
191.136096 390.400000 465.200000
192.136263 390.400000 476.400000
193.136869 390.400000 655.600000
194.137025 390.400000 487.600000
195.137125 390.400000 409.200000
196.137459 390.400000 470.800000
197.138450 390.400000 459.600000
198.139169 390.400000 485.600000
199.139466 390.400000 485.600000
200.139746 390.400000 424.000000
201.139873 390.400000 627.600000
202.140820 390.400000 496.800000
203.141115 390.400000 407.200000
204.141445 390.400000 446.400000
205.141671 390.400000 457.600000
206.142524 390.400000 409.200000
207.142568 390.400000 502.400000
208.143947 390.400000 487.600000
209.144074 390.400000 482.000000
210.144439 390.400000 661.200000
211.144456 390.400000 493.200000
212.144495 390.400000 577.200000
213.144499 390.400000 549.200000
214.145535 390.400000 465.200000
215.145769 390.400000 470.800000
216.147116 390.400000 666.800000
217.147578 390.400000 446.400000
218.148173 390.400000 407.200000
219.149021 390.400000 524.800000
220.149474 390.400000 418.400000
221.150102 390.400000 468.800000
222.150466 390.400000 532.400000
223.150500 390.400000 437.200000
224.153096 390.400000 588.400000
225.153342 390.400000 493.200000
226.153544 390.400000 543.600000
227.154251 390.400000 407.200000
228.154355 390.400000 454.000000
229.154531 390.400000 474.400000
230.154747 390.400000 493.200000
231.156103 390.400000 519.200000
232.156210 390.400000 633.200000
233.156468 390.400000 424.000000
234.160004 390.400000 767.600000
235.160055 390.400000 498.800000
236.162819 390.400000 762.000000
237.162842 390.400000 521.200000
238.163088 390.400000 457.600000
239.163185 390.400000 463.200000
240.163239 390.400000 463.200000
241.163351 390.400000 412.800000
242.164093 390.400000 468.800000
243.164543 390.400000 426.000000
244.164646 390.400000 437.200000
245.164967 390.400000 476.400000
246.166022 390.400000 526.800000
247.166480 390.400000 418.400000
248.167296 390.400000 446.400000
249.167492 390.400000 407.200000
250.168993 390.400000 599.600000
251.168993 390.400000 459.600000
252.169574 390.400000 524.800000
253.170368 390.400000 468.800000
254.170824 390.400000 468.800000
255.170855 390.400000 401.600000
256.171251 390.400000 480.000000
257.171829 390.400000 454.000000
258.172876 390.400000 470.800000
259.173652 390.400000 532.400000
260.174145 390.400000 594.000000
261.174663 390.400000 468.800000
262.175847 390.400000 468.800000
263.176190 390.400000 480.000000
264.176328 390.400000 424.000000
265.176570 390.400000 571.600000
266.176623 390.400000 412.800000
267.176668 390.400000 498.800000
268.177285 390.400000 437.200000
269.177700 390.400000 485.600000
270.180721 390.400000 476.400000
271.181269 390.400000 526.800000
272.181749 390.400000 526.800000
273.181796 390.400000 728.400000
274.182379 390.400000 465.200000
275.182404 390.400000 424.000000
276.182705 390.400000 468.800000
277.183216 390.400000 412.800000
278.183244 390.400000 468.800000
279.183540 390.400000 470.800000
280.183594 390.400000 412.800000
281.184044 390.400000 554.800000
282.184512 390.400000 452.000000
283.184938 390.400000 452.000000
284.185391 390.400000 412.800000
285.185595 390.400000 510.000000
286.186154 390.400000 496.800000
287.186307 390.400000 498.800000
288.186537 390.400000 480.000000
289.186676 390.400000 519.200000
290.187256 390.400000 412.800000
291.187364 390.400000 412.800000
292.187635 390.400000 407.200000
293.189337 390.400000 519.200000
294.189352 390.400000 435.200000
295.189603 390.400000 431.600000
296.189827 390.400000 424.000000
297.189936 390.400000 437.200000
298.193115 390.400000 498.800000
299.193301 390.400000 424.000000
300.193503 390.400000 424.000000
301.193571 390.400000 437.200000
302.193845 390.400000 773.200000
303.194134 390.400000 605.200000
304.194502 390.400000 485.600000
305.194751 390.400000 515.600000
306.197464 390.400000 549.200000
307.198062 390.400000 496.800000
308.198884 390.400000 767.600000
309.199021 390.400000 459.600000
310.199161 390.400000 454.000000
311.199479 390.400000 418.400000
312.199657 390.400000 431.600000
313.199922 390.400000 480.000000
314.200581 390.400000 502.400000
315.200764 390.400000 513.600000
316.200987 390.400000 493.200000
317.202156 390.400000 521.200000
318.202315 390.400000 502.400000
319.202366 390.400000 577.200000
320.202935 390.400000 431.600000
321.204372 390.400000 566.000000
322.204850 390.400000 485.600000
323.205060 390.400000 498.800000
324.205758 390.400000 474.400000
325.205939 390.400000 538.000000
326.206229 390.400000 412.800000
327.206318 390.400000 452.000000
328.207572 390.400000 638.800000
329.207734 390.400000 435.200000
330.208790 390.400000 418.400000
331.208897 390.400000 571.600000
332.209360 390.400000 571.600000
333.210009 390.400000 435.200000
334.210277 390.400000 442.800000
335.210857 390.400000 465.200000
336.210976 390.400000 508.000000
337.211074 390.400000 549.200000
338.214305 390.400000 571.600000
339.215695 390.400000 655.600000
340.215825 390.400000 549.200000
341.216021 390.400000 672.400000
342.216238 390.400000 485.600000
343.217076 390.400000 454.000000
344.217301 390.400000 739.600000
345.217614 390.400000 437.200000
346.217885 390.400000 429.600000
347.218658 390.400000 448.400000
348.219016 390.400000 504.400000
349.219184 390.400000 418.400000
350.219652 390.400000 515.600000
351.220201 390.400000 515.600000
352.220647 390.400000 655.600000
353.221655 390.400000 767.600000
354.221983 390.400000 431.600000
355.222406 390.400000 493.200000
356.223131 390.400000 440.800000
357.230536 390.400000 778.800000
358.231018 390.400000 412.800000
359.231654 390.400000 418.400000
360.232884 390.400000 745.200000
361.233104 390.400000 485.600000
362.233352 390.400000 418.400000
363.234496 390.400000 465.200000
364.234623 390.400000 594.000000
365.235169 390.400000 655.600000
366.235688 390.400000 773.200000
367.235804 390.400000 418.400000
368.237313 390.400000 510.000000
369.237432 390.400000 412.800000
370.238667 390.400000 496.800000
371.238713 390.400000 418.400000
372.239020 390.400000 502.400000
373.239352 390.400000 412.800000
374.239598 390.400000 407.200000
375.240687 390.400000 526.800000
376.240792 390.400000 452.000000
377.241243 390.400000 474.400000
378.241595 390.400000 414.800000
379.242163 390.400000 515.600000
380.242577 390.400000 762.000000
381.242930 390.400000 650.000000
382.243550 390.400000 538.000000
383.243707 390.400000 491.200000
384.244000 390.400000 773.200000
385.244022 390.400000 485.600000
386.244045 390.400000 566.000000
387.244301 390.400000 437.200000
388.244501 390.400000 446.400000
389.250403 390.400000 767.600000
390.250481 390.400000 491.200000
391.250653 390.400000 491.200000
392.250727 390.400000 655.600000
393.251889 390.400000 538.000000
394.252024 390.400000 424.000000
395.252242 390.400000 487.600000
396.252676 390.400000 543.600000
397.253343 390.400000 446.400000
398.253592 390.400000 407.200000
399.253900 390.400000 476.400000
400.254060 390.400000 661.200000
401.254377 390.400000 412.800000
402.254758 390.400000 435.200000
403.254963 390.400000 412.800000
404.255167 390.400000 407.200000
405.255221 390.400000 459.600000
406.255762 390.400000 448.400000
407.257103 390.400000 778.800000
408.257518 390.400000 442.800000
409.258299 390.400000 418.400000
410.258561 390.400000 468.800000
411.258627 390.400000 418.400000
412.258775 390.400000 515.600000
413.259436 390.400000 446.400000
414.259911 390.400000 412.800000
415.260497 390.400000 442.800000
416.261373 390.400000 412.800000
417.261943 390.400000 480.000000
418.261999 390.400000 452.000000
419.262386 390.400000 452.000000
420.262414 390.400000 541.600000
421.262749 390.400000 412.800000
422.263164 390.400000 476.400000
423.263533 390.400000 513.600000
424.263997 390.400000 465.200000
425.264554 390.400000 468.800000
426.265448 390.400000 532.400000
427.265694 390.400000 526.800000
428.266442 390.400000 496.800000
429.266578 390.400000 485.600000
430.266996 390.400000 465.200000
431.267379 390.400000 459.600000
432.267602 390.400000 655.600000
433.267758 390.400000 498.800000
434.267767 390.400000 487.600000
435.267789 390.400000 778.800000
436.267966 390.400000 442.800000
437.268242 390.400000 491.200000
438.268268 390.400000 426.000000
439.268637 390.400000 515.600000
440.268887 390.400000 424.000000
441.269199 390.400000 412.800000
442.269273 390.400000 465.200000
443.270054 390.400000 661.200000
444.270125 390.400000 412.800000
445.270807 390.400000 429.600000
446.271079 390.400000 454.000000
447.271509 390.400000 491.200000
448.275319 390.400000 440.800000
449.275823 390.400000 504.400000
450.276547 390.400000 418.400000
451.277217 390.400000 429.600000
452.277460 390.400000 407.200000
453.277809 390.400000 440.800000
454.277829 390.400000 521.200000
455.277922 390.400000 526.800000
456.278501 390.400000 485.600000
457.279433 390.400000 510.000000
458.279917 390.400000 510.000000
459.280480 390.400000 412.800000
460.280790 390.400000 515.600000
461.280872 390.400000 390.400000
462.280906 390.400000 502.400000
463.283240 390.400000 412.800000
464.283368 390.400000 496.800000
465.283629 390.400000 734.000000
466.284176 390.400000 599.600000
467.284576 390.400000 465.200000
468.285224 390.400000 412.800000
469.285283 390.400000 412.800000
470.285607 390.400000 543.600000
471.289158 390.400000 424.000000
472.289421 390.400000 566.000000
473.290001 390.400000 504.400000
474.290154 390.400000 493.200000
475.290369 390.400000 594.000000
476.290844 390.400000 429.600000
477.292193 390.400000 666.800000
478.292276 390.400000 457.600000
479.292580 390.400000 538.000000
480.302006 390.400000 767.600000
481.302188 390.400000 407.200000
482.302999 390.400000 627.600000
483.304129 390.400000 532.400000
484.306155 390.400000 446.400000
485.306861 390.400000 784.400000
486.306878 390.400000 429.600000
487.312153 390.400000 762.000000
488.312301 390.400000 482.000000
489.312695 390.400000 504.400000
490.313940 390.400000 773.200000
491.314090 390.400000 407.200000
492.315230 390.400000 435.200000
493.315934 390.400000 463.200000
494.316396 390.400000 476.400000
495.316999 390.400000 412.800000
496.317068 390.400000 457.600000
497.317394 390.400000 407.200000
498.320279 390.400000 493.200000
499.321321 390.400000 496.800000
500.321728 390.400000 476.400000
501.322653 390.400000 672.400000
502.326297 390.400000 502.400000
503.326877 390.400000 485.600000
504.327181 390.400000 431.600000
505.328223 390.400000 496.800000
506.328323 390.400000 655.600000
507.328849 390.400000 588.400000
508.329387 390.400000 487.600000
509.329419 390.400000 424.000000
510.329456 390.400000 496.800000
511.329464 390.400000 424.000000
512.329709 390.400000 536.000000
513.330740 390.400000 480.000000
514.330835 390.400000 407.200000
515.331353 390.400000 515.600000
516.331604 390.400000 407.200000
517.331726 390.400000 448.400000
518.332151 390.400000 440.800000
519.332669 390.400000 508.000000
520.333507 390.400000 566.000000
521.333564 390.400000 440.800000
522.340352 390.400000 767.600000
523.340634 390.400000 480.000000
524.345224 390.400000 773.200000
525.345803 390.400000 635.200000
526.346218 390.400000 491.200000
527.346512 390.400000 491.200000
528.346653 390.400000 491.200000
529.348156 390.400000 496.800000
530.350266 390.400000 487.600000
531.351218 390.400000 429.600000
532.351481 390.400000 463.200000
533.351540 390.400000 429.600000
534.351893 390.400000 457.600000
535.351918 390.400000 502.400000
536.352651 390.400000 515.600000
537.352936 390.400000 498.800000
538.353037 390.400000 407.200000
539.353366 390.400000 412.800000
540.353411 390.400000 459.600000
541.356193 390.400000 554.800000
542.356366 390.400000 424.000000
543.356876 390.400000 493.200000
544.357015 390.400000 440.800000
545.357280 390.400000 554.800000
546.357306 390.400000 526.800000
547.357986 390.400000 407.200000
548.358683 390.400000 468.800000
549.358703 390.400000 412.800000
550.361347 390.400000 459.600000
551.362290 390.400000 480.000000
552.362452 390.400000 470.800000
553.364096 390.400000 566.000000
554.364256 390.400000 543.600000
555.364592 390.400000 491.200000
556.364715 390.400000 496.800000
557.366121 390.400000 532.400000
558.366376 390.400000 452.000000
559.367268 390.400000 504.400000
560.367787 390.400000 767.600000
561.368327 390.400000 661.200000
562.368480 390.400000 508.000000
563.368639 390.400000 526.800000
564.368941 390.400000 616.400000
565.369265 390.400000 429.600000
566.369716 390.400000 429.600000
567.370120 390.400000 543.600000
568.370491 390.400000 513.600000
569.370537 390.400000 435.200000
570.373643 390.400000 504.400000
571.375166 390.400000 435.200000
572.376502 390.400000 571.600000
573.376584 390.400000 457.600000
574.377567 390.400000 496.800000
575.377885 390.400000 538.000000
576.378388 390.400000 390.400000
577.378474 390.400000 429.600000
578.383623 390.400000 480.000000
579.383802 390.400000 431.600000
580.384363 390.400000 767.600000
581.384424 390.400000 457.600000
582.384606 390.400000 661.200000
583.385221 390.400000 424.000000
584.385604 390.400000 407.200000
585.386723 390.400000 437.200000
586.387206 390.400000 474.400000
587.387266 390.400000 424.000000
588.387826 390.400000 549.200000
589.389269 390.400000 513.600000
590.389357 390.400000 610.800000
591.389628 390.400000 412.800000
592.389979 390.400000 582.800000
593.390919 390.400000 401.600000
594.391640 390.400000 508.000000
595.392747 390.400000 498.800000
596.393198 390.400000 448.400000
597.393258 390.400000 418.400000
598.393965 390.400000 452.000000
599.394174 390.400000 418.400000
600.397997 390.400000 526.800000
601.399932 390.400000 650.000000
602.400175 390.400000 493.200000
603.400344 390.400000 459.600000
604.400365 390.400000 459.600000
605.400463 390.400000 435.200000
606.400711 390.400000 418.400000
607.401142 390.400000 468.800000
608.401290 390.400000 480.000000
609.401764 390.400000 454.000000
610.402772 390.400000 571.600000
611.403922 390.400000 470.800000
612.404083 390.400000 448.400000
613.404878 390.400000 569.600000
614.405596 390.400000 622.000000
615.405723 390.400000 607.200000
616.407412 390.400000 554.800000
617.407730 390.400000 536.000000
618.407801 390.400000 549.200000
619.407839 390.400000 418.400000
620.408108 390.400000 566.000000
621.408207 390.400000 474.400000
622.408597 390.400000 480.000000
623.408665 390.400000 672.400000
624.408786 390.400000 431.600000
625.409175 390.400000 412.800000
626.410335 390.400000 599.600000
627.410515 390.400000 661.200000
628.410726 390.400000 437.200000
629.417238 390.400000 773.200000
630.417787 390.400000 532.400000
631.417913 390.400000 554.800000
632.418325 390.400000 496.800000
633.423756 390.400000 773.200000
634.423954 390.400000 412.800000
635.424010 390.400000 577.200000
636.424160 390.400000 454.000000
637.424190 390.400000 524.800000
638.424554 390.400000 409.200000
639.426301 390.400000 454.000000
640.426629 390.400000 454.000000
641.426817 390.400000 502.400000
642.426960 390.400000 655.600000
643.428448 390.400000 773.200000
644.428696 390.400000 412.800000
645.428735 390.400000 409.200000
646.428988 390.400000 476.400000
647.429185 390.400000 582.800000
648.429455 390.400000 476.400000
649.429651 390.400000 429.600000
650.429734 390.400000 549.200000
651.430167 390.400000 487.600000
652.430912 390.400000 496.800000
653.433255 390.400000 448.400000
654.435628 390.400000 778.800000
655.435778 390.400000 407.200000
656.436191 390.400000 457.600000
657.436278 390.400000 452.000000
658.436369 390.400000 504.400000
659.436834 390.400000 739.600000
660.436880 390.400000 407.200000
661.436971 390.400000 515.600000
662.438037 390.400000 566.000000
663.438281 390.400000 515.600000
664.439055 390.400000 407.200000
665.439183 390.400000 470.800000
666.439286 390.400000 487.600000
667.439288 390.400000 566.000000
668.439321 390.400000 440.800000
669.441330 390.400000 491.200000
670.442385 390.400000 554.800000
671.442569 390.400000 599.600000
672.442794 390.400000 485.600000
673.443167 390.400000 446.400000
674.443842 390.400000 412.800000
675.444005 390.400000 521.200000
676.444096 390.400000 485.600000
677.444559 390.400000 571.600000
678.445324 390.400000 459.600000
679.445567 390.400000 407.200000
680.445615 390.400000 762.000000
681.445798 390.400000 616.400000
682.446333 390.400000 543.600000
683.447329 390.400000 491.200000
684.447693 390.400000 485.600000
685.447861 390.400000 459.600000
686.448818 390.400000 513.600000
687.449224 390.400000 513.600000
688.449380 390.400000 485.600000
689.449452 390.400000 409.200000
690.449896 390.400000 521.200000
691.456651 390.400000 773.200000
692.456723 390.400000 448.400000
693.456917 390.400000 485.600000
694.457104 390.400000 424.000000
695.457247 390.400000 418.400000
696.457597 390.400000 412.800000
697.458013 390.400000 480.000000
698.458441 390.400000 536.000000
699.459451 390.400000 504.400000
700.459849 390.400000 457.600000
701.459869 390.400000 418.400000
702.460194 390.400000 521.200000
703.460653 390.400000 457.600000
704.462070 390.400000 468.800000
705.462554 390.400000 476.400000
706.462663 390.400000 412.800000
707.462894 390.400000 463.200000
708.462898 390.400000 454.000000
709.463624 390.400000 577.200000
710.463848 390.400000 661.200000
711.464261 390.400000 510.000000
712.464484 390.400000 610.800000
713.464563 390.400000 435.200000
714.464592 390.400000 470.800000
715.464976 390.400000 762.000000
716.465055 390.400000 476.400000
717.465244 390.400000 431.600000
718.465467 390.400000 459.600000
719.467950 390.400000 482.000000
720.468271 390.400000 407.200000
721.468478 390.400000 412.800000
722.468951 390.400000 429.600000
723.469881 390.400000 454.000000
724.470000 390.400000 487.600000
725.470003 390.400000 420.400000
726.470204 390.400000 463.200000
727.470635 390.400000 560.400000
728.470854 390.400000 491.200000
729.471340 390.400000 420.400000
730.471740 390.400000 446.400000
731.471933 390.400000 435.200000
732.472053 390.400000 412.800000
733.472979 390.400000 424.000000
734.484028 390.400000 440.800000
735.484054 390.400000 519.200000
736.484520 390.400000 661.200000
737.485887 390.400000 778.800000
738.486097 390.400000 496.800000
739.486166 390.400000 655.600000
740.486979 390.400000 431.600000
741.487699 390.400000 666.800000
742.488526 390.400000 407.200000
743.488957 390.400000 476.400000
744.489181 390.400000 498.800000
745.489280 390.400000 442.800000
746.489568 390.400000 412.800000
747.490002 390.400000 532.400000
748.490541 390.400000 510.000000
749.490672 390.400000 502.400000
750.491267 390.400000 418.400000
751.491538 390.400000 485.600000
752.498118 390.400000 767.600000
753.498479 390.400000 638.800000
754.499045 390.400000 440.800000
755.499408 390.400000 412.800000
756.500029 390.400000 521.200000
757.503345 390.400000 594.000000
758.503529 390.400000 532.400000
759.503761 390.400000 566.000000
760.504011 390.400000 424.000000
761.505566 390.400000 524.800000
762.506349 390.400000 491.200000
763.507711 390.400000 510.000000
764.507736 390.400000 571.600000
765.508699 390.400000 594.000000
766.510150 390.400000 482.000000
767.510166 390.400000 672.400000
768.510699 390.400000 437.200000
769.510959 390.400000 577.200000
770.511094 390.400000 401.600000
771.512086 390.400000 440.800000
772.513235 390.400000 582.800000
773.518782 390.400000 767.600000
774.519096 390.400000 470.800000
775.520057 390.400000 513.600000
776.520273 390.400000 429.600000
777.520849 390.400000 482.000000
778.521162 390.400000 508.000000
779.521493 390.400000 560.400000
780.522019 390.400000 480.000000
781.522994 390.400000 599.600000
782.523152 390.400000 496.800000
783.524031 390.400000 448.400000
784.524143 390.400000 560.400000
785.524207 390.400000 424.000000
786.524806 390.400000 554.800000
787.525532 390.400000 616.400000
788.527095 390.400000 599.600000
789.527692 390.400000 482.000000
790.527965 390.400000 414.800000
791.528202 390.400000 463.200000
792.529765 390.400000 446.400000
793.529765 390.400000 412.800000
794.529849 390.400000 426.000000
795.530093 390.400000 502.400000
796.530338 390.400000 442.800000
797.530345 390.400000 412.800000
798.530467 390.400000 412.800000
799.531444 390.400000 429.600000
