0 762 0.016008 300 0
0 666.8 0.019284 0
0 655.6 0.024483 2
0 646.4 0.031357 3
0 549.2 0.034483 3
0 521.2 0.03928 3
0 515.6 0.046823 4
0 510 0.055328 4
0 504.4 0.059502 4
0 498.8 0.078552 16
0 482 0.086107 16
0 429.6 0.08918 16
0 424 0.092356 16
0 418.4 0.099779 16
0 418.4 0.164144 300 67
0 418.4 0.257706 300 67
0 418.4 0.356606 300 78
0 414.8 0.417102 78
0 412.8 0.428145 78
0 412.8 0.505105 300 78
0 412.8 0.692514 300 78
0 412.8 0.804089 300 78
0 412.8 0.91192 300 78
0 412.8 1.00882 300 78
0 412.8 1.15009 300 81
0 412.8 1.29429 300 88
0 412.8 1.39803 300 88
0 412.8 1.59754 300 88
0 412.8 1.73856 300 88
0 412.8 1.91077 300 88
0 412.8 2.09402 300 88
0 409.2 2.19003 88
0 407.2 2.2029 88
0 407.2 2.26807 300 88
0 401.6 2.31435 88
0 396 2.3257 88
0 396 2.40053 300 88
0 396 2.63716 300 88
0 396 2.74297 300 88
0 396 2.9088 300 88
0 396 3.07406 300 88
0 396 3.18817 300 88
0 396 3.33116 300 88
0 396 3.5326 300 88
0 396 3.73995 300 88
0 396 3.88431 300 88
0 396 4.02663 300 88
0 396 4.26248 300 88
0 396 4.44752 300 88
0 396 4.64029 300 88
0 396 4.84935 300 88
0 396 5.01849 300 88
0 396 5.23775 300 88
0 396 5.45179 300 88
0 396 5.60931 300 88
0 396 5.7762 300 88
0 396 5.99274 300 88
0 396 6.16314 300 88
0 390.4 6.333 88
0 390.4 6.48178 300 88
0 390.4 6.74534 300 88
0 390.4 7.04303 300 88
0 390.4 7.42031 300 88
0 390.4 7.73331 300 89
0 390.4 7.94614 300 89
0 390.4 8.10727 300 89
0 390.4 8.3137 300 89
0 390.4 8.54786 300 89
0 390.4 8.79398 300 89
0 390.4 9.03154 300 89
0 390.4 9.2792 300 89
0 390.4 9.52484 300 89
0 390.4 9.75469 300 89
0 390.4 9.96426 300 89
0 390.4 10.2144 300 89
0 390.4 10.4452 300 89
0 390.4 10.6321 300 89
0 390.4 10.829 300 89
0 390.4 11.135 300 89
0 390.4 11.5557 300 89
0 390.4 11.9807 300 89
0 390.4 12.2678 300 89
0 390.4 12.5464 300 89
0 390.4 12.7865 300 89
0 390.4 13.115 300 89
0 390.4 13.3356 300 89
0 390.4 13.6708 300 89
0 390.4 13.9911 300 89
0 390.4 14.2594 300 89
0 390.4 14.6475 300 89
0 390.4 14.8552 300 89
0 390.4 15.2754 300 89
0 390.4 15.6504 300 89
0 390.4 15.9076 300 89
0 390.4 16.1713 300 89
0 390.4 16.4855 300 89
0 390.4 16.655 300 89
0 390.4 16.8466 300 89
0 390.4 17.1723 300 89
0 390.4 17.4293 300 89
0 390.4 17.7375 300 89
0 390.4 17.9752 300 89
0 390.4 18.2175 300 89
0 390.4 18.5124 300 89
0 390.4 18.9065 300 89
0 390.4 19.1539 300 89
0 390.4 19.451 300 89
0 390.4 19.6995 300 89
0 390.4 19.9924 300 89
0 390.4 20.1876 300 89
0 390.4 20.4431 300 89
0 390.4 20.6446 300 89
0 390.4 20.8352 300 89
0 390.4 21.0317 300 89
0 390.4 21.3497 300 89
0 390.4 21.6143 300 89
0 390.4 21.8609 300 89
0 390.4 22.0962 300 89
0 390.4 22.4169 300 89
0 390.4 22.8399 300 89
0 390.4 23.1395 300 89
0 390.4 23.3121 300 89
0 390.4 23.59 300 89
0 390.4 23.7674 300 89
0 390.4 24.0224 300 89
0 390.4 24.2585 300 89
0 390.4 24.5022 300 89
0 390.4 24.6733 300 89
0 390.4 24.9094 300 89
0 390.4 25.0448 300 89
0 390.4 25.2553 300 89
0 390.4 25.3963 300 89
0 390.4 25.7452 300 89
0 390.4 26.0592 300 89
0 390.4 26.4494 300 89
0 390.4 26.6712 300 89
0 390.4 27.0774 300 89
0 390.4 27.2417 300 89
0 390.4 27.6446 300 89
0 390.4 28.1034 300 89
0 390.4 28.3608 300 89
0 390.4 28.6954 300 89
0 390.4 29.3525 300 89
0 390.4 29.6804 300 89
0 390.4 30.1073 300 89
0 390.4 30.3465 300 89
0 390.4 30.8265 300 89
0 390.4 31.1003 300 89
0 390.4 31.4031 300 89
0 390.4 31.7524 300 89
0 390.4 31.9954 300 89
0 390.4 32.3758 300 89
0 390.4 32.8442 300 89
0 390.4 33.2406 300 89
0 390.4 33.4724 300 89
0 390.4 33.809 300 89
0 390.4 34.1343 300 89
0 390.4 34.4439 300 89
0 390.4 34.7245 300 89
0 390.4 35.1801 300 89
0 390.4 35.3958 300 89
0 390.4 35.6031 300 89
0 390.4 35.8998 300 89
0 390.4 36.2542 300 89
0 390.4 36.5376 300 89
0 390.4 37.0526 300 89
0 390.4 37.3038 300 89
0 390.4 37.6047 300 89
0 390.4 37.9918 300 89
0 390.4 38.2252 300 89
0 390.4 38.4244 300 89
0 390.4 38.6046 300 89
0 390.4 38.8553 300 89
0 390.4 39.1549 300 89
0 390.4 39.4498 300 89
0 390.4 39.756 300 89
0 390.4 40.0063 300 89
0 390.4 40.42 300 89
0 390.4 40.7376 300 89
0 390.4 40.9131 300 89
0 390.4 41.0844 300 89
0 390.4 41.3008 300 89
0 390.4 41.5341 300 89
0 390.4 41.7425 300 89
0 390.4 41.9582 300 89
0 390.4 42.1551 300 89
0 390.4 42.3151 300 89
0 390.4 42.5221 300 89
0 390.4 42.8546 300 89
0 390.4 43.1577 300 89
0 390.4 43.3421 300 89
0 390.4 43.5022 300 89
0 390.4 43.6667 300 89
0 390.4 43.8779 300 89
0 390.4 44.189 300 89
0 390.4 44.4911 300 89
0 390.4 44.7035 300 89
0 390.4 44.9456 300 89
0 390.4 45.1927 300 89
0 390.4 45.4328 300 89
0 390.4 45.6846 300 89
0 390.4 45.9451 300 89
0 390.4 46.3488 300 89
0 390.4 46.6494 300 89
0 390.4 46.865 300 89
0 390.4 47.1776 300 89
0 390.4 47.3536 300 89
0 390.4 47.5251 300 89
0 390.4 47.8285 300 89
0 390.4 48.1734 300 89
0 390.4 48.5356 300 89
0 390.4 48.6892 300 89
0 390.4 48.9337 300 89
0 390.4 49.0849 300 89
0 390.4 49.3734 300 89
0 390.4 49.55 300 89
0 390.4 49.8391 300 89
0 390.4 50.0544 300 89
0 390.4 50.3388 300 89
0 390.4 50.6472 300 89
0 390.4 50.8736 300 89
0 390.4 51.0758 300 89
0 390.4 51.2182 300 89
0 390.4 51.4585 300 89
0 390.4 51.6976 300 89
0 390.4 51.9784 300 89
0 390.4 52.262 300 89
0 390.4 52.425 300 89
0 390.4 52.6386 300 89
0 390.4 52.9711 300 89
0 390.4 53.1655 300 89
0 390.4 53.3668 300 89
0 390.4 53.5687 300 89
0 390.4 53.823 300 89
0 390.4 54.1071 300 89
0 390.4 54.3524 300 89
0 390.4 54.6235 300 89
0 390.4 54.8528 300 89
0 390.4 55.0445 300 89
0 390.4 55.3441 300 89
0 390.4 55.5589 300 89
0 390.4 55.7807 300 89
0 390.4 56.0412 300 89
0 390.4 56.3484 300 89
0 390.4 56.5395 300 89
0 390.4 56.7195 300 89
0 390.4 56.9697 300 89
0 390.4 57.2163 300 89
0 390.4 57.4241 300 89
0 390.4 57.7878 300 89
0 390.4 57.9979 300 89
0 390.4 58.2782 300 89
0 390.4 58.5431 300 89
0 390.4 58.7256 300 89
0 390.4 59.0278 300 89
0 390.4 59.2576 300 89
0 390.4 59.5983 300 89
0 390.4 59.8151 300 89
0 390.4 60.0513 300 89
0 390.4 60.218 300 89
0 390.4 60.4415 300 89
0 390.4 60.7645 300 89
0 390.4 60.9841 300 89
0 390.4 61.2881 300 89
0 390.4 61.6363 300 89
0 390.4 61.8525 300 89
0 390.4 62.0251 300 89
0 390.4 62.2254 300 89
0 390.4 62.5044 300 89
0 390.4 62.8124 300 89
0 390.4 63.0255 300 89
0 390.4 63.2705 300 89
0 390.4 63.5042 300 89
0 390.4 63.6661 300 89
0 390.4 63.9239 300 89
0 390.4 64.2524 300 89
0 390.4 64.4978 300 89
0 390.4 64.6989 300 89
0 390.4 64.9224 300 89
0 390.4 65.1283 300 89
0 390.4 65.3417 300 89
0 390.4 65.4969 300 89
0 390.4 65.6808 300 89
0 390.4 65.8382 300 89
0 390.4 65.9898 300 89
0 390.4 66.2501 300 89
0 390.4 66.5059 300 89
0 390.4 66.7429 300 89
0 390.4 66.9438 300 89
0 390.4 67.1134 300 89
0 390.4 67.4581 300 89
0 390.4 67.7655 300 89
0 390.4 67.9927 300 89
0 390.4 68.2578 300 89
0 390.4 68.5105 300 89
0 390.4 68.8362 300 89
0 390.4 69.2437 300 89
0 390.4 69.67 300 89
0 390.4 69.9273 300 89
0 390.4 70.2129 300 89
0 390.4 70.456 300 89
0 390.4 70.8896 300 89
0 390.4 71.0605 300 89
0 390.4 71.2776 300 89
0 390.4 71.452 300 89
0 390.4 71.6768 300 89
0 390.4 71.9726 300 89
0 390.4 72.3515 300 89
0 390.4 72.6351 300 89
0 390.4 72.8059 300 89
0 390.4 73.0214 300 89
0 390.4 73.2303 300 89
0 390.4 73.4416 300 89
0 390.4 73.7163 300 89
0 390.4 73.9214 300 89
0 390.4 74.2445 300 89
0 390.4 74.6132 300 89
0 390.4 74.9525 300 89
0 390.4 75.1681 300 89
0 390.4 75.504 300 89
0 390.4 75.7681 300 89
0 390.4 76.0285 300 89
0 390.4 76.4955 300 89
0 390.4 76.7058 300 89
0 390.4 76.9846 300 89
0 390.4 77.1659 300 89
0 390.4 77.4399 300 89
0 390.4 77.6825 300 89
0 390.4 77.8455 300 89
0 390.4 78.1524 300 89
0 390.4 78.3433 300 89
0 390.4 78.7334 300 89
0 390.4 78.9225 300 89
0 390.4 79.2083 300 89
0 390.4 79.5612 300 89
0 390.4 79.8053 300 89
0 390.4 80.0967 300 89
0 390.4 80.3126 300 89
0 390.4 80.5713 300 89
0 390.4 80.8244 300 89
0 390.4 81.1493 300 89
0 390.4 81.4323 300 89
0 390.4 81.7171 300 89
0 390.4 81.8857 300 89
0 390.4 82.1088 300 89
0 390.4 82.2704 300 89
0 390.4 82.4664 300 89
0 390.4 82.6914 300 89
0 390.4 82.8993 300 89
0 390.4 83.0161 300 89
0 390.4 83.3841 300 89
0 390.4 83.6231 300 89
0 390.4 83.8578 300 89
0 390.4 84.1493 300 89
0 390.4 84.315 300 89
0 390.4 84.6415 300 89
0 390.4 85.081 300 89
0 390.4 85.4078 300 89
0 390.4 85.5481 300 89
0 390.4 85.7404 300 89
0 390.4 85.8664 300 89
0 390.4 86.0128 300 89
0 390.4 86.1249 300 89
0 390.4 86.2852 300 89
0 390.4 86.4719 300 89
0 390.4 86.6215 300 89
0 390.4 86.7971 300 89
0 390.4 86.9529 300 89
0 390.4 87.061 300 89
0 390.4 87.1945 300 89
0 390.4 87.3191 300 89
0 390.4 87.5627 300 89
0 390.4 87.8471 300 89
0 390.4 88.0583 300 89
0 390.4 88.2983 300 89
0 390.4 88.5086 300 89
0 390.4 88.7196 300 89
0 390.4 88.8677 300 89
0 390.4 89.2165 300 89
0 390.4 89.4352 300 89
0 390.4 89.6213 300 89
0 390.4 89.8036 300 89
0 390.4 90.0413 300 89
0 390.4 90.3874 300 89
0 390.4 90.6575 300 89
0 390.4 90.8793 300 89
0 390.4 91.0983 300 89
0 390.4 91.4115 300 89
0 390.4 91.6173 300 89
0 390.4 91.8189 300 89
0 390.4 91.9631 300 89
0 390.4 92.1188 300 89
0 390.4 92.355 300 89
0 390.4 92.5854 300 89
0 390.4 92.8485 300 89
0 390.4 93.1801 300 89
0 390.4 93.3314 300 89
0 390.4 93.5483 300 89
0 390.4 93.7061 300 89
0 390.4 93.9084 300 89
0 390.4 94.1596 300 89
0 390.4 94.3123 300 89
0 390.4 94.6476 300 89
0 390.4 94.9299 300 89
0 390.4 95.1287 300 89
0 390.4 95.3882 300 89
0 390.4 95.7081 300 89
0 390.4 96.0148 300 89
0 390.4 96.2239 300 89
0 390.4 96.5934 300 89
0 390.4 96.7515 300 89
0 390.4 96.9711 300 89
0 390.4 97.4487 300 89
0 390.4 97.7346 300 89
0 390.4 98.051 300 89
0 390.4 98.2828 300 89
0 390.4 98.4448 300 89
0 390.4 98.6076 300 89
0 390.4 98.9081 300 89
0 390.4 99.1438 300 89
0 390.4 99.4074 300 89
0 390.4 99.6046 300 89
0 390.4 99.9664 300 89
0 390.4 100.153 300 89
0 390.4 100.431 300 89
0 390.4 100.7 300 89
0 390.4 100.976 300 89
0 390.4 101.207 300 89
0 390.4 101.481 300 89
0 390.4 101.815 300 89
0 390.4 101.971 300 89
0 390.4 102.13 300 89
0 390.4 102.455 300 89
0 390.4 102.675 300 89
0 390.4 102.891 300 89
0 390.4 103.123 300 89
0 390.4 103.277 300 89
0 390.4 103.538 300 89
0 390.4 103.747 300 89
0 390.4 103.928 300 89
0 390.4 104.14 300 89
0 390.4 104.409 300 89
0 390.4 104.642 300 89
0 390.4 104.859 300 89
0 390.4 105.106 300 89
0 390.4 105.256 300 89
0 390.4 105.468 300 89
0 390.4 105.66 300 89
0 390.4 105.977 300 89
0 390.4 106.171 300 89
0 390.4 106.5 300 89
0 390.4 106.721 300 89
0 390.4 106.981 300 89
0 390.4 107.197 300 89
0 390.4 107.438 300 89
0 390.4 107.654 300 89
0 390.4 107.87 300 89
0 390.4 108.08 300 89
0 390.4 108.354 300 89
0 390.4 108.579 300 89
0 390.4 108.755 300 89
0 390.4 109.034 300 89
0 390.4 109.258 300 89
0 390.4 109.447 300 89
0 390.4 109.589 300 89
0 390.4 109.709 300 89
0 390.4 109.824 300 89
0 390.4 109.974 300 89
0 390.4 110.156 300 89
0 390.4 110.301 300 89
0 390.4 110.449 300 89
0 390.4 110.572 300 89
0 390.4 110.68 300 89
0 390.4 110.827 300 89
0 390.4 110.938 300 89
0 390.4 111.084 300 89
0 390.4 111.239 300 89
0 390.4 111.356 300 89
0 390.4 111.485 300 89
0 390.4 111.634 300 89
0 390.4 111.787 300 89
0 390.4 111.934 300 89
0 390.4 112.119 300 89
0 390.4 112.276 300 89
0 390.4 112.418 300 89
0 390.4 112.564 300 89
0 390.4 112.711 300 89
0 390.4 112.89 300 89
0 390.4 113.054 300 89
0 390.4 113.204 300 89
0 390.4 113.48 300 89
0 390.4 113.678 300 89
0 390.4 113.895 300 89
0 390.4 114.063 300 89
0 390.4 114.226 300 89
0 390.4 114.441 300 89
0 390.4 114.604 300 89
0 390.4 114.801 300 89
0 390.4 114.956 300 89
0 390.4 115.167 300 89
0 390.4 115.428 300 89
0 390.4 115.574 300 89
0 390.4 115.809 300 89
0 390.4 116.117 300 89
0 390.4 116.361 300 89
0 390.4 116.562 300 89
0 390.4 116.713 300 89
0 390.4 116.912 300 89
0 390.4 117.142 300 89
0 390.4 117.369 300 89
0 390.4 117.58 300 89
0 390.4 117.79 300 89
0 390.4 118.082 300 89
0 390.4 118.304 300 89
0 390.4 118.532 300 89
0 390.4 118.86 300 89
0 390.4 119.083 300 89
0 390.4 119.339 300 89
0 390.4 119.5 300 89
0 390.4 119.712 300 89
0 390.4 119.995 300 89
0 390.4 120.17 300 89
0 390.4 120.381 300 89
0 390.4 120.536 300 89
0 390.4 120.796 300 89
0 390.4 121.027 300 89
0 390.4 121.239 300 89
0 390.4 121.472 300 89
0 390.4 121.745 300 89
0 390.4 121.968 300 89
0 390.4 122.195 300 89
0 390.4 122.414 300 89
0 390.4 122.628 300 89
0 390.4 122.846 300 89
0 390.4 123.098 300 89
0 390.4 123.28 300 89
0 390.4 123.561 300 89
0 390.4 123.931 300 89
0 390.4 124.165 300 89
0 390.4 124.33 300 89
0 390.4 124.515 300 89
0 390.4 124.788 300 89
0 390.4 125.228 300 89
0 390.4 125.487 300 89
0 390.4 125.706 300 89
0 390.4 125.882 300 89
0 390.4 126.191 300 89
0 390.4 126.372 300 89
0 390.4 126.631 300 89
0 390.4 126.958 300 89
0 390.4 127.224 300 89
0 390.4 127.447 300 89
0 390.4 127.755 300 89
0 390.4 128.074 300 89
0 390.4 128.373 300 89
0 390.4 128.64 300 89
0 390.4 128.86 300 89
0 390.4 129.099 300 89
0 390.4 129.469 300 89
0 390.4 129.667 300 89
0 390.4 129.957 300 89
0 390.4 130.178 300 89
0 390.4 130.397 300 89
0 390.4 130.568 300 89
0 390.4 130.952 300 89
0 390.4 131.182 300 89
0 390.4 131.422 300 89
0 390.4 131.631 300 89
0 390.4 131.828 300 89
0 390.4 132.368 300 89
0 390.4 132.706 300 89
0 390.4 132.9 300 89
0 390.4 133.066 300 89
0 390.4 133.447 300 89
0 390.4 133.655 300 89
0 390.4 133.93 300 89
0 390.4 134.165 300 89
0 390.4 134.546 300 89
0 390.4 134.805 300 89
0 390.4 134.97 300 89
0 390.4 135.246 300 89
0 390.4 135.501 300 89
0 390.4 135.778 300 89
0 390.4 136.013 300 89
0 390.4 136.355 300 89
0 390.4 136.703 300 89
0 390.4 137.078 300 89
0 390.4 137.356 300 89
0 390.4 137.592 300 89
0 390.4 137.883 300 89
0 390.4 138.037 300 89
0 390.4 138.212 300 89
0 390.4 138.38 300 89
0 390.4 138.563 300 89
0 390.4 138.799 300 89
0 390.4 138.951 300 89
0 390.4 139.29 300 89
0 390.4 139.612 300 89
0 390.4 139.96 300 89
0 390.4 140.3 300 89
0 390.4 140.523 300 89
0 390.4 140.755 300 89
0 390.4 140.977 300 89
0 390.4 141.367 300 89
0 390.4 141.755 300 89
0 390.4 141.984 300 89
0 390.4 142.257 300 89
0 390.4 142.551 300 89
0 390.4 142.789 300 89
0 390.4 142.954 300 89
0 390.4 143.178 300 89
0 390.4 143.36 300 89
0 390.4 143.646 300 89
0 390.4 143.884 300 89
0 390.4 144.23 300 89
0 390.4 144.453 300 89
0 390.4 144.73 300 89
0 390.4 144.952 300 89
0 390.4 145.186 300 89
0 390.4 145.419 300 89
0 390.4 145.738 300 89
0 390.4 146.046 300 89
0 390.4 146.274 300 89
0 390.4 146.499 300 89
0 390.4 146.707 300 89
0 390.4 146.979 300 89
0 390.4 147.322 300 89
0 390.4 147.493 300 89
0 390.4 147.731 300 89
0 390.4 147.982 300 89
0 390.4 148.263 300 89
0 390.4 148.55 300 89
0 390.4 148.938 300 89
0 390.4 149.181 300 89
0 390.4 149.419 300 89
0 390.4 149.754 300 89
0 390.4 149.931 300 89
0 390.4 150.146 300 89
0 390.4 150.404 300 89
0 390.4 150.556 300 89
0 390.4 150.674 300 89
0 390.4 150.882 300 89
0 390.4 151.165 300 89
0 390.4 151.353 300 89
0 390.4 151.601 300 89
0 390.4 151.866 300 89
0 390.4 152.186 300 89
0 390.4 152.358 300 89
0 390.4 152.635 300 89
0 390.4 152.873 300 89
0 390.4 153.104 300 89
0 390.4 153.352 300 89
0 390.4 153.572 300 89
0 390.4 153.746 300 89
0 390.4 153.999 300 89
0 390.4 154.289 300 89
0 390.4 154.53 300 89
0 390.4 154.77 300 89
0 390.4 155.057 300 89
0 390.4 155.218 300 89
0 390.4 155.432 300 89
0 390.4 155.691 300 89
0 390.4 155.872 300 89
0 390.4 156.032 300 89
0 390.4 156.331 300 89
0 390.4 156.491 300 89
0 390.4 156.84 300 89
0 390.4 157.072 300 89
0 390.4 157.357 300 89
0 390.4 157.735 300 89
0 390.4 158.129 300 89
0 390.4 158.346 300 89
0 390.4 158.545 300 89
0 390.4 158.765 300 89
0 390.4 159.032 300 89
0 390.4 159.455 300 89
0 390.4 159.744 300 89
0 390.4 159.956 300 89
0 390.4 160.127 300 89
0 390.4 160.46 300 89
0 390.4 160.742 300 89
0 390.4 161.001 300 89
0 390.4 161.214 300 89
0 390.4 161.566 300 89
0 390.4 161.723 300 89
0 390.4 161.891 300 89
0 390.4 162.015 300 89
0 390.4 162.139 300 89
0 390.4 162.313 300 89
0 390.4 162.589 300 89
0 390.4 162.821 300 89
0 390.4 163.091 300 89
0 390.4 163.461 300 89
0 390.4 163.621 300 89
0 390.4 163.847 300 89
0 390.4 164.099 300 89
0 390.4 164.27 300 89
0 390.4 164.556 300 89
0 390.4 164.828 300 89
0 390.4 165.058 300 89
0 390.4 165.348 300 89
0 390.4 165.738 300 89
0 390.4 165.962 300 89
0 390.4 166.134 300 89
0 390.4 166.467 300 89
0 390.4 166.718 300 89
0 390.4 166.923 300 89
0 390.4 167.17 300 89
0 390.4 167.381 300 89
0 390.4 167.535 300 89
0 390.4 167.802 300 89
0 390.4 168.072 300 89
0 390.4 168.371 300 89
0 390.4 168.592 300 89
0 390.4 168.756 300 89
0 390.4 168.982 300 89
0 390.4 169.194 300 89
0 390.4 169.422 300 89
0 390.4 169.589 300 89
0 390.4 169.803 300 89
0 390.4 170.017 300 89
0 390.4 170.225 300 89
0 390.4 170.437 300 89
0 390.4 170.699 300 89
0 390.4 171.054 300 89
0 390.4 171.253 300 89
0 390.4 171.603 300 89
0 390.4 171.976 300 89
0 390.4 172.127 300 89
0 390.4 172.279 300 89
0 390.4 172.45 300 89
0 390.4 172.632 300 89
0 390.4 172.799 300 89
0 390.4 173.007 300 89
0 390.4 173.165 300 89
0 390.4 173.417 300 89
0 390.4 173.566 300 89
0 390.4 173.789 300 89
0 390.4 174.154 300 89
0 390.4 174.421 300 89
0 390.4 174.579 300 89
0 390.4 174.83 300 89
0 390.4 174.981 300 89
0 390.4 175.149 300 89
0 390.4 175.458 300 89
0 390.4 175.611 300 89
0 390.4 175.818 300 89
0 390.4 176.026 300 89
0 390.4 176.228 300 89
0 390.4 176.412 300 89
0 390.4 176.634 300 89
0 390.4 176.895 300 89
0 390.4 177.159 300 89
0 390.4 177.368 300 89
0 390.4 177.684 300 89
0 390.4 177.848 300 89
0 390.4 178.043 300 89
0 390.4 178.204 300 89
0 390.4 178.41 300 89
0 390.4 178.657 300 89
0 390.4 178.913 300 89
0 390.4 179.222 300 89
0 390.4 179.388 300 89
0 390.4 179.556 300 89
0 390.4 179.762 300 89
0 390.4 179.968 300 89
0 390.4 180.142 300 89
0 390.4 180.279 300 89
0 390.4 180.427 300 89
0 390.4 180.588 300 89
0 390.4 180.705 300 89
0 390.4 180.86 300 89
0 390.4 181.029 300 89
0 390.4 181.307 300 89
0 390.4 181.476 300 89
0 390.4 181.719 300 89
0 390.4 181.939 300 89
0 390.4 182.105 300 89
0 390.4 182.323 300 89
0 390.4 182.542 300 89
0 390.4 182.792 300 89
0 390.4 182.951 300 89
0 390.4 183.163 300 89
0 390.4 183.464 300 89
0 390.4 183.675 300 89
0 390.4 183.892 300 89
0 390.4 184.048 300 89
0 390.4 184.336 300 89
0 390.4 184.66 300 89
0 390.4 184.855 300 89
0 390.4 185.014 300 89
0 390.4 185.242 300 89
0 390.4 185.524 300 89
0 390.4 185.802 300 89
0 390.4 185.977 300 89
0 390.4 186.186 300 89
0 390.4 186.397 300 89
0 390.4 186.858 300 89
0 390.4 187.012 300 89
0 390.4 187.23 300 89
0 390.4 187.492 300 89
0 390.4 187.714 300 89
0 390.4 187.959 300 89
0 390.4 188.211 300 89
0 390.4 188.381 300 89
0 390.4 188.624 300 89
0 390.4 188.839 300 89
0 390.4 189.142 300 89
0 390.4 189.431 300 89
0 390.4 189.769 300 89
0 390.4 190.12 300 89
0 390.4 190.328 300 89
0 390.4 190.593 300 89
0 390.4 190.809 300 89
0 390.4 191.003 300 89
0 390.4 191.216 300 89
0 390.4 191.431 300 89
0 390.4 191.638 300 89
0 390.4 191.896 300 89
0 390.4 192.183 300 89
0 390.4 192.441 300 89
0 390.4 192.757 300 89
0 390.4 192.914 300 89
0 390.4 193.071 300 89
0 390.4 193.328 300 89
0 390.4 193.591 300 89
0 390.4 193.887 300 89
0 390.4 194.229 300 89
0 390.4 194.439 300 89
0 390.4 194.633 300 89
0 390.4 194.84 300 89
0 390.4 195 300 89
0 390.4 195.294 300 89
0 390.4 195.499 300 89
0 390.4 195.653 300 89
0 390.4 195.914 300 89
0 390.4 196.207 300 89
0 390.4 196.502 300 89
0 390.4 196.754 300 89
0 390.4 196.911 300 89
0 390.4 197.184 300 89
0 390.4 197.439 300 89
0 390.4 197.753 300 89
0 390.4 197.909 300 89
0 390.4 198.165 300 89
0 390.4 198.319 300 89
0 390.4 198.534 300 89
0 390.4 198.748 300 89
0 390.4 198.941 300 89
0 390.4 199.342 300 89
0 390.4 199.489 300 89
0 390.4 199.689 300 89
0 390.4 199.942 300 89
0 390.4 200.103 300 89
0 390.4 200.362 300 89
0 390.4 200.68 300 89
0 390.4 200.939 300 89
0 390.4 201.144 300 89
0 390.4 201.341 300 89
0 390.4 201.608 300 89
0 390.4 201.814 300 89
0 390.4 201.959 300 89
0 390.4 202.191 300 89
0 390.4 202.493 300 89
0 390.4 202.689 300 89
0 390.4 202.907 300 89
0 390.4 203.22 300 89
0 390.4 203.432 300 89
0 390.4 203.6 300 89
0 390.4 203.819 300 89
0 390.4 204.106 300 89
0 390.4 204.403 300 89
0 390.4 204.629 300 89
0 390.4 204.874 300 89
0 390.4 205.09 300 89
0 390.4 205.257 300 89
0 390.4 205.538 300 89
0 390.4 205.7 300 89
0 390.4 205.93 300 89
0 390.4 206.096 300 89
0 390.4 206.307 300 89
0 390.4 206.458 300 89
0 390.4 206.736 300 89
0 390.4 206.989 300 89
0 390.4 207.319 300 89
0 390.4 207.536 300 89
0 390.4 207.802 300 89
0 390.4 208.078 300 89
0 390.4 208.359 300 89
0 390.4 208.583 300 89
0 390.4 208.748 300 89
0 390.4 209.067 300 89
0 390.4 209.416 300 89
0 390.4 209.633 300 89
0 390.4 209.848 300 89
0 390.4 210.164 300 89
0 390.4 210.427 300 89
0 390.4 210.634 300 89
0 390.4 210.903 300 89
0 390.4 211.085 300 89
0 390.4 211.306 300 89
0 390.4 211.48 300 89
0 390.4 211.738 300 89
0 390.4 212.194 300 89
0 390.4 212.412 300 89
0 390.4 212.726 300 89
0 390.4 212.969 300 89
0 390.4 213.147 300 89
0 390.4 213.375 300 89
0 390.4 213.585 300 89
0 390.4 213.842 300 89
0 390.4 214.123 300 89
0 390.4 214.364 300 89
0 390.4 214.642 300 89
0 390.4 214.892 300 89
0 390.4 215.178 300 89
0 390.4 215.356 300 89
0 390.4 215.646 300 89
0 390.4 215.88 300 89
0 390.4 216.098 300 89
0 390.4 216.455 300 89
0 390.4 216.69 300 89
0 390.4 216.922 300 89
0 390.4 217.149 300 89
0 390.4 217.464 300 89
0 390.4 217.693 300 89
0 390.4 217.915 300 89
0 390.4 218.128 300 89
0 390.4 218.45 300 89
0 390.4 218.728 300 89
0 390.4 219.082 300 89
0 390.4 219.243 300 89
0 390.4 219.5 300 89
0 390.4 219.773 300 89
0 390.4 220.04 300 89
0 390.4 220.309 300 89
0 390.4 220.604 300 89
0 390.4 220.992 300 89
0 390.4 221.198 300 89
0 390.4 221.49 300 89
0 390.4 221.718 300 89
0 390.4 221.947 300 89
0 390.4 222.173 300 89
0 390.4 222.345 300 89
0 390.4 222.574 300 89
0 390.4 222.745 300 89
0 390.4 222.914 300 89
0 390.4 223.086 300 89
0 390.4 223.329 300 89
0 390.4 223.51 300 89
0 390.4 223.746 300 89
0 390.4 224.077 300 89
0 390.4 224.244 300 89
0 390.4 224.407 300 89
0 390.4 224.569 300 89
0 390.4 224.796 300 89
0 390.4 225.156 300 89
0 390.4 225.376 300 89
0 390.4 225.713 300 89
0 390.4 225.939 300 89
0 390.4 226.377 300 89
0 390.4 226.66 300 89
0 390.4 226.838 300 89
0 390.4 227.058 300 89
0 390.4 227.297 300 89
0 390.4 227.573 300 89
0 390.4 227.741 300 89
0 390.4 227.969 300 89
0 390.4 228.266 300 89
0 390.4 228.422 300 89
0 390.4 228.638 300 89
0 390.4 228.919 300 89
0 390.4 229.086 300 89
0 390.4 229.304 300 89
0 390.4 229.6 300 89
0 390.4 229.813 300 89
0 390.4 230.083 300 89
0 390.4 230.419 300 89
0 390.4 230.639 300 89
0 390.4 230.949 300 89
0 390.4 231.237 300 89
0 390.4 231.397 300 89
0 390.4 231.521 300 89
0 390.4 231.665 300 89
0 390.4 231.871 300 89
0 390.4 232.055 300 89
0 390.4 232.212 300 89
0 390.4 232.368 300 89
0 390.4 232.522 300 89
0 390.4 232.631 300 89
0 390.4 232.77 300 89
0 390.4 232.926 300 89
0 390.4 233.173 300 89
0 390.4 233.412 300 89
0 390.4 233.588 300 89
0 390.4 233.809 300 89
0 390.4 233.974 300 89
0 390.4 234.242 300 89
0 390.4 234.484 300 89
0 390.4 234.719 300 89
0 390.4 234.959 300 89
0 390.4 235.269 300 89
0 390.4 235.482 300 89
0 390.4 235.7 300 89
0 390.4 236.018 300 89
0 390.4 236.238 300 89
0 390.4 236.514 300 89
0 390.4 236.826 300 89
0 390.4 237.096 300 89
0 390.4 237.48 300 89
0 390.4 237.65 300 89
0 390.4 238.022 300 89
0 390.4 238.297 300 89
0 390.4 238.472 300 89
0 390.4 238.7 300 89
0 390.4 239.038 300 89
0 390.4 239.351 300 89
0 390.4 239.569 300 89
0 390.4 239.799 300 89
0 390.4 240.039 300 89
0 390.4 240.189 300 89
0 390.4 240.393 300 89
0 390.4 240.562 300 89
0 390.4 240.933 300 89
0 390.4 241.162 300 89
0 390.4 241.34 300 89
0 390.4 241.685 300 89
0 390.4 241.937 300 89
0 390.4 242.237 300 89
0 390.4 242.493 300 89
0 390.4 242.708 300 89
0 390.4 243.02 300 89
0 390.4 243.239 300 89
0 390.4 243.496 300 89
0 390.4 243.728 300 89
0 390.4 243.985 300 89
0 390.4 244.354 300 89
0 390.4 244.519 300 89
0 390.4 244.78 300 89
0 390.4 245 300 89
0 390.4 245.224 300 89
0 390.4 245.387 300 89
0 390.4 245.646 300 89
0 390.4 245.86 300 89
0 390.4 246.172 300 89
0 390.4 246.33 300 89
0 390.4 246.586 300 89
0 390.4 246.806 300 89
0 390.4 247.057 300 89
0 390.4 247.338 300 89
0 390.4 247.608 300 89
0 390.4 247.794 300 89
0 390.4 248.011 300 89
0 390.4 248.176 300 89
0 390.4 248.391 300 89
0 390.4 248.657 300 89
0 390.4 248.925 300 89
0 390.4 249.177 300 89
0 390.4 249.52 300 89
0 390.4 249.844 300 89
0 390.4 250.087 300 89
0 390.4 250.27 300 89
0 390.4 250.597 300 89
0 390.4 250.861 300 89
0 390.4 251.048 300 89
0 390.4 251.316 300 89
0 390.4 251.506 300 89
0 390.4 251.789 300 89
0 390.4 252.016 300 89
0 390.4 252.305 300 89
0 390.4 252.474 300 89
0 390.4 252.626 300 89
0 390.4 252.812 300 89
0 390.4 252.988 300 89
0 390.4 253.137 300 89
0 390.4 253.379 300 89
0 390.4 253.64 300 89
0 390.4 253.877 300 89
0 390.4 254.165 300 89
0 390.4 254.336 300 89
0 390.4 254.492 300 89
0 390.4 254.702 300 89
0 390.4 254.901 300 89
0 390.4 255.176 300 89
0 390.4 255.34 300 89
0 390.4 255.594 300 89
0 390.4 255.913 300 89
0 390.4 256.096 300 89
0 390.4 256.379 300 89
0 390.4 256.663 300 89
0 390.4 256.866 300 89
0 390.4 257.23 300 89
0 390.4 257.449 300 89
0 390.4 257.735 300 89
0 390.4 257.922 300 89
0 390.4 258.344 300 89
0 390.4 258.578 300 89
0 390.4 258.836 300 89
0 390.4 259.036 300 89
0 390.4 259.262 300 89
0 390.4 259.526 300 89
0 390.4 259.744 300 89
0 390.4 259.951 300 89
0 390.4 260.134 300 89
0 390.4 260.416 300 89
0 390.4 260.634 300 89
0 390.4 260.957 300 89
0 390.4 261.217 300 89
0 390.4 261.436 300 89
0 390.4 261.606 300 89
0 390.4 261.826 300 89
0 390.4 262.166 300 89
0 390.4 262.517 300 89
0 390.4 262.677 300 89
0 390.4 263.047 300 89
0 390.4 263.398 300 89
0 390.4 263.648 300 89
0 390.4 263.808 300 89
0 390.4 264.154 300 89
0 390.4 264.394 300 89
0 390.4 264.752 300 89
0 390.4 264.961 300 89
0 390.4 265.291 300 89
0 390.4 265.499 300 89
0 390.4 265.696 300 89
0 390.4 266.007 300 89
0 390.4 266.278 300 89
0 390.4 266.522 300 89
0 390.4 266.754 300 89
0 390.4 267.098 300 89
0 390.4 267.272 300 89
0 390.4 267.534 300 89
0 390.4 267.814 300 89
0 390.4 267.978 300 89
0 390.4 268.196 300 89
0 390.4 268.475 300 89
0 390.4 268.706 300 89
0 390.4 269.021 300 89
0 390.4 269.252 300 89
0 390.4 269.574 300 89
0 390.4 269.721 300 89
0 390.4 269.944 300 89
0 390.4 270.285 300 89
0 390.4 270.566 300 89
0 390.4 271.101 300 89
0 390.4 271.379 300 89
0 390.4 271.584 300 89
0 390.4 271.739 300 89
0 390.4 271.976 300 89
0 390.4 272.204 300 89
0 390.4 272.52 300 89
0 390.4 272.778 300 89
0 390.4 272.944 300 89
0 390.4 273.167 300 89
0 390.4 273.45 300 89
0 390.4 273.757 300 89
0 390.4 273.997 300 89
0 390.4 274.214 300 89
0 390.4 274.438 300 89
0 390.4 274.605 300 89
0 390.4 274.867 300 89
0 390.4 275.037 300 89
0 390.4 275.299 300 89
0 390.4 275.745 300 89
0 390.4 276.001 300 89
0 390.4 276.255 300 89
0 390.4 276.498 300 89
0 390.4 276.774 300 89
0 390.4 277.003 300 89
0 390.4 277.263 300 89
0 390.4 277.491 300 89
0 390.4 277.812 300 89
0 390.4 278.174 300 89
0 390.4 278.402 300 89
0 390.4 278.568 300 89
0 390.4 278.741 300 89
0 390.4 279.017 300 89
0 390.4 279.203 300 89
0 390.4 279.482 300 89
0 390.4 279.719 300 89
0 390.4 279.94 300 89
0 390.4 280.151 300 89
0 390.4 280.379 300 89
0 390.4 280.684 300 89
0 390.4 280.852 300 89
0 390.4 281.124 300 89
0 390.4 281.328 300 89
0 390.4 281.49 300 89
0 390.4 281.887 300 89
0 390.4 282.049 300 89
0 390.4 282.28 300 89
0 390.4 282.385 300 89
0 390.4 282.592 300 89
0 390.4 282.792 300 89
0 390.4 283.009 300 89
0 390.4 283.238 300 89
0 390.4 283.58 300 89
0 390.4 283.862 300 89
0 390.4 284.03 300 89
0 390.4 284.231 300 89
0 390.4 284.445 300 89
0 390.4 284.746 300 89
0 390.4 284.903 300 89
0 390.4 285.12 300 89
0 390.4 285.393 300 89
0 390.4 285.557 300 89
0 390.4 285.816 300 89
0 390.4 286.034 300 89
0 390.4 286.29 300 89
0 390.4 286.454 300 89
0 390.4 286.614 300 89
0 390.4 286.883 300 89
0 390.4 287.098 300 89
0 390.4 287.265 300 89
0 390.4 287.533 300 89
0 390.4 287.751 300 89
0 390.4 287.938 300 89
0 390.4 288.24 300 89
0 390.4 288.474 300 89
0 390.4 288.619 300 89
0 390.4 288.799 300 89
0 390.4 288.957 300 89
0 390.4 289.103 300 89
0 390.4 289.285 300 89
0 390.4 289.503 300 89
0 390.4 289.675 300 89
0 390.4 289.784 300 89
0 390.4 289.93 300 89
0 390.4 290.096 300 89
0 390.4 290.33 300 89
0 390.4 290.438 300 89
0 390.4 290.645 300 89
0 390.4 290.829 300 89
0 390.4 290.956 300 89
0 390.4 291.126 300 89
0 390.4 291.313 300 89
0 390.4 291.543 300 89
0 390.4 291.712 300 89
0 390.4 291.848 300 89
0 390.4 291.996 300 89
0 390.4 292.144 300 89
0 390.4 292.324 300 89
0 390.4 292.458 300 89
0 390.4 292.571 300 89
0 390.4 292.736 300 89
0 390.4 293.024 300 89
0 390.4 293.29 300 89
0 390.4 293.45 300 89
0 390.4 293.719 300 89
0 390.4 294.042 300 89
0 390.4 294.288 300 89
0 390.4 294.552 300 89
0 390.4 294.726 300 89
0 390.4 295.194 300 89
0 390.4 295.469 300 89
0 390.4 295.729 300 89
0 390.4 296 300 89
0 390.4 296.299 300 89
0 390.4 296.462 300 89
0 390.4 296.631 300 89
0 390.4 296.846 300 89
0 390.4 297.079 300 89
0 390.4 297.353 300 89
0 390.4 297.584 300 89
0 390.4 297.787 300 89
0 390.4 297.936 300 89
0 390.4 298.256 300 89
0 390.4 298.471 300 89
0 390.4 298.681 300 89
0 390.4 299.006 300 89
0 390.4 299.16 300 89
0 390.4 299.322 300 89
0 390.4 299.677 300 89
0 390.4 299.852 300 89
0 390.4 300.046 300 89
0 390.4 300.212 300 89
0 390.4 300.402 300 89
0 390.4 300.613 300 89
0 390.4 300.851 300 89
0 390.4 301.209 300 89
0 390.4 301.515 300 89
0 390.4 301.68 300 89
0 390.4 301.842 300 89
0 390.4 302.089 300 89
0 390.4 302.249 300 89
0 390.4 302.501 300 89
0 390.4 302.84 300 89
0 390.4 303.059 300 89
0 390.4 303.303 300 89
0 390.4 303.467 300 89
0 390.4 303.751 300 89
0 390.4 304.05 300 89
0 390.4 304.277 300 89
0 390.4 304.469 300 89
0 390.4 304.73 300 89
0 390.4 304.894 300 89
0 390.4 305.042 300 89
0 390.4 305.216 300 89
0 390.4 305.396 300 89
0 390.4 305.595 300 89
0 390.4 305.877 300 89
0 390.4 306.128 300 89
0 390.4 306.347 300 89
0 390.4 306.548 300 89
0 390.4 306.738 300 89
0 390.4 307.062 300 89
0 390.4 307.332 300 89
0 390.4 307.541 300 89
0 390.4 307.749 300 89
0 390.4 307.997 300 89
0 390.4 308.257 300 89
0 390.4 308.414 300 89
0 390.4 308.771 300 89
0 390.4 308.978 300 89
0 390.4 309.14 300 89
0 390.4 309.468 300 89
0 390.4 309.635 300 89
0 390.4 309.791 300 89
0 390.4 310.019 300 89
0 390.4 310.235 300 89
0 390.4 310.395 300 89
0 390.4 310.643 300 89
0 390.4 310.865 300 89
0 390.4 311.066 300 89
0 390.4 311.269 300 89
0 390.4 311.428 300 89
0 390.4 311.63 300 89
0 390.4 311.845 300 89
0 390.4 312.057 300 89
0 390.4 312.225 300 89
0 390.4 312.446 300 89
0 390.4 312.624 300 89
0 390.4 312.917 300 89
0 390.4 313.119 300 89
0 390.4 313.262 300 89
0 390.4 313.467 300 89
0 390.4 313.734 300 89
0 390.4 314.011 300 89
0 390.4 314.241 300 89
0 390.4 314.468 300 89
0 390.4 314.701 300 89
0 390.4 314.911 300 89
0 390.4 315.059 300 89
0 390.4 315.211 300 89
0 390.4 315.482 300 89
0 390.4 315.694 300 89
0 390.4 316.033 300 89
0 390.4 316.368 300 89
0 390.4 316.631 300 89
0 390.4 316.79 300 89
0 390.4 316.992 300 89
0 390.4 317.24 300 89
0 390.4 317.401 300 89
0 390.4 317.708 300 89
0 390.4 317.871 300 89
0 390.4 318.024 300 89
0 390.4 318.286 300 89
0 390.4 318.453 300 89
0 390.4 318.664 300 89
0 390.4 318.878 300 89
0 390.4 319.098 300 89
0 390.4 319.402 300 89
0 390.4 319.763 300 89
0 390.4 320.019 300 89
0 390.4 320.199 300 89
0 390.4 320.357 300 89
0 390.4 320.621 300 89
0 390.4 320.793 300 89
0 390.4 321.028 300 89
0 390.4 321.209 300 89
0 390.4 321.468 300 89
0 390.4 321.579 300 89
0 390.4 321.733 300 89
0 390.4 321.876 300 89
0 390.4 322.048 300 89
0 390.4 322.303 300 89
0 390.4 322.559 300 89
0 390.4 322.727 300 89
0 390.4 323.065 300 89
0 390.4 323.39 300 89
0 390.4 323.555 300 89
0 390.4 323.719 300 89
0 390.4 324.029 300 89
0 390.4 324.298 300 89
0 390.4 324.539 300 89
0 390.4 324.701 300 89
0 390.4 324.874 300 89
0 390.4 325.047 300 89
0 390.4 325.269 300 89
0 390.4 325.481 300 89
0 390.4 325.637 300 89
0 390.4 325.894 300 89
0 390.4 326.06 300 89
0 390.4 326.321 300 89
0 390.4 326.539 300 89
0 390.4 326.793 300 89
0 390.4 327.002 300 89
0 390.4 327.215 300 89
0 390.4 327.503 300 89
0 390.4 327.673 300 89
0 390.4 327.84 300 89
0 390.4 328.099 300 89
0 390.4 328.321 300 89
0 390.4 328.543 300 89
0 390.4 328.803 300 89
0 390.4 329.206 300 89
0 390.4 329.36 300 89
0 390.4 329.585 300 89
0 390.4 329.783 300 89
0 390.4 329.937 300 89
0 390.4 330.196 300 89
0 390.4 330.446 300 89
0 390.4 330.721 300 89
0 390.4 330.943 300 89
0 390.4 331.18 300 89
0 390.4 331.369 300 89
0 390.4 331.544 300 89
0 390.4 331.779 300 89
0 390.4 332.085 300 89
0 390.4 332.314 300 89
0 390.4 332.537 300 89
0 390.4 332.749 300 89
0 390.4 332.957 300 89
0 390.4 333.211 300 89
0 390.4 333.442 300 89
0 390.4 333.715 300 89
0 390.4 333.933 300 89
0 390.4 334.217 300 89
0 390.4 334.394 300 89
0 390.4 334.614 300 89
0 390.4 334.818 300 89
0 390.4 334.927 300 89
0 390.4 335.098 300 89
0 390.4 335.214 300 89
0 390.4 335.366 300 89
0 390.4 335.51 300 89
0 390.4 335.658 300 89
0 390.4 335.81 300 89
0 390.4 336.047 300 89
0 390.4 336.253 300 89
0 390.4 336.547 300 89
0 390.4 336.803 300 89
0 390.4 336.963 300 89
0 390.4 337.185 300 89
0 390.4 337.4 300 89
0 390.4 337.624 300 89
0 390.4 337.892 300 89
0 390.4 338.213 300 89
0 390.4 338.44 300 89
0 390.4 338.744 300 89
0 390.4 339.053 300 89
0 390.4 339.227 300 89
0 390.4 339.424 300 89
0 390.4 339.765 300 89
0 390.4 339.986 300 89
0 390.4 340.313 300 89
0 390.4 340.613 300 89
0 390.4 340.928 300 89
0 390.4 341.238 300 89
0 390.4 341.524 300 89
0 390.4 341.732 300 89
0 390.4 341.9 300 89
0 390.4 342.019 300 89
0 390.4 342.25 300 89
0 390.4 342.408 300 89
0 390.4 342.604 300 89
0 390.4 342.853 300 89
0 390.4 342.958 300 89
0 390.4 343.151 300 89
0 390.4 343.436 300 89
0 390.4 343.684 300 89
0 390.4 343.943 300 89
0 390.4 344.218 300 89
0 390.4 344.526 300 89
0 390.4 344.763 300 89
0 390.4 344.94 300 89
0 390.4 345.097 300 89
0 390.4 345.262 300 89
0 390.4 345.42 300 89
0 390.4 345.564 300 89
0 390.4 345.714 300 89
0 390.4 345.941 300 89
0 390.4 346.09 300 89
0 390.4 346.207 300 89
0 390.4 346.36 300 89
0 390.4 346.574 300 89
0 390.4 346.781 300 89
0 390.4 346.999 300 89
0 390.4 347.219 300 89
0 390.4 347.408 300 89
0 390.4 347.559 300 89
0 390.4 347.726 300 89
0 390.4 347.879 300 89
0 390.4 348.045 300 89
0 390.4 348.331 300 89
0 390.4 348.553 300 89
0 390.4 348.707 300 89
0 390.4 348.875 300 89
0 390.4 349.198 300 89
0 390.4 349.475 300 89
0 390.4 349.742 300 89
0 390.4 349.994 300 89
0 390.4 350.22 300 89
0 390.4 350.435 300 89
0 390.4 350.599 300 89
0 390.4 350.776 300 89
0 390.4 350.988 300 89
0 390.4 351.352 300 89
0 390.4 351.576 300 89
0 390.4 351.806 300 89
0 390.4 352.062 300 89
0 390.4 352.255 300 89
0 390.4 352.435 300 89
0 390.4 352.623 300 89
0 390.4 352.742 300 89
0 390.4 352.88 300 89
0 390.4 352.99 300 89
0 390.4 353.129 300 89
0 390.4 353.317 300 89
0 390.4 353.475 300 89
0 390.4 353.593 300 89
0 390.4 353.806 300 89
0 390.4 353.919 300 89
0 390.4 354.104 300 89
0 390.4 354.242 300 89
0 390.4 354.432 300 89
0 390.4 354.571 300 89
0 390.4 354.674 300 89
0 390.4 354.859 300 89
0 390.4 355.003 300 89
0 390.4 355.226 300 89
0 390.4 355.336 300 89
0 390.4 355.518 300 89
0 390.4 355.671 300 89
0 390.4 355.824 300 89
0 390.4 356.031 300 89
0 390.4 356.236 300 89
0 390.4 356.416 300 89
0 390.4 356.594 300 89
0 390.4 356.71 300 89
0 390.4 356.954 300 89
0 390.4 357.178 300 89
0 390.4 357.282 300 89
0 390.4 357.422 300 89
0 390.4 357.57 300 89
0 390.4 357.797 300 89
0 390.4 357.936 300 89
0 390.4 358.084 300 89
0 390.4 358.261 300 89
0 390.4 358.378 300 89
0 390.4 358.489 300 89
0 390.4 358.605 300 89
0 390.4 358.754 300 89
0 390.4 358.971 300 89
0 390.4 359.106 300 89
0 390.4 359.353 300 89
0 390.4 359.604 300 89
0 390.4 359.764 300 89
0 390.4 359.94 300 89
0 390.4 360.139 300 89
0 390.4 360.284 300 89
0 390.4 360.441 300 89
0 390.4 360.59 300 89
0 390.4 361.016 300 89
0 390.4 361.229 300 89
0 390.4 361.539 300 89
0 390.4 361.861 300 89
0 390.4 362.014 300 89
0 390.4 362.252 300 89
0 390.4 362.567 300 89
0 390.4 362.842 300 89
0 390.4 363.017 300 89
0 390.4 363.166 300 89
0 390.4 363.278 300 89
0 390.4 363.506 300 89
0 390.4 363.65 300 89
0 390.4 363.758 300 89
0 390.4 363.871 300 89
0 390.4 364.02 300 89
0 390.4 364.21 300 89
0 390.4 364.477 300 89
0 390.4 364.642 300 89
0 390.4 364.97 300 89
0 390.4 365.297 300 89
0 390.4 365.535 300 89
0 390.4 366.005 300 89
0 390.4 366.264 300 89
0 390.4 366.465 300 89
0 390.4 366.695 300 89
0 390.4 366.857 300 89
0 390.4 367.015 300 89
0 390.4 367.291 300 89
0 390.4 367.502 300 89
0 390.4 367.713 300 89
0 390.4 367.903 300 89
0 390.4 368.145 300 89
0 390.4 368.473 300 89
0 390.4 368.723 300 89
0 390.4 368.968 300 89
0 390.4 369.153 300 89
0 390.4 369.483 300 89
0 390.4 369.667 300 89
0 390.4 370.008 300 89
0 390.4 370.197 300 89
0 390.4 370.603 300 89
0 390.4 370.843 300 89
0 390.4 371.219 300 89
0 390.4 371.747 300 89
0 390.4 371.939 300 89
0 390.4 372.258 300 89
0 390.4 372.443 300 89
0 390.4 372.642 300 89
0 390.4 372.88 300 89
0 390.4 373.061 300 89
0 390.4 373.221 300 89
0 390.4 373.507 300 89
0 390.4 373.901 300 89
0 390.4 374.373 300 89
0 390.4 374.548 300 89
0 390.4 374.814 300 89
0 390.4 375.081 300 89
0 390.4 375.367 300 89
0 390.4 375.613 300 89
0 390.4 375.768 300 89
0 390.4 375.923 300 89
0 390.4 376.084 300 89
0 390.4 376.203 300 89
0 390.4 376.32 300 89
0 390.4 376.566 300 89
0 390.4 376.771 300 89
0 390.4 376.944 300 89
0 390.4 377.121 300 89
0 390.4 377.441 300 89
0 390.4 377.579 300 89
0 390.4 377.726 300 89
0 390.4 377.964 300 89
0 390.4 378.104 300 89
0 390.4 378.293 300 89
0 390.4 378.502 300 89
0 390.4 378.797 300 89
0 390.4 379.04 300 89
0 390.4 379.296 300 89
0 390.4 379.509 300 89
0 390.4 379.777 300 89
0 390.4 380.081 300 89
0 390.4 380.366 300 89
0 390.4 380.769 300 89
0 390.4 380.946 300 89
0 390.4 381.24 300 89
0 390.4 381.487 300 89
0 390.4 381.712 300 89
0 390.4 381.932 300 89
0 390.4 382.238 300 89
0 390.4 382.483 300 89
0 390.4 382.705 300 89
0 390.4 383.003 300 89
0 390.4 383.196 300 89
0 390.4 383.425 300 89
0 390.4 383.693 300 89
0 390.4 384.028 300 89
0 390.4 384.23 300 89
0 390.4 384.516 300 89
0 390.4 384.752 300 89
0 390.4 385.039 300 89
0 390.4 385.295 300 89
0 390.4 385.53 300 89
0 390.4 385.859 300 89
0 390.4 386.091 300 89
0 390.4 386.395 300 89
0 390.4 386.696 300 89
0 390.4 386.939 300 89
0 390.4 387.319 300 89
0 390.4 387.637 300 89
0 390.4 387.891 300 89
0 390.4 388.064 300 89
0 390.4 388.289 300 89
0 390.4 388.511 300 89
0 390.4 388.755 300 89
0 390.4 389.047 300 89
0 390.4 389.304 300 89
0 390.4 389.694 300 89
0 390.4 389.932 300 89
0 390.4 390.261 300 89
0 390.4 390.385 300 89
0 390.4 390.501 300 89
0 390.4 390.696 300 89
0 390.4 390.901 300 89
0 390.4 391.139 300 89
0 390.4 391.37 300 89
0 390.4 391.558 300 89
0 390.4 391.889 300 89
0 390.4 392.061 300 89
0 390.4 392.295 300 89
0 390.4 392.529 300 89
0 390.4 392.925 300 89
0 390.4 393.232 300 89
0 390.4 393.513 300 89
0 390.4 393.839 300 89
0 390.4 394.092 300 89
0 390.4 394.491 300 89
0 390.4 394.724 300 89
0 390.4 394.908 300 89
0 390.4 395.079 300 89
0 390.4 395.296 300 89
0 390.4 395.481 300 89
0 390.4 395.719 300 89
0 390.4 395.92 300 89
0 390.4 396.186 300 89
0 390.4 396.448 300 89
0 390.4 396.675 300 89
0 390.4 396.91 300 89
0 390.4 397.262 300 89
0 390.4 397.503 300 89
0 390.4 397.624 300 89
0 390.4 397.889 300 89
0 390.4 398.024 300 89
0 390.4 398.283 300 89
0 390.4 398.678 300 89
0 390.4 398.836 300 89
0 390.4 399.124 300 89
0 390.4 399.465 300 89
0 390.4 399.701 300 89
0 390.4 399.9 300 89
0 390.4 400.169 300 89
0 390.4 400.325 300 89
0 390.4 400.549 300 89
0 390.4 400.71 300 89
0 390.4 400.878 300 89
0 390.4 401.249 300 89
0 390.4 401.449 300 89
0 390.4 401.811 300 89
0 390.4 402.026 300 89
0 390.4 402.321 300 89
0 390.4 402.604 300 89
0 390.4 402.78 300 89
0 390.4 403.052 300 89
0 390.4 403.367 300 89
0 390.4 403.533 300 89
0 390.4 403.905 300 89
0 390.4 404.18 300 89
0 390.4 404.461 300 89
0 390.4 404.696 300 89
0 390.4 404.984 300 89
0 390.4 405.166 300 89
0 390.4 405.423 300 89
0 390.4 405.673 300 89
0 390.4 405.924 300 89
0 390.4 406.224 300 89
0 390.4 406.549 300 89
0 390.4 406.785 300 89
0 390.4 407.031 300 89
0 390.4 407.402 300 89
0 390.4 407.725 300 89
0 390.4 407.988 300 89
0 390.4 408.341 300 89
0 390.4 408.602 300 89
0 390.4 408.854 300 89
0 390.4 409.085 300 89
0 390.4 409.258 300 89
0 390.4 409.619 300 89
0 390.4 409.921 300 89
0 390.4 410.087 300 89
0 390.4 410.311 300 89
0 390.4 410.531 300 89
0 390.4 410.926 300 89
0 390.4 411.161 300 89
0 390.4 411.342 300 89
0 390.4 411.623 300 89
0 390.4 411.83 300 89
0 390.4 412.095 300 89
0 390.4 412.246 300 89
0 390.4 412.429 300 89
0 390.4 412.776 300 89
0 390.4 413.119 300 89
0 390.4 413.418 300 89
0 390.4 413.67 300 89
0 390.4 413.911 300 89
0 390.4 414.075 300 89
0 390.4 414.287 300 89
0 390.4 414.458 300 89
0 390.4 414.636 300 89
0 390.4 414.922 300 89
0 390.4 415.153 300 89
0 390.4 415.405 300 89
0 390.4 415.67 300 89
0 390.4 415.846 300 89
0 390.4 416.085 300 89
0 390.4 416.267 300 89
0 390.4 416.488 300 89
0 390.4 416.822 300 89
0 390.4 416.996 300 89
0 390.4 417.219 300 89
0 390.4 417.487 300 89
0 390.4 417.689 300 89
0 390.4 417.871 300 89
0 390.4 418.022 300 89
0 390.4 418.196 300 89
0 390.4 418.464 300 89
0 390.4 418.638 300 89
0 390.4 418.937 300 89
0 390.4 419.239 300 89
0 390.4 419.491 300 89
0 390.4 419.807 300 89
0 390.4 419.971 300 89
0 390.4 420.207 300 89
0 390.4 420.383 300 89
0 390.4 420.68 300 89
0 390.4 420.855 300 89
0 390.4 421.036 300 89
0 390.4 421.266 300 89
0 390.4 421.501 300 89
0 390.4 421.721 300 89
0 390.4 422.035 300 89
0 390.4 422.262 300 89
0 390.4 422.559 300 89
0 390.4 422.873 300 89
0 390.4 423.091 300 89
0 390.4 423.454 300 89
0 390.4 423.62 300 89
0 390.4 423.896 300 89
0 390.4 424.092 300 89
0 390.4 424.266 300 89
0 390.4 424.429 300 89
0 390.4 424.638 300 89
0 390.4 424.848 300 89
0 390.4 425.014 300 89
0 390.4 425.302 300 89
0 390.4 425.513 300 89
0 390.4 425.802 300 89
0 390.4 426.133 300 89
0 390.4 426.326 300 89
0 390.4 426.644 300 89
0 390.4 426.966 300 89
0 390.4 427.187 300 89
0 390.4 427.414 300 89
0 390.4 427.635 300 89
0 390.4 427.798 300 89
0 390.4 427.967 300 89
0 390.4 428.162 300 89
0 390.4 428.341 300 89
0 390.4 428.595 300 89
0 390.4 428.835 300 89
0 390.4 429.109 300 89
0 390.4 429.386 300 89
0 390.4 429.619 300 89
0 390.4 429.923 300 89
0 390.4 430.108 300 89
0 390.4 430.394 300 89
0 390.4 430.581 300 89
0 390.4 430.745 300 89
0 390.4 430.962 300 89
0 390.4 431.186 300 89
0 390.4 431.452 300 89
0 390.4 431.67 300 89
0 390.4 432.037 300 89
0 390.4 432.258 300 89
0 390.4 432.501 300 89
0 390.4 432.708 300 89
0 390.4 432.92 300 89
0 390.4 433.154 300 89
0 390.4 433.424 300 89
0 390.4 433.603 300 89
0 390.4 433.846 300 89
0 390.4 434.023 300 89
0 390.4 434.251 300 89
0 390.4 434.476 300 89
0 390.4 434.652 300 89
0 390.4 434.998 300 89
0 390.4 435.195 300 89
0 390.4 435.497 300 89
0 390.4 435.783 300 89
0 390.4 436.126 300 89
0 390.4 436.408 300 89
0 390.4 436.659 300 89
0 390.4 436.908 300 89
0 390.4 437.088 300 89
0 390.4 437.304 300 89
0 390.4 437.527 300 89
0 390.4 437.81 300 89
0 390.4 438.147 300 89
0 390.4 438.329 300 89
0 390.4 438.517 300 89
0 390.4 438.701 300 89
0 390.4 439.002 300 89
0 390.4 439.21 300 89
0 390.4 439.413 300 89
0 390.4 439.697 300 89
0 390.4 439.965 300 89
0 390.4 440.183 300 89
0 390.4 440.419 300 89
0 390.4 440.613 300 89
0 390.4 440.992 300 89
0 390.4 441.281 300 89
0 390.4 441.624 300 89
0 390.4 441.851 300 89
0 390.4 442.131 300 89
0 390.4 442.486 300 89
0 390.4 442.692 300 89
0 390.4 443.041 300 89
0 390.4 443.253 300 89
0 390.4 443.484 300 89
0 390.4 443.755 300 89
0 390.4 444.058 300 89
0 390.4 444.479 300 89
0 390.4 444.745 300 89
0 390.4 445.048 300 89
0 390.4 445.277 300 89
0 390.4 445.561 300 89
0 390.4 445.782 300 89
0 390.4 445.966 300 89
0 390.4 446.344 300 89
0 390.4 446.579 300 89
0 390.4 446.86 300 89
0 390.4 447.206 300 89
0 390.4 447.492 300 89
0 390.4 447.664 300 89
0 390.4 447.891 300 89
0 390.4 448.198 300 89
0 390.4 448.486 300 89
0 390.4 448.736 300 89
0 390.4 449.152 300 89
0 390.4 449.376 300 89
0 390.4 449.655 300 89
0 390.4 449.83 300 89
0 390.4 450.007 300 89
0 390.4 450.234 300 89
0 390.4 450.506 300 89
0 390.4 450.662 300 89
0 390.4 450.952 300 89
0 390.4 451.243 300 89
0 390.4 451.41 300 89
0 390.4 451.749 300 89
0 390.4 451.967 300 89
0 390.4 452.13 300 89
0 390.4 452.287 300 89
0 390.4 452.5 300 89
0 390.4 452.741 300 89
0 390.4 452.998 300 89
0 390.4 453.169 300 89
0 390.4 453.381 300 89
0 390.4 453.644 300 89
0 390.4 453.947 300 89
0 390.4 454.119 300 89
0 390.4 454.285 300 89
0 390.4 454.445 300 89
0 390.4 454.671 300 89
0 390.4 455.044 300 89
0 390.4 455.316 300 89
0 390.4 455.537 300 89
0 390.4 455.789 300 89
0 390.4 455.953 300 89
0 390.4 456.235 300 89
0 390.4 456.489 300 89
0 390.4 456.7 300 89
0 390.4 456.877 300 89
0 390.4 457.091 300 89
0 390.4 457.257 300 89
0 390.4 457.421 300 89
0 390.4 457.706 300 89
0 390.4 457.926 300 89
0 390.4 458.213 300 89
0 390.4 458.426 300 89
0 390.4 458.688 300 89
0 390.4 459.02 300 89
0 390.4 459.203 300 89
0 390.4 459.519 300 89
0 390.4 459.726 300 89
0 390.4 459.987 300 89
0 390.4 460.207 300 89
0 390.4 460.385 300 89
0 390.4 460.619 300 89
0 390.4 460.893 300 89
0 390.4 461.131 300 89
0 390.4 461.513 300 89
0 390.4 461.867 300 89
0 390.4 462.093 300 89
0 390.4 462.316 300 89
0 390.4 462.536 300 89
0 390.4 462.754 300 89
0 390.4 462.908 300 89
0 390.4 463.209 300 89
0 390.4 463.54 300 89
0 390.4 463.766 300 89
0 390.4 463.972 300 89
0 390.4 464.247 300 89
0 390.4 464.497 300 89
0 390.4 464.715 300 89
0 390.4 464.887 300 89
0 390.4 465.154 300 89
0 390.4 465.36 300 89
0 390.4 465.623 300 89
0 390.4 465.873 300 89
0 390.4 466.098 300 89
0 390.4 466.392 300 89
0 390.4 466.808 300 89
0 390.4 466.958 300 89
0 390.4 467.164 300 89
0 390.4 467.364 300 89
0 390.4 467.573 300 89
0 390.4 467.728 300 89
0 390.4 467.88 300 89
0 390.4 468.237 300 89
0 390.4 468.45 300 89
0 390.4 468.606 300 89
0 390.4 468.797 300 89
0 390.4 469.01 300 89
0 390.4 469.226 300 89
0 390.4 469.549 300 89
0 390.4 469.905 300 89
0 390.4 470.166 300 89
0 390.4 470.324 300 89
0 390.4 470.534 300 89
0 390.4 470.742 300 89
0 390.4 471.105 300 89
0 390.4 471.264 300 89
0 390.4 471.432 300 89
0 390.4 471.792 300 89
0 390.4 471.957 300 89
0 390.4 472.106 300 89
0 390.4 472.409 300 89
0 390.4 472.572 300 89
0 390.4 472.779 300 89
0 390.4 472.996 300 89
0 390.4 473.374 300 89
0 390.4 473.62 300 89
0 390.4 473.836 300 89
0 390.4 474.039 300 89
0 390.4 474.285 300 89
0 390.4 474.466 300 89
0 390.4 474.627 300 89
0 390.4 474.743 300 89
0 390.4 474.87 300 89
0 390.4 475.028 300 89
0 390.4 475.297 300 89
0 390.4 475.508 300 89
0 390.4 475.704 300 89
0 390.4 475.912 300 89
0 390.4 476.162 300 89
0 390.4 476.367 300 89
0 390.4 476.532 300 89
0 390.4 476.739 300 89
0 390.4 476.912 300 89
0 390.4 477.126 300 89
0 390.4 477.301 300 89
0 390.4 477.56 300 89
0 390.4 477.779 300 89
0 390.4 477.944 300 89
0 390.4 478.143 300 89
0 390.4 478.353 300 89
0 390.4 478.498 300 89
0 390.4 478.706 300 89
0 390.4 478.925 300 89
0 390.4 479.141 300 89
0 390.4 479.406 300 89
0 390.4 479.66 300 89
0 390.4 479.845 300 89
0 390.4 480.033 300 89
0 390.4 480.146 300 89
0 390.4 480.355 300 89
0 390.4 480.543 300 89
0 390.4 480.693 300 89
0 390.4 480.816 300 89
0 390.4 481.001 300 89
0 390.4 481.115 300 89
0 390.4 481.258 300 89
0 390.4 481.626 300 89
0 390.4 481.894 300 89
0 390.4 482.061 300 89
0 390.4 482.229 300 89
0 390.4 482.4 300 89
0 390.4 482.597 300 89
0 390.4 482.916 300 89
0 390.4 483.267 300 89
0 390.4 483.547 300 89
0 390.4 483.751 300 89
0 390.4 483.961 300 89
0 390.4 484.116 300 89
0 390.4 484.283 300 89
0 390.4 484.494 300 89
0 390.4 484.674 300 89
0 390.4 484.785 300 89
0 390.4 484.935 300 89
0 390.4 485.116 300 89
0 390.4 485.355 300 89
0 390.4 485.47 300 89
0 390.4 485.632 300 89
0 390.4 485.793 300 89
0 390.4 485.985 300 89
0 390.4 486.095 300 89
0 390.4 486.29 300 89
0 390.4 486.495 300 89
0 390.4 486.733 300 89
0 390.4 486.885 300 89
0 390.4 487.029 300 89
0 390.4 487.142 300 89
0 390.4 487.281 300 89
0 390.4 487.569 300 89
0 390.4 487.721 300 89
0 390.4 487.835 300 89
0 390.4 488.084 300 89
0 390.4 488.189 300 89
0 390.4 488.3 300 89
0 390.4 488.447 300 89
0 390.4 488.555 300 89
0 390.4 488.66 300 89
0 390.4 488.767 300 89
0 390.4 488.879 300 89
0 390.4 489.1 300 89
0 390.4 489.253 300 89
0 390.4 489.475 300 89
0 390.4 489.576 300 89
0 390.4 489.716 300 89
0 390.4 489.83 300 89
0 390.4 489.956 300 89
0 390.4 490.067 300 89
0 390.4 490.215 300 89
0 390.4 490.406 300 89
0 390.4 490.566 300 89
0 390.4 490.769 300 89
0 390.4 490.976 300 89
0 390.4 491.122 300 89
0 390.4 491.345 300 89
0 390.4 491.514 300 89
0 390.4 491.746 300 89
0 390.4 491.959 300 89
0 390.4 492.175 300 89
0 390.4 492.319 300 89
0 390.4 492.542 300 89
0 390.4 492.722 300 89
0 390.4 493.08 300 89
0 390.4 493.281 300 89
0 390.4 493.489 300 89
0 390.4 493.742 300 89
0 390.4 493.974 300 89
0 390.4 494.134 300 89
0 390.4 494.339 300 89
0 390.4 494.591 300 89
0 390.4 494.848 300 89
0 390.4 495.057 300 89
0 390.4 495.209 300 89
0 390.4 495.458 300 89
0 390.4 495.669 300 89
0 390.4 495.897 300 89
0 390.4 496.095 300 89
0 390.4 496.303 300 89
0 390.4 496.514 300 89
0 390.4 496.731 300 89
0 390.4 496.896 300 89
0 390.4 497.125 300 89
0 390.4 497.326 300 89
0 390.4 497.587 300 89
0 390.4 497.889 300 89
0 390.4 498.1 300 89
0 390.4 498.366 300 89
0 390.4 498.681 300 89
0 390.4 498.902 300 89
0 390.4 499.113 300 89
0 390.4 499.427 300 89
0 390.4 499.641 300 89
0 390.4 499.927 300 89
0 390.4 500.185 300 89
0 390.4 500.396 300 89
0 390.4 500.702 300 89
0 390.4 500.909 300 89
0 390.4 501.115 300 89
0 390.4 501.267 300 89
0 390.4 501.483 300 89
0 390.4 501.659 300 89
0 390.4 501.829 300 89
0 390.4 501.985 300 89
0 390.4 502.201 300 89
0 390.4 502.37 300 89
0 390.4 502.688 300 89
0 390.4 502.914 300 89
0 390.4 503.183 300 89
0 390.4 503.337 300 89
0 390.4 503.555 300 89
0 390.4 503.72 300 89
0 390.4 503.986 300 89
0 390.4 504.242 300 89
0 390.4 504.465 300 89
0 390.4 504.677 300 89
0 390.4 504.834 300 89
0 390.4 505.061 300 89
0 390.4 505.281 300 89
0 390.4 505.541 300 89
0 390.4 505.796 300 89
0 390.4 506.02 300 89
0 390.4 506.351 300 89
0 390.4 506.622 300 89
0 390.4 506.881 300 89
0 390.4 507.153 300 89
0 390.4 507.439 300 89
0 390.4 507.723 300 89
0 390.4 508.064 300 89
0 390.4 508.213 300 89
0 390.4 508.38 300 89
0 390.4 508.835 300 89
0 390.4 509.218 300 89
0 390.4 509.443 300 89
0 390.4 509.727 300 89
0 390.4 509.996 300 89
0 390.4 510.175 300 89
0 390.4 510.344 300 89
0 390.4 510.584 300 89
0 390.4 510.85 300 89
0 390.4 511.027 300 89
0 390.4 511.304 300 89
0 390.4 511.53 300 89
0 390.4 511.709 300 89
0 390.4 511.972 300 89
0 390.4 512.235 300 89
0 390.4 512.401 300 89
0 390.4 512.675 300 89
0 390.4 513.134 300 89
0 390.4 513.513 300 89
0 390.4 513.672 300 89
0 390.4 513.945 300 89
0 390.4 514.102 300 89
0 390.4 514.26 300 89
0 390.4 514.543 300 89
0 390.4 514.711 300 89
0 390.4 514.881 300 89
0 390.4 515.102 300 89
0 390.4 515.369 300 89
0 390.4 515.583 300 89
0 390.4 515.923 300 89
0 390.4 516.207 300 89
0 390.4 516.424 300 89
0 390.4 516.706 300 89
0 390.4 516.976 300 89
0 390.4 517.262 300 89
0 390.4 517.48 300 89
0 390.4 517.653 300 89
0 390.4 517.863 300 89
0 390.4 518.151 300 89
0 390.4 518.429 300 89
0 390.4 518.653 300 89
0 390.4 518.831 300 89
0 390.4 519.046 300 89
0 390.4 519.213 300 89
0 390.4 519.423 300 89
0 390.4 519.77 300 89
0 390.4 520.041 300 89
0 390.4 520.249 300 89
0 390.4 520.468 300 89
0 390.4 520.678 300 89
0 390.4 520.842 300 89
0 390.4 521.115 300 89
0 390.4 521.366 300 89
0 390.4 521.512 300 89
0 390.4 521.774 300 89
0 390.4 522.027 300 89
0 390.4 522.204 300 89
0 390.4 522.38 300 89
0 390.4 522.628 300 89
0 390.4 522.862 300 89
0 390.4 523.077 300 89
0 390.4 523.282 300 89
0 390.4 523.453 300 89
0 390.4 523.663 300 89
0 390.4 523.824 300 89
0 390.4 524.079 300 89
0 390.4 524.219 300 89
0 390.4 524.367 300 89
0 390.4 524.57 300 89
0 390.4 524.78 300 89
0 390.4 524.991 300 89
0 390.4 525.224 300 89
0 390.4 525.498 300 89
0 390.4 525.67 300 89
0 390.4 525.898 300 89
0 390.4 526.111 300 89
0 390.4 526.395 300 89
0 390.4 526.596 300 89
0 390.4 526.815 300 89
0 390.4 527.174 300 89
0 390.4 527.407 300 89
0 390.4 527.565 300 89
0 390.4 527.808 300 89
0 390.4 527.965 300 89
0 390.4 528.272 300 89
0 390.4 528.428 300 89
0 390.4 528.629 300 89
0 390.4 528.769 300 89
0 390.4 528.936 300 89
0 390.4 529.176 300 89
0 390.4 529.336 300 89
0 390.4 529.651 300 89
0 390.4 529.856 300 89
0 390.4 530.065 300 89
0 390.4 530.224 300 89
0 390.4 530.384 300 89
0 390.4 530.618 300 89
0 390.4 530.778 300 89
0 390.4 530.957 300 89
0 390.4 531.168 300 89
0 390.4 531.379 300 89
0 390.4 531.629 300 89
0 390.4 531.934 300 89
0 390.4 532.161 300 89
0 390.4 532.376 300 89
0 390.4 532.58 300 89
0 390.4 532.886 300 89
0 390.4 533.15 300 89
0 390.4 533.309 300 89
0 390.4 533.603 300 89
0 390.4 533.854 300 89
0 390.4 534.067 300 89
0 390.4 534.368 300 89
0 390.4 534.508 300 89
0 390.4 534.672 300 89
0 390.4 534.875 300 89
0 390.4 535.123 300 89
0 390.4 535.478 300 89
0 390.4 535.695 300 89
0 390.4 535.951 300 89
0 390.4 536.155 300 89
0 390.4 536.366 300 89
0 390.4 536.518 300 89
0 390.4 536.882 300 89
0 390.4 537.234 300 89
0 390.4 537.472 300 89
0 390.4 537.711 300 89
0 390.4 537.984 300 89
0 390.4 538.149 300 89
0 390.4 538.52 300 89
0 390.4 538.72 300 89
0 390.4 538.924 300 89
0 390.4 539.196 300 89
0 390.4 539.41 300 89
0 390.4 539.692 300 89
0 390.4 539.897 300 89
0 390.4 540.095 300 89
0 390.4 540.319 300 89
0 390.4 540.577 300 89
0 390.4 540.909 300 89
0 390.4 541.24 300 89
0 390.4 541.412 300 89
0 390.4 541.583 300 89
0 390.4 541.898 300 89
0 390.4 542.1 300 89
0 390.4 542.253 300 89
0 390.4 542.408 300 89
0 390.4 542.576 300 89
0 390.4 542.803 300 89
0 390.4 542.965 300 89
0 390.4 543.194 300 89
0 390.4 543.536 300 89
0 390.4 543.687 300 89
0 390.4 543.901 300 89
0 390.4 544.14 300 89
0 390.4 544.464 300 89
0 390.4 544.733 300 89
0 390.4 544.916 300 89
0 390.4 545.192 300 89
0 390.4 545.566 300 89
0 390.4 545.87 300 89
0 390.4 546.088 300 89
0 390.4 546.482 300 89
0 390.4 546.699 300 89
0 390.4 546.861 300 89
0 390.4 547.029 300 89
0 390.4 547.23 300 89
0 390.4 547.604 300 89
0 390.4 547.838 300 89
0 390.4 548.042 300 89
0 390.4 548.319 300 89
0 390.4 548.532 300 89
0 390.4 548.86 300 89
0 390.4 549.115 300 89
0 390.4 549.284 300 89
0 390.4 549.564 300 89
0 390.4 549.843 300 89
0 390.4 550.18 300 89
0 390.4 550.383 300 89
0 390.4 550.825 300 89
0 390.4 550.979 300 89
0 390.4 551.149 300 89
0 390.4 551.413 300 89
0 390.4 551.661 300 89
0 390.4 551.828 300 89
0 390.4 552.094 300 89
0 390.4 552.262 300 89
0 390.4 552.5 300 89
0 390.4 552.761 300 89
0 390.4 552.975 300 89
0 390.4 553.231 300 89
0 390.4 553.499 300 89
0 390.4 553.822 300 89
0 390.4 554.032 300 89
0 390.4 554.268 300 89
0 390.4 554.545 300 89
0 390.4 554.938 300 89
0 390.4 555.161 300 89
0 390.4 555.375 300 89
0 390.4 555.668 300 89
0 390.4 555.888 300 89
0 390.4 556.17 300 89
0 390.4 556.35 300 89
0 390.4 556.548 300 89
0 390.4 556.771 300 89
0 390.4 556.983 300 89
0 390.4 557.256 300 89
0 390.4 557.55 300 89
0 390.4 557.964 300 89
0 390.4 558.36 300 89
0 390.4 558.649 300 89
0 390.4 558.826 300 89
0 390.4 559.146 300 89
0 390.4 559.481 300 89
0 390.4 559.76 300 89
0 390.4 560.018 300 89
0 390.4 560.187 300 89
0 390.4 560.348 300 89
0 390.4 560.521 300 89
0 390.4 560.844 300 89
0 390.4 561.029 300 89
0 390.4 561.387 300 89
0 390.4 561.628 300 89
0 390.4 561.803 300 89
0 390.4 562.047 300 89
0 390.4 562.273 300 89
0 390.4 562.48 300 89
0 390.4 562.745 300 89
0 390.4 563.084 300 89
0 390.4 563.394 300 89
0 390.4 563.695 300 89
0 390.4 563.969 300 89
0 390.4 564.258 300 89
0 390.4 564.588 300 89
0 390.4 564.81 300 89
0 390.4 565.031 300 89
0 390.4 565.298 300 89
0 390.4 565.619 300 89
0 390.4 565.828 300 89
0 390.4 566.052 300 89
0 390.4 566.284 300 89
0 390.4 566.448 300 89
0 390.4 566.751 300 89
0 390.4 567.032 300 89
0 390.4 567.223 300 89
0 390.4 567.389 300 89
0 390.4 567.612 300 89
0 390.4 567.843 300 89
0 390.4 568.047 300 89
0 390.4 568.23 300 89
0 390.4 568.501 300 89
0 390.4 568.614 300 89
0 390.4 568.771 300 89
0 390.4 568.971 300 89
0 390.4 569.123 300 89
0 390.4 569.447 300 89
0 390.4 569.729 300 89
0 390.4 570.022 300 89
0 390.4 570.25 300 89
0 390.4 570.458 300 89
0 390.4 570.62 300 89
0 390.4 570.905 300 89
0 390.4 571.175 300 89
0 390.4 571.393 300 89
0 390.4 571.527 300 89
0 390.4 571.724 300 89
0 390.4 572.048 300 89
0 390.4 572.392 300 89
0 390.4 572.504 300 89
0 390.4 572.723 300 89
0 390.4 572.85 300 89
0 390.4 572.997 300 89
0 390.4 573.228 300 89
0 390.4 573.457 300 89
0 390.4 573.601 300 89
0 390.4 573.758 300 89
0 390.4 573.869 300 89
0 390.4 573.981 300 89
0 390.4 574.127 300 89
0 390.4 574.296 300 89
0 390.4 574.535 300 89
0 390.4 574.677 300 89
0 390.4 574.859 300 89
0 390.4 575.024 300 89
0 390.4 575.189 300 89
0 390.4 575.567 300 89
0 390.4 575.742 300 89
0 390.4 575.961 300 89
0 390.4 576.159 300 89
0 390.4 576.285 300 89
0 390.4 576.435 300 89
0 390.4 576.605 300 89
0 390.4 576.842 300 89
0 390.4 576.959 300 89
0 390.4 577.109 300 89
0 390.4 577.224 300 89
0 390.4 577.401 300 89
0 390.4 577.57 300 89
0 390.4 577.727 300 89
0 390.4 577.914 300 89
0 390.4 578.086 300 89
0 390.4 578.232 300 89
0 390.4 578.403 300 89
0 390.4 578.708 300 89
0 390.4 578.934 300 89
0 390.4 579.228 300 89
0 390.4 579.464 300 89
0 390.4 579.67 300 89
0 390.4 579.896 300 89
0 390.4 580.159 300 89
0 390.4 580.327 300 89
0 390.4 580.429 300 89
0 390.4 580.586 300 89
0 390.4 580.787 300 89
0 390.4 580.9 300 89
0 390.4 581.292 300 89
0 390.4 581.504 300 89
0 390.4 581.817 300 89
0 390.4 582.069 300 89
0 390.4 582.362 300 89
0 390.4 582.584 300 89
0 390.4 582.897 300 89
0 390.4 583.096 300 89
0 390.4 583.47 300 89
0 390.4 583.682 300 89
0 390.4 583.879 300 89
0 390.4 584.08 300 89
0 390.4 584.285 300 89
0 390.4 584.517 300 89
0 390.4 584.684 300 89
0 390.4 584.903 300 89
0 390.4 585.067 300 89
0 390.4 585.218 300 89
0 390.4 585.32 300 89
0 390.4 585.519 300 89
0 390.4 585.621 300 89
0 390.4 585.815 300 89
0 390.4 586.092 300 89
0 390.4 586.247 300 89
0 390.4 586.43 300 89
0 390.4 586.631 300 89
0 390.4 586.836 300 89
0 390.4 587.151 300 89
0 390.4 587.454 300 89
0 390.4 587.675 300 89
0 390.4 587.878 300 89
0 390.4 588.085 300 89
0 390.4 588.321 300 89
0 390.4 588.597 300 89
0 390.4 588.807 300 89
0 390.4 589.076 300 89
0 390.4 589.235 300 89
0 390.4 589.467 300 89
0 390.4 589.646 300 89
0 390.4 589.91 300 89
0 390.4 590.124 300 89
0 390.4 590.346 300 89
0 390.4 590.516 300 89
0 390.4 590.677 300 89
0 390.4 590.956 300 89
0 390.4 591.116 300 89
0 390.4 591.378 300 89
0 390.4 591.676 300 89
0 390.4 591.843 300 89
0 390.4 592.065 300 89
0 390.4 592.335 300 89
0 390.4 592.794 300 89
0 390.4 593.004 300 89
0 390.4 593.219 300 89
0 390.4 593.453 300 89
0 390.4 593.667 300 89
0 390.4 593.89 300 89
0 390.4 594.104 300 89
0 390.4 594.319 300 89
0 390.4 594.535 300 89
0 390.4 594.693 300 89
0 390.4 594.914 300 89
0 390.4 595.054 300 89
0 390.4 595.182 300 89
0 390.4 595.364 300 89
0 390.4 595.484 300 89
0 390.4 595.714 300 89
0 390.4 595.876 300 89
0 390.4 596.08 300 89
0 390.4 596.249 300 89
0 390.4 596.571 300 89
0 390.4 596.75 300 89
0 390.4 596.92 300 89
0 390.4 597.137 300 89
0 390.4 597.428 300 89
0 390.4 597.706 300 89
0 390.4 597.886 300 89
0 390.4 598.075 300 89
0 390.4 598.333 300 89
0 390.4 598.55 300 89
0 390.4 598.722 300 89
0 390.4 598.953 300 89
0 390.4 599.129 300 89
0 390.4 599.37 300 89
0 390.4 599.59 300 89
0 390.4 599.818 300 89
0 390.4 600.059 300 89
0 390.4 600.359 300 89
0 390.4 600.524 300 89
0 390.4 600.808 300 89
0 390.4 601.055 300 89
0 390.4 601.33 300 89
0 390.4 601.657 300 89
0 390.4 601.888 300 89
0 390.4 602.197 300 89
0 390.4 602.367 300 89
0 390.4 602.731 300 89
0 390.4 602.935 300 89
0 390.4 603.049 300 89
0 390.4 603.171 300 89
0 390.4 603.417 300 89
0 390.4 603.63 300 89
0 390.4 603.782 300 89
0 390.4 603.978 300 89
0 390.4 604.238 300 89
0 390.4 604.494 300 89
0 390.4 604.647 300 89
0 390.4 604.774 300 89
0 390.4 604.988 300 89
0 390.4 605.266 300 89
0 390.4 605.437 300 89
0 390.4 605.606 300 89
0 390.4 605.722 300 89
0 390.4 605.852 300 89
0 390.4 605.976 300 89
0 390.4 606.2 300 89
0 390.4 606.433 300 89
0 390.4 606.6 300 89
0 390.4 606.744 300 89
0 390.4 607.135 300 89
0 390.4 607.31 300 89
0 390.4 607.605 300 89
0 390.4 607.791 300 89
0 390.4 608.189 300 89
0 390.4 608.425 300 89
0 390.4 608.642 300 89
0 390.4 608.992 300 89
0 390.4 609.378 300 89
0 390.4 609.54 300 89
0 390.4 609.712 300 89
0 390.4 609.94 300 89
0 390.4 610.12 300 89
0 390.4 610.474 300 89
0 390.4 610.697 300 89
0 390.4 610.876 300 89
0 390.4 611.207 300 89
0 390.4 611.497 300 89
0 390.4 611.683 300 89
0 390.4 611.854 300 89
0 390.4 612.134 300 89
0 390.4 612.316 300 89
0 390.4 612.597 300 89
0 390.4 612.774 300 89
0 390.4 613.055 300 89
0 390.4 613.235 300 89
0 390.4 613.576 300 89
0 390.4 613.806 300 89
0 390.4 614.039 300 89
0 390.4 614.198 300 89
0 390.4 614.363 300 89
0 390.4 614.546 300 89
0 390.4 614.776 300 89
0 390.4 614.999 300 89
0 390.4 615.294 300 89
0 390.4 615.641 300 89
0 390.4 615.93 300 89
0 390.4 616.202 300 89
0 390.4 616.446 300 89
0 390.4 616.698 300 89
0 390.4 616.942 300 89
0 390.4 617.121 300 89
0 390.4 617.355 300 89
0 390.4 617.654 300 89
0 390.4 617.889 300 89
0 390.4 618.135 300 89
0 390.4 618.306 300 89
0 390.4 618.536 300 89
0 390.4 618.842 300 89
0 390.4 619.144 300 89
0 390.4 619.518 300 89
0 390.4 619.867 300 89
0 390.4 620.064 300 89
0 390.4 620.286 300 89
0 390.4 620.515 300 89
0 390.4 620.738 300 89
0 390.4 621.091 300 89
0 390.4 621.362 300 89
0 390.4 621.61 300 89
0 390.4 621.908 300 89
0 390.4 622.094 300 89
0 390.4 622.345 300 89
0 390.4 622.535 300 89
0 390.4 622.757 300 89
0 390.4 622.998 300 89
0 390.4 623.331 300 89
0 390.4 623.522 300 89
0 390.4 623.751 300 89
0 390.4 624.04 300 89
0 390.4 624.213 300 89
0 390.4 624.457 300 89
0 390.4 624.788 300 89
0 390.4 625.047 300 89
0 390.4 625.446 300 89
0 390.4 625.79 300 89
0 390.4 625.955 300 89
0 390.4 626.258 300 89
0 390.4 626.494 300 89
0 390.4 626.668 300 89
0 390.4 626.838 300 89
0 390.4 627.155 300 89
0 390.4 627.387 300 89
0 390.4 627.611 300 89
0 390.4 627.896 300 89
0 390.4 628.052 300 89
0 390.4 628.207 300 89
0 390.4 628.344 300 89
0 390.4 628.534 300 89
0 390.4 628.666 300 89
0 390.4 628.836 300 89
0 390.4 629.089 300 89
0 390.4 629.273 300 89
0 390.4 629.541 300 89
0 390.4 629.725 300 89
0 390.4 630.089 300 89
0 390.4 630.309 300 89
0 390.4 630.583 300 89
0 390.4 630.967 300 89
0 390.4 631.319 300 89
0 390.4 631.6 300 89
0 390.4 631.88 300 89
0 390.4 632.155 300 89
0 390.4 632.418 300 89
0 390.4 632.702 300 89
0 390.4 632.98 300 89
0 390.4 633.272 300 89
0 390.4 633.549 300 89
0 390.4 633.785 300 89
0 390.4 633.924 300 89
0 390.4 634.162 300 89
0 390.4 634.362 300 89
0 390.4 634.547 300 89
0 390.4 634.897 300 89
0 390.4 635.137 300 89
0 390.4 635.556 300 89
0 390.4 635.87 300 89
0 390.4 636.109 300 89
0 390.4 636.353 300 89
0 390.4 636.589 300 89
0 390.4 636.843 300 89
0 390.4 637.012 300 89
0 390.4 637.223 300 89
0 390.4 637.578 300 89
0 390.4 637.831 300 89
0 390.4 638.065 300 89
0 390.4 638.412 300 89
0 390.4 638.653 300 89
0 390.4 638.853 300 89
0 390.4 639.263 300 89
0 390.4 639.632 300 89
0 390.4 639.904 300 89
0 390.4 640.195 300 89
0 390.4 640.479 300 89
0 390.4 640.692 300 89
0 390.4 640.844 300 89
0 390.4 641.015 300 89
0 390.4 641.246 300 89
0 390.4 641.377 300 89
0 390.4 641.57 300 89
0 390.4 641.695 300 89
0 390.4 641.87 300 89
0 390.4 642.04 300 89
0 390.4 642.203 300 89
0 390.4 642.321 300 89
0 390.4 642.51 300 89
0 390.4 642.661 300 89
0 390.4 642.859 300 89
0 390.4 642.969 300 89
0 390.4 643.131 300 89
0 390.4 643.276 300 89
0 390.4 643.452 300 89
0 390.4 643.639 300 89
0 390.4 643.753 300 89
0 390.4 643.869 300 89
0 390.4 644.012 300 89
0 390.4 644.139 300 89
0 390.4 644.354 300 89
0 390.4 644.688 300 89
0 390.4 645.128 300 89
0 390.4 645.293 300 89
0 390.4 645.529 300 89
0 390.4 645.834 300 89
0 390.4 646.271 300 89
0 390.4 646.75 300 89
0 390.4 647.085 300 89
0 390.4 647.562 300 89
0 390.4 647.797 300 89
0 390.4 648.144 300 89
0 390.4 648.483 300 89
0 390.4 648.689 300 89
0 390.4 648.939 300 89
0 390.4 649.209 300 89
0 390.4 649.462 300 89
0 390.4 649.758 300 89
0 390.4 650.059 300 89
0 390.4 650.312 300 89
0 390.4 650.544 300 89
0 390.4 650.86 300 89
0 390.4 651.109 300 89
0 390.4 651.315 300 89
0 390.4 651.523 300 89
0 390.4 651.679 300 89
0 390.4 652.046 300 89
0 390.4 652.38 300 89
0 390.4 652.766 300 89
0 390.4 653.075 300 89
0 390.4 653.42 300 89
0 390.4 653.612 300 89
0 390.4 653.942 300 89
0 390.4 654.209 300 89
0 390.4 654.427 300 89
0 390.4 654.625 300 89
0 390.4 654.781 300 89
0 390.4 654.989 300 89
0 390.4 655.223 300 89
0 390.4 655.446 300 89
0 390.4 655.679 300 89
0 390.4 655.884 300 89
0 390.4 656.19 300 89
0 390.4 656.512 300 89
0 390.4 656.682 300 89
0 390.4 656.853 300 89
0 390.4 657.068 300 89
0 390.4 657.33 300 89
0 390.4 657.516 300 89
0 390.4 657.899 300 89
0 390.4 658.065 300 89
0 390.4 658.297 300 89
0 390.4 658.595 300 89
0 390.4 659.006 300 89
0 390.4 659.167 300 89
0 390.4 659.424 300 89
0 390.4 659.694 300 89
0 390.4 659.868 300 89
0 390.4 660.077 300 89
0 390.4 660.291 300 89
0 390.4 660.522 300 89
0 390.4 660.87 300 89
0 390.4 661.128 300 89
0 390.4 661.447 300 89
0 390.4 661.685 300 89
0 390.4 661.98 300 89
0 390.4 662.167 300 89
0 390.4 662.403 300 89
0 390.4 662.646 300 89
0 390.4 662.882 300 89
0 390.4 663.13 300 89
0 390.4 663.366 300 89
0 390.4 663.776 300 89
0 390.4 664.282 300 89
0 390.4 664.685 300 89
0 390.4 664.969 300 89
0 390.4 665.216 300 89
0 390.4 665.448 300 89
0 390.4 665.688 300 89
0 390.4 665.851 300 89
0 390.4 666.021 300 89
0 390.4 666.174 300 89
0 390.4 666.438 300 89
0 390.4 666.671 300 89
0 390.4 667.04 300 89
0 390.4 667.251 300 89
0 390.4 667.564 300 89
0 390.4 667.838 300 89
0 390.4 668.162 300 89
0 390.4 668.272 300 89
0 390.4 668.459 300 89
0 390.4 668.649 300 89
0 390.4 668.922 300 89
0 390.4 669.321 300 89
0 390.4 669.551 300 89
0 390.4 669.813 300 89
0 390.4 670.019 300 89
0 390.4 670.193 300 89
0 390.4 670.421 300 89
0 390.4 670.711 300 89
0 390.4 670.906 300 89
0 390.4 671.074 300 89
0 390.4 671.285 300 89
0 390.4 671.516 300 89
0 390.4 671.79 300 89
0 390.4 672.078 300 89
0 390.4 672.368 300 89
0 390.4 672.593 300 89
0 390.4 672.77 300 89
0 390.4 672.942 300 89
0 390.4 673.162 300 89
0 390.4 673.394 300 89
0 390.4 673.711 300 89
0 390.4 673.956 300 89
0 390.4 674.302 300 89
0 390.4 674.508 300 89
0 390.4 674.95 300 89
0 390.4 675.252 300 89
0 390.4 675.539 300 89
0 390.4 675.771 300 89
0 390.4 675.949 300 89
0 390.4 676.176 300 89
0 390.4 676.421 300 89
0 390.4 676.673 300 89
0 390.4 676.994 300 89
0 390.4 677.278 300 89
0 390.4 677.497 300 89
0 390.4 677.732 300 89
0 390.4 677.908 300 89
0 390.4 678.173 300 89
0 390.4 678.395 300 89
0 390.4 678.563 300 89
0 390.4 678.813 300 89
0 390.4 679.288 300 89
0 390.4 679.656 300 89
0 390.4 679.948 300 89
0 390.4 680.204 300 89
0 390.4 680.417 300 89
0 390.4 680.578 300 89
0 390.4 680.788 300 89
0 390.4 680.962 300 89
0 390.4 681.138 300 89
0 390.4 681.459 300 89
0 390.4 681.624 300 89
0 390.4 681.865 300 89
0 390.4 682.099 300 89
0 390.4 682.267 300 89
0 390.4 682.527 300 89
0 390.4 682.933 300 89
0 390.4 683.273 300 89
0 390.4 683.543 300 89
0 390.4 683.719 300 89
0 390.4 683.954 300 89
0 390.4 684.298 300 89
0 390.4 684.531 300 89
0 390.4 684.762 300 89
0 390.4 684.954 300 89
0 390.4 685.211 300 89
0 390.4 685.437 300 89
0 390.4 685.608 300 89
0 390.4 685.895 300 89
0 390.4 686.102 300 89
0 390.4 686.311 300 89
0 390.4 686.536 300 89
0 390.4 686.846 300 89
0 390.4 687.188 300 89
0 390.4 687.41 300 89
0 390.4 687.584 300 89
0 390.4 687.793 300 89
0 390.4 687.967 300 89
0 390.4 688.233 300 89
0 390.4 688.545 300 89
0 390.4 688.805 300 89
0 390.4 689.152 300 89
0 390.4 689.439 300 89
0 390.4 689.701 300 89
0 390.4 689.932 300 89
0 390.4 690.165 300 89
0 390.4 690.372 300 89
0 390.4 690.593 300 89
0 390.4 690.838 300 89
0 390.4 691.03 300 89
0 390.4 691.269 300 89
0 390.4 691.513 300 89
0 390.4 691.818 300 89
0 390.4 692.019 300 89
0 390.4 692.264 300 89
0 390.4 692.485 300 89
0 390.4 692.748 300 89
0 390.4 693.018 300 89
0 390.4 693.213 300 89
0 390.4 693.452 300 89
0 390.4 693.632 300 89
0 390.4 693.944 300 89
0 390.4 694.27 300 89
0 390.4 694.507 300 89
0 390.4 694.738 300 89
0 390.4 694.896 300 89
0 390.4 695.16 300 89
0 390.4 695.377 300 89
0 390.4 695.66 300 89
0 390.4 695.921 300 89
0 390.4 696.113 300 89
0 390.4 696.367 300 89
0 390.4 696.592 300 89
0 390.4 696.891 300 89
0 390.4 697.142 300 89
0 390.4 697.313 300 89
0 390.4 697.459 300 89
0 390.4 697.635 300 89
0 390.4 697.786 300 89
0 390.4 697.902 300 89
0 390.4 698.095 300 89
0 390.4 698.291 300 89
0 390.4 698.525 300 89
0 390.4 698.673 300 89
0 390.4 698.821 300 89
0 390.4 699.031 300 89
0 390.4 699.216 300 89
0 390.4 699.409 300 89
0 390.4 699.561 300 89
0 390.4 699.676 300 89
0 390.4 699.829 300 89
0 390.4 700.017 300 89
0 390.4 700.129 300 89
0 390.4 700.308 300 89
0 390.4 700.468 300 89
0 390.4 700.579 300 89
0 390.4 700.721 300 89
0 390.4 700.878 300 89
0 390.4 701.093 300 89
0 390.4 701.267 300 89
0 390.4 701.488 300 89
0 390.4 701.644 300 89
0 390.4 701.791 300 89
0 390.4 701.914 300 89
0 390.4 702.073 300 89
0 390.4 702.228 300 89
0 390.4 702.343 300 89
0 390.4 702.527 300 89
0 390.4 702.662 300 89
0 390.4 702.836 300 89
0 390.4 702.979 300 89
0 390.4 703.123 300 89
0 390.4 703.295 300 89
0 390.4 703.444 300 89
0 390.4 703.566 300 89
0 390.4 703.798 300 89
0 390.4 703.907 300 89
0 390.4 704.068 300 89
0 390.4 704.308 300 89
0 390.4 704.554 300 89
0 390.4 704.763 300 89
0 390.4 704.919 300 89
0 390.4 705.128 300 89
0 390.4 705.383 300 89
0 390.4 705.633 300 89
0 390.4 705.845 300 89
0 390.4 706.009 300 89
0 390.4 706.276 300 89
0 390.4 706.516 300 89
0 390.4 706.76 300 89
0 390.4 707.032 300 89
0 390.4 707.233 300 89
0 390.4 707.476 300 89
0 390.4 707.717 300 89
0 390.4 707.957 300 89
0 390.4 708.263 300 89
0 390.4 708.478 300 89
0 390.4 708.66 300 89
0 390.4 708.964 300 89
0 390.4 709.176 300 89
0 390.4 709.465 300 89
0 390.4 709.708 300 89
0 390.4 709.978 300 89
0 390.4 710.162 300 89
0 390.4 710.513 300 89
0 390.4 710.743 300 89
0 390.4 710.975 300 89
0 390.4 711.154 300 89
0 390.4 711.406 300 89
0 390.4 711.86 300 89
0 390.4 712.112 300 89
0 390.4 712.371 300 89
0 390.4 712.541 300 89
0 390.4 712.846 300 89
0 390.4 712.997 300 89
0 390.4 713.219 300 89
0 390.4 713.388 300 89
0 390.4 713.692 300 89
0 390.4 713.999 300 89
0 390.4 714.307 300 89
0 390.4 714.463 300 89
0 390.4 714.728 300 89
0 390.4 715.175 300 89
0 390.4 715.401 300 89
0 390.4 715.663 300 89
0 390.4 715.887 300 89
0 390.4 716.055 300 89
0 390.4 716.359 300 89
0 390.4 716.695 300 89
0 390.4 716.92 300 89
0 390.4 717.078 300 89
0 390.4 717.285 300 89
0 390.4 717.409 300 89
0 390.4 717.52 300 89
0 390.4 717.677 300 89
0 390.4 717.947 300 89
0 390.4 718.108 300 89
0 390.4 718.375 300 89
0 390.4 718.675 300 89
0 390.4 718.952 300 89
0 390.4 719.215 300 89
0 390.4 719.385 300 89
0 390.4 719.562 300 89
0 390.4 719.801 300 89
0 390.4 720.08 300 89
0 390.4 720.351 300 89
0 390.4 720.623 300 89
0 390.4 720.948 300 89
0 390.4 721.286 300 89
0 390.4 721.512 300 89
0 390.4 721.745 300 89
0 390.4 722.028 300 89
0 390.4 722.246 300 89
0 390.4 722.424 300 89
0 390.4 722.595 300 89
0 390.4 722.844 300 89
0 390.4 723.065 300 89
0 390.4 723.358 300 89
0 390.4 723.591 300 89
0 390.4 723.76 300 89
0 390.4 723.932 300 89
0 390.4 724.113 300 89
0 390.4 724.393 300 89
0 390.4 724.676 300 89
0 390.4 724.941 300 89
0 390.4 725.158 300 89
0 390.4 725.437 300 89
0 390.4 725.619 300 89
0 390.4 725.788 300 89
0 390.4 726.06 300 89
0 390.4 726.284 300 89
0 390.4 726.5 300 89
0 390.4 726.734 300 89
0 390.4 727.133 300 89
0 390.4 727.333 300 89
0 390.4 727.537 300 89
0 390.4 727.656 300 89
0 390.4 727.772 300 89
0 390.4 728.04 300 89
0 390.4 728.143 300 89
0 390.4 728.343 300 89
0 390.4 728.629 300 89
0 390.4 728.837 300 89
0 390.4 729.102 300 89
0 390.4 729.41 300 89
0 390.4 729.737 300 89
0 390.4 729.98 300 89
0 390.4 730.211 300 89
0 390.4 730.556 300 89
0 390.4 730.78 300 89
0 390.4 731.077 300 89
0 390.4 731.289 300 89
0 390.4 731.463 300 89
0 390.4 731.639 300 89
0 390.4 731.984 300 89
0 390.4 732.327 300 89
0 390.4 732.49 300 89
0 390.4 732.719 300 89
0 390.4 732.997 300 89
0 390.4 733.292 300 89
0 390.4 733.53 300 89
0 390.4 733.695 300 89
0 390.4 733.936 300 89
0 390.4 734.095 300 89
0 390.4 734.265 300 89
0 390.4 734.495 300 89
0 390.4 734.685 300 89
0 390.4 734.929 300 89
0 390.4 735.122 300 89
0 390.4 735.454 300 89
0 390.4 735.691 300 89
0 390.4 735.921 300 89
0 390.4 736.143 300 89
0 390.4 736.32 300 89
0 390.4 736.503 300 89
0 390.4 736.76 300 89
0 390.4 736.927 300 89
0 390.4 737.291 300 89
0 390.4 737.615 300 89
0 390.4 737.861 300 89
0 390.4 738.056 300 89
0 390.4 738.371 300 89
0 390.4 738.594 300 89
0 390.4 738.767 300 89
0 390.4 739.007 300 89
0 390.4 739.191 300 89
0 390.4 739.472 300 89
0 390.4 739.804 300 89
0 390.4 740.144 300 89
0 390.4 740.348 300 89
0 390.4 740.5 300 89
0 390.4 740.876 300 89
0 390.4 741.124 300 89
0 390.4 741.362 300 89
0 390.4 741.523 300 89
0 390.4 741.807 300 89
0 390.4 742.069 300 89
0 390.4 742.368 300 89
0 390.4 742.599 300 89
0 390.4 743.018 300 89
0 390.4 743.202 300 89
0 390.4 743.501 300 89
0 390.4 743.658 300 89
0 390.4 743.893 300 89
0 390.4 744.119 300 89
0 390.4 744.339 300 89
0 390.4 744.609 300 89
0 390.4 744.885 300 89
0 390.4 745.158 300 89
0 390.4 745.32 300 89
0 390.4 745.557 300 89
0 390.4 745.743 300 89
0 390.4 746.011 300 89
0 390.4 746.424 300 89
0 390.4 746.595 300 89
0 390.4 746.805 300 89
0 390.4 747.026 300 89
0 390.4 747.369 300 89
0 390.4 747.598 300 89
0 390.4 747.857 300 89
0 390.4 748.139 300 89
0 390.4 748.318 300 89
0 390.4 748.581 300 89
0 390.4 748.809 300 89
0 390.4 749.052 300 89
0 390.4 749.34 300 89
0 390.4 749.568 300 89
0 390.4 749.734 300 89
0 390.4 749.959 300 89
0 390.4 750.13 300 89
0 390.4 750.298 300 89
0 390.4 750.606 300 89
0 390.4 750.994 300 89
0 390.4 751.153 300 89
0 390.4 751.27 300 89
0 390.4 751.418 300 89
0 390.4 751.575 300 89
0 390.4 751.727 300 89
0 390.4 751.837 300 89
0 390.4 751.998 300 89
0 390.4 752.138 300 89
0 390.4 752.36 300 89
0 390.4 752.596 300 89
0 390.4 752.874 300 89
0 390.4 753.147 300 89
0 390.4 753.483 300 89
0 390.4 753.695 300 89
0 390.4 753.956 300 89
0 390.4 754.18 300 89
0 390.4 754.523 300 89
0 390.4 754.809 300 89
0 390.4 754.964 300 89
0 390.4 755.24 300 89
0 390.4 755.577 300 89
0 390.4 755.756 300 89
0 390.4 755.931 300 89
0 390.4 756.202 300 89
0 390.4 756.364 300 89
0 390.4 756.678 300 89
0 390.4 756.858 300 89
0 390.4 757.034 300 89
0 390.4 757.216 300 89
0 390.4 757.407 300 89
0 390.4 757.573 300 89
0 390.4 757.851 300 89
0 390.4 758.126 300 89
0 390.4 758.327 300 89
0 390.4 758.596 300 89
0 390.4 758.838 300 89
0 390.4 759.224 300 89
0 390.4 759.489 300 89
0 390.4 759.688 300 89
0 390.4 759.856 300 89
0 390.4 760.015 300 89
0 390.4 760.187 300 89
0 390.4 760.542 300 89
0 390.4 760.757 300 89
0 390.4 760.964 300 89
0 390.4 761.3 300 89
0 390.4 761.6 300 89
0 390.4 761.755 300 89
0 390.4 761.942 300 89
0 390.4 762.138 300 89
0 390.4 762.302 300 89
0 390.4 762.6 300 89
0 390.4 762.809 300 89
0 390.4 762.986 300 89
0 390.4 763.189 300 89
0 390.4 763.402 300 89
0 390.4 763.627 300 89
0 390.4 763.875 300 89
0 390.4 764.246 300 89
0 390.4 764.476 300 89
0 390.4 764.796 300 89
0 390.4 765.022 300 89
0 390.4 765.228 300 89
0 390.4 765.4 300 89
0 390.4 765.618 300 89
0 390.4 765.863 300 89
0 390.4 766.118 300 89
0 390.4 766.337 300 89
0 390.4 766.541 300 89
0 390.4 766.748 300 89
0 390.4 767.108 300 89
0 390.4 767.274 300 89
0 390.4 767.589 300 89
0 390.4 767.824 300 89
0 390.4 768.043 300 89
0 390.4 768.259 300 89
0 390.4 768.411 300 89
0 390.4 768.636 300 89
0 390.4 768.968 300 89
0 390.4 769.181 300 89
0 390.4 769.505 300 89
0 390.4 769.801 300 89
0 390.4 770.027 300 89
0 390.4 770.207 300 89
0 390.4 770.376 300 89
0 390.4 770.553 300 89
0 390.4 770.782 300 89
0 390.4 770.942 300 89
0 390.4 771.161 300 89
0 390.4 771.476 300 89
0 390.4 771.725 300 89
0 390.4 771.956 300 89
0 390.4 772.236 300 89
0 390.4 772.535 300 89
0 390.4 772.757 300 89
0 390.4 773.035 300 89
0 390.4 773.201 300 89
0 390.4 773.504 300 89
0 390.4 773.672 300 89
0 390.4 774.011 300 89
0 390.4 774.243 300 89
0 390.4 774.553 300 89
0 390.4 774.801 300 89
0 390.4 775.092 300 89
0 390.4 775.316 300 89
0 390.4 775.495 300 89
0 390.4 775.692 300 89
0 390.4 775.872 300 89
0 390.4 776.177 300 89
0 390.4 776.545 300 89
0 390.4 776.821 300 89
0 390.4 776.993 300 89
0 390.4 777.199 300 89
0 390.4 777.509 300 89
0 390.4 777.74 300 89
0 390.4 777.98 300 89
0 390.4 778.276 300 89
0 390.4 778.526 300 89
0 390.4 778.749 300 89
0 390.4 779.281 300 89
0 390.4 779.468 300 89
0 390.4 779.714 300 89
0 390.4 779.953 300 89
0 390.4 780.144 300 89
0 390.4 780.438 300 89
0 390.4 780.721 300 89
0 390.4 780.943 300 89
0 390.4 781.12 300 89
0 390.4 781.293 300 89
0 390.4 781.543 300 89
0 390.4 781.868 300 89
0 390.4 782.078 300 89
0 390.4 782.391 300 89
0 390.4 782.668 300 89
0 390.4 782.895 300 89
0 390.4 783.226 300 89
0 390.4 783.446 300 89
0 390.4 783.751 300 89
0 390.4 783.975 300 89
0 390.4 784.267 300 89
0 390.4 784.43 300 89
0 390.4 784.596 300 89
0 390.4 784.813 300 89
0 390.4 784.975 300 89
0 390.4 785.262 300 89
0 390.4 785.539 300 89
0 390.4 785.941 300 89
0 390.4 786.171 300 89
0 390.4 786.398 300 89
0 390.4 786.56 300 89
0 390.4 786.802 300 89
0 390.4 786.984 300 89
0 390.4 787.156 300 89
0 390.4 787.399 300 89
0 390.4 787.669 300 89
0 390.4 787.954 300 89
0 390.4 788.167 300 89
0 390.4 788.436 300 89
0 390.4 788.613 300 89
0 390.4 788.855 300 89
0 390.4 789.192 300 89
0 390.4 789.41 300 89
0 390.4 789.584 300 89
0 390.4 789.818 300 89
0 390.4 789.999 300 89
0 390.4 790.267 300 89
0 390.4 790.429 300 89
0 390.4 790.599 300 89
0 390.4 790.828 300 89
0 390.4 791.312 300 89
0 390.4 791.595 300 89
0 390.4 791.806 300 89
0 390.4 792.01 300 89
0 390.4 792.309 300 89
0 390.4 792.481 300 89
0 390.4 792.644 300 89
0 390.4 792.82 300 89
0 390.4 793.103 300 89
0 390.4 793.452 300 89
0 390.4 793.734 300 89
0 390.4 793.955 300 89
0 390.4 794.173 300 89
0 390.4 794.43 300 89
0 390.4 794.652 300 89
0 390.4 794.881 300 89
0 390.4 795.071 300 89
0 390.4 795.339 300 89
0 390.4 795.677 300 89
0 390.4 795.94 300 89
0 390.4 796.23 300 89
0 390.4 796.495 300 89
0 390.4 796.695 300 89
0 390.4 797.148 300 89
0 390.4 797.402 300 89
0 390.4 798.006 300 89
0 390.4 798.318 300 89
0 390.4 798.544 300 89
0 390.4 798.689 300 89
0 390.4 798.837 300 89
0 384.8 799.025 89
0 384.8 799.105 300 89
0 384.8 799.338 300 89
0 384.8 799.526 300 89
0 384.8 799.707 300 89
0 384.8 799.861 300 89
0 384.8 799.981 300 89
