0 767.6 0.012996 300 0
0 750.8 0.019258 1
0 650 0.023839 1
0 515.6 0.028432 1
0 510 0.035582 3
0 504.4 0.064211 18
0 474.4 0.120166 40
0 468.8 0.125708 40
0 463.2 0.133761 40
0 457.6 0.190597 40
0 457.6 0.300698 300 73
0 457.6 0.438515 300 83
0 446.4 0.455168 83
0 446.4 0.537315 300 83
0 446.4 0.723452 300 83
0 446.4 0.820732 300 83
0 435.2 0.876826 83
0 424 0.881998 83
0 424 0.953707 300 83
0 424 1.18297 300 84
0 412.8 1.23304 84
0 412.8 1.31007 300 84
0 412.8 1.45734 300 84
0 412.8 1.6135 300 88
0 412.8 1.74835 300 88
0 412.8 1.91421 300 88
0 412.8 2.09695 300 88
0 412.8 2.3425 300 88
0 412.8 2.58088 300 88
0 412.8 2.76955 300 89
0 412.8 2.9638 300 89
0 412.8 3.21375 300 89
0 412.8 3.45849 300 89
0 412.8 3.6454 300 89
0 407.2 3.77856 89
0 407.2 3.9202 300 89
0 407.2 4.1253 300 89
0 407.2 4.32851 300 89
0 407.2 4.50257 300 89
0 407.2 4.65851 300 89
0 407.2 4.87931 300 89
0 407.2 5.19402 300 89
0 396 5.26931 89
0 396 5.40074 300 89
0 396 5.5724 300 89
0 396 5.78481 300 89
0 396 6.04045 300 89
0 396 6.20522 300 89
0 396 6.48574 300 89
0 396 6.74347 300 89
0 396 6.97225 300 89
0 396 7.25099 300 89
0 396 7.51011 300 89
0 396 7.73129 300 89
0 396 8.06191 300 89
0 396 8.28337 300 89
0 396 8.49678 300 89
0 396 8.73078 300 89
0 396 8.93239 300 89
0 396 9.20127 300 89
0 396 9.5076 300 89
0 396 9.68696 300 89
0 396 10.0776 300 89
0 396 10.3182 300 89
0 396 10.6026 300 89
0 396 10.8477 300 89
0 396 11.1578 300 89
0 396 11.6133 300 89
0 396 11.9195 300 89
0 396 12.1399 300 89
0 396 12.4245 300 89
0 396 12.634 300 89
0 396 12.9245 300 89
0 396 13.153 300 89
0 396 13.4222 300 89
0 396 13.5571 300 89
0 396 13.7933 300 89
0 396 13.9808 300 89
0 396 14.1505 300 89
0 396 14.6066 300 89
0 396 15.1284 300 89
0 396 15.3926 300 89
0 396 15.6406 300 89
0 396 16.0346 300 89
0 396 16.3704 300 89
0 396 16.7719 300 89
0 396 17.0969 300 89
0 396 17.5457 300 89
0 396 17.8639 300 89
0 396 18.1413 300 89
0 396 18.3454 300 89
0 396 18.6779 300 89
0 396 18.9055 300 89
0 396 19.0931 300 89
0 396 19.243 300 89
0 396 19.4882 300 89
0 396 19.6695 300 89
0 396 19.9452 300 89
0 396 20.1187 300 89
0 396 20.2869 300 89
0 396 20.412 300 89
0 396 20.5354 300 89
0 396 20.6741 300 89
0 396 20.9573 300 89
0 396 21.2159 300 89
0 396 21.4529 300 89
0 396 21.5913 300 89
0 396 21.7581 300 89
0 396 21.9972 300 89
0 396 22.1409 300 89
0 396 22.362 300 89
0 396 22.5468 300 89
0 396 22.8587 300 89
0 396 23.1204 300 89
0 396 23.4799 300 89
0 396 23.6546 300 89
0 396 23.8249 300 89
0 396 24.052 300 89
0 396 24.244 300 89
0 396 24.6338 300 89
0 396 24.9296 300 89
0 396 25.1357 300 89
0 396 25.4217 300 89
0 396 25.6237 300 89
0 396 25.8952 300 89
0 396 26.0317 300 89
0 396 26.3095 300 89
0 396 26.5221 300 89
0 396 26.7217 300 89
0 396 26.9788 300 89
0 396 27.3414 300 89
0 396 27.5652 300 89
0 396 27.7756 300 89
0 396 28.0596 300 89
0 396 28.2411 300 89
0 396 28.5518 300 89
0 396 28.7753 300 89
0 396 29.1473 300 89
0 396 29.3228 300 89
0 396 29.6009 300 89
0 396 29.8169 300 89
0 396 30.1794 300 89
0 396 30.5209 300 89
0 396 30.7853 300 89
0 396 31.2044 300 89
0 396 31.4193 300 89
0 396 31.6928 300 89
0 396 31.9581 300 89
0 396 32.2569 300 89
0 396 32.5749 300 89
0 396 32.9784 300 90
0 396 33.4943 300 90
0 396 33.7414 300 90
0 396 34.0038 300 90
0 396 34.2416 300 90
0 396 34.4901 300 90
0 396 34.7567 300 90
0 396 35.0218 300 90
0 396 35.1917 300 90
0 396 35.4508 300 90
0 396 35.6341 300 90
0 396 35.9356 300 90
0 396 36.1803 300 90
0 396 36.4691 300 90
0 396 36.7067 300 90
0 396 37.0313 300 90
0 396 37.281 300 90
0 396 37.4442 300 90
0 396 37.6492 300 90
0 396 37.9115 300 90
0 396 38.1359 300 90
0 396 38.4315 300 90
0 396 38.793 300 90
0 396 39.1034 300 90
0 396 39.5445 300 90
0 396 39.7886 300 90
0 396 39.9593 300 90
0 396 40.1792 300 90
0 396 40.3984 300 90
0 396 40.6155 300 90
0 396 40.8515 300 90
0 396 41.0224 300 90
0 396 41.3105 300 90
0 396 41.6627 300 90
0 396 41.9369 300 90
0 396 42.194 300 90
0 396 42.3664 300 90
0 396 42.5534 300 90
0 396 42.9413 300 90
0 396 43.23 300 90
0 396 43.5496 300 90
0 396 43.7175 300 90
0 396 43.9444 300 90
0 396 44.1614 300 90
0 396 44.4296 300 90
0 396 44.5831 300 90
0 396 44.8599 300 90
0 396 45.1185 300 90
0 396 45.2907 300 90
0 396 45.4977 300 90
0 396 45.8133 300 90
0 396 46.1505 300 90
0 396 46.5719 300 90
0 396 46.8579 300 90
0 396 47.1773 300 90
0 396 47.4021 300 90
0 396 47.6255 300 90
0 396 47.8155 300 90
0 396 48.1358 300 90
0 396 48.3937 300 90
0 396 48.5702 300 90
0 396 48.8454 300 90
0 396 49.1976 300 90
0 396 49.4188 300 90
0 396 49.5839 300 90
0 396 49.8768 300 90
0 396 50.0844 300 90
0 396 50.3439 300 90
0 396 50.5589 300 90
0 396 50.7751 300 90
0 396 51.053 300 90
0 396 51.2185 300 90
0 396 51.5437 300 90
0 396 51.7698 300 90
0 396 51.9765 300 90
0 396 52.1179 300 90
0 396 52.4267 300 90
0 396 52.6896 300 90
0 396 52.8448 300 90
0 396 53.0877 300 90
0 396 53.2706 300 90
0 396 53.5889 300 90
0 396 53.8432 300 90
0 396 54.0815 300 90
0 396 54.2246 300 90
0 396 54.4364 300 90
0 396 54.7363 300 90
0 396 54.9025 300 90
0 396 55.082 300 90
0 396 55.2784 300 90
0 396 55.5425 300 90
0 396 55.7536 300 90
0 396 55.9047 300 90
0 396 56.061 300 90
0 396 56.2951 300 90
0 396 56.4458 300 90
0 396 56.6107 300 90
0 396 56.8303 300 90
0 396 57.0077 300 90
0 396 57.1678 300 90
0 396 57.4395 300 90
0 396 57.6163 300 90
0 396 57.8353 300 90
0 396 58.1076 300 90
0 396 58.4127 300 90
0 396 58.6159 300 90
0 396 58.8284 300 90
0 396 59.1539 300 90
0 396 59.4512 300 90
0 396 59.7761 300 90
0 396 59.9863 300 90
0 396 60.2145 300 90
0 396 60.5343 300 90
0 396 60.6932 300 90
0 396 60.916 300 90
0 396 61.1858 300 90
0 396 61.4664 300 90
0 396 61.7555 300 90
0 396 61.9657 300 90
0 396 62.2271 300 90
0 396 62.44 300 90
0 396 62.6658 300 90
0 396 62.8359 300 90
0 396 63.0549 300 90
0 396 63.4112 300 90
0 396 63.6602 300 90
0 396 63.9191 300 90
0 396 64.0834 300 90
0 396 64.2749 300 90
0 396 64.6708 300 90
0 396 64.9841 300 90
0 396 65.1905 300 90
0 396 65.3994 300 90
0 396 65.599 300 90
0 396 65.7994 300 90
0 396 66.0186 300 90
0 396 66.3005 300 90
0 396 66.4971 300 90
0 396 66.6851 300 90
0 396 66.9455 300 90
0 396 67.2323 300 90
0 396 67.4444 300 90
0 396 67.6599 300 90
0 396 67.923 300 90
0 396 68.1008 300 90
0 396 68.3534 300 90
0 396 68.5737 300 90
0 396 68.8809 300 90
0 396 69.1141 300 90
0 396 69.294 300 90
0 396 69.5024 300 90
0 396 69.7627 300 90
0 396 69.9143 300 90
0 396 70.1194 300 90
0 396 70.2857 300 90
0 396 70.4861 300 90
0 396 70.7014 300 90
0 396 70.943 300 90
0 396 71.1546 300 90
0 396 71.4713 300 90
0 396 71.7368 300 90
0 396 72.0453 300 90
0 396 72.2473 300 90
0 396 72.4575 300 90
0 396 72.7817 300 90
0 396 73.0241 300 90
0 396 73.3818 300 90
0 396 73.5377 300 90
0 396 73.7497 300 90
0 396 73.899 300 90
0 396 74.1191 300 90
0 396 74.3315 300 90
0 396 74.5408 300 90
0 396 74.8821 300 90
0 396 75.1247 300 90
0 396 75.3896 300 90
0 396 75.7972 300 90
0 396 76.2506 300 90
0 396 76.4082 300 90
0 396 76.7142 300 90
0 396 76.8782 300 90
0 396 77.0507 300 90
0 396 77.1759 300 90
0 396 77.3666 300 90
0 396 77.5307 300 90
0 396 77.7043 300 90
0 396 77.8518 300 90
0 396 77.9905 300 90
0 396 78.0912 300 90
0 396 78.2436 300 90
0 396 78.4532 300 90
0 396 78.6652 300 90
0 396 78.9938 300 90
0 396 79.2088 300 90
0 396 79.4652 300 90
0 396 79.7922 300 90
0 396 79.9437 300 90
0 396 80.1997 300 90
0 396 80.4844 300 90
0 396 80.6626 300 90
0 396 81.0353 300 90
0 396 81.289 300 90
0 396 81.4973 300 90
0 396 81.7107 300 90
0 396 81.9706 300 90
0 396 82.2396 300 90
0 396 82.4549 300 90
0 396 82.9227 300 90
0 396 83.21 300 90
0 396 83.3848 300 90
0 396 83.5841 300 90
0 396 83.7785 300 90
0 396 84.0732 300 90
0 396 84.2187 300 90
0 396 84.4359 300 90
0 396 84.6605 300 90
0 396 84.844 300 90
0 396 85.255 300 90
0 396 85.4684 300 90
0 396 85.7008 300 90
0 396 86.0229 300 90
0 396 86.2667 300 90
0 396 86.5269 300 90
0 396 86.7334 300 90
0 396 86.9741 300 90
0 396 87.1831 300 90
0 396 87.3516 300 90
0 396 87.5684 300 90
0 396 87.7267 300 90
0 396 88.1202 300 90
0 396 88.269 300 90
0 396 88.5474 300 90
0 396 88.8077 300 90
0 396 89.0089 300 90
0 396 89.282 300 90
0 396 89.7918 300 90
0 396 89.9615 300 90
0 396 90.1331 300 90
0 396 90.4338 300 90
0 396 90.6154 300 90
0 396 90.8853 300 90
0 396 91.169 300 90
0 396 91.332 300 90
0 396 91.6185 300 90
0 396 91.79 300 90
0 396 91.9735 300 90
0 396 92.2246 300 90
0 396 92.3949 300 90
0 396 92.6575 300 90
0 396 92.9414 300 90
0 396 93.1938 300 90
0 396 93.359 300 90
0 396 93.5643 300 90
0 396 93.9187 300 90
0 396 94.1718 300 90
0 396 94.5781 300 90
0 396 94.7604 300 90
0 396 94.921 300 90
0 396 95.1691 300 90
0 396 95.5252 300 90
0 396 95.8024 300 90
0 396 96.059 300 90
0 396 96.3783 300 90
0 396 96.6792 300 90
0 396 97.0489 300 90
0 396 97.3355 300 90
0 396 97.6406 300 90
0 396 97.8999 300 90
0 396 98.1041 300 90
0 396 98.3226 300 90
0 396 98.6372 300 90
0 396 98.8728 300 90
0 396 99.0795 300 90
0 396 99.2653 300 90
0 396 99.637 300 90
0 396 99.8336 300 90
0 396 100.004 300 90
0 396 100.156 300 90
0 396 100.342 300 90
0 396 100.547 300 90
0 396 100.889 300 90
0 396 101.158 300 90
0 396 101.435 300 90
0 396 101.669 300 90
0 396 101.913 300 90
0 396 102.221 300 90
0 396 102.447 300 90
0 396 102.65 300 90
0 396 102.915 300 90
0 396 103.116 300 90
0 396 103.489 300 90
0 396 103.745 300 90
0 396 104.044 300 90
0 396 104.199 300 90
0 396 104.389 300 90
0 396 104.614 300 90
0 396 104.837 300 90
0 396 105.192 300 90
0 396 105.433 300 90
0 396 105.707 300 90
0 396 105.977 300 90
0 396 106.303 300 90
0 396 106.539 300 90
0 396 106.708 300 90
0 396 106.888 300 90
0 396 107.281 300 90
0 396 107.536 300 90
0 396 107.728 300 90
0 396 107.98 300 90
0 396 108.207 300 90
0 396 108.476 300 90
0 396 108.634 300 90
0 396 108.974 300 90
0 396 109.19 300 90
0 396 109.482 300 90
0 396 109.716 300 90
0 396 110.046 300 90
0 396 110.311 300 90
0 396 110.582 300 90
0 396 110.844 300 90
0 396 111.122 300 90
0 396 111.422 300 90
0 396 111.706 300 90
0 396 111.999 300 90
0 396 112.287 300 90
0 396 112.523 300 90
0 396 112.725 300 90
0 396 112.883 300 90
0 396 113.07 300 90
0 396 113.368 300 90
0 396 113.543 300 90
0 396 113.909 300 90
0 396 114.228 300 90
0 396 114.464 300 90
0 396 114.798 300 90
0 396 114.976 300 90
0 396 115.317 300 90
0 396 115.594 300 90
0 396 115.828 300 90
0 396 116.01 300 90
0 396 116.195 300 90
0 396 116.363 300 90
0 396 116.581 300 90
0 396 116.937 300 90
0 396 117.234 300 90
0 396 117.433 300 90
0 396 117.692 300 90
0 396 117.966 300 90
0 396 118.263 300 90
0 396 118.559 300 90
0 396 118.798 300 90
0 396 119.105 300 90
0 396 119.279 300 90
0 396 119.493 300 90
0 396 119.72 300 90
0 396 119.937 300 90
0 396 120.194 300 90
0 396 120.366 300 90
0 396 120.657 300 90
0 396 120.901 300 90
0 396 121.126 300 90
0 396 121.382 300 90
0 396 121.62 300 90
0 396 121.853 300 90
0 396 122.009 300 90
0 396 122.178 300 90
0 396 122.341 300 90
0 396 122.51 300 90
0 396 122.695 300 90
0 396 122.809 300 90
0 396 122.985 300 90
0 396 123.153 300 90
0 396 123.391 300 90
0 396 123.639 300 90
0 396 123.845 300 90
0 396 124.078 300 90
0 396 124.416 300 90
0 396 124.594 300 90
0 396 124.799 300 90
0 396 125.01 300 90
0 396 125.126 300 90
0 396 125.359 300 90
0 396 125.574 300 90
0 396 125.724 300 90
0 396 125.887 300 90
0 396 126.104 300 90
0 396 126.299 300 90
0 396 126.454 300 90
0 396 126.617 300 90
0 396 126.814 300 90
0 396 126.971 300 90
0 396 127.141 300 90
0 396 127.362 300 90
0 396 127.744 300 90
0 396 128.023 300 90
0 396 128.286 300 90
0 396 128.427 300 90
0 396 128.573 300 90
0 396 128.739 300 90
0 396 128.969 300 90
0 396 129.178 300 90
0 396 129.298 300 90
0 396 129.405 300 90
0 396 129.605 300 90
0 396 129.834 300 90
0 396 130.079 300 90
0 396 130.281 300 90
0 396 130.438 300 90
0 396 130.559 300 90
0 396 130.68 300 90
0 396 130.799 300 90
0 396 130.956 300 90
0 396 131.066 300 90
0 396 131.18 300 90
0 396 131.371 300 90
0 396 131.574 300 90
0 396 131.955 300 90
0 396 132.221 300 90
0 396 132.39 300 90
0 396 132.615 300 90
0 396 132.909 300 90
0 396 133.138 300 90
0 396 133.38 300 90
0 396 133.588 300 90
0 396 133.836 300 90
0 396 134.13 300 90
0 396 134.451 300 90
0 396 134.666 300 90
0 396 134.872 300 90
0 396 135.043 300 90
0 396 135.217 300 90
0 396 135.454 300 90
0 396 135.809 300 90
0 396 136.068 300 90
0 396 136.326 300 90
0 396 136.493 300 90
0 396 136.795 300 90
0 396 137.017 300 90
0 396 137.259 300 90
0 396 137.492 300 90
0 396 137.715 300 90
0 396 137.978 300 90
0 396 138.278 300 90
0 396 138.523 300 90
0 396 138.741 300 90
0 396 138.901 300 90
0 396 139.127 300 90
0 396 139.297 300 90
0 396 139.506 300 90
0 396 139.759 300 90
0 396 140.131 300 90
0 396 140.369 300 90
0 396 140.697 300 90
0 396 140.934 300 90
0 396 141.223 300 90
0 396 141.49 300 90
0 396 141.776 300 90
0 396 142.072 300 90
0 396 142.397 300 90
0 396 142.583 300 90
0 396 142.754 300 90
0 396 143.076 300 90
0 396 143.288 300 90
0 396 143.456 300 90
0 396 143.8 300 90
0 396 144.091 300 90
0 396 144.349 300 90
0 396 144.553 300 90
0 396 144.721 300 90
0 396 144.92 300 90
0 396 145.166 300 90
0 396 145.414 300 90
0 396 145.586 300 90
0 396 145.85 300 90
0 396 146.137 300 90
0 396 146.458 300 90
0 396 146.701 300 90
0 396 147.005 300 90
0 396 147.263 300 90
0 396 147.515 300 90
0 396 147.703 300 90
0 396 147.866 300 90
0 396 148.097 300 90
0 396 148.275 300 90
0 396 148.509 300 90
0 396 148.754 300 90
0 396 148.985 300 90
0 396 149.281 300 90
0 396 149.572 300 90
0 396 149.904 300 90
0 396 150.344 300 90
0 396 150.571 300 90
0 396 150.776 300 90
0 396 151.077 300 90
0 396 151.344 300 90
0 396 151.502 300 90
0 396 151.746 300 90
0 396 151.924 300 90
0 396 152.225 300 90
0 396 152.414 300 90
0 396 152.566 300 90
0 396 152.839 300 90
0 396 153.174 300 90
0 396 153.322 300 90
0 396 153.681 300 90
0 396 153.987 300 90
0 396 154.28 300 90
0 396 154.486 300 90
0 396 154.681 300 90
0 396 154.942 300 90
0 396 155.111 300 90
0 396 155.39 300 90
0 396 155.633 300 90
0 396 155.962 300 90
0 396 156.213 300 90
0 396 156.468 300 90
0 396 156.619 300 90
0 396 156.826 300 90
0 396 157.012 300 90
0 396 157.211 300 90
0 396 157.396 300 90
0 396 157.64 300 90
0 396 157.838 300 90
0 396 158.118 300 90
0 396 158.34 300 90
0 396 158.573 300 90
0 396 158.916 300 90
0 396 159.11 300 90
0 396 159.268 300 90
0 396 159.563 300 90
0 396 159.71 300 90
0 396 159.941 300 90
0 396 160.149 300 90
0 396 160.349 300 90
0 396 160.507 300 90
0 396 160.669 300 90
0 396 160.997 300 90
0 396 161.25 300 90
0 396 161.433 300 90
0 396 161.67 300 90
0 396 161.997 300 90
0 396 162.186 300 90
0 396 162.505 300 90
0 396 162.8 300 90
0 396 162.984 300 90
0 396 163.178 300 90
0 396 163.441 300 90
0 396 163.611 300 90
0 396 163.929 300 90
0 396 164.295 300 90
0 396 164.453 300 90
0 396 164.698 300 90
0 396 164.882 300 90
0 396 165.084 300 90
0 396 165.358 300 90
0 396 165.592 300 90
0 396 165.809 300 90
0 396 165.969 300 90
0 396 166.138 300 90
0 396 166.377 300 90
0 396 166.624 300 90
0 396 166.778 300 90
0 396 167.125 300 90
0 396 167.31 300 90
0 396 167.505 300 90
0 396 167.752 300 90
0 396 167.899 300 90
0 396 168.114 300 90
0 396 168.41 300 90
0 396 168.799 300 90
0 396 168.999 300 90
0 396 169.202 300 90
0 396 169.428 300 90
0 396 169.711 300 90
0 396 169.902 300 90
0 396 170.105 300 90
0 396 170.361 300 90
0 396 170.6 300 90
0 396 170.924 300 90
0 396 171.125 300 90
0 396 171.386 300 90
0 396 171.541 300 90
0 396 171.749 300 90
0 396 172.066 300 90
0 396 172.374 300 90
0 396 172.567 300 90
0 396 172.771 300 90
0 396 173.158 300 90
0 396 173.491 300 90
0 396 173.723 300 90
0 396 173.88 300 90
0 396 174.077 300 90
0 396 174.282 300 90
0 396 174.629 300 90
0 396 174.778 300 90
0 396 174.986 300 90
0 396 175.25 300 90
0 396 175.578 300 90
0 396 175.78 300 90
0 396 176.002 300 90
0 396 176.213 300 90
0 396 176.433 300 90
0 396 176.628 300 90
0 396 176.933 300 90
0 396 177.248 300 90
0 396 177.561 300 90
0 396 177.724 300 90
0 396 177.95 300 90
0 396 178.201 300 90
0 396 178.473 300 90
0 396 178.729 300 90
0 396 178.907 300 90
0 396 179.141 300 90
0 396 179.444 300 90
0 396 179.844 300 90
0 396 180.068 300 90
0 396 180.232 300 90
0 396 180.562 300 90
0 396 180.847 300 90
0 396 181.118 300 90
0 396 181.589 300 90
0 396 181.821 300 90
0 396 182.086 300 90
0 396 182.252 300 90
0 396 182.453 300 90
0 396 182.68 300 90
0 396 182.97 300 90
0 396 183.195 300 90
0 396 183.365 300 90
0 396 183.575 300 90
0 396 183.744 300 90
0 396 184.039 300 90
0 396 184.242 300 90
0 396 184.397 300 90
0 396 184.751 300 90
0 396 184.975 300 90
0 396 185.241 300 90
0 396 185.446 300 90
0 396 185.71 300 90
0 396 186.063 300 90
0 396 186.251 300 90
0 396 186.508 300 90
0 396 186.731 300 90
0 396 186.941 300 90
0 396 187.096 300 90
0 396 187.315 300 90
0 396 187.59 300 90
0 396 187.88 300 90
0 396 188.144 300 90
0 396 188.329 300 90
0 396 188.528 300 90
0 396 188.715 300 90
0 396 189.098 300 90
0 396 189.35 300 90
0 396 189.679 300 90
0 396 189.955 300 90
0 396 190.184 300 90
0 396 190.384 300 90
0 396 190.601 300 90
0 396 190.983 300 90
0 396 191.206 300 90
0 396 191.586 300 90
0 396 191.8 300 90
0 396 192.091 300 90
0 396 192.498 300 90
0 396 192.715 300 90
0 396 192.919 300 90
0 396 193.249 300 90
0 396 193.537 300 90
0 396 193.834 300 90
0 396 194.058 300 90
0 396 194.348 300 90
0 396 194.554 300 90
0 396 194.777 300 90
0 396 195.075 300 90
0 396 195.342 300 90
0 390.4 195.478 90
0 390.4 195.593 300 90
0 390.4 195.849 300 90
0 390.4 196.07 300 90
0 390.4 196.222 300 90
0 390.4 196.386 300 90
0 390.4 196.826 300 90
0 390.4 197.121 300 90
0 390.4 197.431 300 90
0 390.4 197.654 300 90
0 390.4 198.055 300 90
0 390.4 198.287 300 90
0 390.4 198.509 300 90
0 390.4 198.729 300 90
0 390.4 198.986 300 90
0 390.4 199.227 300 90
0 390.4 199.521 300 90
0 390.4 199.796 300 90
0 390.4 200.056 300 90
0 390.4 200.279 300 90
0 390.4 200.729 300 90
0 390.4 200.957 300 90
0 390.4 201.181 300 90
0 390.4 201.383 300 90
0 390.4 201.586 300 90
0 390.4 201.789 300 90
0 390.4 202.138 300 90
0 390.4 202.433 300 90
0 390.4 202.668 300 90
0 390.4 202.87 300 90
0 390.4 203.165 300 90
0 390.4 203.4 300 90
0 390.4 203.619 300 90
0 390.4 203.788 300 90
0 390.4 204.039 300 90
0 390.4 204.295 300 90
0 390.4 204.51 300 90
0 390.4 204.688 300 90
0 390.4 205.037 300 90
0 390.4 205.286 300 90
0 390.4 205.47 300 90
0 390.4 205.708 300 90
0 390.4 205.946 300 90
0 390.4 206.085 300 90
0 390.4 206.357 300 90
0 390.4 206.541 300 90
0 390.4 206.727 300 90
0 390.4 206.87 300 90
0 390.4 206.998 300 90
0 390.4 207.222 300 90
0 390.4 207.401 300 90
0 390.4 207.56 300 90
0 390.4 207.755 300 90
0 390.4 207.928 300 90
0 390.4 208.118 300 90
0 390.4 208.322 300 90
0 390.4 208.548 300 90
0 390.4 208.691 300 90
0 390.4 208.892 300 90
0 390.4 209.071 300 90
0 390.4 209.336 300 90
0 390.4 209.605 300 90
0 390.4 209.878 300 90
0 390.4 210.149 300 90
0 390.4 210.448 300 90
0 390.4 210.687 300 90
0 390.4 210.987 300 90
0 390.4 211.195 300 90
0 390.4 211.604 300 90
0 390.4 212.001 300 90
0 390.4 212.201 300 90
0 390.4 212.369 300 90
0 390.4 212.652 300 90
0 390.4 212.928 300 90
0 390.4 213.203 300 90
0 390.4 213.46 300 90
0 390.4 213.69 300 90
0 390.4 214.026 300 90
0 390.4 214.299 300 90
0 390.4 214.552 300 90
0 390.4 214.774 300 90
0 390.4 215.053 300 90
0 390.4 215.285 300 90
0 390.4 215.492 300 90
0 390.4 215.76 300 90
0 390.4 216.048 300 90
0 390.4 216.287 300 90
0 390.4 216.594 300 90
0 390.4 216.829 300 90
0 390.4 217.154 300 90
0 390.4 217.376 300 90
0 390.4 217.736 300 90
0 390.4 218.128 300 90
0 390.4 218.518 300 90
0 390.4 218.749 300 90
0 390.4 218.915 300 90
0 390.4 219.206 300 90
0 390.4 219.368 300 90
0 390.4 219.573 300 90
0 390.4 219.874 300 90
0 390.4 220.104 300 90
0 390.4 220.426 300 90
0 390.4 220.692 300 90
0 390.4 220.912 300 90
0 390.4 221.124 300 90
0 390.4 221.371 300 90
0 390.4 221.633 300 90
0 390.4 221.894 300 90
0 390.4 222.04 300 90
0 390.4 222.25 300 90
0 390.4 222.471 300 90
0 390.4 222.881 300 90
0 390.4 223.142 300 90
0 390.4 223.312 300 90
0 390.4 223.582 300 90
0 390.4 223.791 300 90
0 390.4 224.002 300 90
0 390.4 224.532 300 90
0 390.4 224.905 300 90
0 390.4 225.144 300 90
0 390.4 225.487 300 90
0 390.4 225.859 300 90
0 390.4 226.033 300 90
0 390.4 226.222 300 90
0 390.4 226.375 300 90
0 390.4 226.5 300 90
0 390.4 226.82 300 90
0 390.4 227.092 300 90
0 390.4 227.42 300 90
0 390.4 227.693 300 90
0 390.4 227.935 300 90
0 390.4 228.247 300 90
0 390.4 228.479 300 90
0 390.4 228.765 300 90
0 390.4 228.93 300 90
0 390.4 229.216 300 90
0 390.4 229.399 300 90
0 390.4 229.567 300 90
0 390.4 229.832 300 90
0 390.4 230.126 300 90
0 390.4 230.433 300 90
0 390.4 230.7 300 90
0 390.4 230.949 300 90
0 390.4 231.112 300 90
0 390.4 231.406 300 90
0 390.4 231.631 300 90
0 390.4 231.841 300 90
0 390.4 232.003 300 90
0 390.4 232.248 300 90
0 390.4 232.547 300 90
0 390.4 232.707 300 90
0 390.4 233.07 300 90
0 390.4 233.371 300 90
0 390.4 233.66 300 90
0 390.4 234.182 300 90
0 390.4 234.469 300 90
0 390.4 234.642 300 90
0 390.4 235.028 300 90
0 390.4 235.432 300 90
0 390.4 235.616 300 90
0 390.4 235.863 300 90
0 390.4 236.288 300 90
0 390.4 236.627 300 90
0 390.4 236.937 300 90
0 390.4 237.225 300 90
0 390.4 237.464 300 90
0 390.4 237.729 300 90
0 390.4 238.024 300 90
0 390.4 238.271 300 90
0 390.4 238.587 300 90
0 390.4 238.977 300 90
0 390.4 239.313 300 90
0 390.4 239.779 300 90
0 390.4 239.979 300 90
0 390.4 240.246 300 90
0 390.4 240.576 300 90
0 390.4 240.837 300 90
0 390.4 241.13 300 90
0 390.4 241.441 300 90
0 390.4 241.734 300 90
0 390.4 242.028 300 90
0 390.4 242.331 300 90
0 390.4 242.503 300 90
0 390.4 242.749 300 90
0 390.4 242.939 300 90
0 390.4 243.129 300 90
0 390.4 243.333 300 90
0 390.4 243.532 300 90
0 390.4 243.708 300 90
0 390.4 243.941 300 90
0 390.4 244.204 300 90
0 390.4 244.46 300 90
0 390.4 244.775 300 90
0 390.4 245.065 300 90
0 390.4 245.294 300 90
0 390.4 245.596 300 90
0 390.4 245.87 300 90
0 390.4 246.236 300 90
0 390.4 246.461 300 90
0 390.4 246.925 300 90
0 390.4 247.219 300 90
0 390.4 247.463 300 90
0 390.4 247.77 300 90
0 390.4 247.987 300 90
0 390.4 248.367 300 90
0 390.4 248.628 300 90
0 390.4 248.793 300 90
0 390.4 249.145 300 90
0 390.4 249.477 300 90
0 390.4 249.732 300 90
0 390.4 249.989 300 90
0 390.4 250.424 300 90
0 390.4 250.678 300 90
0 390.4 250.93 300 90
0 390.4 251.205 300 90
0 390.4 251.432 300 90
0 390.4 251.852 300 90
0 390.4 252.09 300 90
0 390.4 252.38 300 90
0 390.4 252.721 300 90
0 390.4 253.265 300 90
0 390.4 253.634 300 90
0 390.4 254.157 300 90
0 390.4 254.67 300 90
0 390.4 255.011 300 90
0 390.4 255.34 300 90
0 390.4 255.607 300 90
0 390.4 255.938 300 90
0 390.4 256.259 300 90
0 390.4 256.511 300 90
0 390.4 256.917 300 90
0 390.4 257.224 300 90
0 390.4 257.606 300 90
0 390.4 257.915 300 90
0 390.4 258.287 300 90
0 390.4 258.591 300 90
0 390.4 259.075 300 90
0 390.4 259.445 300 90
0 390.4 259.82 300 90
0 390.4 260.108 300 90
0 390.4 260.434 300 90
0 390.4 260.739 300 90
0 390.4 261.1 300 90
0 390.4 261.333 300 90
0 390.4 261.562 300 90
0 390.4 261.911 300 90
0 390.4 262.219 300 90
0 390.4 262.655 300 90
0 390.4 262.983 300 90
0 390.4 263.234 300 90
0 390.4 263.549 300 90
0 390.4 263.843 300 90
0 390.4 264.079 300 90
0 390.4 264.471 300 90
0 390.4 264.78 300 90
0 390.4 265.404 300 90
0 390.4 266.118 300 90
0 390.4 266.42 300 90
0 390.4 266.634 300 90
0 390.4 267.053 300 90
0 390.4 267.382 300 90
0 390.4 267.624 300 90
0 390.4 267.929 300 90
0 390.4 268.261 300 90
0 390.4 268.601 300 90
0 390.4 269.012 300 90
0 390.4 269.525 300 90
0 390.4 269.89 300 90
0 390.4 270.174 300 90
0 390.4 270.528 300 90
0 390.4 270.829 300 90
0 390.4 271.121 300 90
0 390.4 271.327 300 90
0 390.4 271.572 300 90
0 390.4 271.895 300 90
0 390.4 272.253 300 90
0 390.4 272.655 300 90
0 390.4 273.167 300 90
0 390.4 273.365 300 90
0 390.4 273.687 300 90
0 390.4 273.924 300 90
0 390.4 274.155 300 90
0 390.4 274.444 300 90
0 390.4 274.65 300 90
0 390.4 275.022 300 90
0 390.4 275.34 300 90
0 390.4 275.706 300 90
0 390.4 275.9 300 90
0 390.4 276.39 300 90
0 390.4 276.635 300 90
0 390.4 276.8 300 90
0 390.4 276.983 300 90
0 390.4 277.273 300 90
0 390.4 277.482 300 90
0 390.4 277.746 300 90
0 390.4 277.974 300 90
0 390.4 278.188 300 90
0 390.4 278.446 300 90
0 390.4 278.861 300 90
0 390.4 279.115 300 90
0 390.4 279.347 300 90
0 390.4 279.643 300 90
0 390.4 279.914 300 90
0 390.4 280.17 300 90
0 390.4 280.612 300 90
0 390.4 280.855 300 90
0 390.4 281.139 300 90
0 390.4 281.448 300 90
0 390.4 281.622 300 90
0 390.4 281.828 300 90
0 390.4 282.049 300 90
0 390.4 282.472 300 90
0 390.4 282.728 300 90
0 390.4 282.943 300 90
0 390.4 283.124 300 90
0 390.4 283.653 300 90
0 390.4 283.904 300 90
0 390.4 284.259 300 90
0 390.4 284.473 300 90
0 390.4 284.747 300 90
0 390.4 284.953 300 90
0 390.4 285.12 300 90
0 390.4 285.527 300 90
0 390.4 285.704 300 90
0 390.4 285.982 300 90
0 390.4 286.607 300 90
0 390.4 286.938 300 90
0 390.4 287.147 300 90
0 390.4 287.471 300 90
0 390.4 287.686 300 90
0 390.4 287.881 300 90
0 390.4 288.117 300 90
0 390.4 288.34 300 90
0 390.4 288.625 300 90
0 390.4 289.028 300 90
0 390.4 289.445 300 90
0 390.4 289.791 300 90
0 390.4 290.012 300 90
0 390.4 290.394 300 90
0 390.4 290.649 300 90
0 390.4 290.812 300 90
0 390.4 290.969 300 90
0 390.4 291.127 300 90
0 390.4 291.438 300 90
0 390.4 291.612 300 90
0 390.4 291.875 300 90
0 390.4 292.113 300 90
0 390.4 292.339 300 90
0 390.4 292.612 300 90
0 390.4 292.885 300 90
0 390.4 293.109 300 90
0 390.4 293.384 300 90
0 390.4 293.538 300 90
0 390.4 293.855 300 90
0 390.4 294.244 300 90
0 390.4 294.428 300 90
0 390.4 294.697 300 90
0 390.4 294.894 300 90
0 390.4 295.05 300 90
0 390.4 295.251 300 90
0 390.4 295.528 300 90
0 390.4 295.838 300 90
0 390.4 296.075 300 90
0 390.4 296.279 300 90
0 390.4 296.71 300 90
0 390.4 296.94 300 90
0 390.4 297.101 300 90
0 390.4 297.436 300 90
0 390.4 297.774 300 90
0 390.4 297.985 300 90
0 390.4 298.26 300 90
0 390.4 298.504 300 90
0 390.4 298.707 300 90
0 390.4 298.967 300 90
0 390.4 299.22 300 90
0 390.4 299.754 300 90
0 390.4 299.972 300 90
0 390.4 300.171 300 90
0 390.4 300.364 300 90
0 390.4 300.668 300 90
0 390.4 300.956 300 90
0 390.4 301.158 300 90
0 390.4 301.333 300 90
0 390.4 301.554 300 90
0 390.4 301.792 300 90
0 390.4 302.121 300 90
0 390.4 302.397 300 90
0 390.4 302.689 300 90
0 390.4 302.973 300 90
0 390.4 303.445 300 90
0 390.4 303.618 300 90
0 390.4 303.958 300 90
0 390.4 304.171 300 90
0 390.4 304.591 300 90
0 390.4 304.84 300 90
0 390.4 305.133 300 90
0 390.4 305.442 300 90
0 390.4 305.792 300 90
0 390.4 305.973 300 90
0 390.4 306.173 300 90
0 390.4 306.507 300 90
0 390.4 306.794 300 90
0 390.4 307.005 300 90
0 390.4 307.175 300 90
0 390.4 307.562 300 90
0 390.4 307.833 300 90
0 390.4 308.068 300 90
0 390.4 308.372 300 90
0 390.4 308.531 300 90
0 390.4 308.687 300 90
0 390.4 308.942 300 90
0 390.4 309.094 300 90
0 390.4 309.325 300 90
0 390.4 309.621 300 90
0 390.4 310.01 300 90
0 390.4 310.299 300 90
0 390.4 310.549 300 90
0 390.4 310.744 300 90
0 390.4 310.968 300 90
0 390.4 311.276 300 90
0 390.4 311.485 300 90
0 390.4 311.7 300 90
0 390.4 311.984 300 90
0 390.4 312.198 300 90
0 390.4 312.366 300 90
0 390.4 312.627 300 90
0 390.4 312.846 300 90
0 390.4 313.055 300 90
0 390.4 313.27 300 90
0 390.4 313.64 300 90
0 390.4 314.119 300 90
0 390.4 314.373 300 90
0 390.4 314.656 300 90
0 390.4 314.949 300 90
0 390.4 315.216 300 90
0 390.4 315.445 300 90
0 390.4 315.587 300 90
0 390.4 315.857 300 90
0 390.4 316.162 300 90
0 390.4 316.393 300 90
0 390.4 316.61 300 90
0 390.4 316.861 300 90
0 390.4 317.147 300 90
0 390.4 317.339 300 90
0 390.4 317.57 300 90
0 390.4 317.771 300 90
0 390.4 317.925 300 90
0 390.4 318.09 300 90
0 390.4 318.613 300 90
0 390.4 318.856 300 90
0 390.4 319.184 300 90
0 390.4 319.394 300 90
0 390.4 319.643 300 90
0 390.4 319.888 300 90
0 390.4 320.058 300 90
0 390.4 320.49 300 90
0 390.4 320.769 300 90
0 390.4 321.04 300 90
0 390.4 321.372 300 90
0 390.4 321.583 300 90
0 390.4 321.797 300 90
0 390.4 322.046 300 90
0 390.4 322.179 300 90
0 390.4 322.385 300 90
0 390.4 322.649 300 90
0 390.4 322.852 300 90
0 390.4 323.129 300 90
0 390.4 323.582 300 90
0 390.4 323.829 300 90
0 390.4 324.108 300 90
0 390.4 324.31 300 90
0 390.4 324.647 300 90
0 390.4 324.816 300 90
0 390.4 325.005 300 90
0 390.4 325.3 300 90
0 390.4 325.603 300 90
0 390.4 325.819 300 90
0 390.4 326.204 300 90
0 390.4 326.402 300 90
0 390.4 326.714 300 90
0 390.4 327.04 300 90
0 390.4 327.285 300 90
0 390.4 327.502 300 90
0 390.4 327.772 300 90
0 390.4 328.112 300 90
0 390.4 328.312 300 90
0 390.4 328.679 300 90
0 390.4 328.844 300 90
0 390.4 329.103 300 90
0 390.4 329.405 300 90
0 390.4 329.627 300 90
0 390.4 329.85 300 90
0 390.4 330.15 300 90
0 390.4 330.387 300 90
0 390.4 330.59 300 90
0 390.4 330.912 300 90
0 390.4 331.354 300 90
0 390.4 331.595 300 90
0 390.4 331.849 300 90
0 390.4 332.2 300 90
0 390.4 332.366 300 90
0 390.4 332.501 300 90
0 390.4 332.637 300 90
0 390.4 332.746 300 90
0 390.4 332.929 300 90
0 390.4 333.076 300 90
0 390.4 333.225 300 90
0 390.4 333.382 300 90
0 390.4 333.578 300 90
0 390.4 333.7 300 90
0 390.4 333.854 300 90
0 390.4 333.977 300 90
0 390.4 334.139 300 90
0 390.4 334.292 300 90
0 390.4 334.457 300 90
0 390.4 334.634 300 90
0 390.4 334.777 300 90
0 390.4 335.017 300 90
0 390.4 335.168 300 90
0 390.4 335.39 300 90
0 390.4 335.497 300 90
0 390.4 335.723 300 90
0 390.4 335.932 300 90
0 390.4 336.258 300 90
0 390.4 336.421 300 90
0 390.4 336.831 300 90
0 390.4 337.069 300 90
0 390.4 337.273 300 90
0 390.4 337.645 300 90
0 390.4 337.806 300 90
0 390.4 337.959 300 90
0 390.4 338.214 300 90
0 390.4 338.695 300 90
0 390.4 338.88 300 90
0 390.4 339.09 300 90
0 390.4 339.324 300 90
0 390.4 339.53 300 90
0 390.4 339.781 300 90
0 390.4 339.948 300 90
0 390.4 340.161 300 90
0 390.4 340.426 300 90
0 390.4 340.732 300 90
0 390.4 340.939 300 90
0 390.4 341.242 300 90
0 390.4 341.511 300 90
0 390.4 341.724 300 90
0 390.4 341.973 300 90
0 390.4 342.218 300 90
0 390.4 342.487 300 90
0 390.4 342.681 300 90
0 390.4 342.837 300 90
0 390.4 343.1 300 90
0 390.4 343.326 300 90
0 390.4 343.696 300 90
0 390.4 343.849 300 90
0 390.4 344.064 300 90
0 390.4 344.285 300 90
0 390.4 344.535 300 90
0 390.4 344.739 300 90
0 390.4 344.902 300 90
0 390.4 345.09 300 90
0 390.4 345.262 300 90
0 390.4 345.559 300 90
0 390.4 345.754 300 90
0 390.4 346.101 300 90
0 390.4 346.354 300 90
0 390.4 346.512 300 90
0 390.4 346.727 300 90
0 390.4 346.989 300 90
0 390.4 347.246 300 90
0 390.4 347.519 300 90
0 390.4 347.687 300 90
0 390.4 348.024 300 90
0 390.4 348.278 300 90
0 390.4 348.492 300 90
0 390.4 348.716 300 90
0 390.4 349.039 300 90
0 390.4 349.294 300 90
0 390.4 349.442 300 90
0 390.4 349.613 300 90
0 390.4 349.846 300 90
0 390.4 350.01 300 90
0 390.4 350.229 300 90
0 390.4 350.494 300 90
0 390.4 350.668 300 90
0 390.4 350.837 300 90
0 390.4 351.107 300 90
0 390.4 351.275 300 90
0 390.4 351.532 300 90
0 390.4 351.83 300 90
0 390.4 352.376 300 90
0 390.4 352.714 300 90
0 390.4 353.036 300 90
0 390.4 353.313 300 90
0 390.4 353.564 300 90
0 390.4 353.754 300 90
0 390.4 354.011 300 90
0 390.4 354.287 300 90
0 390.4 354.53 300 90
0 390.4 354.778 300 90
0 390.4 355.043 300 90
0 390.4 355.319 300 90
0 390.4 355.634 300 90
0 390.4 355.849 300 90
0 390.4 355.999 300 90
0 390.4 356.158 300 90
0 390.4 356.428 300 90
0 390.4 356.719 300 90
0 390.4 356.951 300 90
0 390.4 357.16 300 90
0 390.4 357.358 300 90
0 390.4 357.528 300 90
0 390.4 357.756 300 90
0 390.4 358.008 300 90
0 390.4 358.324 300 90
0 390.4 358.527 300 90
0 390.4 358.855 300 90
0 390.4 359.163 300 90
0 390.4 359.321 300 90
0 390.4 359.515 300 90
0 390.4 359.695 300 90
0 390.4 360.093 300 90
0 390.4 360.37 300 90
0 390.4 360.737 300 90
0 390.4 361.105 300 90
0 390.4 361.276 300 90
0 390.4 361.475 300 90
0 390.4 361.631 300 90
0 390.4 361.816 300 90
0 390.4 362.199 300 90
0 390.4 362.482 300 90
0 390.4 362.713 300 90
0 390.4 363.035 300 90
0 390.4 363.287 300 90
0 390.4 363.509 300 90
0 390.4 363.732 300 90
0 390.4 363.885 300 90
0 390.4 364.076 300 90
0 390.4 364.328 300 90
0 390.4 364.919 300 90
0 390.4 365.249 300 90
0 390.4 365.494 300 90
0 390.4 365.676 300 90
0 390.4 365.924 300 90
0 390.4 366.167 300 90
0 390.4 366.534 300 90
0 390.4 366.693 300 90
0 390.4 366.907 300 90
0 390.4 367.077 300 90
0 390.4 367.404 300 90
0 390.4 367.575 300 90
0 390.4 367.789 300 90
0 390.4 368.123 300 90
0 390.4 368.344 300 90
0 390.4 368.566 300 90
0 390.4 368.795 300 90
0 390.4 369.064 300 90
0 390.4 369.321 300 90
0 390.4 369.655 300 90
0 390.4 369.928 300 90
0 390.4 370.108 300 90
0 390.4 370.479 300 90
0 390.4 370.828 300 90
0 390.4 371.141 300 90
0 390.4 371.467 300 90
0 390.4 371.835 300 90
0 390.4 372.002 300 90
0 390.4 372.192 300 90
0 390.4 372.497 300 90
0 390.4 372.879 300 90
0 390.4 373.078 300 90
0 390.4 373.201 300 90
0 390.4 373.368 300 90
0 390.4 373.657 300 90
0 390.4 373.775 300 90
0 390.4 373.978 300 90
0 390.4 374.167 300 90
0 390.4 374.285 300 90
0 390.4 374.527 300 90
0 390.4 374.674 300 90
0 390.4 374.838 300 90
0 390.4 375.027 300 90
0 390.4 375.153 300 90
0 390.4 375.299 300 90
0 390.4 375.492 300 90
0 390.4 375.663 300 90
0 390.4 375.822 300 90
0 390.4 376.051 300 90
0 390.4 376.167 300 90
0 390.4 376.322 300 90
0 390.4 376.489 300 90
0 390.4 376.646 300 90
0 390.4 376.756 300 90
0 390.4 377.01 300 90
0 390.4 377.164 300 90
0 390.4 377.283 300 90
0 390.4 377.438 300 90
0 390.4 377.594 300 90
0 390.4 377.762 300 90
0 390.4 378.002 300 90
0 390.4 378.276 300 90
0 390.4 378.497 300 90
0 390.4 378.787 300 90
0 390.4 379.123 300 90
0 390.4 379.435 300 90
0 390.4 379.695 300 90
0 390.4 379.868 300 90
0 390.4 380.204 300 90
0 390.4 380.417 300 90
0 390.4 380.888 300 90
0 390.4 381.22 300 90
0 390.4 381.357 300 90
0 390.4 381.598 300 90
0 390.4 381.774 300 90
0 390.4 382.122 300 90
0 390.4 382.422 300 90
0 390.4 382.678 300 90
0 390.4 382.934 300 90
0 390.4 383.156 300 90
0 390.4 383.343 300 90
0 390.4 383.67 300 90
0 390.4 383.951 300 90
0 390.4 384.209 300 90
0 390.4 384.476 300 90
0 390.4 384.734 300 90
0 390.4 385.013 300 90
0 390.4 385.409 300 90
0 390.4 385.641 300 90
0 390.4 385.861 300 90
0 390.4 386.068 300 90
0 390.4 386.313 300 90
0 390.4 386.595 300 90
0 390.4 386.893 300 90
0 390.4 387.318 300 90
0 390.4 387.549 300 90
0 390.4 388.033 300 90
0 390.4 388.331 300 90
0 390.4 388.569 300 90
0 390.4 388.793 300 90
0 390.4 389.157 300 90
0 390.4 389.38 300 90
0 390.4 389.599 300 90
0 390.4 389.765 300 90
0 390.4 389.976 300 90
0 390.4 390.134 300 90
0 390.4 390.367 300 90
0 390.4 390.624 300 90
0 390.4 390.8 300 90
0 390.4 391.017 300 90
0 390.4 391.233 300 90
0 390.4 391.39 300 90
0 390.4 391.591 300 90
0 390.4 391.741 300 90
0 390.4 391.855 300 90
0 390.4 392.017 300 90
0 390.4 392.128 300 90
0 390.4 392.281 300 90
0 390.4 392.532 300 90
0 390.4 392.741 300 90
0 390.4 392.935 300 90
0 390.4 393.103 300 90
0 390.4 393.229 300 90
0 390.4 393.43 300 90
0 390.4 393.55 300 90
0 390.4 393.708 300 90
0 390.4 393.905 300 90
0 390.4 394.053 300 90
0 390.4 394.195 300 90
0 390.4 394.41 300 90
0 390.4 394.692 300 90
0 390.4 394.805 300 90
0 390.4 394.962 300 90
0 390.4 395.191 300 90
0 390.4 395.485 300 90
0 390.4 395.755 300 90
0 390.4 395.944 300 90
0 390.4 396.153 300 90
0 390.4 396.319 300 90
0 390.4 396.543 300 90
0 390.4 396.803 300 90
0 390.4 397.064 300 90
0 390.4 397.323 300 90
0 390.4 397.547 300 90
0 390.4 397.865 300 90
0 390.4 398.148 300 90
0 390.4 398.355 300 90
0 390.4 398.668 300 90
0 390.4 398.895 300 90
0 390.4 399.285 300 90
0 390.4 399.589 300 90
0 390.4 399.86 300 90
0 390.4 400.18 300 90
0 390.4 400.557 300 90
0 390.4 400.794 300 90
0 390.4 401.027 300 90
0 390.4 401.26 300 90
0 390.4 401.493 300 90
0 390.4 401.876 300 90
0 390.4 402.131 300 90
0 390.4 402.357 300 90
0 390.4 402.583 300 90
0 390.4 402.807 300 90
0 390.4 403.135 300 90
0 390.4 403.409 300 90
0 390.4 403.627 300 90
0 390.4 403.922 300 90
0 390.4 404.198 300 90
0 390.4 404.379 300 90
0 390.4 404.598 300 90
0 390.4 404.858 300 90
0 390.4 405.129 300 90
0 390.4 405.325 300 90
0 390.4 405.611 300 90
0 390.4 405.897 300 90
0 390.4 406.265 300 90
0 390.4 406.45 300 90
0 390.4 406.709 300 90
0 390.4 407.082 300 90
0 390.4 407.319 300 90
0 390.4 407.587 300 90
0 390.4 407.803 300 90
0 390.4 408.239 300 90
0 390.4 408.453 300 90
0 390.4 408.647 300 90
0 390.4 408.962 300 90
0 390.4 409.286 300 90
0 390.4 409.445 300 90
0 390.4 409.668 300 90
0 390.4 409.901 300 90
0 390.4 410.132 300 90
0 390.4 410.485 300 90
0 390.4 410.825 300 90
0 390.4 411.266 300 90
0 390.4 411.433 300 90
0 390.4 411.638 300 90
0 390.4 411.933 300 90
0 390.4 412.204 300 90
0 390.4 412.478 300 90
0 390.4 412.659 300 90
0 390.4 413.059 300 90
0 390.4 413.393 300 90
0 390.4 413.68 300 90
0 390.4 413.907 300 90
0 390.4 414.255 300 90
0 390.4 414.558 300 90
0 390.4 414.812 300 90
0 390.4 415.015 300 90
0 390.4 415.259 300 90
0 390.4 415.493 300 90
0 390.4 415.69 300 90
0 390.4 416.011 300 90
0 390.4 416.22 300 90
0 390.4 416.441 300 90
0 390.4 416.633 300 90
0 390.4 416.845 300 90
0 390.4 417.187 300 90
0 390.4 417.371 300 90
0 390.4 417.629 300 90
0 390.4 417.907 300 90
0 390.4 418.215 300 90
0 390.4 418.586 300 90
0 390.4 418.812 300 90
0 390.4 419.058 300 90
0 390.4 419.233 300 90
0 390.4 419.415 300 90
0 390.4 419.637 300 90
0 390.4 419.785 300 90
0 390.4 419.905 300 90
0 390.4 420.12 300 90
0 390.4 420.317 300 90
0 390.4 420.433 300 90
0 390.4 420.592 300 90
0 390.4 420.818 300 90
0 390.4 421.008 300 90
0 390.4 421.162 300 90
0 390.4 421.317 300 90
0 390.4 421.498 300 90
0 390.4 421.614 300 90
0 390.4 421.756 300 90
0 390.4 421.936 300 90
0 390.4 422.178 300 90
0 390.4 422.349 300 90
0 390.4 422.518 300 90
0 390.4 422.71 300 90
0 390.4 422.906 300 90
0 390.4 423.124 300 90
0 390.4 423.273 300 90
0 390.4 423.395 300 90
0 390.4 423.516 300 90
0 390.4 423.682 300 90
0 390.4 423.896 300 90
0 390.4 424.059 300 90
0 390.4 424.16 300 90
0 390.4 424.267 300 90
0 390.4 424.382 300 90
0 390.4 424.536 300 90
0 390.4 424.72 300 90
0 390.4 424.915 300 90
0 390.4 425.181 300 90
0 390.4 425.322 300 90
0 390.4 425.462 300 90
0 390.4 425.574 300 90
0 390.4 425.691 300 90
0 390.4 425.866 300 90
0 390.4 425.985 300 90
0 390.4 426.138 300 90
0 390.4 426.366 300 90
0 390.4 426.557 300 90
0 390.4 426.768 300 90
0 390.4 426.991 300 90
0 390.4 427.184 300 90
0 390.4 427.336 300 90
0 390.4 427.648 300 90
0 390.4 427.865 300 90
0 390.4 428.041 300 90
0 390.4 428.213 300 90
0 390.4 428.534 300 90
0 390.4 428.702 300 90
0 390.4 428.899 300 90
0 390.4 429.038 300 90
0 390.4 429.304 300 90
0 390.4 429.581 300 90
0 390.4 429.802 300 90
0 390.4 429.954 300 90
0 390.4 430.266 300 90
0 390.4 430.435 300 90
0 390.4 430.586 300 90
0 390.4 430.837 300 90
0 390.4 431.059 300 90
0 390.4 431.278 300 90
0 390.4 431.508 300 90
0 390.4 431.886 300 90
0 390.4 432.131 300 90
0 390.4 432.347 300 90
0 390.4 432.511 300 90
0 390.4 432.669 300 90
0 390.4 432.878 300 90
0 390.4 433.091 300 90
0 390.4 433.367 300 90
0 390.4 433.534 300 90
0 390.4 433.747 300 90
0 390.4 433.95 300 90
0 390.4 434.171 300 90
0 390.4 434.333 300 90
0 390.4 434.53 300 90
0 390.4 434.784 300 90
0 390.4 434.944 300 90
0 390.4 435.138 300 90
0 390.4 435.336 300 90
0 390.4 435.497 300 90
0 390.4 435.719 300 90
0 390.4 435.949 300 90
0 390.4 436.116 300 90
0 390.4 436.317 300 90
0 390.4 436.482 300 90
0 390.4 436.64 300 90
0 390.4 436.852 300 90
0 390.4 437.111 300 90
0 390.4 437.34 300 90
0 390.4 437.558 300 90
0 390.4 437.822 300 90
0 390.4 438.144 300 90
0 390.4 438.384 300 90
0 390.4 438.591 300 90
0 390.4 438.897 300 90
0 390.4 439.121 300 90
0 390.4 439.348 300 90
0 390.4 439.497 300 90
0 390.4 439.774 300 90
0 390.4 440.08 300 90
0 390.4 440.234 300 90
0 390.4 440.589 300 90
0 390.4 440.798 300 90
0 390.4 440.967 300 90
0 390.4 441.222 300 90
0 390.4 441.463 300 90
0 390.4 441.699 300 90
0 390.4 441.966 300 90
0 390.4 442.196 300 90
0 390.4 442.552 300 90
0 390.4 442.868 300 90
0 390.4 443.05 300 90
0 390.4 443.32 300 90
0 390.4 443.546 300 90
0 390.4 443.776 300 90
0 390.4 444.014 300 90
0 390.4 444.302 300 90
0 390.4 444.466 300 90
0 390.4 444.744 300 90
0 390.4 444.908 300 90
0 390.4 445.196 300 90
0 390.4 445.451 300 90
0 390.4 445.816 300 90
0 390.4 446.221 300 90
0 390.4 446.574 300 90
0 390.4 446.926 300 90
0 390.4 447.145 300 90
0 390.4 447.315 300 90
0 390.4 447.739 300 90
0 390.4 447.966 300 90
0 390.4 448.189 300 90
0 390.4 448.531 300 90
0 390.4 448.777 300 90
0 390.4 449.045 300 90
0 390.4 449.285 300 90
0 390.4 449.552 300 90
0 390.4 449.895 300 90
0 390.4 450.221 300 90
0 390.4 450.448 300 90
0 390.4 450.69 300 90
0 390.4 450.871 300 90
0 390.4 451.149 300 90
0 390.4 451.362 300 90
0 390.4 451.561 300 90
0 390.4 451.835 300 90
0 390.4 452.162 300 90
0 390.4 452.405 300 90
0 390.4 452.719 300 90
0 390.4 452.941 300 90
0 390.4 453.17 300 90
0 390.4 453.488 300 90
0 390.4 453.646 300 90
0 390.4 453.817 300 90
0 390.4 454.107 300 90
0 390.4 454.329 300 90
0 390.4 454.635 300 90
0 390.4 454.802 300 90
0 390.4 454.983 300 90
0 390.4 455.198 300 90
0 390.4 455.371 300 90
0 390.4 455.594 300 90
0 390.4 455.821 300 90
0 390.4 455.995 300 90
0 390.4 456.268 300 90
0 390.4 456.436 300 90
0 390.4 456.671 300 90
0 390.4 456.916 300 90
0 390.4 457.144 300 90
0 390.4 457.371 300 90
0 390.4 457.648 300 90
0 390.4 457.884 300 90
0 390.4 458.352 300 90
0 390.4 458.618 300 90
0 390.4 458.929 300 90
0 390.4 459.244 300 90
0 390.4 459.667 300 90
0 390.4 459.936 300 90
0 390.4 460.357 300 90
0 390.4 460.686 300 90
0 390.4 461.038 300 90
0 390.4 461.468 300 90
0 390.4 461.804 300 90
0 390.4 462.068 300 90
0 390.4 462.335 300 90
0 390.4 462.717 300 90
0 390.4 463.061 300 90
0 390.4 463.385 300 90
0 390.4 463.743 300 90
0 390.4 464.02 300 90
0 390.4 464.291 300 90
0 390.4 464.541 300 90
0 390.4 465.004 300 90
0 390.4 465.199 300 90
0 390.4 465.531 300 90
0 390.4 465.764 300 90
0 390.4 466.019 300 90
0 390.4 466.173 300 90
0 390.4 466.488 300 90
0 390.4 466.659 300 90
0 390.4 466.896 300 90
0 390.4 467.154 300 90
0 390.4 467.364 300 90
0 390.4 467.615 300 90
0 390.4 467.928 300 90
0 390.4 468.322 300 90
0 390.4 468.482 300 90
0 390.4 468.644 300 90
0 390.4 468.804 300 90
0 390.4 469.053 300 90
0 390.4 469.213 300 90
0 390.4 469.363 300 90
0 390.4 469.613 300 90
0 390.4 469.941 300 90
0 390.4 470.141 300 90
0 390.4 470.366 300 90
0 390.4 470.637 300 90
0 390.4 470.92 300 90
0 390.4 471.121 300 90
0 390.4 471.293 300 90
0 390.4 471.509 300 90
0 390.4 471.671 300 90
0 390.4 471.883 300 90
0 390.4 472.108 300 90
0 390.4 472.381 300 90
0 390.4 472.533 300 90
0 390.4 472.775 300 90
0 390.4 472.955 300 90
0 390.4 473.202 300 90
0 390.4 473.44 300 90
0 390.4 473.746 300 90
0 390.4 474.011 300 90
0 390.4 474.19 300 90
0 390.4 474.366 300 90
0 390.4 474.509 300 90
0 390.4 474.743 300 90
0 390.4 475.059 300 90
0 390.4 475.261 300 90
0 390.4 475.481 300 90
0 390.4 475.758 300 90
0 390.4 476.049 300 90
0 390.4 476.358 300 90
0 390.4 476.636 300 90
0 390.4 476.862 300 90
0 390.4 477.146 300 90
0 390.4 477.357 300 90
0 390.4 477.756 300 90
0 390.4 477.983 300 90
0 390.4 478.187 300 90
0 390.4 478.385 300 90
0 390.4 478.596 300 90
0 390.4 478.87 300 90
0 390.4 479.031 300 90
0 390.4 479.271 300 90
0 390.4 479.474 300 90
0 390.4 479.667 300 90
0 390.4 479.894 300 90
0 390.4 480.047 300 90
0 390.4 480.257 300 90
0 390.4 480.447 300 90
0 390.4 480.62 300 90
0 390.4 480.727 300 90
0 390.4 480.98 300 90
0 390.4 481.207 300 90
0 390.4 481.494 300 90
0 390.4 481.716 300 90
0 390.4 481.996 300 90
0 390.4 482.153 300 90
0 390.4 482.411 300 90
0 390.4 482.643 300 90
0 390.4 482.862 300 90
0 390.4 483.027 300 90
0 390.4 483.291 300 90
0 390.4 483.608 300 90
0 390.4 483.834 300 90
0 390.4 484.009 300 90
0 390.4 484.187 300 90
0 390.4 484.357 300 90
0 390.4 484.642 300 90
0 390.4 484.947 300 90
0 390.4 485.235 300 90
0 390.4 485.678 300 90
0 390.4 485.917 300 90
0 390.4 486.102 300 90
0 390.4 486.315 300 90
0 390.4 486.594 300 90
0 390.4 486.813 300 90
0 390.4 487.068 300 90
0 390.4 487.219 300 90
0 390.4 487.501 300 90
0 390.4 487.733 300 90
0 390.4 487.974 300 90
0 390.4 488.251 300 90
0 390.4 488.426 300 90
0 390.4 488.691 300 90
0 390.4 488.959 300 90
0 390.4 489.203 300 90
0 390.4 489.399 300 90
0 390.4 489.56 300 91
0 390.4 489.733 300 91
0 390.4 489.985 300 91
0 390.4 490.145 300 91
0 390.4 490.299 300 91
0 390.4 490.584 300 91
0 390.4 490.819 300 91
0 390.4 491.148 300 91
0 390.4 491.457 300 91
0 390.4 491.719 300 91
0 390.4 491.884 300 91
0 390.4 492.124 300 91
0 390.4 492.332 300 91
0 390.4 492.551 300 91
0 390.4 492.722 300 91
0 390.4 492.933 300 91
0 390.4 493.089 300 91
0 390.4 493.258 300 91
0 390.4 493.434 300 91
0 390.4 493.711 300 91
0 390.4 493.989 300 91
0 390.4 494.221 300 91
0 390.4 494.485 300 91
0 390.4 494.683 300 91
0 390.4 494.939 300 91
0 390.4 495.279 300 91
0 390.4 495.613 300 91
0 390.4 496.044 300 91
0 390.4 496.208 300 91
0 390.4 496.427 300 91
0 390.4 496.713 300 91
0 390.4 496.982 300 91
0 390.4 497.145 300 91
0 390.4 497.357 300 91
0 390.4 497.61 300 91
0 390.4 497.826 300 91
0 390.4 498.252 300 91
0 390.4 498.512 300 91
0 390.4 498.897 300 91
0 390.4 499.165 300 91
0 390.4 499.383 300 91
0 390.4 499.618 300 91
0 390.4 499.825 300 91
0 390.4 500.042 300 91
0 390.4 500.309 300 91
0 390.4 500.528 300 91
0 390.4 500.783 300 91
0 390.4 501.031 300 91
0 390.4 501.193 300 91
0 390.4 501.435 300 91
0 390.4 501.65 300 91
0 390.4 501.91 300 91
0 390.4 502.148 300 91
0 390.4 502.367 300 91
0 390.4 502.572 300 91
0 390.4 502.862 300 91
0 390.4 503.068 300 91
0 390.4 503.275 300 91
0 390.4 503.533 300 91
0 390.4 503.795 300 91
0 390.4 504.013 300 91
0 390.4 504.229 300 91
0 390.4 504.446 300 91
0 390.4 504.739 300 91
0 390.4 505.058 300 91
0 390.4 505.404 300 91
0 390.4 505.604 300 91
0 390.4 505.877 300 91
0 390.4 506.091 300 91
0 390.4 506.31 300 91
0 390.4 506.53 300 91
0 390.4 506.691 300 91
0 390.4 506.902 300 91
0 390.4 507.113 300 91
0 390.4 507.267 300 91
0 390.4 507.488 300 91
0 390.4 507.654 300 91
0 390.4 507.918 300 91
0 390.4 508.082 300 91
0 390.4 508.303 300 91
0 390.4 508.52 300 91
0 390.4 508.69 300 91
0 390.4 508.947 300 91
0 390.4 509.182 300 91
0 390.4 509.448 300 91
0 390.4 509.61 300 91
0 390.4 509.923 300 91
0 390.4 510.201 300 91
0 390.4 510.431 300 91
0 390.4 510.604 300 91
0 390.4 510.877 300 91
0 390.4 511.103 300 91
0 390.4 511.476 300 91
0 390.4 511.714 300 91
0 390.4 512 300 91
0 390.4 512.43 300 91
0 390.4 512.796 300 91
0 390.4 513.051 300 91
0 390.4 513.327 300 91
0 390.4 513.526 300 91
0 390.4 513.79 300 91
0 390.4 513.941 300 91
0 390.4 514.092 300 91
0 390.4 514.355 300 91
0 390.4 514.707 300 91
0 390.4 514.951 300 91
0 390.4 515.213 300 91
0 390.4 515.42 300 91
0 390.4 515.575 300 91
0 390.4 515.943 300 91
0 390.4 516.162 300 91
0 390.4 516.427 300 91
0 390.4 516.732 300 91
0 390.4 516.983 300 91
0 390.4 517.278 300 91
0 390.4 517.586 300 91
0 390.4 517.808 300 91
0 390.4 518.17 300 91
0 390.4 518.465 300 91
0 390.4 518.632 300 91
0 390.4 518.79 300 91
0 390.4 519.004 300 91
0 390.4 519.203 300 91
0 390.4 519.561 300 91
0 390.4 519.721 300 91
0 390.4 519.998 300 91
0 390.4 520.353 300 91
0 390.4 520.777 300 91
0 390.4 521.021 300 91
0 390.4 521.185 300 91
0 390.4 521.456 300 91
0 390.4 521.627 300 91
0 390.4 521.884 300 91
0 390.4 522.105 300 91
0 390.4 522.279 300 91
0 390.4 522.486 300 91
0 390.4 522.641 300 91
0 390.4 522.853 300 91
0 390.4 523.112 300 91
0 390.4 523.277 300 91
0 390.4 523.479 300 91
0 390.4 523.685 300 91
0 390.4 523.888 300 91
0 390.4 524.096 300 91
0 390.4 524.354 300 91
0 390.4 524.677 300 91
0 390.4 524.879 300 91
0 390.4 525.03 300 91
0 390.4 525.338 300 91
0 390.4 525.501 300 91
0 390.4 525.73 300 91
0 390.4 526.019 300 91
0 390.4 526.233 300 91
0 390.4 526.396 300 91
0 390.4 526.62 300 91
0 390.4 526.781 300 91
0 390.4 527.099 300 91
0 390.4 527.276 300 91
0 390.4 527.451 300 91
0 390.4 527.768 300 91
0 390.4 528.047 300 91
0 390.4 528.211 300 91
0 390.4 528.491 300 91
0 390.4 528.869 300 91
0 390.4 529.095 300 91
0 390.4 529.368 300 91
0 390.4 529.599 300 91
0 390.4 529.776 300 91
0 390.4 530.05 300 91
0 390.4 530.287 300 91
0 390.4 530.461 300 91
0 390.4 530.703 300 91
0 390.4 530.92 300 91
0 390.4 531.137 300 91
0 390.4 531.426 300 91
0 390.4 531.716 300 91
0 390.4 531.879 300 91
0 390.4 532.159 300 91
0 390.4 532.338 300 91
0 390.4 532.575 300 91
0 390.4 532.755 300 91
0 390.4 532.924 300 91
0 390.4 533.188 300 91
0 390.4 533.374 300 91
0 390.4 533.646 300 91
0 390.4 533.876 300 91
0 390.4 534.212 300 91
0 390.4 534.382 300 91
0 390.4 534.65 300 91
0 390.4 534.9 300 91
0 390.4 535.218 300 91
0 390.4 535.378 300 91
0 390.4 535.525 300 91
0 390.4 535.71 300 91
0 390.4 535.892 300 91
0 390.4 536.106 300 91
0 390.4 536.222 300 91
0 390.4 536.437 300 91
0 390.4 536.549 300 91
0 390.4 536.68 300 91
0 390.4 536.822 300 91
0 390.4 536.986 300 91
0 390.4 537.18 300 91
0 390.4 537.334 300 91
0 390.4 537.496 300 91
0 390.4 537.611 300 91
0 390.4 537.804 300 91
0 390.4 537.989 300 91
0 390.4 538.215 300 91
0 390.4 538.371 300 91
0 390.4 538.562 300 91
0 390.4 538.757 300 91
0 390.4 538.906 300 91
0 390.4 539.038 300 91
0 390.4 539.231 300 91
0 390.4 539.345 300 91
0 390.4 539.57 300 91
0 390.4 539.729 300 91
0 390.4 539.894 300 91
0 390.4 540.057 300 91
0 390.4 540.255 300 91
0 390.4 540.489 300 91
0 390.4 540.698 300 91
0 390.4 540.916 300 91
0 390.4 541.158 300 91
0 390.4 541.438 300 91
0 390.4 541.66 300 91
0 390.4 541.924 300 91
0 390.4 542.202 300 91
0 390.4 542.383 300 91
0 390.4 542.549 300 91
0 390.4 542.892 300 91
0 390.4 543.135 300 91
0 390.4 543.423 300 91
0 390.4 543.645 300 91
0 390.4 543.876 300 91
0 390.4 544.159 300 91
0 390.4 544.386 300 91
0 390.4 544.552 300 91
0 390.4 544.767 300 91
0 390.4 545.034 300 91
0 390.4 545.241 300 91
0 390.4 545.564 300 91
0 390.4 545.808 300 91
0 390.4 546.178 300 91
0 390.4 546.438 300 91
0 390.4 546.878 300 91
0 390.4 547.344 300 91
0 390.4 547.686 300 91
0 390.4 547.994 300 91
0 390.4 548.234 300 91
0 390.4 548.47 300 91
0 390.4 548.7 300 91
0 390.4 548.87 300 91
0 390.4 549.223 300 91
0 390.4 549.463 300 91
0 390.4 549.712 300 91
0 390.4 549.895 300 91
0 390.4 550.113 300 91
0 390.4 550.359 300 91
0 390.4 550.755 300 91
0 390.4 551.096 300 91
0 390.4 551.564 300 91
0 390.4 551.914 300 91
0 390.4 552.105 300 91
0 390.4 552.29 300 91
0 390.4 552.567 300 91
0 390.4 552.789 300 91
0 390.4 552.969 300 91
0 390.4 553.137 300 91
0 390.4 553.425 300 91
0 390.4 553.665 300 91
0 390.4 554.032 300 91
0 390.4 554.252 300 91
0 390.4 554.61 300 91
0 390.4 554.954 300 91
0 390.4 555.133 300 91
0 390.4 555.401 300 91
0 390.4 555.632 300 91
0 390.4 555.858 300 91
0 390.4 556.055 300 91
0 390.4 556.334 300 91
0 390.4 556.573 300 91
0 390.4 556.918 300 91
0 390.4 557.164 300 91
0 390.4 557.412 300 91
0 390.4 557.653 300 91
0 390.4 557.829 300 91
0 390.4 558.059 300 91
0 390.4 558.374 300 91
0 390.4 558.619 300 91
0 390.4 559.064 300 91
0 390.4 559.29 300 91
0 390.4 559.513 300 91
0 390.4 559.68 300 91
0 390.4 559.91 300 91
0 390.4 560.208 300 91
0 390.4 560.554 300 91
0 390.4 560.726 300 91
0 390.4 560.907 300 91
0 390.4 561.176 300 91
0 390.4 561.403 300 91
0 390.4 561.635 300 91
0 390.4 561.867 300 91
0 390.4 562.047 300 91
0 390.4 562.354 300 91
0 390.4 562.591 300 91
0 390.4 562.743 300 91
0 390.4 563.067 300 91
0 390.4 563.36 300 91
0 390.4 563.621 300 91
0 390.4 563.8 300 91
0 390.4 563.964 300 91
0 390.4 564.292 300 91
0 390.4 564.542 300 91
0 390.4 564.72 300 91
0 390.4 564.979 300 91
0 390.4 565.228 300 91
0 390.4 565.634 300 91
0 390.4 566.039 300 91
0 390.4 566.275 300 91
0 390.4 566.44 300 91
0 390.4 566.723 300 91
0 390.4 566.937 300 91
0 390.4 567.186 300 91
0 390.4 567.404 300 91
0 390.4 567.56 300 91
0 390.4 567.751 300 91
0 390.4 568.045 300 91
0 390.4 568.225 300 91
0 390.4 568.553 300 91
0 390.4 568.918 300 91
0 390.4 569.148 300 91
0 390.4 569.381 300 91
0 390.4 569.561 300 91
0 390.4 569.774 300 91
0 390.4 569.94 300 91
0 390.4 570.217 300 91
0 390.4 570.434 300 91
0 390.4 570.708 300 91
0 390.4 570.991 300 91
0 390.4 571.263 300 91
0 390.4 571.546 300 91
0 390.4 571.769 300 91
0 390.4 572.066 300 91
0 390.4 572.462 300 91
0 390.4 572.629 300 91
0 390.4 572.847 300 91
0 390.4 573.015 300 91
0 390.4 573.189 300 91
0 390.4 573.428 300 91
0 390.4 573.715 300 91
0 390.4 573.88 300 91
0 390.4 574.101 300 91
0 390.4 574.309 300 91
0 390.4 574.479 300 91
0 390.4 574.707 300 91
0 390.4 574.867 300 91
0 390.4 575.105 300 91
0 390.4 575.382 300 91
0 390.4 575.613 300 91
0 390.4 575.822 300 91
0 390.4 576.062 300 91
0 390.4 576.225 300 91
0 390.4 576.491 300 91
0 390.4 576.756 300 91
0 390.4 577.036 300 91
0 390.4 577.282 300 91
0 390.4 577.508 300 91
0 390.4 577.743 300 91
0 390.4 578.091 300 91
0 390.4 578.322 300 91
0 390.4 578.61 300 91
0 390.4 578.859 300 91
0 390.4 579.123 300 91
0 390.4 579.286 300 91
0 390.4 579.521 300 91
0 390.4 579.69 300 91
0 390.4 579.9 300 91
0 390.4 580.194 300 91
0 390.4 580.487 300 91
0 390.4 580.65 300 91
0 390.4 580.935 300 91
0 390.4 581.174 300 91
0 390.4 581.414 300 91
0 390.4 581.652 300 91
0 390.4 581.819 300 91
0 390.4 581.989 300 91
0 390.4 582.202 300 91
0 390.4 582.42 300 91
0 390.4 582.655 300 91
0 390.4 582.939 300 91
0 390.4 583.173 300 91
0 390.4 583.342 300 91
0 390.4 583.509 300 91
0 390.4 583.728 300 91
0 390.4 583.974 300 91
0 390.4 584.225 300 91
0 390.4 584.513 300 91
0 390.4 584.681 300 91
0 390.4 585.041 300 91
0 390.4 585.334 300 91
0 390.4 585.514 300 91
0 390.4 585.822 300 91
0 390.4 586.068 300 91
0 390.4 586.292 300 91
0 390.4 586.469 300 91
0 390.4 586.79 300 91
0 390.4 587.104 300 91
0 390.4 587.392 300 91
0 390.4 587.629 300 91
0 390.4 587.909 300 91
0 390.4 588.133 300 91
0 390.4 588.307 300 91
0 390.4 588.57 300 91
0 390.4 588.742 300 91
0 390.4 589.162 300 91
0 390.4 589.391 300 91
0 390.4 589.615 300 91
0 390.4 589.845 300 91
0 390.4 590.058 300 91
0 390.4 590.237 300 91
0 390.4 590.462 300 91
0 390.4 590.631 300 91
0 390.4 590.944 300 91
0 390.4 591.129 300 91
0 390.4 591.246 300 91
0 390.4 591.519 300 91
0 390.4 591.742 300 91
0 390.4 591.928 300 91
0 390.4 592.148 300 91
0 390.4 592.491 300 91
0 390.4 592.713 300 91
0 390.4 593.046 300 91
0 390.4 593.279 300 91
0 390.4 593.492 300 91
0 390.4 593.781 300 91
0 390.4 594.034 300 91
0 390.4 594.367 300 91
0 390.4 594.638 300 91
0 390.4 594.893 300 91
0 390.4 595.053 300 91
0 390.4 595.326 300 91
0 390.4 595.54 300 91
0 390.4 595.718 300 91
0 390.4 595.952 300 91
0 390.4 596.204 300 91
0 390.4 596.555 300 91
0 390.4 596.779 300 91
0 390.4 597.187 300 91
0 390.4 597.37 300 91
0 390.4 597.604 300 91
0 390.4 597.776 300 91
0 390.4 598.058 300 91
0 390.4 598.288 300 91
0 390.4 598.523 300 91
0 390.4 598.817 300 91
0 390.4 599.149 300 91
0 390.4 599.481 300 91
0 390.4 599.693 300 91
0 390.4 599.985 300 91
0 390.4 600.22 300 91
0 390.4 600.379 300 91
0 390.4 600.61 300 91
0 390.4 600.931 300 91
0 390.4 601.162 300 91
0 390.4 601.39 300 91
0 390.4 601.621 300 91
0 390.4 601.865 300 91
0 390.4 602.082 300 91
0 390.4 602.31 300 91
0 390.4 602.573 300 91
0 390.4 602.742 300 91
0 390.4 602.931 300 91
0 390.4 603.211 300 91
0 390.4 603.605 300 91
0 390.4 603.928 300 91
0 390.4 604.088 300 91
0 390.4 604.302 300 91
0 390.4 604.535 300 91
0 390.4 604.825 300 91
0 390.4 605.069 300 91
0 390.4 605.305 300 91
0 390.4 605.601 300 91
0 390.4 605.862 300 91
0 390.4 606.02 300 91
0 390.4 606.193 300 91
0 390.4 606.436 300 91
0 390.4 606.674 300 91
0 390.4 606.955 300 91
0 390.4 607.131 300 91
0 390.4 607.406 300 91
0 390.4 607.648 300 91
0 390.4 607.921 300 91
0 390.4 608.198 300 91
0 390.4 608.419 300 91
0 390.4 608.712 300 91
0 390.4 608.947 300 91
0 390.4 609.162 300 91
0 390.4 609.439 300 91
0 390.4 609.615 300 91
0 390.4 609.886 300 91
0 390.4 610.058 300 91
0 390.4 610.457 300 91
0 390.4 610.636 300 91
0 390.4 610.911 300 91
0 390.4 611.142 300 91
0 390.4 611.423 300 91
0 390.4 611.677 300 91
0 390.4 611.874 300 91
0 390.4 611.992 300 91
0 390.4 612.183 300 91
0 390.4 612.328 300 91
0 390.4 612.472 300 91
0 390.4 612.629 300 91
0 390.4 612.859 300 91
0 390.4 613.022 300 91
0 390.4 613.248 300 91
0 390.4 613.513 300 91
0 390.4 613.813 300 91
0 390.4 613.981 300 91
0 390.4 614.139 300 91
0 390.4 614.406 300 91
0 390.4 614.568 300 91
0 390.4 614.816 300 91
0 390.4 615.053 300 91
0 390.4 615.229 300 91
0 390.4 615.401 300 91
0 390.4 615.692 300 91
0 390.4 615.904 300 91
0 390.4 616.225 300 91
0 390.4 616.554 300 91
0 390.4 616.715 300 91
0 390.4 617.005 300 91
0 390.4 617.161 300 91
0 390.4 617.345 300 91
0 390.4 617.523 300 91
0 390.4 617.764 300 91
0 390.4 618 300 91
0 390.4 618.216 300 91
0 390.4 618.374 300 91
0 390.4 618.545 300 91
0 390.4 618.841 300 91
0 390.4 619.061 300 91
0 390.4 619.238 300 91
0 390.4 619.478 300 91
0 390.4 619.714 300 91
0 390.4 619.982 300 91
0 390.4 620.191 300 91
0 390.4 620.373 300 91
0 390.4 620.548 300 91
0 390.4 620.804 300 91
0 390.4 621.079 300 91
0 390.4 621.187 300 91
0 390.4 621.418 300 91
0 390.4 621.613 300 91
0 390.4 621.821 300 91
0 390.4 622.014 300 91
0 390.4 622.164 300 91
0 390.4 622.442 300 91
0 390.4 622.795 300 91
0 390.4 623.061 300 91
0 390.4 623.279 300 91
0 390.4 623.552 300 91
0 390.4 623.825 300 91
0 390.4 624.094 300 91
0 390.4 624.358 300 91
0 390.4 624.663 300 91
0 390.4 624.957 300 91
0 390.4 625.215 300 91
0 390.4 625.392 300 91
0 390.4 625.664 300 91
0 390.4 625.879 300 91
0 390.4 626.112 300 91
0 390.4 626.221 300 91
0 390.4 626.37 300 91
0 390.4 626.58 300 91
0 390.4 626.798 300 91
0 390.4 626.958 300 91
0 390.4 627.106 300 91
0 390.4 627.267 300 91
0 390.4 627.446 300 91
0 390.4 627.557 300 91
0 390.4 627.764 300 91
0 390.4 628.027 300 91
0 390.4 628.22 300 91
0 390.4 628.387 300 91
0 390.4 628.705 300 91
0 390.4 628.906 300 91
0 390.4 629.128 300 91
0 390.4 629.356 300 91
0 390.4 629.527 300 91
0 390.4 629.736 300 91
0 390.4 630.056 300 91
0 390.4 630.231 300 91
0 390.4 630.445 300 91
0 390.4 630.799 300 91
0 390.4 630.978 300 91
0 390.4 631.305 300 91
0 390.4 631.615 300 91
0 390.4 631.889 300 91
0 390.4 632.156 300 91
0 390.4 632.37 300 91
0 390.4 632.65 300 91
0 390.4 632.86 300 91
0 390.4 633.013 300 91
0 390.4 633.254 300 91
0 390.4 633.47 300 91
0 390.4 633.712 300 91
0 390.4 633.929 300 91
0 390.4 634.249 300 91
0 390.4 634.428 300 91
0 390.4 634.699 300 91
0 390.4 634.852 300 91
0 390.4 635.03 300 91
0 390.4 635.349 300 91
0 390.4 635.51 300 91
0 390.4 635.676 300 91
0 390.4 635.886 300 91
0 390.4 636.14 300 91
0 390.4 636.363 300 91
0 390.4 636.632 300 91
0 390.4 636.908 300 91
0 390.4 637.194 300 91
0 390.4 637.407 300 91
0 390.4 637.636 300 91
0 390.4 637.858 300 91
0 390.4 638.029 300 91
0 390.4 638.293 300 91
0 390.4 638.457 300 91
0 390.4 638.711 300 91
0 390.4 638.936 300 91
0 390.4 639.261 300 91
0 390.4 639.485 300 91
0 390.4 639.808 300 91
0 390.4 640.043 300 91
0 390.4 640.309 300 91
0 390.4 640.577 300 91
0 390.4 640.778 300 91
0 390.4 640.986 300 91
0 390.4 641.204 300 91
0 390.4 641.472 300 91
0 390.4 641.694 300 91
0 390.4 641.958 300 91
0 390.4 642.127 300 91
0 390.4 642.444 300 91
0 390.4 642.607 300 91
0 390.4 642.829 300 91
0 390.4 643.058 300 91
0 390.4 643.268 300 91
0 390.4 643.489 300 91
0 390.4 643.714 300 91
0 390.4 643.939 300 91
0 390.4 644.155 300 91
0 390.4 644.434 300 91
0 390.4 644.678 300 91
0 390.4 644.878 300 91
0 390.4 645.135 300 91
0 390.4 645.348 300 91
0 390.4 645.695 300 91
0 390.4 645.848 300 91
0 390.4 646.105 300 91
0 390.4 646.371 300 91
0 390.4 646.587 300 91
0 390.4 646.804 300 91
0 390.4 647.252 300 91
0 390.4 647.466 300 91
0 390.4 647.696 300 91
0 390.4 647.986 300 91
0 390.4 648.32 300 91
0 390.4 648.486 300 91
0 390.4 648.963 300 91
0 390.4 649.2 300 91
0 390.4 649.376 300 91
0 390.4 649.65 300 91
0 390.4 649.928 300 91
0 390.4 650.153 300 91
0 390.4 650.381 300 91
0 390.4 650.556 300 91
0 390.4 650.76 300 91
0 390.4 650.918 300 91
0 390.4 651.084 300 91
0 390.4 651.459 300 91
0 390.4 651.67 300 91
0 390.4 651.913 300 91
0 390.4 652.076 300 91
0 390.4 652.343 300 91
0 390.4 652.562 300 91
0 390.4 652.732 300 91
0 390.4 652.932 300 91
0 390.4 653.207 300 91
0 390.4 653.386 300 91
0 390.4 653.7 300 91
0 390.4 654.023 300 91
0 390.4 654.238 300 91
0 390.4 654.502 300 91
0 390.4 654.768 300 91
0 390.4 655.066 300 91
0 390.4 655.269 300 91
0 390.4 655.542 300 91
0 390.4 655.815 300 91
0 390.4 656.138 300 91
0 390.4 656.365 300 91
0 390.4 656.6 300 91
0 390.4 656.871 300 91
0 390.4 657.146 300 91
0 390.4 657.446 300 91
0 390.4 657.663 300 91
0 390.4 657.937 300 91
0 390.4 658.152 300 91
0 390.4 658.418 300 91
0 390.4 658.646 300 91
0 390.4 658.858 300 91
0 390.4 659.076 300 91
0 390.4 659.412 300 91
0 390.4 659.621 300 91
0 390.4 659.884 300 91
0 390.4 660.109 300 91
0 390.4 660.408 300 91
0 390.4 660.581 300 91
0 390.4 660.805 300 91
0 390.4 661.027 300 91
0 390.4 661.26 300 91
0 390.4 661.542 300 91
0 390.4 661.698 300 91
0 390.4 661.935 300 91
0 390.4 662.255 300 91
0 390.4 662.537 300 91
0 390.4 662.685 300 91
0 390.4 662.989 300 91
0 390.4 663.204 300 91
0 390.4 663.493 300 91
0 390.4 663.715 300 91
0 390.4 664.041 300 91
0 390.4 664.203 300 91
0 390.4 664.402 300 91
0 390.4 664.665 300 91
0 390.4 664.832 300 91
0 390.4 665.05 300 91
0 390.4 665.356 300 91
0 390.4 665.634 300 91
0 390.4 665.898 300 91
0 390.4 666.055 300 91
0 390.4 666.231 300 91
0 390.4 666.447 300 91
0 390.4 666.612 300 91
0 390.4 666.803 300 91
0 390.4 667.03 300 91
0 390.4 667.239 300 91
0 390.4 667.452 300 91
0 390.4 667.618 300 91
0 390.4 667.864 300 91
0 390.4 668.16 300 91
0 390.4 668.387 300 91
0 390.4 668.629 300 91
0 390.4 668.952 300 91
0 390.4 669.113 300 91
0 390.4 669.282 300 91
0 390.4 669.623 300 91
0 390.4 669.83 300 91
0 384.8 669.982 91
0 384.8 670.094 300 91
0 384.8 670.302 300 91
0 384.8 670.588 300 91
0 384.8 670.806 300 91
0 384.8 671.017 300 91
0 384.8 671.213 300 91
0 384.8 671.589 300 91
0 384.8 671.8 300 91
0 384.8 672.121 300 91
0 384.8 672.341 300 91
0 384.8 672.611 300 91
0 384.8 672.904 300 91
0 384.8 673.272 300 91
0 384.8 673.496 300 91
0 384.8 673.671 300 91
0 384.8 673.887 300 91
0 384.8 674.102 300 91
0 384.8 674.32 300 91
0 384.8 674.633 300 91
0 384.8 674.881 300 91
0 384.8 675.172 300 91
0 384.8 675.509 300 91
0 384.8 675.67 300 91
0 384.8 675.879 300 91
0 384.8 676.336 300 91
0 384.8 676.613 300 91
0 384.8 676.918 300 91
0 384.8 677.144 300 91
0 384.8 677.439 300 91
0 384.8 677.598 300 91
0 384.8 677.803 300 91
0 384.8 678.076 300 91
0 384.8 678.232 300 91
0 384.8 678.434 300 91
0 384.8 678.648 300 91
0 384.8 678.909 300 91
0 384.8 679.074 300 91
0 384.8 679.281 300 91
0 384.8 679.486 300 91
0 384.8 679.834 300 91
0 384.8 680.052 300 91
0 384.8 680.208 300 91
0 384.8 680.468 300 91
0 384.8 680.64 300 91
0 384.8 680.963 300 91
0 384.8 681.196 300 91
0 384.8 681.448 300 91
0 384.8 681.675 300 91
0 384.8 682.001 300 91
0 384.8 682.318 300 91
0 384.8 682.467 300 91
0 384.8 682.628 300 91
0 384.8 682.89 300 91
0 384.8 683.158 300 91
0 384.8 683.368 300 91
0 384.8 683.598 300 91
0 384.8 683.865 300 91
0 384.8 684.187 300 91
0 384.8 684.432 300 91
0 384.8 684.727 300 91
0 384.8 684.942 300 91
0 384.8 685.174 300 91
0 384.8 685.324 300 91
0 384.8 685.466 300 91
0 384.8 685.613 300 91
0 384.8 685.806 300 91
0 384.8 685.992 300 91
0 384.8 686.148 300 91
0 384.8 686.312 300 91
0 384.8 686.436 300 91
0 384.8 686.687 300 91
0 384.8 686.836 300 91
0 384.8 686.944 300 91
0 384.8 687.101 300 91
0 384.8 687.255 300 91
0 384.8 687.566 300 91
0 384.8 687.756 300 91
0 384.8 687.997 300 91
0 384.8 688.148 300 91
0 384.8 688.349 300 91
0 384.8 688.5 300 91
0 384.8 688.659 300 91
0 384.8 688.87 300 91
0 384.8 689.392 300 91
0 384.8 689.592 300 91
0 384.8 689.821 300 91
0 384.8 690.101 300 91
0 384.8 690.269 300 91
0 384.8 690.435 300 91
0 384.8 690.654 300 91
0 384.8 690.893 300 91
0 384.8 691.12 300 91
0 384.8 691.283 300 91
0 384.8 691.445 300 91
0 384.8 691.803 300 91
0 384.8 692.066 300 91
0 384.8 692.274 300 91
0 384.8 692.488 300 91
0 384.8 692.715 300 91
0 384.8 692.936 300 91
0 384.8 693.188 300 91
0 384.8 693.55 300 91
0 384.8 693.811 300 91
0 384.8 694.033 300 91
0 384.8 694.25 300 91
0 384.8 694.48 300 91
0 384.8 694.838 300 91
0 384.8 694.992 300 91
0 384.8 695.348 300 91
0 384.8 695.673 300 91
0 384.8 695.885 300 91
0 384.8 696.042 300 91
0 384.8 696.357 300 91
0 384.8 696.554 300 91
0 384.8 696.761 300 91
0 384.8 696.928 300 91
0 384.8 697.089 300 91
0 384.8 697.24 300 91
0 384.8 697.531 300 91
0 384.8 697.755 300 91
0 384.8 697.948 300 91
0 384.8 698.275 300 91
0 384.8 698.486 300 91
0 384.8 698.731 300 91
0 384.8 698.905 300 91
0 384.8 699.068 300 91
0 384.8 699.249 300 91
0 384.8 699.413 300 91
0 384.8 699.645 300 91
0 384.8 699.873 300 91
0 384.8 700.045 300 91
0 384.8 700.363 300 91
0 384.8 700.538 300 91
0 384.8 700.835 300 91
0 384.8 701.098 300 91
0 384.8 701.371 300 91
0 384.8 701.651 300 91
0 384.8 701.81 300 91
0 384.8 702.019 300 91
0 384.8 702.408 300 91
0 384.8 702.743 300 91
0 384.8 702.903 300 91
0 384.8 703.216 300 91
0 384.8 703.386 300 91
0 384.8 703.606 300 91
0 384.8 703.867 300 91
0 384.8 704.097 300 91
0 384.8 704.305 300 91
0 384.8 704.508 300 91
0 384.8 704.787 300 91
0 384.8 705.055 300 91
0 384.8 705.281 300 91
0 384.8 705.438 300 91
0 384.8 705.851 300 91
0 384.8 706.147 300 91
0 384.8 706.467 300 91
0 384.8 706.773 300 91
0 384.8 706.992 300 91
0 384.8 707.204 300 91
0 384.8 707.412 300 91
0 384.8 707.629 300 91
0 384.8 707.913 300 91
0 384.8 708.127 300 91
0 384.8 708.418 300 91
0 384.8 708.727 300 91
0 384.8 709.017 300 91
0 384.8 709.31 300 91
0 384.8 709.428 300 91
0 384.8 709.707 300 91
0 384.8 710.03 300 91
0 384.8 710.31 300 91
0 384.8 710.629 300 91
0 384.8 710.912 300 91
0 384.8 711.239 300 91
0 384.8 711.458 300 91
0 384.8 711.812 300 91
0 384.8 712.115 300 91
0 384.8 712.326 300 91
0 384.8 712.607 300 91
0 384.8 712.9 300 91
0 384.8 713.067 300 91
0 384.8 713.238 300 91
0 384.8 713.533 300 91
0 384.8 713.693 300 91
0 384.8 713.875 300 91
0 384.8 714.109 300 91
0 384.8 714.317 300 91
0 384.8 714.606 300 91
0 384.8 714.836 300 91
0 384.8 714.996 300 91
0 384.8 715.453 300 91
0 384.8 715.766 300 91
0 384.8 715.948 300 91
0 384.8 716.321 300 91
0 384.8 716.597 300 91
0 384.8 716.832 300 91
0 384.8 717.051 300 91
0 384.8 717.2 300 91
0 384.8 717.434 300 91
0 384.8 717.658 300 91
0 384.8 717.881 300 91
0 384.8 718.093 300 91
0 384.8 718.321 300 91
0 384.8 718.7 300 91
0 384.8 718.978 300 91
0 384.8 719.183 300 91
0 384.8 719.391 300 91
0 384.8 719.786 300 91
0 384.8 720.03 300 91
0 384.8 720.307 300 91
0 384.8 720.514 300 91
0 384.8 720.677 300 91
0 384.8 720.951 300 91
0 384.8 721.162 300 91
0 384.8 721.486 300 91
0 384.8 721.649 300 91
0 384.8 721.872 300 91
0 384.8 722.139 300 91
0 384.8 722.369 300 91
0 384.8 722.702 300 91
0 384.8 722.985 300 91
0 384.8 723.197 300 91
0 384.8 723.411 300 91
0 384.8 723.631 300 91
0 384.8 723.853 300 91
0 384.8 724.137 300 91
0 384.8 724.462 300 91
0 384.8 724.766 300 91
0 384.8 724.986 300 91
0 384.8 725.254 300 91
0 384.8 725.415 300 91
0 384.8 725.721 300 91
0 384.8 726.012 300 91
0 384.8 726.265 300 91
0 384.8 726.48 300 91
0 384.8 726.623 300 91
0 384.8 726.782 300 91
0 384.8 727.053 300 91
0 384.8 727.196 300 91
0 384.8 727.574 300 91
0 384.8 727.832 300 91
0 384.8 728.007 300 91
0 384.8 728.278 300 91
0 384.8 728.5 300 91
0 384.8 728.655 300 91
0 384.8 729.034 300 91
0 384.8 729.256 300 91
0 384.8 729.477 300 91
0 384.8 729.788 300 91
0 384.8 730.004 300 91
0 384.8 730.182 300 91
0 384.8 730.355 300 91
0 384.8 730.655 300 91
0 384.8 730.909 300 91
0 384.8 731.278 300 91
0 384.8 731.54 300 91
0 384.8 731.753 300 91
0 384.8 732.034 300 91
0 384.8 732.248 300 91
0 384.8 732.464 300 91
0 384.8 732.775 300 91
0 384.8 732.886 300 91
0 384.8 733.105 300 91
0 384.8 733.306 300 91
0 384.8 733.531 300 91
0 384.8 733.735 300 91
0 384.8 733.94 300 91
0 384.8 734.118 300 91
0 384.8 734.361 300 91
0 384.8 734.668 300 91
0 384.8 734.884 300 91
0 384.8 735.047 300 91
0 384.8 735.271 300 91
0 384.8 735.493 300 91
0 384.8 735.814 300 91
0 384.8 736.077 300 91
0 384.8 736.366 300 91
0 384.8 736.702 300 91
0 384.8 736.915 300 91
0 384.8 737.206 300 91
0 384.8 737.377 300 91
0 384.8 737.616 300 91
0 384.8 737.766 300 91
0 384.8 737.928 300 91
0 384.8 738.107 300 91
0 384.8 738.329 300 91
0 384.8 738.726 300 91
0 384.8 738.973 300 91
0 384.8 739.2 300 91
0 384.8 739.363 300 91
0 384.8 739.664 300 91
0 384.8 739.875 300 91
0 384.8 740.149 300 91
0 384.8 740.32 300 91
0 384.8 740.525 300 91
0 384.8 740.738 300 91
0 384.8 740.909 300 91
0 384.8 741.148 300 91
0 384.8 741.355 300 91
0 384.8 741.789 300 91
0 384.8 742.05 300 91
0 384.8 742.362 300 91
0 384.8 742.593 300 91
0 384.8 742.773 300 91
0 384.8 743.085 300 91
0 384.8 743.353 300 91
0 384.8 743.691 300 91
0 384.8 743.865 300 91
0 384.8 744.068 300 91
0 384.8 744.226 300 91
0 384.8 744.497 300 91
0 384.8 744.776 300 91
0 384.8 744.955 300 91
0 384.8 745.303 300 91
0 384.8 745.474 300 91
0 384.8 745.654 300 91
0 384.8 745.805 300 91
0 384.8 746.067 300 91
0 384.8 746.295 300 91
0 384.8 746.518 300 91
0 384.8 746.788 300 91
0 384.8 746.997 300 91
0 384.8 747.165 300 91
0 384.8 747.446 300 91
0 384.8 747.776 300 91
0 384.8 748.059 300 91
0 384.8 748.353 300 91
0 384.8 748.519 300 91
0 384.8 748.668 300 91
0 384.8 748.94 300 91
0 384.8 749.166 300 91
0 384.8 749.448 300 91
0 384.8 749.601 300 91
0 384.8 749.93 300 91
0 384.8 750.145 300 91
0 384.8 750.364 300 91
0 384.8 750.586 300 91
0 384.8 750.812 300 91
0 384.8 751.047 300 91
0 384.8 751.196 300 91
0 384.8 751.549 300 91
0 384.8 751.813 300 91
0 384.8 752.034 300 91
0 384.8 752.247 300 91
0 384.8 752.565 300 91
0 384.8 752.737 300 91
0 384.8 752.954 300 91
0 384.8 753.123 300 91
0 384.8 753.362 300 91
0 384.8 753.531 300 91
0 384.8 753.757 300 91
0 384.8 753.973 300 91
0 384.8 754.247 300 91
0 384.8 754.463 300 91
0 384.8 754.666 300 91
0 384.8 754.931 300 91
0 384.8 755.103 300 91
0 384.8 755.469 300 91
0 384.8 755.731 300 91
0 384.8 755.94 300 91
0 384.8 756.179 300 91
0 384.8 756.387 300 91
0 384.8 756.676 300 91
0 384.8 757.031 300 91
0 384.8 757.186 300 91
0 384.8 757.538 300 91
0 384.8 757.687 300 91
0 384.8 758.002 300 91
0 384.8 758.239 300 91
0 384.8 758.409 300 91
0 384.8 758.676 300 91
0 384.8 758.843 300 91
0 384.8 759.078 300 91
0 384.8 759.243 300 91
0 384.8 759.514 300 91
0 384.8 759.824 300 91
0 384.8 760.051 300 91
0 384.8 760.4 300 91
0 384.8 760.638 300 91
0 384.8 760.906 300 91
0 384.8 761.226 300 91
0 384.8 761.398 300 91
0 384.8 761.563 300 91
0 384.8 761.716 300 91
0 384.8 762.035 300 91
0 384.8 762.443 300 91
0 384.8 762.599 300 91
0 384.8 762.813 300 91
0 384.8 763.061 300 91
0 384.8 763.293 300 91
0 384.8 763.563 300 91
0 384.8 763.829 300 91
0 384.8 764.249 300 91
0 384.8 764.582 300 91
0 384.8 764.82 300 91
0 384.8 764.988 300 91
0 384.8 765.245 300 91
0 384.8 765.465 300 91
0 384.8 765.677 300 91
0 384.8 765.988 300 91
0 384.8 766.23 300 91
0 384.8 766.474 300 91
0 384.8 766.789 300 91
0 384.8 767.043 300 91
0 384.8 767.373 300 91
0 384.8 767.53 300 91
0 384.8 767.845 300 91
0 384.8 768.075 300 91
0 384.8 768.348 300 91
0 384.8 768.576 300 91
0 384.8 768.784 300 91
0 384.8 768.998 300 91
0 384.8 769.278 300 91
0 384.8 769.502 300 91
0 384.8 769.671 300 91
0 384.8 769.951 300 91
0 384.8 770.179 300 91
0 384.8 770.335 300 91
0 384.8 770.56 300 91
0 384.8 770.761 300 91
0 384.8 771.024 300 91
0 384.8 771.232 300 91
0 384.8 771.452 300 91
0 384.8 771.745 300 91
0 384.8 772.052 300 91
0 384.8 772.327 300 91
0 384.8 772.534 300 91
0 384.8 772.816 300 91
0 384.8 772.988 300 91
0 384.8 773.236 300 91
0 384.8 773.455 300 91
0 384.8 773.68 300 91
0 384.8 773.833 300 91
0 384.8 774.08 300 91
0 384.8 774.379 300 91
0 384.8 774.546 300 91
0 384.8 774.789 300 91
0 384.8 774.994 300 91
0 384.8 775.207 300 91
0 384.8 775.416 300 91
0 384.8 775.629 300 91
0 384.8 775.785 300 91
0 384.8 775.98 300 91
0 384.8 776.18 300 91
0 384.8 776.421 300 91
0 384.8 776.719 300 91
0 384.8 776.94 300 91
0 384.8 777.137 300 91
0 384.8 777.517 300 91
0 384.8 777.836 300 91
0 384.8 778.002 300 91
0 384.8 778.215 300 91
0 384.8 778.375 300 91
0 384.8 778.599 300 91
0 384.8 778.763 300 91
0 384.8 778.97 300 91
0 384.8 779.218 300 91
0 384.8 779.519 300 91
0 384.8 779.678 300 91
0 384.8 779.895 300 91
0 384.8 780.056 300 91
0 384.8 780.374 300 91
0 384.8 780.626 300 91
0 384.8 780.826 300 91
0 384.8 781.04 300 91
0 384.8 781.298 300 91
0 384.8 781.519 300 91
0 384.8 781.671 300 91
0 384.8 781.892 300 91
0 384.8 782.145 300 91
0 384.8 782.446 300 91
0 384.8 782.6 300 91
0 384.8 782.76 300 91
0 384.8 782.928 300 91
0 384.8 783.138 300 91
0 384.8 783.401 300 91
0 384.8 783.707 300 91
0 384.8 783.916 300 91
0 384.8 784.182 300 91
0 384.8 784.452 300 91
0 384.8 784.598 300 91
0 384.8 784.804 300 91
0 384.8 785.116 300 91
0 384.8 785.336 300 91
0 384.8 785.558 300 91
0 384.8 785.711 300 91
0 384.8 786.05 300 91
0 384.8 786.263 300 91
0 384.8 786.473 300 91
0 384.8 786.676 300 91
0 384.8 786.936 300 91
0 384.8 787.189 300 91
0 384.8 787.4 300 91
0 384.8 787.699 300 91
0 384.8 787.851 300 91
0 384.8 788.173 300 91
0 384.8 788.334 300 91
0 384.8 788.492 300 91
0 384.8 788.805 300 91
0 384.8 789.12 300 91
0 384.8 789.263 300 91
0 384.8 789.522 300 91
0 384.8 789.779 300 91
0 384.8 790.031 300 91
0 384.8 790.241 300 91
0 384.8 790.463 300 91
0 384.8 790.67 300 91
0 384.8 790.897 300 91
0 384.8 791.272 300 91
0 384.8 791.453 300 91
0 384.8 791.746 300 91
0 384.8 791.953 300 91
0 384.8 792.162 300 91
0 384.8 792.369 300 91
0 384.8 792.587 300 91
0 384.8 792.791 300 91
0 384.8 792.946 300 91
0 384.8 793.092 300 91
0 384.8 793.241 300 91
0 384.8 793.513 300 91
0 384.8 793.786 300 91
0 384.8 793.948 300 91
0 384.8 794.101 300 91
0 384.8 794.34 300 91
0 384.8 794.504 300 91
0 384.8 794.706 300 91
0 384.8 794.948 300 91
0 384.8 795.146 300 91
0 384.8 795.346 300 91
0 384.8 795.571 300 91
0 384.8 795.785 300 91
0 384.8 795.943 300 91
0 384.8 796.094 300 91
0 384.8 796.293 300 91
0 384.8 796.448 300 91
0 384.8 796.682 300 91
0 384.8 796.846 300 91
0 384.8 797.038 300 91
0 384.8 797.275 300 91
0 384.8 797.501 300 91
0 384.8 797.773 300 91
0 384.8 797.976 300 91
0 384.8 798.183 300 91
0 384.8 798.395 300 91
0 384.8 798.647 300 91
0 384.8 798.992 300 91
0 384.8 799.294 300 91
0 384.8 799.444 300 91
0 384.8 799.708 300 91
0 384.8 799.942 300 91
