0 773.2 0.013258 300 0
0 661.2 0.016814 0
0 655.6 0.021724 1
0 622 0.027047 1
0 594 0.032313 1
0 504.4 0.035636 1
0 491.2 0.039039 1
0 465.2 0.069508 24
0 465.2 0.158395 300 86
0 465.2 0.322831 300 86
0 465.2 0.463369 300 86
0 463.2 0.523016 86
0 463.2 0.598765 300 86
0 463.2 0.759137 300 86
0 452 0.815368 86
0 418.4 0.822999 86
0 412.8 0.83415 86
0 412.8 0.914735 300 86
0 412.8 1.06562 300 86
0 412.8 1.1625 300 86
0 412.8 1.26417 300 86
0 412.8 1.47168 300 86
0 409.2 1.58743 86
0 407.2 1.66167 86
0 407.2 1.73122 300 86
0 407.2 1.86816 300 86
0 407.2 2.15335 300 86
0 407.2 2.26464 300 86
0 407.2 2.44539 300 86
0 407.2 2.63201 300 86
0 407.2 2.80418 300 86
0 407.2 2.97431 300 86
0 407.2 3.18201 300 86
0 407.2 3.35397 300 88
0 407.2 3.53842 300 88
0 407.2 3.67902 300 88
0 407.2 3.86522 300 88
0 407.2 4.00837 300 88
0 407.2 4.27436 300 88
0 407.2 4.48362 300 88
0 407.2 4.81077 300 88
0 407.2 5.02835 300 89
0 407.2 5.24727 300 89
0 407.2 5.50145 300 89
0 407.2 5.83496 300 89
0 407.2 6.05798 300 89
0 407.2 6.34779 300 89
0 407.2 6.5748 300 89
0 407.2 6.80528 300 89
0 407.2 7.15563 300 89
0 407.2 7.37075 300 89
0 407.2 7.55356 300 89
0 407.2 7.76732 300 89
0 407.2 8.05318 300 89
0 407.2 8.34344 300 89
0 407.2 8.67854 300 89
0 407.2 8.90959 300 89
0 407.2 9.20221 300 89
0 407.2 9.5939 300 89
0 407.2 9.90291 300 89
0 407.2 10.198 300 89
0 407.2 10.419 300 89
0 407.2 10.7035 300 89
0 407.2 10.9239 300 89
0 407.2 11.2122 300 89
0 407.2 11.4031 300 89
0 407.2 11.7077 300 89
0 407.2 12.0878 300 89
0 407.2 12.3085 300 89
0 407.2 12.6368 300 89
0 407.2 12.8604 300 89
0 407.2 13.098 300 89
0 407.2 13.2837 300 89
0 407.2 13.5035 300 89
0 407.2 13.6844 300 89
0 407.2 13.8599 300 89
0 407.2 14.0943 300 89
0 407.2 14.3763 300 89
0 407.2 14.604 300 89
0 407.2 14.843 300 89
0 407.2 15.2543 300 89
0 407.2 15.6194 300 89
0 407.2 15.8739 300 89
0 407.2 16.2866 300 89
0 407.2 16.8174 300 89
0 407.2 17.1272 300 89
0 407.2 17.4414 300 89
0 407.2 17.7087 300 89
0 407.2 18.1032 300 89
0 407.2 18.5069 300 89
0 407.2 18.8668 300 89
0 407.2 19.2659 300 89
0 407.2 19.5705 300 89
0 407.2 19.8316 300 89
0 407.2 20.3096 300 89
0 407.2 20.6099 300 89
0 407.2 20.9218 300 89
0 407.2 21.1537 300 89
0 407.2 21.5091 300 89
0 407.2 21.8119 300 89
0 407.2 22.1547 300 89
0 407.2 22.5142 300 89
0 407.2 22.8215 300 89
0 407.2 23.169 300 89
0 407.2 23.4005 300 89
0 407.2 23.6068 300 89
0 407.2 24.0451 300 89
0 407.2 24.2362 300 89
0 407.2 24.4376 300 89
0 407.2 24.5575 300 89
0 407.2 24.716 300 89
0 407.2 24.8879 300 89
0 407.2 25.1083 300 89
0 407.2 25.2739 300 89
0 407.2 25.4456 300 89
0 407.2 25.5494 300 89
0 407.2 25.7263 300 89
0 407.2 25.8797 300 89
0 407.2 26.1301 300 89
0 407.2 26.349 300 89
0 407.2 26.4784 300 89
0 407.2 26.7015 300 89
0 407.2 26.9902 300 89
0 407.2 27.1743 300 89
0 407.2 27.4071 300 89
0 407.2 27.7034 300 89
0 407.2 28.0074 300 89
0 407.2 28.1694 300 89
0 407.2 28.3001 300 89
0 407.2 28.6227 300 89
0 407.2 28.9362 300 89
0 407.2 29.2521 300 89
0 407.2 29.5753 300 89
0 407.2 29.799 300 89
0 407.2 30.1111 300 89
0 407.2 30.353 300 89
0 407.2 30.6285 300 89
0 407.2 30.8072 300 89
0 407.2 31.0239 300 89
0 407.2 31.194 300 89
0 407.2 31.368 300 89
0 407.2 31.8123 300 89
0 407.2 32.0438 300 89
0 407.2 32.3165 300 89
0 407.2 32.5585 300 89
0 407.2 32.834 300 89
0 407.2 33.1139 300 89
0 407.2 33.3456 300 89
0 407.2 33.5769 300 89
0 407.2 33.8277 300 89
0 407.2 34.099 300 89
0 407.2 34.3962 300 89
0 407.2 34.6538 300 89
0 407.2 35.0093 300 89
0 407.2 35.2582 300 89
0 407.2 35.441 300 89
0 407.2 35.7309 300 89
0 401.6 35.806 89
0 401.6 35.9084 300 89
0 401.6 36.2152 300 89
0 401.6 36.4358 300 89
0 401.6 36.6476 300 89
0 401.6 36.9308 300 89
0 401.6 37.3947 300 89
0 401.6 37.6678 300 89
0 401.6 37.9598 300 89
0 401.6 38.1362 300 89
0 401.6 38.3096 300 89
0 401.6 38.5848 300 89
0 401.6 38.8217 300 89
0 401.6 39.0325 300 89
0 401.6 39.2157 300 89
0 401.6 39.4305 300 89
0 401.6 39.6736 300 89
0 401.6 39.7914 300 89
0 401.6 39.9545 300 89
0 401.6 40.1787 300 89
0 401.6 40.5301 300 89
0 401.6 40.861 300 89
0 401.6 41.1301 300 89
0 401.6 41.396 300 89
0 401.6 41.6269 300 89
0 401.6 41.8495 300 89
0 401.6 42.104 300 89
0 401.6 42.569 300 89
0 401.6 42.847 300 89
0 401.6 43.1464 300 89
0 401.6 43.4172 300 89
0 401.6 43.6961 300 89
0 401.6 43.9158 300 89
0 401.6 44.0734 300 89
0 401.6 44.2497 300 89
0 401.6 44.4105 300 89
0 401.6 44.732 300 89
0 401.6 44.9947 300 89
0 401.6 45.2457 300 89
0 401.6 45.5149 300 89
0 401.6 45.7503 300 89
0 401.6 45.9645 300 89
0 401.6 46.1958 300 89
0 401.6 46.3547 300 89
0 401.6 46.6049 300 89
0 401.6 47.0199 300 89
0 401.6 47.2212 300 89
0 401.6 47.4523 300 89
0 401.6 47.9275 300 89
0 401.6 48.1108 300 89
0 401.6 48.3123 300 89
0 401.6 48.5203 300 89
0 401.6 48.7198 300 89
0 401.6 48.9767 300 89
0 401.6 49.3149 300 89
0 401.6 49.6424 300 89
0 401.6 49.866 300 89
0 401.6 50.1037 300 89
0 401.6 50.267 300 89
0 401.6 50.5261 300 89
0 401.6 50.7189 300 89
0 401.6 50.9234 300 89
0 401.6 51.1373 300 89
0 401.6 51.4721 300 89
0 401.6 51.6617 300 89
0 401.6 51.8782 300 89
0 401.6 52.1311 300 89
0 401.6 52.3216 300 89
0 401.6 52.6072 300 89
0 401.6 52.8702 300 89
0 401.6 53.0806 300 89
0 401.6 53.2987 300 89
0 401.6 53.549 300 89
0 401.6 53.8451 300 89
0 401.6 54.1011 300 89
0 401.6 54.2523 300 89
0 401.6 54.576 300 89
0 401.6 54.8488 300 89
0 401.6 55.1245 300 89
0 401.6 55.344 300 89
0 401.6 55.6098 300 89
0 401.6 55.8209 300 89
0 401.6 56.1334 300 89
0 401.6 56.3229 300 89
0 401.6 56.5273 300 89
0 401.6 56.7434 300 89
0 401.6 56.9789 300 89
0 401.6 57.1387 300 89
0 401.6 57.3581 300 89
0 401.6 57.5763 300 89
0 401.6 57.7973 300 89
0 401.6 58.0395 300 89
0 401.6 58.2395 300 89
0 401.6 58.3959 300 89
0 401.6 58.5639 300 89
0 401.6 58.8288 300 89
0 401.6 59.1969 300 89
0 401.6 59.4761 300 89
0 401.6 59.688 300 89
0 401.6 59.9069 300 89
0 401.6 60.1049 300 89
0 401.6 60.2971 300 89
0 401.6 60.5491 300 89
0 401.6 60.7658 300 89
0 401.6 61.0293 300 89
0 401.6 61.29 300 89
0 401.6 61.5449 300 89
0 401.6 61.7844 300 89
0 401.6 61.9579 300 89
0 401.6 62.2192 300 89
0 401.6 62.5433 300 89
0 401.6 62.7551 300 89
0 401.6 62.9105 300 89
0 401.6 63.14 300 89
0 401.6 63.3189 300 89
0 401.6 63.4791 300 89
0 401.6 63.6839 300 89
0 401.6 63.8956 300 89
0 401.6 64.1082 300 89
0 401.6 64.2652 300 89
0 401.6 64.4548 300 89
0 401.6 64.6647 300 89
0 401.6 65.0669 300 89
0 401.6 65.3452 300 89
0 401.6 65.5621 300 89
0 401.6 65.8243 300 89
0 401.6 66.0214 300 89
0 401.6 66.2139 300 89
0 401.6 66.4191 300 89
0 401.6 66.6191 300 89
0 401.6 66.7863 300 89
0 401.6 67.1295 300 89
0 401.6 67.463 300 89
0 401.6 67.6752 300 89
0 401.6 67.8386 300 89
0 401.6 68.0632 300 89
0 401.6 68.4288 300 89
0 401.6 68.7253 300 89
0 401.6 68.9385 300 89
0 401.6 69.2043 300 89
0 401.6 69.5267 300 89
0 401.6 69.7308 300 89
0 401.6 69.8932 300 89
0 401.6 70.1552 300 89
0 401.6 70.3139 300 89
0 401.6 70.5824 300 89
0 401.6 70.7926 300 89
0 396 70.8944 89
0 396 71.0211 300 89
0 396 71.3469 300 89
0 396 71.5123 300 89
0 396 71.6842 300 89
0 396 71.9009 300 89
0 396 72.0631 300 89
0 396 72.3236 300 89
0 396 72.5239 300 89
0 396 72.8873 300 89
0 396 73.2673 300 89
0 396 73.5211 300 89
0 396 73.7935 300 89
0 396 73.932 300 89
0 396 74.1463 300 89
0 396 74.3919 300 89
0 396 74.6678 300 89
0 396 74.8298 300 89
0 396 75.0409 300 89
0 396 75.4212 300 89
0 396 75.7502 300 89
0 396 75.9859 300 89
0 396 76.194 300 89
0 396 76.4383 300 89
0 396 76.7386 300 89
0 396 77.0469 300 89
0 396 77.2775 300 89
0 396 77.485 300 89
0 396 77.7188 300 89
0 396 77.934 300 89
0 396 78.1869 300 89
0 396 78.3885 300 89
0 396 78.669 300 89
0 396 79.0284 300 89
0 396 79.2913 300 89
0 396 79.5218 300 89
0 396 79.7006 300 89
0 396 79.8512 300 89
0 396 80.0395 300 89
0 396 80.2237 300 89
0 396 80.5026 300 89
0 396 80.8245 300 89
0 396 81.1661 300 89
0 396 81.3842 300 89
0 396 81.5584 300 89
0 396 81.7768 300 89
0 396 81.9451 300 89
0 396 82.0923 300 89
0 396 82.4603 300 89
0 396 82.694 300 89
0 396 82.8857 300 89
0 396 83.2146 300 89
0 396 83.4941 300 89
0 396 83.7477 300 89
0 396 83.906 300 89
0 390.4 84.0783 89
0 390.4 84.2037 300 89
0 390.4 84.3656 300 89
0 390.4 84.6253 300 89
0 390.4 84.835 300 89
0 390.4 85.1004 300 89
0 390.4 85.2735 300 89
0 390.4 85.4989 300 89
0 390.4 85.771 300 89
0 390.4 86.0538 300 89
0 390.4 86.2477 300 89
0 390.4 86.4762 300 89
0 390.4 86.7831 300 89
0 390.4 87.0389 300 89
0 390.4 87.2202 300 89
0 390.4 87.454 300 89
0 390.4 87.6793 300 89
0 390.4 87.8445 300 89
0 390.4 88.11 300 89
0 390.4 88.3954 300 89
0 390.4 88.583 300 89
0 390.4 88.8194 300 89
0 390.4 89.0338 300 89
0 390.4 89.2621 300 89
0 390.4 89.5489 300 89
0 390.4 89.8059 300 89
0 390.4 90.1271 300 89
0 390.4 90.3592 300 89
0 390.4 90.5912 300 89
0 390.4 90.8191 300 89
0 390.4 90.9858 300 89
0 390.4 91.2593 300 89
0 390.4 91.4143 300 89
0 390.4 91.7578 300 89
0 390.4 92.0008 300 89
0 390.4 92.2722 300 89
0 390.4 92.4409 300 89
0 390.4 92.7037 300 89
0 390.4 92.9414 300 89
0 390.4 93.178 300 89
0 390.4 93.4042 300 89
0 390.4 93.6493 300 89
0 390.4 93.8657 300 89
0 390.4 94.0049 300 89
0 390.4 94.2571 300 89
0 390.4 94.4844 300 89
0 390.4 94.7163 300 89
0 390.4 94.9353 300 89
0 390.4 95.1875 300 89
0 390.4 95.3416 300 89
0 390.4 95.4952 300 89
0 390.4 95.7663 300 89
0 390.4 95.9252 300 89
0 390.4 96.1863 300 89
0 390.4 96.3616 300 89
0 390.4 96.5242 300 89
0 390.4 96.8222 300 89
0 390.4 97.0248 300 89
0 390.4 97.2003 300 89
0 390.4 97.4049 300 89
0 390.4 97.6199 300 89
0 390.4 97.9809 300 89
0 390.4 98.3268 300 89
0 390.4 98.5357 300 89
0 390.4 98.6926 300 89
0 390.4 98.9453 300 89
0 390.4 99.1624 300 89
0 390.4 99.3283 300 89
0 390.4 99.6104 300 89
0 390.4 99.9676 300 89
0 390.4 100.179 300 89
0 390.4 100.443 300 89
0 390.4 100.593 300 89
0 390.4 100.809 300 89
0 390.4 101.005 300 89
0 390.4 101.15 300 89
0 390.4 101.438 300 89
0 390.4 101.642 300 89
0 390.4 101.909 300 89
0 390.4 102.25 300 89
0 390.4 102.404 300 89
0 390.4 102.618 300 89
0 390.4 102.81 300 89
0 390.4 102.91 300 89
0 390.4 103.02 300 89
0 390.4 103.279 300 89
0 390.4 103.43 300 89
0 390.4 103.674 300 89
0 390.4 103.969 300 89
0 390.4 104.264 300 89
0 390.4 104.481 300 89
0 390.4 104.748 300 89
0 390.4 105.192 300 89
0 390.4 105.415 300 89
0 390.4 105.654 300 89
0 390.4 105.915 300 89
0 390.4 106.134 300 89
0 390.4 106.295 300 89
0 390.4 106.502 300 89
0 390.4 106.657 300 89
0 390.4 106.88 300 89
0 390.4 107.147 300 89
0 390.4 107.409 300 89
0 390.4 107.646 300 89
0 390.4 107.912 300 89
0 390.4 108.144 300 89
0 390.4 108.339 300 89
0 390.4 108.603 300 89
0 390.4 108.759 300 89
0 390.4 109.02 300 89
0 390.4 109.313 300 89
0 390.4 109.605 300 89
0 390.4 109.996 300 89
0 390.4 110.181 300 89
0 390.4 110.387 300 89
0 390.4 110.7 300 89
0 390.4 110.953 300 89
0 390.4 111.272 300 89
0 390.4 111.469 300 89
0 390.4 111.664 300 89
0 390.4 111.918 300 89
0 390.4 112.282 300 89
0 390.4 112.548 300 89
0 390.4 112.723 300 89
0 390.4 113.113 300 89
0 390.4 113.411 300 89
0 390.4 113.546 300 89
0 390.4 113.75 300 89
0 390.4 113.951 300 89
0 390.4 114.166 300 89
0 390.4 114.53 300 89
0 390.4 114.905 300 89
0 390.4 115.152 300 89
0 390.4 115.411 300 89
0 390.4 115.615 300 89
0 390.4 115.833 300 89
0 390.4 116.009 300 89
0 390.4 116.243 300 89
0 390.4 116.426 300 89
0 390.4 116.647 300 89
0 390.4 116.844 300 89
0 390.4 117.045 300 89
0 390.4 117.227 300 89
0 390.4 117.443 300 89
0 390.4 117.732 300 89
0 390.4 117.897 300 89
0 390.4 118.085 300 89
0 390.4 118.271 300 89
0 390.4 118.586 300 89
0 390.4 118.792 300 89
0 390.4 119.146 300 89
0 390.4 119.354 300 89
0 390.4 119.566 300 89
0 390.4 119.73 300 89
0 390.4 120.055 300 89
0 390.4 120.283 300 89
0 390.4 120.432 300 89
0 390.4 120.588 300 89
0 390.4 120.788 300 89
0 390.4 120.945 300 89
0 390.4 121.186 300 89
0 390.4 121.337 300 89
0 390.4 121.551 300 89
0 390.4 121.839 300 89
0 390.4 122.129 300 89
0 390.4 122.35 300 89
0 390.4 122.734 300 89
0 390.4 122.918 300 89
0 390.4 123.091 300 89
0 390.4 123.315 300 89
0 390.4 123.564 300 89
0 390.4 123.957 300 89
0 390.4 124.116 300 89
0 390.4 124.351 300 89
0 390.4 124.521 300 89
0 390.4 124.666 300 89
0 390.4 124.912 300 89
0 390.4 125.201 300 89
0 390.4 125.36 300 89
0 390.4 125.658 300 89
0 390.4 125.854 300 89
0 390.4 126.063 300 89
0 390.4 126.254 300 89
0 390.4 126.446 300 89
0 390.4 126.641 300 89
0 390.4 126.802 300 89
0 390.4 127.034 300 89
0 390.4 127.275 300 89
0 390.4 127.589 300 89
0 390.4 127.834 300 89
0 390.4 128.2 300 89
0 390.4 128.55 300 89
0 390.4 128.725 300 89
0 390.4 128.938 300 89
0 390.4 129.228 300 89
0 390.4 129.576 300 89
0 390.4 129.764 300 89
0 390.4 129.903 300 89
0 390.4 130.286 300 89
0 390.4 130.528 300 89
0 390.4 130.739 300 89
0 390.4 130.97 300 89
0 390.4 131.218 300 89
0 390.4 131.509 300 89
0 390.4 131.662 300 89
0 390.4 131.938 300 89
0 390.4 132.26 300 89
0 390.4 132.409 300 89
0 390.4 132.577 300 89
0 390.4 132.965 300 89
0 390.4 133.197 300 89
0 390.4 133.403 300 89
0 390.4 133.56 300 89
0 390.4 133.812 300 89
0 390.4 134.075 300 89
0 390.4 134.3 300 89
0 390.4 134.523 300 89
0 390.4 134.748 300 89
0 390.4 135.049 300 89
0 390.4 135.318 300 89
0 390.4 135.49 300 89
0 390.4 135.686 300 89
0 390.4 135.904 300 89
0 390.4 136.184 300 89
0 390.4 136.417 300 89
0 390.4 136.757 300 89
0 390.4 137.026 300 89
0 390.4 137.241 300 89
0 390.4 137.42 300 89
0 390.4 137.617 300 89
0 390.4 137.833 300 89
0 390.4 138.142 300 89
0 390.4 138.522 300 89
0 390.4 138.678 300 89
0 390.4 139.098 300 89
0 390.4 139.287 300 89
0 390.4 139.52 300 89
0 390.4 139.854 300 89
0 390.4 140.136 300 89
0 390.4 140.425 300 89
0 390.4 140.714 300 89
0 390.4 141.035 300 89
0 390.4 141.247 300 89
0 390.4 141.471 300 89
0 390.4 141.634 300 89
0 390.4 141.866 300 89
0 390.4 142.09 300 89
0 390.4 142.48 300 89
0 390.4 142.797 300 89
0 390.4 142.961 300 89
0 390.4 143.222 300 89
0 390.4 143.389 300 89
0 390.4 143.55 300 89
0 390.4 143.792 300 89
0 390.4 144.076 300 89
0 390.4 144.252 300 89
0 390.4 144.559 300 89
0 390.4 144.833 300 89
0 390.4 145.127 300 89
0 390.4 145.483 300 89
0 390.4 145.675 300 89
0 390.4 146.247 300 89
0 390.4 146.538 300 89
0 390.4 146.82 300 89
0 390.4 147.05 300 89
0 390.4 147.321 300 89
0 390.4 147.476 300 89
0 390.4 147.803 300 89
0 390.4 148.189 300 89
0 390.4 148.467 300 89
0 390.4 148.758 300 89
0 390.4 149.045 300 89
0 390.4 149.199 300 89
0 390.4 149.418 300 89
0 390.4 149.632 300 89
0 390.4 149.853 300 89
0 390.4 150.104 300 89
0 390.4 150.282 300 89
0 390.4 150.475 300 89
0 390.4 150.701 300 89
0 390.4 150.922 300 89
0 390.4 151.138 300 89
0 390.4 151.387 300 89
0 390.4 151.598 300 89
0 390.4 151.82 300 89
0 390.4 152.058 300 89
0 390.4 152.268 300 89
0 390.4 152.595 300 89
0 390.4 152.944 300 89
0 390.4 153.178 300 89
0 390.4 153.353 300 89
0 390.4 153.661 300 89
0 390.4 153.901 300 89
0 390.4 154.146 300 89
0 390.4 154.348 300 89
0 390.4 154.532 300 89
0 390.4 154.719 300 89
0 390.4 154.951 300 89
0 390.4 155.235 300 89
0 390.4 155.47 300 89
0 390.4 155.641 300 89
0 390.4 155.873 300 89
0 390.4 156.04 300 89
0 390.4 156.209 300 89
0 390.4 156.375 300 89
0 390.4 156.564 300 89
0 390.4 156.81 300 89
0 390.4 157.119 300 89
0 390.4 157.359 300 89
0 390.4 157.64 300 89
0 390.4 157.982 300 89
0 390.4 158.152 300 89
0 390.4 158.324 300 89
0 390.4 158.586 300 89
0 390.4 158.938 300 89
0 390.4 159.177 300 89
0 390.4 159.415 300 89
0 390.4 159.631 300 89
0 390.4 159.801 300 89
0 390.4 160.012 300 89
0 390.4 160.245 300 89
0 390.4 160.451 300 89
0 390.4 160.762 300 89
0 390.4 160.982 300 89
0 390.4 161.219 300 89
0 390.4 161.539 300 89
0 390.4 161.704 300 89
0 390.4 161.986 300 89
0 390.4 162.255 300 89
0 390.4 162.536 300 89
0 390.4 162.875 300 89
0 390.4 163.101 300 89
0 390.4 163.398 300 89
0 390.4 163.596 300 89
0 390.4 163.781 300 89
0 390.4 164.127 300 89
0 390.4 164.29 300 89
0 390.4 164.596 300 89
0 390.4 164.811 300 89
0 390.4 165.203 300 89
0 390.4 165.536 300 89
0 390.4 165.821 300 89
0 390.4 166.068 300 89
0 390.4 166.296 300 89
0 390.4 166.558 300 89
0 390.4 166.719 300 89
0 390.4 166.878 300 89
0 390.4 167.18 300 89
0 390.4 167.377 300 89
0 390.4 167.623 300 89
0 390.4 167.897 300 89
0 390.4 168.057 300 89
0 390.4 168.31 300 89
0 390.4 168.468 300 89
0 390.4 168.678 300 89
0 390.4 169.014 300 89
0 390.4 169.337 300 89
0 390.4 169.675 300 89
0 390.4 170.242 300 89
0 390.4 170.424 300 89
0 390.4 170.758 300 89
0 390.4 171.067 300 89
0 390.4 171.232 300 89
0 390.4 171.422 300 89
0 390.4 171.776 300 89
0 390.4 171.967 300 89
0 390.4 172.142 300 89
0 390.4 172.324 300 89
0 390.4 172.544 300 89
0 390.4 172.755 300 89
0 390.4 172.966 300 89
0 390.4 173.237 300 89
0 390.4 173.449 300 89
0 390.4 173.637 300 89
0 390.4 173.926 300 89
0 390.4 174.222 300 89
0 390.4 174.455 300 89
0 390.4 174.753 300 89
0 390.4 175.002 300 89
0 390.4 175.24 300 89
0 390.4 175.475 300 89
0 390.4 175.836 300 89
0 390.4 176.093 300 89
0 390.4 176.491 300 89
0 390.4 176.787 300 89
0 390.4 177.151 300 89
0 390.4 177.458 300 89
0 390.4 177.621 300 89
0 390.4 177.792 300 89
0 390.4 178.153 300 89
0 390.4 178.329 300 89
0 390.4 178.623 300 89
0 390.4 178.857 300 89
0 390.4 179.252 300 89
0 390.4 179.42 300 89
0 390.4 179.589 300 89
0 390.4 179.769 300 89
0 390.4 180.034 300 89
0 390.4 180.393 300 89
0 390.4 180.55 300 89
0 390.4 180.759 300 89
0 390.4 181.015 300 89
0 390.4 181.25 300 89
0 390.4 181.422 300 89
0 390.4 181.591 300 89
0 390.4 181.871 300 89
0 390.4 182.04 300 89
0 390.4 182.339 300 89
0 390.4 182.685 300 89
0 390.4 183.122 300 89
0 390.4 183.318 300 89
0 390.4 183.575 300 89
0 390.4 183.95 300 89
0 390.4 184.204 300 89
0 390.4 184.386 300 89
0 390.4 184.577 300 89
0 390.4 184.806 300 89
0 390.4 184.975 300 89
0 390.4 185.221 300 89
0 390.4 185.544 300 89
0 390.4 185.798 300 89
0 390.4 186.073 300 89
0 390.4 186.427 300 89
0 390.4 186.651 300 89
0 390.4 186.988 300 89
0 390.4 187.157 300 89
0 390.4 187.467 300 89
0 390.4 187.631 300 89
0 390.4 187.884 300 89
0 390.4 188.037 300 89
0 390.4 188.268 300 89
0 390.4 188.53 300 89
0 390.4 188.763 300 89
0 390.4 188.938 300 89
0 390.4 189.221 300 89
0 390.4 189.47 300 89
0 390.4 189.691 300 89
0 390.4 190.003 300 89
0 390.4 190.153 300 89
0 390.4 190.36 300 89
0 390.4 190.684 300 89
0 390.4 190.841 300 89
0 390.4 191.008 300 89
0 390.4 191.257 300 89
0 390.4 191.516 300 89
0 390.4 191.702 300 89
0 390.4 191.918 300 89
0 390.4 192.148 300 89
0 390.4 192.326 300 89
0 390.4 192.672 300 89
0 390.4 193.03 300 89
0 390.4 193.389 300 89
0 390.4 193.547 300 89
0 390.4 193.839 300 89
0 390.4 194.051 300 89
0 390.4 194.269 300 89
0 390.4 194.527 300 89
0 390.4 194.755 300 89
0 390.4 194.921 300 89
0 390.4 195.156 300 89
0 390.4 195.37 300 89
0 390.4 195.549 300 89
0 390.4 195.761 300 89
0 390.4 195.973 300 89
0 390.4 196.14 300 89
0 390.4 196.403 300 89
0 390.4 196.839 300 89
0 390.4 197.05 300 89
0 390.4 197.222 300 89
0 390.4 197.443 300 89
0 390.4 197.667 300 89
0 390.4 197.992 300 89
0 390.4 198.169 300 89
0 390.4 198.452 300 89
0 390.4 198.779 300 89
0 390.4 198.938 300 89
0 390.4 199.104 300 89
0 390.4 199.332 300 89
0 390.4 199.556 300 89
0 390.4 199.775 300 89
0 390.4 200.055 300 89
0 390.4 200.357 300 89
0 390.4 200.78 300 89
0 390.4 201.06 300 89
0 390.4 201.237 300 89
0 390.4 201.482 300 89
0 390.4 201.675 300 89
0 390.4 201.968 300 89
0 390.4 202.207 300 89
0 390.4 202.493 300 89
0 390.4 202.761 300 89
0 390.4 203.036 300 89
0 390.4 203.215 300 89
0 390.4 203.516 300 89
0 390.4 203.697 300 89
0 390.4 203.938 300 89
0 390.4 204.167 300 89
0 390.4 204.522 300 89
0 390.4 204.748 300 89
0 390.4 205.099 300 89
0 390.4 205.324 300 89
0 390.4 205.555 300 89
0 390.4 205.784 300 89
0 390.4 206.095 300 89
0 390.4 206.27 300 89
0 390.4 206.497 300 89
0 390.4 206.725 300 89
0 390.4 206.955 300 89
0 390.4 207.2 300 89
0 390.4 207.448 300 89
0 390.4 207.862 300 89
0 390.4 208.117 300 89
0 390.4 208.316 300 89
0 390.4 208.614 300 89
0 390.4 208.816 300 89
0 390.4 209.041 300 89
0 390.4 209.262 300 89
0 390.4 209.483 300 89
0 390.4 209.752 300 89
0 390.4 209.987 300 89
0 390.4 210.266 300 89
0 390.4 210.434 300 89
0 390.4 210.772 300 89
0 390.4 210.996 300 89
0 390.4 211.285 300 89
0 390.4 211.452 300 89
0 390.4 211.676 300 89
0 390.4 212.048 300 89
0 390.4 212.321 300 89
0 390.4 212.651 300 89
0 390.4 212.85 300 89
0 390.4 213.136 300 89
0 390.4 213.397 300 89
0 390.4 213.647 300 89
0 390.4 213.883 300 89
0 390.4 214.087 300 89
0 390.4 214.372 300 89
0 390.4 214.546 300 89
0 390.4 214.959 300 89
0 390.4 215.212 300 89
0 390.4 215.466 300 89
0 390.4 215.647 300 89
0 390.4 216.007 300 89
0 390.4 216.293 300 89
0 390.4 216.472 300 89
0 390.4 216.719 300 89
0 390.4 217.01 300 89
0 390.4 217.198 300 89
0 390.4 217.369 300 89
0 390.4 217.61 300 89
0 390.4 217.813 300 89
0 390.4 218.06 300 89
0 390.4 218.34 300 89
0 390.4 218.727 300 89
0 390.4 218.862 300 89
0 390.4 218.992 300 89
0 390.4 219.216 300 89
0 390.4 219.496 300 89
0 390.4 219.714 300 89
0 390.4 220.087 300 89
0 390.4 220.403 300 89
0 390.4 220.621 300 89
0 390.4 220.839 300 89
0 390.4 221.074 300 89
0 390.4 221.311 300 89
0 390.4 221.627 300 89
0 390.4 221.842 300 89
0 390.4 222.014 300 89
0 390.4 222.316 300 89
0 390.4 222.665 300 89
0 390.4 222.951 300 89
0 390.4 223.212 300 89
0 390.4 223.452 300 89
0 390.4 223.681 300 89
0 390.4 223.902 300 89
0 390.4 224.123 300 89
0 390.4 224.287 300 89
0 390.4 224.486 300 89
0 390.4 224.73 300 89
0 390.4 225.065 300 89
0 390.4 225.361 300 89
0 390.4 225.679 300 89
0 390.4 225.902 300 89
0 390.4 226.199 300 89
0 390.4 226.526 300 89
0 390.4 226.788 300 89
0 390.4 226.975 300 89
0 390.4 227.202 300 89
0 390.4 227.448 300 89
0 390.4 227.705 300 89
0 390.4 227.887 300 89
0 390.4 228.119 300 89
0 390.4 228.42 300 89
0 390.4 228.705 300 89
0 390.4 229.042 300 89
0 390.4 229.28 300 89
0 390.4 229.45 300 89
0 390.4 229.681 300 89
0 390.4 229.905 300 89
0 390.4 230.178 300 89
0 390.4 230.469 300 89
0 390.4 230.66 300 89
0 390.4 230.921 300 89
0 390.4 231.096 300 89
0 390.4 231.335 300 89
0 390.4 231.525 300 89
0 390.4 231.828 300 89
0 390.4 232.191 300 89
0 390.4 232.388 300 89
0 390.4 232.577 300 89
0 390.4 232.808 300 89
0 390.4 233.284 300 89
0 390.4 233.462 300 89
0 390.4 233.621 300 89
0 390.4 233.903 300 89
0 390.4 234.051 300 89
0 390.4 234.203 300 89
0 390.4 234.68 300 89
0 390.4 234.892 300 89
0 390.4 235.285 300 89
0 390.4 235.528 300 89
0 390.4 235.92 300 89
0 390.4 236.15 300 89
0 390.4 236.4 300 89
0 390.4 236.623 300 89
0 390.4 236.837 300 89
0 390.4 237.046 300 89
0 390.4 237.202 300 89
0 390.4 237.452 300 89
0 390.4 237.613 300 89
0 390.4 237.857 300 89
0 390.4 238.137 300 89
0 390.4 238.391 300 89
0 390.4 238.662 300 89
0 390.4 238.858 300 89
0 390.4 239.135 300 89
0 390.4 239.289 300 89
0 390.4 239.455 300 89
0 390.4 239.742 300 89
0 390.4 240.018 300 89
0 390.4 240.255 300 89
0 390.4 240.428 300 89
0 390.4 240.646 300 89
0 390.4 240.964 300 89
0 390.4 241.339 300 89
0 390.4 241.508 300 89
0 390.4 241.684 300 89
0 390.4 241.911 300 89
0 390.4 242.239 300 89
0 390.4 242.513 300 89
0 390.4 242.729 300 89
0 390.4 243.004 300 89
0 390.4 243.302 300 89
0 390.4 243.53 300 89
0 390.4 243.706 300 89
0 390.4 244.031 300 89
0 390.4 244.302 300 89
0 390.4 244.477 300 89
0 390.4 244.769 300 89
0 390.4 245.004 300 89
0 390.4 245.283 300 89
0 390.4 245.512 300 89
0 390.4 245.728 300 89
0 390.4 245.925 300 89
0 390.4 246.106 300 89
0 390.4 246.351 300 89
0 390.4 246.671 300 89
0 390.4 246.861 300 89
0 390.4 247.188 300 89
0 390.4 247.416 300 89
0 390.4 247.643 300 89
0 390.4 247.8 300 89
0 390.4 248.075 300 89
0 390.4 248.288 300 89
0 390.4 248.453 300 89
0 390.4 248.721 300 89
0 390.4 248.963 300 89
0 390.4 249.208 300 89
0 390.4 249.469 300 89
0 390.4 249.754 300 89
0 390.4 250.036 300 89
0 390.4 250.315 300 89
0 390.4 250.554 300 89
0 390.4 250.777 300 89
0 390.4 251.042 300 89
0 390.4 251.279 300 89
0 390.4 251.463 300 89
0 390.4 251.784 300 89
0 390.4 251.994 300 89
0 390.4 252.311 300 89
0 390.4 252.559 300 89
0 390.4 252.753 300 89
0 390.4 253.025 300 89
0 390.4 253.315 300 89
0 390.4 253.535 300 89
0 390.4 253.698 300 89
0 390.4 253.964 300 89
0 390.4 254.189 300 89
0 390.4 254.415 300 89
0 390.4 254.572 300 89
0 390.4 254.79 300 89
0 390.4 255.069 300 89
0 390.4 255.357 300 89
0 390.4 255.535 300 89
0 390.4 255.786 300 89
0 390.4 255.946 300 89
0 390.4 256.111 300 89
0 390.4 256.435 300 89
0 390.4 256.729 300 89
0 390.4 257.056 300 89
0 390.4 257.285 300 89
0 390.4 257.481 300 89
0 390.4 257.783 300 89
0 390.4 258.02 300 89
0 390.4 258.364 300 89
0 390.4 258.652 300 89
0 390.4 258.934 300 89
0 390.4 259.172 300 89
0 390.4 259.406 300 89
0 390.4 259.651 300 89
0 390.4 259.866 300 89
0 390.4 260.122 300 89
0 390.4 260.306 300 89
0 390.4 260.603 300 89
0 390.4 260.811 300 89
0 390.4 261.024 300 89
0 390.4 261.251 300 89
0 390.4 261.49 300 89
0 390.4 261.73 300 89
0 390.4 261.912 300 89
0 390.4 262.146 300 89
0 390.4 262.328 300 89
0 390.4 262.633 300 89
0 390.4 263.044 300 89
0 390.4 263.312 300 89
0 390.4 263.555 300 89
0 390.4 263.73 300 89
0 390.4 264.053 300 89
0 390.4 264.275 300 89
0 390.4 264.456 300 89
0 390.4 264.715 300 89
0 390.4 264.924 300 89
0 390.4 265.269 300 89
0 390.4 265.428 300 89
0 390.4 265.667 300 89
0 390.4 266.02 300 89
0 390.4 266.307 300 89
0 390.4 266.655 300 89
0 390.4 267.032 300 89
0 390.4 267.256 300 89
0 390.4 267.601 300 89
0 390.4 267.767 300 89
0 390.4 267.934 300 89
0 390.4 268.211 300 89
0 390.4 268.384 300 89
0 390.4 268.607 300 89
0 390.4 268.886 300 89
0 390.4 269.053 300 89
0 390.4 269.255 300 89
0 390.4 269.413 300 89
0 390.4 269.702 300 89
0 390.4 270.133 300 89
0 390.4 270.304 300 89
0 390.4 270.531 300 89
0 390.4 270.794 300 89
0 390.4 271.048 300 89
0 390.4 271.287 300 89
0 390.4 271.464 300 89
0 390.4 271.785 300 89
0 390.4 272.055 300 89
0 390.4 272.312 300 89
0 390.4 272.58 300 89
0 390.4 272.833 300 89
0 390.4 273.04 300 89
0 390.4 273.308 300 89
0 390.4 273.482 300 89
0 390.4 273.724 300 89
0 390.4 274.068 300 89
0 390.4 274.355 300 89
0 390.4 274.555 300 89
0 390.4 274.809 300 89
0 390.4 275 300 89
0 390.4 275.162 300 89
0 390.4 275.34 300 89
0 390.4 275.507 300 89
0 390.4 275.801 300 89
0 390.4 276.037 300 89
0 390.4 276.315 300 89
0 390.4 276.523 300 89
0 390.4 276.846 300 89
0 390.4 277.127 300 89
0 390.4 277.358 300 89
0 390.4 277.6 300 89
0 390.4 277.771 300 89
0 390.4 278.052 300 89
0 390.4 278.288 300 89
0 390.4 278.506 300 89
0 390.4 278.671 300 89
0 390.4 279.015 300 89
0 390.4 279.175 300 89
0 390.4 279.339 300 89
0 390.4 279.489 300 89
0 390.4 279.64 300 89
0 390.4 279.87 300 89
0 390.4 280.195 300 89
0 390.4 280.367 300 89
0 390.4 280.555 300 89
0 390.4 280.837 300 89
0 390.4 281.059 300 89
0 390.4 281.251 300 89
0 390.4 281.405 300 89
0 390.4 281.524 300 89
0 390.4 281.64 300 89
0 390.4 281.98 300 89
0 390.4 282.257 300 89
0 390.4 282.436 300 89
0 390.4 282.719 300 89
0 390.4 282.986 300 89
0 390.4 283.27 300 89
0 390.4 283.598 300 89
0 390.4 283.866 300 89
0 390.4 284.042 300 89
0 390.4 284.252 300 89
0 390.4 284.503 300 89
0 390.4 284.671 300 89
0 390.4 284.843 300 89
0 390.4 285.117 300 89
0 390.4 285.355 300 89
0 390.4 285.541 300 89
0 390.4 285.752 300 89
0 390.4 286.034 300 89
0 390.4 286.241 300 89
0 390.4 286.563 300 89
0 390.4 286.767 300 89
0 390.4 286.936 300 89
0 390.4 287.111 300 89
0 390.4 287.336 300 89
0 390.4 287.495 300 89
0 390.4 287.746 300 89
0 390.4 288.022 300 89
0 390.4 288.197 300 89
0 390.4 288.41 300 89
0 390.4 288.563 300 89
0 390.4 288.831 300 89
0 390.4 289.124 300 89
0 390.4 289.341 300 89
0 390.4 289.507 300 89
0 390.4 289.683 300 89
0 390.4 289.905 300 89
0 390.4 290.087 300 89
0 390.4 290.369 300 89
0 390.4 290.541 300 89
0 390.4 290.857 300 89
0 390.4 291.004 300 89
0 390.4 291.167 300 89
0 390.4 291.334 300 89
0 390.4 291.597 300 89
0 390.4 291.857 300 89
0 390.4 292.031 300 89
0 390.4 292.304 300 89
0 390.4 292.541 300 89
0 390.4 292.719 300 89
0 390.4 293.065 300 89
0 390.4 293.286 300 89
0 390.4 293.514 300 89
0 390.4 293.766 300 89
0 390.4 294.012 300 89
0 390.4 294.216 300 89
0 390.4 294.547 300 89
0 390.4 294.767 300 89
0 390.4 295.039 300 89
0 390.4 295.306 300 89
0 390.4 295.466 300 89
0 390.4 295.716 300 89
0 390.4 295.955 300 89
0 390.4 296.18 300 89
0 390.4 296.369 300 89
0 390.4 296.733 300 89
0 390.4 296.925 300 89
0 390.4 297.138 300 89
0 390.4 297.287 300 89
0 390.4 297.442 300 89
0 390.4 297.615 300 89
0 390.4 297.938 300 89
0 390.4 298.183 300 89
0 390.4 298.442 300 89
0 390.4 298.699 300 89
0 390.4 299.01 300 89
0 390.4 299.301 300 89
0 390.4 299.591 300 89
0 390.4 299.877 300 89
0 390.4 300.056 300 89
0 390.4 300.23 300 89
0 390.4 300.461 300 89
0 390.4 300.634 300 89
0 390.4 300.89 300 89
0 390.4 301.06 300 89
0 390.4 301.293 300 89
0 390.4 301.608 300 89
0 390.4 302.086 300 89
0 390.4 302.19 300 89
0 390.4 302.513 300 89
0 390.4 302.787 300 89
0 390.4 303.016 300 89
0 390.4 303.195 300 89
0 390.4 303.451 300 89
0 390.4 303.67 300 89
0 390.4 303.889 300 89
0 390.4 304.165 300 89
0 390.4 304.372 300 89
0 390.4 304.778 300 89
0 390.4 304.951 300 89
0 390.4 305.212 300 89
0 390.4 305.482 300 89
0 390.4 305.687 300 89
0 390.4 305.97 300 89
0 390.4 306.18 300 89
0 390.4 306.344 300 89
0 390.4 306.573 300 89
0 390.4 306.826 300 89
0 390.4 307.114 300 89
0 390.4 307.298 300 89
0 390.4 307.482 300 89
0 390.4 307.833 300 89
0 390.4 308.078 300 89
0 390.4 308.244 300 89
0 390.4 308.489 300 89
0 390.4 308.674 300 89
0 390.4 308.947 300 89
0 390.4 309.117 300 89
0 390.4 309.346 300 89
0 390.4 309.588 300 89
0 390.4 309.931 300 89
0 390.4 310.145 300 89
0 390.4 310.365 300 89
0 390.4 310.534 300 89
0 390.4 310.725 300 89
0 390.4 311.146 300 89
0 390.4 311.501 300 89
0 390.4 311.74 300 89
0 390.4 311.971 300 89
0 390.4 312.19 300 89
0 390.4 312.509 300 89
0 390.4 312.769 300 89
0 390.4 313.003 300 89
0 390.4 313.241 300 89
0 390.4 313.425 300 89
0 390.4 313.745 300 89
0 390.4 313.977 300 89
0 390.4 314.149 300 92
0 390.4 314.498 300 92
0 390.4 314.718 300 92
0 390.4 314.987 300 92
0 390.4 315.265 300 92
0 390.4 315.486 300 92
0 390.4 315.705 300 92
0 390.4 315.935 300 92
0 390.4 316.097 300 92
0 390.4 316.317 300 92
0 390.4 316.599 300 92
0 390.4 316.903 300 92
0 390.4 317.081 300 92
0 390.4 317.34 300 92
0 390.4 317.586 300 92
0 390.4 317.816 300 92
0 390.4 317.994 300 92
0 390.4 318.276 300 92
0 390.4 318.587 300 92
0 390.4 318.873 300 92
0 390.4 319.069 300 92
0 390.4 319.351 300 92
0 390.4 319.518 300 92
0 390.4 319.708 300 92
0 390.4 319.953 300 92
0 390.4 320.368 300 92
0 390.4 320.55 300 92
0 390.4 320.791 300 92
0 390.4 320.964 300 92
0 390.4 321.233 300 92
0 390.4 321.551 300 92
0 390.4 321.767 300 92
0 390.4 322.017 300 92
0 390.4 322.291 300 92
0 390.4 322.506 300 92
0 390.4 322.704 300 92
0 390.4 323.156 300 92
0 390.4 323.342 300 92
0 390.4 323.68 300 92
0 390.4 323.998 300 92
0 390.4 324.395 300 92
0 390.4 324.644 300 92
0 390.4 324.962 300 92
0 390.4 325.202 300 92
0 390.4 325.488 300 92
0 390.4 325.818 300 92
0 390.4 326.152 300 92
0 390.4 326.501 300 92
0 390.4 326.75 300 92
0 390.4 326.985 300 92
0 390.4 327.215 300 92
0 390.4 327.465 300 92
0 390.4 327.739 300 92
0 390.4 327.983 300 92
0 390.4 328.244 300 92
0 390.4 328.648 300 92
0 390.4 328.943 300 92
0 390.4 329.145 300 92
0 390.4 329.34 300 92
0 390.4 329.599 300 92
0 390.4 329.888 300 92
0 390.4 330.242 300 92
0 390.4 330.499 300 92
0 390.4 330.764 300 92
0 390.4 331.001 300 92
0 390.4 331.185 300 92
0 390.4 331.371 300 92
0 390.4 331.649 300 92
0 390.4 331.894 300 92
0 390.4 332.239 300 92
0 390.4 332.489 300 92
0 390.4 332.671 300 92
0 390.4 332.88 300 92
0 390.4 333.168 300 92
0 390.4 333.382 300 92
0 390.4 333.619 300 92
0 390.4 333.792 300 92
0 390.4 334.107 300 92
0 390.4 334.268 300 92
0 390.4 334.614 300 92
0 390.4 334.787 300 92
0 390.4 335.008 300 92
0 390.4 335.321 300 92
0 390.4 335.662 300 92
0 390.4 335.983 300 92
0 390.4 336.269 300 92
0 390.4 336.534 300 92
0 390.4 336.753 300 92
0 390.4 337.064 300 92
0 390.4 337.343 300 92
0 390.4 337.579 300 92
0 390.4 337.681 300 92
0 390.4 337.88 300 92
0 390.4 338.109 300 92
0 390.4 338.324 300 92
0 390.4 338.691 300 92
0 390.4 338.941 300 92
0 390.4 339.099 300 92
0 390.4 339.416 300 92
0 390.4 339.634 300 92
0 390.4 339.883 300 92
0 390.4 340.171 300 92
0 390.4 340.368 300 92
0 390.4 340.63 300 92
0 390.4 340.821 300 92
0 390.4 341 300 92
0 390.4 341.174 300 92
0 390.4 341.387 300 92
0 390.4 341.553 300 92
0 390.4 341.822 300 92
0 390.4 342.005 300 92
0 390.4 342.16 300 92
0 390.4 342.372 300 92
0 390.4 342.625 300 92
0 390.4 342.804 300 92
0 390.4 343.037 300 92
0 390.4 343.33 300 92
0 390.4 343.548 300 92
0 390.4 343.808 300 92
0 390.4 344.045 300 92
0 390.4 344.265 300 92
0 390.4 344.483 300 92
0 390.4 344.759 300 92
0 390.4 344.916 300 92
0 390.4 345.08 300 92
0 390.4 345.452 300 92
0 390.4 345.644 300 92
0 390.4 345.749 300 92
0 390.4 345.853 300 92
0 390.4 346.046 300 92
0 390.4 346.273 300 92
0 390.4 346.652 300 92
0 390.4 346.942 300 92
0 390.4 347.17 300 92
0 390.4 347.477 300 92
0 390.4 347.653 300 92
0 390.4 347.919 300 92
0 390.4 348.064 300 92
0 390.4 348.19 300 92
0 390.4 348.329 300 92
0 390.4 348.472 300 92
0 390.4 348.682 300 92
0 390.4 348.858 300 92
0 390.4 348.976 300 92
0 390.4 349.132 300 92
0 390.4 349.422 300 92
0 390.4 349.75 300 92
0 390.4 350.036 300 92
0 390.4 350.327 300 92
0 390.4 350.501 300 92
0 390.4 350.641 300 92
0 390.4 350.783 300 92
0 390.4 350.973 300 92
0 390.4 351.084 300 92
0 390.4 351.192 300 92
0 390.4 351.547 300 92
0 390.4 351.709 300 92
0 390.4 351.958 300 92
0 390.4 352.167 300 92
0 390.4 352.355 300 92
0 390.4 352.618 300 92
0 390.4 352.904 300 92
0 390.4 353.187 300 92
0 390.4 353.505 300 92
0 390.4 353.734 300 92
0 390.4 353.972 300 92
0 390.4 354.154 300 92
0 390.4 354.365 300 92
0 390.4 354.656 300 92
0 390.4 354.866 300 92
0 390.4 355.036 300 92
0 390.4 355.258 300 92
0 390.4 355.488 300 92
0 390.4 355.755 300 92
0 390.4 356.077 300 92
0 390.4 356.359 300 92
0 390.4 356.52 300 92
0 390.4 356.694 300 92
0 390.4 356.875 300 92
0 390.4 357.207 300 92
0 390.4 357.38 300 92
0 390.4 357.659 300 92
0 390.4 357.832 300 92
0 390.4 358.098 300 92
0 390.4 358.26 300 92
0 390.4 358.618 300 92
0 390.4 358.857 300 92
0 390.4 359.152 300 92
0 390.4 359.467 300 92
0 390.4 359.796 300 92
0 390.4 360.007 300 92
0 390.4 360.321 300 92
0 390.4 360.626 300 92
0 390.4 360.968 300 92
0 390.4 361.135 300 92
0 390.4 361.297 300 92
0 390.4 361.516 300 92
0 390.4 361.786 300 92
0 390.4 362.008 300 92
0 390.4 362.214 300 92
0 390.4 362.547 300 92
0 390.4 362.811 300 92
0 390.4 363.023 300 92
0 390.4 363.191 300 92
0 390.4 363.465 300 92
0 390.4 363.611 300 92
0 390.4 363.771 300 92
0 390.4 363.941 300 92
0 390.4 364.188 300 92
0 390.4 364.46 300 92
0 390.4 364.725 300 92
0 390.4 364.971 300 92
0 390.4 365.295 300 92
0 390.4 365.628 300 92
0 390.4 365.992 300 92
0 390.4 366.163 300 92
0 390.4 366.347 300 92
0 390.4 366.575 300 92
0 390.4 366.78 300 92
0 390.4 366.991 300 92
0 390.4 367.227 300 92
0 390.4 367.385 300 92
0 390.4 367.607 300 92
0 390.4 367.884 300 92
0 390.4 368.108 300 92
0 390.4 368.316 300 92
0 390.4 368.535 300 92
0 390.4 368.8 300 92
0 390.4 368.968 300 92
0 390.4 369.13 300 92
0 390.4 369.311 300 92
0 390.4 369.583 300 92
0 390.4 369.862 300 92
0 390.4 370.147 300 92
0 390.4 370.42 300 92
0 390.4 370.685 300 92
0 390.4 370.859 300 92
0 390.4 371.124 300 92
0 390.4 371.345 300 92
0 390.4 371.604 300 92
0 390.4 371.91 300 92
0 390.4 372.181 300 92
0 390.4 372.355 300 92
0 390.4 372.581 300 92
0 390.4 372.828 300 92
0 390.4 373.061 300 92
0 390.4 373.282 300 92
0 390.4 373.528 300 92
0 390.4 373.755 300 92
0 390.4 374.06 300 92
0 390.4 374.38 300 92
0 390.4 374.602 300 92
0 390.4 374.905 300 92
0 390.4 375.135 300 92
0 390.4 375.414 300 92
0 390.4 375.696 300 92
0 390.4 375.91 300 92
0 390.4 376.185 300 92
0 390.4 376.366 300 92
0 390.4 376.532 300 92
0 390.4 376.815 300 92
0 390.4 377.016 300 92
0 390.4 377.231 300 92
0 390.4 377.515 300 92
0 390.4 377.677 300 92
0 390.4 377.904 300 92
0 390.4 378.192 300 92
0 390.4 378.373 300 92
0 390.4 378.637 300 92
0 390.4 378.864 300 92
0 390.4 379.18 300 92
0 390.4 379.467 300 92
0 390.4 379.714 300 92
0 390.4 379.88 300 92
0 390.4 380.046 300 92
0 390.4 380.254 300 92
0 390.4 380.476 300 92
0 390.4 380.883 300 92
0 390.4 381.208 300 92
0 390.4 381.385 300 92
0 390.4 381.793 300 92
0 390.4 382.002 300 92
0 390.4 382.279 300 92
0 390.4 382.552 300 92
0 390.4 382.798 300 92
0 390.4 383.048 300 92
0 390.4 383.252 300 92
0 390.4 383.485 300 92
0 390.4 383.654 300 92
0 390.4 383.856 300 92
0 390.4 384.07 300 92
0 390.4 384.347 300 92
0 390.4 384.533 300 92
0 390.4 384.798 300 92
0 390.4 385.034 300 92
0 390.4 385.256 300 92
0 390.4 385.436 300 92
0 390.4 385.612 300 92
0 390.4 385.844 300 92
0 390.4 386.122 300 92
0 390.4 386.536 300 92
0 390.4 386.825 300 92
0 390.4 386.989 300 92
0 390.4 387.212 300 92
0 390.4 387.427 300 92
0 390.4 387.651 300 92
0 390.4 387.879 300 92
0 390.4 388.119 300 92
0 390.4 388.355 300 92
0 390.4 388.576 300 92
0 390.4 388.687 300 92
0 390.4 388.859 300 92
0 390.4 389.171 300 92
0 390.4 389.45 300 92
0 390.4 389.685 300 92
0 390.4 389.856 300 92
0 390.4 390.087 300 92
0 390.4 390.296 300 92
0 390.4 390.68 300 92
0 390.4 390.854 300 92
0 390.4 391.091 300 92
0 390.4 391.3 300 92
0 390.4 391.472 300 92
0 390.4 391.647 300 92
0 390.4 391.851 300 92
0 390.4 392.079 300 92
0 390.4 392.406 300 92
0 390.4 392.619 300 92
0 390.4 392.836 300 92
0 390.4 393.058 300 92
0 390.4 393.299 300 92
0 390.4 393.669 300 92
0 390.4 393.891 300 92
0 390.4 394.123 300 92
0 390.4 394.421 300 92
0 390.4 394.665 300 92
0 390.4 394.86 300 92
0 390.4 394.973 300 92
0 390.4 395.238 300 92
0 390.4 395.395 300 92
0 390.4 395.67 300 92
0 390.4 395.784 300 92
0 390.4 395.932 300 92
0 390.4 396.107 300 92
0 390.4 396.344 300 92
0 390.4 396.573 300 92
0 390.4 396.735 300 92
0 390.4 396.892 300 92
0 390.4 397.051 300 92
0 390.4 397.198 300 92
0 390.4 397.317 300 92
0 390.4 397.439 300 92
0 390.4 397.659 300 92
0 390.4 397.885 300 92
0 390.4 398.136 300 92
0 390.4 398.334 300 92
0 390.4 398.67 300 92
0 390.4 399.005 300 92
0 390.4 399.236 300 92
0 390.4 399.396 300 92
0 390.4 399.674 300 92
0 390.4 400.011 300 92
0 390.4 400.245 300 92
0 390.4 400.425 300 92
0 390.4 400.795 300 92
0 390.4 400.967 300 92
0 390.4 401.123 300 92
0 390.4 401.435 300 92
0 390.4 401.708 300 92
0 390.4 402.036 300 92
0 390.4 402.281 300 92
0 390.4 402.51 300 92
0 390.4 402.742 300 92
0 390.4 402.963 300 92
0 390.4 403.127 300 92
0 390.4 403.412 300 92
0 390.4 403.638 300 92
0 390.4 403.8 300 92
0 390.4 404.055 300 92
0 390.4 404.234 300 92
0 390.4 404.53 300 92
0 390.4 404.812 300 92
0 390.4 405.099 300 92
0 390.4 405.335 300 92
0 390.4 405.603 300 92
0 390.4 405.766 300 92
0 390.4 405.99 300 92
0 390.4 406.204 300 92
0 390.4 406.474 300 92
0 390.4 406.653 300 92
0 390.4 406.868 300 92
0 390.4 407.036 300 92
0 390.4 407.189 300 92
0 390.4 407.626 300 92
0 390.4 407.993 300 92
0 390.4 408.206 300 92
0 390.4 408.543 300 92
0 390.4 408.695 300 92
0 390.4 408.916 300 92
0 390.4 409.02 300 92
0 390.4 409.184 300 92
0 390.4 409.363 300 92
0 390.4 409.75 300 92
0 390.4 410.082 300 92
0 390.4 410.337 300 92
0 390.4 410.579 300 92
0 390.4 410.79 300 92
0 390.4 411.013 300 92
0 390.4 411.212 300 92
0 390.4 411.484 300 92
0 390.4 411.635 300 92
0 390.4 411.905 300 92
0 390.4 412.125 300 92
0 390.4 412.403 300 92
0 390.4 412.648 300 92
0 390.4 412.853 300 92
0 390.4 413.008 300 92
0 390.4 413.242 300 92
0 390.4 413.547 300 92
0 390.4 413.807 300 92
0 390.4 414.005 300 92
0 390.4 414.29 300 92
0 390.4 414.489 300 92
0 390.4 414.733 300 92
0 390.4 414.837 300 92
0 390.4 415.019 300 92
0 390.4 415.159 300 92
0 390.4 415.289 300 92
0 390.4 415.456 300 92
0 390.4 415.605 300 92
0 390.4 415.815 300 92
0 390.4 415.984 300 92
0 390.4 416.174 300 92
0 390.4 416.32 300 92
0 390.4 416.477 300 92
0 390.4 416.727 300 92
0 390.4 416.884 300 92
0 390.4 417.056 300 92
0 390.4 417.414 300 92
0 390.4 417.859 300 92
0 390.4 418.003 300 92
0 390.4 418.297 300 92
0 390.4 418.496 300 92
0 390.4 418.755 300 92
0 390.4 418.956 300 92
0 390.4 419.223 300 92
0 390.4 419.491 300 92
0 390.4 419.698 300 92
0 390.4 419.956 300 92
0 390.4 420.166 300 92
0 390.4 420.408 300 92
0 390.4 420.762 300 92
0 390.4 420.922 300 92
0 390.4 421.08 300 92
0 390.4 421.416 300 92
0 390.4 421.576 300 92
0 390.4 421.719 300 92
0 390.4 422.028 300 92
0 390.4 422.229 300 92
0 390.4 422.479 300 92
0 390.4 422.779 300 92
0 390.4 422.984 300 92
0 390.4 423.189 300 92
0 390.4 423.405 300 92
0 390.4 423.598 300 92
0 390.4 423.837 300 92
0 390.4 424.053 300 92
0 390.4 424.251 300 92
0 390.4 424.45 300 92
0 390.4 424.653 300 92
0 390.4 424.868 300 92
0 390.4 425.071 300 92
0 390.4 425.236 300 92
0 390.4 425.512 300 92
0 390.4 425.828 300 92
0 390.4 425.993 300 92
0 390.4 426.159 300 92
0 390.4 426.363 300 92
0 390.4 426.568 300 92
0 390.4 426.739 300 92
0 390.4 426.946 300 92
0 390.4 427.216 300 92
0 390.4 427.428 300 92
0 390.4 427.588 300 92
0 390.4 427.793 300 92
0 390.4 428.047 300 92
0 390.4 428.307 300 92
0 390.4 428.565 300 92
0 390.4 428.741 300 92
0 390.4 428.907 300 92
0 390.4 429.11 300 92
0 390.4 429.254 300 92
0 390.4 429.515 300 92
0 390.4 429.724 300 92
0 390.4 430.014 300 92
0 390.4 430.224 300 92
0 390.4 430.483 300 92
0 390.4 430.637 300 92
0 390.4 430.895 300 92
0 390.4 431.168 300 92
0 390.4 431.385 300 92
0 390.4 431.595 300 92
0 390.4 431.792 300 92
0 390.4 431.943 300 92
0 390.4 432.213 300 92
0 390.4 432.452 300 92
0 390.4 432.605 300 92
0 390.4 432.762 300 92
0 390.4 432.932 300 92
0 390.4 433.191 300 92
0 390.4 433.442 300 92
0 390.4 433.654 300 92
0 390.4 433.872 300 92
0 390.4 434.032 300 92
0 390.4 434.278 300 92
0 390.4 434.589 300 92
0 390.4 434.758 300 92
0 390.4 434.963 300 92
0 390.4 435.175 300 92
0 390.4 435.419 300 92
0 390.4 435.725 300 92
0 390.4 435.936 300 92
0 390.4 436.198 300 92
0 390.4 436.412 300 92
0 390.4 436.614 300 92
0 390.4 436.874 300 92
0 390.4 437.123 300 92
0 390.4 437.331 300 92
0 390.4 437.693 300 92
0 390.4 437.906 300 92
0 390.4 438.122 300 92
0 390.4 438.358 300 92
0 390.4 438.575 300 92
0 390.4 438.794 300 92
0 390.4 439.097 300 92
0 390.4 439.295 300 92
0 390.4 439.459 300 92
0 390.4 439.69 300 92
0 390.4 439.974 300 92
0 390.4 440.183 300 92
0 390.4 440.348 300 92
0 390.4 440.513 300 92
0 390.4 440.968 300 92
0 390.4 441.14 300 92
0 390.4 441.367 300 92
0 390.4 441.539 300 92
0 390.4 441.713 300 92
0 390.4 441.928 300 92
0 390.4 442.195 300 92
0 390.4 442.415 300 92
0 390.4 442.727 300 92
0 390.4 443.005 300 92
0 390.4 443.215 300 92
0 390.4 443.414 300 92
0 390.4 443.584 300 92
0 390.4 443.888 300 92
0 390.4 444.062 300 92
0 390.4 444.332 300 92
0 390.4 444.565 300 92
0 390.4 444.724 300 92
0 390.4 445.004 300 92
0 390.4 445.283 300 92
0 390.4 445.481 300 92
0 390.4 445.664 300 92
0 390.4 445.989 300 92
0 390.4 446.163 300 92
0 390.4 446.347 300 92
0 390.4 446.611 300 92
0 390.4 446.789 300 92
0 390.4 447.124 300 92
0 390.4 447.409 300 92
0 390.4 447.627 300 92
0 390.4 447.823 300 92
0 390.4 447.985 300 92
0 390.4 448.163 300 92
0 390.4 448.397 300 92
0 390.4 448.867 300 92
0 390.4 449.038 300 92
0 390.4 449.301 300 92
0 390.4 449.655 300 92
0 390.4 449.807 300 92
0 390.4 449.965 300 92
0 390.4 450.344 300 92
0 390.4 450.626 300 92
0 390.4 450.818 300 92
0 390.4 451.035 300 92
0 390.4 451.222 300 92
0 390.4 451.385 300 92
0 390.4 451.681 300 92
0 390.4 451.842 300 92
0 390.4 452.061 300 92
0 390.4 452.269 300 92
0 390.4 452.531 300 92
0 390.4 452.736 300 92
0 390.4 453.001 300 92
0 390.4 453.262 300 92
0 390.4 453.516 300 92
0 390.4 453.762 300 92
0 390.4 454.022 300 92
0 390.4 454.252 300 92
0 390.4 454.41 300 92
0 390.4 454.624 300 92
0 390.4 454.895 300 92
0 390.4 455.061 300 92
0 390.4 455.484 300 92
0 390.4 455.701 300 92
0 390.4 456.023 300 92
0 390.4 456.242 300 92
0 390.4 456.407 300 92
0 390.4 456.728 300 92
0 390.4 456.974 300 92
0 390.4 457.334 300 92
0 390.4 457.6 300 92
0 390.4 457.9 300 92
0 390.4 458.065 300 92
0 390.4 458.34 300 92
0 390.4 458.657 300 92
0 390.4 458.832 300 92
0 390.4 459.179 300 92
0 390.4 459.441 300 92
0 390.4 459.68 300 92
0 390.4 459.904 300 92
0 390.4 460.357 300 92
0 390.4 460.533 300 92
0 390.4 460.747 300 92
0 390.4 461.075 300 92
0 390.4 461.312 300 92
0 390.4 461.546 300 92
0 390.4 461.768 300 92
0 390.4 462.043 300 92
0 390.4 462.26 300 92
0 390.4 462.675 300 92
0 390.4 462.926 300 92
0 390.4 463.186 300 92
0 390.4 463.331 300 92
0 390.4 463.552 300 92
0 390.4 463.781 300 92
0 390.4 463.997 300 92
0 390.4 464.201 300 92
0 390.4 464.357 300 92
0 390.4 464.58 300 92
0 390.4 464.756 300 92
0 390.4 465.073 300 92
0 390.4 465.376 300 92
0 390.4 465.576 300 92
0 390.4 465.783 300 92
0 390.4 466.026 300 92
0 390.4 466.547 300 92
0 390.4 466.747 300 92
0 390.4 466.996 300 92
0 390.4 467.218 300 92
0 390.4 467.459 300 92
0 390.4 467.716 300 92
0 390.4 467.869 300 92
0 390.4 468.085 300 92
0 390.4 468.239 300 92
0 390.4 468.446 300 92
0 390.4 468.605 300 92
0 390.4 468.864 300 92
0 390.4 469.133 300 92
0 390.4 469.355 300 92
0 390.4 469.713 300 92
0 390.4 469.938 300 92
0 390.4 470.098 300 92
0 390.4 470.235 300 92
0 390.4 470.445 300 92
0 390.4 470.713 300 92
0 390.4 470.973 300 92
0 390.4 471.138 300 92
0 390.4 471.371 300 92
0 390.4 471.518 300 92
0 390.4 471.67 300 92
0 390.4 471.842 300 92
0 390.4 471.973 300 92
0 390.4 472.085 300 92
0 390.4 472.263 300 92
0 390.4 472.49 300 92
0 390.4 472.717 300 92
0 390.4 472.966 300 92
0 390.4 473.134 300 92
0 390.4 473.395 300 92
0 390.4 473.625 300 92
0 390.4 474.001 300 92
0 390.4 474.143 300 92
0 390.4 474.352 300 92
0 390.4 474.615 300 92
0 390.4 474.823 300 92
0 390.4 475.093 300 92
0 390.4 475.257 300 92
0 390.4 475.434 300 92
0 390.4 475.647 300 92
0 390.4 475.818 300 92
0 390.4 475.986 300 92
0 390.4 476.147 300 92
0 390.4 476.375 300 92
0 390.4 476.606 300 92
0 390.4 476.877 300 92
0 390.4 477.048 300 92
0 390.4 477.261 300 92
0 390.4 477.541 300 92
0 390.4 477.765 300 92
0 390.4 477.981 300 92
0 390.4 478.24 300 92
0 390.4 478.399 300 92
0 390.4 478.787 300 92
0 390.4 479.053 300 92
0 390.4 479.21 300 92
0 390.4 479.424 300 92
0 390.4 479.627 300 92
0 390.4 479.783 300 92
0 390.4 480.16 300 92
0 390.4 480.316 300 92
0 390.4 480.468 300 92
0 390.4 480.677 300 92
0 390.4 480.902 300 92
0 390.4 481.267 300 92
0 390.4 481.56 300 92
0 390.4 481.733 300 92
0 390.4 481.97 300 92
0 390.4 482.145 300 92
0 390.4 482.382 300 92
0 390.4 482.63 300 92
0 390.4 482.871 300 92
0 390.4 483.148 300 92
0 390.4 483.368 300 92
0 390.4 483.586 300 92
0 390.4 484.087 300 92
0 390.4 484.51 300 92
0 390.4 484.838 300 92
0 390.4 485.218 300 92
0 390.4 485.51 300 92
0 390.4 485.687 300 92
0 390.4 485.863 300 92
0 390.4 486.077 300 92
0 390.4 486.311 300 92
0 390.4 486.484 300 92
0 390.4 486.644 300 92
0 390.4 486.983 300 92
0 390.4 487.155 300 92
0 390.4 487.318 300 92
0 390.4 487.658 300 92
0 390.4 488.023 300 92
0 390.4 488.307 300 92
0 390.4 488.568 300 92
0 390.4 488.802 300 92
0 390.4 488.971 300 92
0 390.4 489.252 300 92
0 390.4 489.42 300 92
0 390.4 489.597 300 92
0 390.4 489.763 300 92
0 390.4 490.047 300 92
0 390.4 490.286 300 92
0 390.4 490.452 300 92
0 390.4 490.655 300 92
0 390.4 490.93 300 92
0 390.4 491.092 300 92
0 390.4 491.314 300 92
0 390.4 491.532 300 92
0 390.4 491.759 300 92
0 390.4 491.925 300 92
0 390.4 492.358 300 92
0 390.4 492.573 300 92
0 390.4 492.8 300 92
0 390.4 493.066 300 92
0 390.4 493.243 300 92
0 390.4 493.423 300 92
0 390.4 493.652 300 92
0 390.4 493.905 300 92
0 390.4 494.132 300 92
0 390.4 494.302 300 92
0 390.4 494.563 300 92
0 390.4 494.73 300 92
0 390.4 494.909 300 92
0 390.4 495.226 300 92
0 390.4 495.439 300 92
0 390.4 495.782 300 92
0 390.4 496.054 300 92
0 390.4 496.277 300 92
0 390.4 496.536 300 92
0 390.4 496.807 300 92
0 390.4 497.041 300 92
0 390.4 497.279 300 92
0 390.4 497.502 300 92
0 390.4 497.731 300 92
0 390.4 497.899 300 92
0 390.4 498.074 300 92
0 390.4 498.3 300 92
0 390.4 498.573 300 92
0 390.4 498.816 300 92
0 390.4 499.045 300 92
0 390.4 499.326 300 92
0 390.4 499.513 300 92
0 390.4 499.694 300 92
0 390.4 499.926 300 92
0 390.4 500.163 300 92
0 390.4 500.428 300 92
0 390.4 500.663 300 92
0 390.4 501.038 300 92
0 390.4 501.221 300 92
0 390.4 501.396 300 92
0 390.4 501.759 300 92
0 390.4 502.05 300 92
0 390.4 502.362 300 92
0 390.4 502.702 300 92
0 390.4 502.89 300 92
0 390.4 503.196 300 92
0 390.4 503.372 300 92
0 390.4 503.801 300 92
0 390.4 504.074 300 92
0 390.4 504.296 300 92
0 390.4 504.607 300 92
0 390.4 504.766 300 92
0 390.4 504.987 300 92
0 390.4 505.132 300 92
0 390.4 505.465 300 92
0 390.4 505.709 300 92
0 390.4 505.944 300 92
0 390.4 506.282 300 92
0 390.4 506.564 300 92
0 390.4 506.95 300 92
0 390.4 507.181 300 92
0 390.4 507.549 300 92
0 390.4 507.896 300 92
0 390.4 508.323 300 92
0 390.4 508.5 300 92
0 390.4 508.884 300 92
0 390.4 509.323 300 92
0 390.4 509.702 300 92
0 390.4 510.024 300 92
0 390.4 510.261 300 92
0 390.4 510.446 300 92
0 390.4 510.631 300 92
0 390.4 510.864 300 92
0 390.4 511.104 300 92
0 390.4 511.42 300 92
0 390.4 511.718 300 92
0 390.4 511.929 300 92
0 390.4 512.104 300 92
0 390.4 512.273 300 92
0 390.4 512.44 300 92
0 390.4 512.656 300 92
0 390.4 512.932 300 92
0 390.4 513.198 300 92
0 390.4 513.373 300 92
0 390.4 513.585 300 92
0 390.4 513.946 300 92
0 390.4 514.155 300 92
0 390.4 514.435 300 92
0 390.4 514.648 300 92
0 390.4 514.865 300 92
0 390.4 515.14 300 92
0 390.4 515.354 300 92
0 390.4 515.591 300 92
0 390.4 515.819 300 92
0 390.4 515.995 300 92
0 390.4 516.16 300 92
0 390.4 516.386 300 92
0 390.4 516.617 300 92
0 390.4 516.844 300 92
0 390.4 517.014 300 92
0 390.4 517.198 300 92
0 390.4 517.427 300 92
0 390.4 517.653 300 92
0 390.4 517.882 300 92
0 390.4 518.033 300 92
0 390.4 518.196 300 92
0 390.4 518.421 300 92
0 390.4 518.649 300 92
0 390.4 518.973 300 92
0 390.4 519.229 300 92
0 390.4 519.399 300 92
0 390.4 519.619 300 92
0 390.4 519.858 300 92
0 390.4 520.105 300 92
0 390.4 520.457 300 92
0 390.4 520.668 300 92
0 390.4 520.845 300 92
0 390.4 521.053 300 92
0 390.4 521.28 300 92
0 390.4 521.545 300 92
0 390.4 521.805 300 92
0 390.4 521.961 300 92
0 390.4 522.204 300 92
0 390.4 522.586 300 92
0 390.4 522.862 300 92
0 390.4 523.079 300 92
0 390.4 523.246 300 92
0 390.4 523.532 300 92
0 390.4 523.775 300 92
0 390.4 524.137 300 92
0 390.4 524.521 300 92
0 390.4 524.798 300 92
0 390.4 525.029 300 92
0 390.4 525.273 300 92
0 390.4 525.395 300 92
0 390.4 525.513 300 92
0 390.4 525.634 300 92
0 390.4 525.745 300 92
0 390.4 525.858 300 92
0 390.4 526.019 300 92
0 390.4 526.141 300 92
0 390.4 526.325 300 92
0 390.4 526.539 300 92
0 390.4 526.752 300 92
0 390.4 526.906 300 92
0 390.4 527.181 300 92
0 390.4 527.444 300 92
0 390.4 527.614 300 92
0 390.4 527.923 300 92
0 390.4 528.142 300 92
0 390.4 528.359 300 92
0 390.4 528.587 300 92
0 390.4 528.791 300 92
0 390.4 528.91 300 92
0 390.4 529.054 300 92
0 390.4 529.23 300 92
0 390.4 529.368 300 92
0 390.4 529.529 300 92
0 390.4 529.639 300 92
0 390.4 529.789 300 92
0 390.4 529.979 300 92
0 390.4 530.085 300 92
0 390.4 530.281 300 92
0 390.4 530.429 300 92
0 390.4 530.611 300 92
0 390.4 530.794 300 92
0 390.4 530.893 300 92
0 390.4 531.078 300 92
0 390.4 531.221 300 92
0 390.4 531.359 300 92
0 390.4 531.472 300 92
0 390.4 531.627 300 92
0 390.4 531.813 300 92
0 390.4 531.958 300 92
0 390.4 532.117 300 92
0 390.4 532.281 300 92
0 390.4 532.466 300 92
0 390.4 532.616 300 92
0 390.4 532.717 300 92
0 390.4 532.815 300 92
0 390.4 533.03 300 92
0 390.4 533.138 300 92
0 390.4 533.282 300 92
0 390.4 533.494 300 92
0 390.4 533.653 300 92
0 390.4 533.773 300 92
0 390.4 534.013 300 92
0 390.4 534.265 300 92
0 390.4 534.425 300 92
0 390.4 534.587 300 92
0 390.4 534.83 300 92
0 390.4 535.025 300 92
0 390.4 535.567 300 92
0 390.4 535.879 300 92
0 390.4 536.1 300 92
0 390.4 536.474 300 92
0 390.4 536.725 300 92
0 390.4 536.939 300 92
0 390.4 537.168 300 92
0 390.4 537.341 300 92
0 390.4 537.567 300 92
0 390.4 537.787 300 92
0 390.4 538.052 300 92
0 390.4 538.281 300 92
0 390.4 538.559 300 92
0 390.4 538.745 300 92
0 390.4 538.981 300 92
0 390.4 539.142 300 92
0 390.4 539.326 300 92
0 390.4 539.52 300 92
0 390.4 539.74 300 92
0 390.4 539.894 300 92
0 390.4 540.061 300 92
0 390.4 540.322 300 92
0 390.4 540.594 300 92
0 390.4 540.819 300 92
0 390.4 541.108 300 92
0 390.4 541.39 300 92
0 390.4 541.619 300 92
0 390.4 541.833 300 92
0 390.4 542.142 300 92
0 390.4 542.318 300 92
0 390.4 542.575 300 92
0 390.4 542.747 300 92
0 390.4 543.053 300 92
0 390.4 543.26 300 92
0 390.4 543.48 300 92
0 390.4 543.803 300 92
0 390.4 543.973 300 92
0 390.4 544.271 300 92
0 390.4 544.434 300 92
0 390.4 544.769 300 92
0 390.4 545.105 300 92
0 390.4 545.369 300 92
0 390.4 545.656 300 92
0 390.4 545.927 300 92
0 390.4 546.265 300 92
0 390.4 546.437 300 92
0 390.4 546.703 300 92
0 390.4 546.922 300 92
0 390.4 547.211 300 92
0 390.4 547.446 300 92
0 390.4 547.624 300 92
0 390.4 547.915 300 92
0 390.4 548.151 300 92
0 390.4 548.371 300 92
0 390.4 548.526 300 92
0 390.4 548.741 300 92
0 390.4 548.948 300 92
0 390.4 549.199 300 92
0 390.4 549.422 300 92
0 390.4 549.767 300 92
0 390.4 549.948 300 92
0 390.4 550.253 300 92
0 390.4 550.529 300 92
0 390.4 550.788 300 92
0 390.4 551.034 300 92
0 390.4 551.24 300 92
0 390.4 551.591 300 92
0 390.4 551.796 300 92
0 390.4 551.989 300 92
0 390.4 552.129 300 92
0 390.4 552.341 300 92
0 390.4 552.56 300 92
0 390.4 552.857 300 92
0 390.4 553.013 300 92
0 390.4 553.239 300 92
0 390.4 553.572 300 92
0 390.4 553.81 300 92
0 390.4 554.036 300 92
0 390.4 554.239 300 92
0 390.4 554.424 300 92
0 390.4 554.646 300 92
0 390.4 554.873 300 92
0 390.4 555.136 300 92
0 390.4 555.401 300 92
0 390.4 555.563 300 92
0 390.4 555.795 300 92
0 390.4 556.039 300 92
0 390.4 556.191 300 92
0 390.4 556.344 300 92
0 390.4 556.519 300 92
0 390.4 556.726 300 92
0 390.4 556.888 300 92
0 390.4 557.102 300 92
0 390.4 557.312 300 92
0 390.4 557.638 300 92
0 390.4 557.905 300 92
0 390.4 558.069 300 92
0 390.4 558.238 300 92
0 390.4 558.448 300 92
0 390.4 558.608 300 92
0 390.4 558.954 300 92
0 390.4 559.211 300 92
0 390.4 559.596 300 92
0 390.4 559.821 300 92
0 390.4 560.046 300 92
0 390.4 560.281 300 92
0 390.4 560.576 300 92
0 390.4 560.805 300 92
0 390.4 561.034 300 92
0 390.4 561.242 300 92
0 390.4 561.555 300 92
0 390.4 561.844 300 92
0 390.4 562.053 300 92
0 390.4 562.195 300 92
0 390.4 562.35 300 92
0 390.4 562.599 300 92
0 390.4 562.785 300 92
0 390.4 563.122 300 92
0 390.4 563.349 300 92
0 390.4 563.573 300 92
0 390.4 563.813 300 92
0 390.4 564.014 300 92
0 390.4 564.289 300 92
0 390.4 564.468 300 92
0 390.4 564.68 300 92
0 390.4 564.903 300 92
0 390.4 565.134 300 92
0 390.4 565.398 300 92
0 390.4 565.682 300 92
0 390.4 565.85 300 92
0 390.4 566.049 300 92
0 390.4 566.217 300 92
0 390.4 566.448 300 92
0 390.4 566.66 300 92
0 390.4 566.935 300 92
0 390.4 567.127 300 92
0 390.4 567.444 300 92
0 390.4 567.695 300 92
0 390.4 567.915 300 92
0 390.4 568.137 300 92
0 390.4 568.31 300 92
0 390.4 568.479 300 92
0 390.4 568.68 300 92
0 390.4 568.938 300 92
0 390.4 569.138 300 92
0 390.4 569.449 300 92
0 390.4 569.745 300 92
0 384.8 570.026 92
0 384.8 570.155 300 92
0 384.8 570.386 300 92
0 384.8 570.599 300 92
0 384.8 570.833 300 92
0 384.8 571.009 300 92
0 384.8 571.269 300 92
0 384.8 571.435 300 92
0 384.8 571.644 300 92
0 384.8 571.822 300 92
0 384.8 572.074 300 92
0 384.8 572.37 300 92
0 384.8 572.754 300 92
0 384.8 572.98 300 92
0 384.8 573.245 300 92
0 384.8 573.612 300 92
0 384.8 573.896 300 92
0 384.8 574.117 300 92
0 384.8 574.389 300 92
0 384.8 574.735 300 92
0 384.8 574.959 300 92
0 384.8 575.116 300 92
0 384.8 575.396 300 92
0 384.8 575.673 300 92
0 384.8 575.945 300 92
0 384.8 576.354 300 92
0 384.8 576.674 300 92
0 384.8 576.963 300 92
0 384.8 577.21 300 92
0 384.8 577.387 300 92
0 384.8 577.626 300 92
0 384.8 577.92 300 92
0 384.8 578.297 300 92
0 384.8 578.57 300 92
0 384.8 578.803 300 92
0 384.8 579.029 300 92
0 384.8 579.33 300 92
0 384.8 579.607 300 92
0 384.8 579.845 300 92
0 384.8 580.079 300 92
0 384.8 580.251 300 92
0 384.8 580.423 300 92
0 384.8 580.866 300 92
0 384.8 581.167 300 92
0 384.8 581.475 300 92
0 384.8 581.761 300 92
0 384.8 582.009 300 92
0 384.8 582.203 300 92
0 384.8 582.456 300 92
0 384.8 582.687 300 92
0 384.8 582.858 300 92
0 384.8 583.032 300 92
0 384.8 583.268 300 92
0 384.8 583.459 300 92
0 384.8 583.846 300 92
0 384.8 584.082 300 92
0 384.8 584.385 300 92
0 384.8 584.611 300 92
0 384.8 584.791 300 92
0 384.8 585.012 300 92
0 384.8 585.247 300 92
0 384.8 585.421 300 92
0 384.8 585.62 300 92
0 384.8 585.871 300 92
0 384.8 586.151 300 92
0 384.8 586.468 300 92
0 384.8 586.79 300 92
0 384.8 587.09 300 92
0 384.8 587.376 300 92
0 384.8 587.608 300 92
0 384.8 587.819 300 92
0 384.8 588.146 300 92
0 384.8 588.378 300 92
0 384.8 588.657 300 92
0 384.8 588.938 300 92
0 384.8 589.147 300 92
0 384.8 589.429 300 92
0 384.8 589.75 300 92
0 384.8 590.122 300 92
0 384.8 590.331 300 92
0 384.8 590.538 300 92
0 384.8 590.807 300 92
0 384.8 591.009 300 92
0 384.8 591.326 300 92
0 384.8 591.585 300 92
0 384.8 591.843 300 92
0 384.8 592.25 300 92
0 384.8 592.498 300 92
0 384.8 592.817 300 92
0 384.8 593.006 300 92
0 384.8 593.341 300 92
0 384.8 593.626 300 92
0 384.8 593.949 300 92
0 384.8 594.189 300 92
0 384.8 594.369 300 92
0 384.8 594.643 300 92
0 384.8 594.924 300 92
0 384.8 595.16 300 92
0 384.8 595.347 300 92
0 384.8 595.543 300 92
0 384.8 595.889 300 92
0 384.8 596.143 300 92
0 384.8 596.454 300 92
0 384.8 596.822 300 92
0 384.8 597.121 300 92
0 384.8 597.375 300 92
0 384.8 597.655 300 92
0 384.8 597.904 300 92
0 384.8 598.172 300 92
0 384.8 598.384 300 92
0 384.8 598.686 300 92
0 384.8 598.848 300 92
0 384.8 599.171 300 92
0 384.8 599.431 300 92
0 384.8 599.74 300 92
0 384.8 599.936 300 92
0 384.8 600.124 300 92
0 384.8 600.37 300 92
0 384.8 600.62 300 92
0 384.8 600.991 300 92
0 384.8 601.408 300 92
0 384.8 601.658 300 92
0 384.8 602.064 300 92
0 384.8 602.297 300 92
0 384.8 602.725 300 92
0 384.8 602.972 300 92
0 384.8 603.229 300 92
0 384.8 603.465 300 92
0 384.8 603.699 300 92
0 384.8 603.885 300 92
0 384.8 604.2 300 92
0 384.8 604.432 300 92
0 384.8 604.675 300 92
0 384.8 604.919 300 92
0 384.8 605.197 300 92
0 384.8 605.378 300 92
0 384.8 605.713 300 92
0 384.8 606.008 300 92
0 384.8 606.188 300 92
0 384.8 606.417 300 92
0 384.8 606.699 300 92
0 384.8 606.873 300 92
0 384.8 607.124 300 92
0 384.8 607.316 300 92
0 384.8 607.543 300 92
0 384.8 607.789 300 92
0 384.8 607.966 300 92
0 384.8 608.236 300 92
0 384.8 608.474 300 92
0 384.8 608.65 300 92
0 384.8 609.142 300 92
0 384.8 609.353 300 92
0 384.8 609.571 300 92
0 384.8 609.801 300 92
0 384.8 610.079 300 92
0 384.8 610.378 300 92
0 384.8 610.615 300 92
0 384.8 610.886 300 92
0 384.8 611.121 300 92
0 384.8 611.301 300 92
0 384.8 611.486 300 92
0 384.8 611.715 300 92
0 384.8 612.025 300 92
0 384.8 612.322 300 92
0 384.8 612.57 300 92
0 384.8 612.904 300 92
0 384.8 613.223 300 92
0 384.8 613.411 300 92
0 384.8 613.603 300 92
0 384.8 613.824 300 92
0 384.8 614.06 300 92
0 384.8 614.42 300 92
0 384.8 614.765 300 92
0 384.8 614.981 300 92
0 384.8 615.232 300 92
0 384.8 615.396 300 92
0 384.8 615.757 300 92
0 384.8 616.008 300 92
0 384.8 616.296 300 92
0 384.8 616.728 300 92
0 384.8 617.02 300 92
0 384.8 617.259 300 92
0 384.8 617.549 300 92
0 384.8 617.779 300 92
0 384.8 618.009 300 92
0 384.8 618.339 300 92
0 384.8 618.632 300 92
0 384.8 618.867 300 92
0 384.8 619.096 300 92
0 384.8 619.429 300 92
0 384.8 619.603 300 92
0 384.8 619.78 300 92
0 384.8 620.159 300 92
0 384.8 620.353 300 92
0 384.8 620.596 300 92
0 384.8 620.975 300 92
0 384.8 621.16 300 92
0 384.8 621.359 300 92
0 384.8 621.546 300 92
0 384.8 621.936 300 92
0 384.8 622.149 300 92
0 384.8 622.448 300 92
0 384.8 622.741 300 92
0 384.8 622.959 300 92
0 384.8 623.17 300 92
0 384.8 623.376 300 92
0 384.8 623.6 300 92
0 384.8 623.884 300 92
0 384.8 624.159 300 92
0 384.8 624.429 300 92
0 384.8 624.738 300 92
0 384.8 625.069 300 92
0 384.8 625.423 300 92
0 384.8 625.604 300 92
0 384.8 625.877 300 92
0 384.8 626.064 300 92
0 384.8 626.315 300 92
0 384.8 626.638 300 92
0 384.8 626.851 300 92
0 384.8 627.066 300 92
0 384.8 627.317 300 92
0 384.8 627.53 300 92
0 384.8 627.743 300 92
0 384.8 628.038 300 92
0 384.8 628.259 300 92
0 384.8 628.511 300 92
0 384.8 628.749 300 92
0 384.8 629.008 300 92
0 384.8 629.199 300 92
0 384.8 629.453 300 92
0 384.8 629.625 300 92
0 384.8 629.846 300 92
0 384.8 630.186 300 92
0 384.8 630.424 300 92
0 384.8 630.651 300 92
0 384.8 630.912 300 92
0 384.8 631.182 300 92
0 384.8 631.446 300 92
0 384.8 631.694 300 92
0 384.8 631.96 300 92
0 384.8 632.176 300 92
0 384.8 632.477 300 92
0 384.8 632.724 300 92
0 384.8 633.012 300 92
0 384.8 633.189 300 92
0 384.8 633.423 300 92
0 384.8 633.672 300 92
0 384.8 633.834 300 92
0 384.8 634.01 300 92
0 384.8 634.177 300 92
0 384.8 634.454 300 92
0 384.8 634.724 300 92
0 384.8 634.943 300 92
0 384.8 635.197 300 92
0 384.8 635.516 300 92
0 384.8 635.675 300 92
0 384.8 636.022 300 92
0 384.8 636.244 300 92
0 384.8 636.459 300 92
0 384.8 636.642 300 92
0 384.8 636.87 300 92
0 384.8 637.187 300 92
0 384.8 637.381 300 92
0 384.8 637.606 300 92
0 384.8 637.775 300 92
0 384.8 637.995 300 92
0 384.8 638.34 300 92
0 384.8 638.662 300 92
0 384.8 638.908 300 92
0 384.8 639.164 300 92
0 384.8 639.336 300 92
0 384.8 639.564 300 92
0 384.8 639.791 300 92
0 384.8 640.066 300 92
0 384.8 640.228 300 92
0 384.8 640.453 300 92
0 384.8 640.791 300 92
0 384.8 640.95 300 92
0 384.8 641.202 300 92
0 384.8 641.404 300 92
0 384.8 641.559 300 92
0 384.8 641.84 300 92
0 384.8 642.124 300 92
0 384.8 642.344 300 92
0 384.8 642.605 300 92
0 384.8 642.829 300 92
0 384.8 643.058 300 92
0 384.8 643.231 300 92
0 384.8 643.398 300 92
0 384.8 643.613 300 92
0 384.8 643.825 300 92
0 384.8 644.142 300 92
0 384.8 644.312 300 92
0 384.8 644.495 300 92
0 384.8 644.687 300 92
0 384.8 644.975 300 92
0 384.8 645.159 300 92
0 384.8 645.431 300 92
0 384.8 645.605 300 92
0 384.8 645.911 300 92
0 384.8 646.13 300 92
0 384.8 646.342 300 92
0 384.8 646.597 300 92
0 384.8 646.866 300 92
0 384.8 647.19 300 92
0 384.8 647.431 300 92
0 384.8 647.659 300 92
0 384.8 647.862 300 92
0 384.8 648.025 300 92
0 384.8 648.262 300 92
0 384.8 648.435 300 92
0 384.8 648.732 300 92
0 384.8 648.979 300 92
0 384.8 649.285 300 92
0 384.8 649.615 300 92
0 384.8 649.837 300 92
0 384.8 650.233 300 92
0 384.8 650.502 300 92
0 384.8 650.665 300 92
0 384.8 650.878 300 92
0 384.8 651.043 300 92
0 384.8 651.213 300 92
0 384.8 651.442 300 92
0 384.8 651.603 300 92
0 384.8 651.761 300 92
0 384.8 652.048 300 92
0 384.8 652.271 300 92
0 384.8 652.515 300 92
0 384.8 652.752 300 92
0 384.8 653.066 300 92
0 384.8 653.229 300 92
0 384.8 653.472 300 92
0 384.8 653.709 300 92
0 384.8 653.883 300 92
0 384.8 654.224 300 92
0 384.8 654.475 300 92
0 384.8 654.764 300 92
0 384.8 655.041 300 92
0 384.8 655.339 300 92
0 384.8 655.496 300 92
0 384.8 655.69 300 92
0 384.8 655.846 300 92
0 384.8 656.065 300 92
0 384.8 656.304 300 92
0 384.8 656.599 300 92
0 384.8 656.864 300 92
0 384.8 657.273 300 92
0 384.8 657.386 300 92
0 384.8 657.553 300 92
0 384.8 657.741 300 92
0 384.8 658.064 300 92
0 384.8 658.292 300 92
0 384.8 658.531 300 92
0 384.8 658.751 300 92
0 384.8 658.916 300 92
0 384.8 659.091 300 92
0 384.8 659.383 300 92
0 384.8 659.572 300 92
0 384.8 659.814 300 92
0 384.8 659.973 300 92
0 384.8 660.125 300 92
0 384.8 660.282 300 92
0 384.8 660.416 300 92
0 384.8 660.593 300 92
0 384.8 660.703 300 92
0 384.8 660.924 300 92
0 384.8 661.088 300 92
0 384.8 661.258 300 92
0 384.8 661.416 300 92
0 384.8 661.653 300 92
0 384.8 661.882 300 92
0 384.8 662.029 300 92
0 384.8 662.265 300 92
0 384.8 662.496 300 92
0 384.8 662.649 300 92
0 384.8 662.886 300 92
0 384.8 663.011 300 92
0 384.8 663.223 300 92
0 384.8 663.39 300 92
0 384.8 663.547 300 92
0 384.8 663.716 300 92
0 384.8 663.923 300 92
0 384.8 664.07 300 92
0 384.8 664.224 300 92
0 384.8 664.481 300 92
0 384.8 664.697 300 92
0 384.8 664.89 300 92
0 384.8 665.178 300 92
0 384.8 665.508 300 92
0 384.8 665.727 300 92
0 384.8 665.941 300 92
0 384.8 666.121 300 92
0 384.8 666.288 300 92
0 384.8 666.804 300 92
0 384.8 667.08 300 92
0 384.8 667.234 300 92
0 384.8 667.456 300 92
0 384.8 667.735 300 92
0 384.8 667.955 300 92
0 384.8 668.213 300 92
0 384.8 668.363 300 92
0 384.8 668.666 300 92
0 384.8 668.864 300 92
0 384.8 669.064 300 92
0 384.8 669.333 300 92
0 384.8 669.508 300 92
0 384.8 669.717 300 92
0 384.8 669.949 300 92
0 384.8 670.125 300 92
0 384.8 670.365 300 92
0 384.8 670.649 300 92
0 384.8 670.866 300 92
0 384.8 671.149 300 92
0 384.8 671.398 300 92
0 384.8 671.669 300 92
0 384.8 671.885 300 92
0 384.8 672.156 300 92
0 384.8 672.387 300 92
0 384.8 672.615 300 92
0 384.8 672.824 300 92
0 384.8 673.126 300 92
0 384.8 673.426 300 92
0 384.8 673.579 300 92
0 384.8 673.917 300 92
0 384.8 674.245 300 92
0 384.8 674.595 300 92
0 384.8 674.822 300 92
0 384.8 674.999 300 92
0 384.8 675.441 300 92
0 384.8 675.754 300 92
0 384.8 675.924 300 92
0 384.8 676.178 300 92
0 384.8 676.484 300 92
0 384.8 676.859 300 92
0 384.8 677.018 300 92
0 384.8 677.229 300 92
0 384.8 677.542 300 92
0 384.8 677.819 300 92
0 384.8 678.037 300 92
0 384.8 678.285 300 92
0 384.8 678.676 300 92
0 384.8 678.908 300 92
0 384.8 679.115 300 92
0 384.8 679.302 300 92
0 384.8 679.531 300 92
0 384.8 679.824 300 92
0 384.8 680.041 300 92
0 384.8 680.208 300 92
0 384.8 680.388 300 92
0 384.8 680.623 300 92
0 384.8 680.787 300 92
0 384.8 680.943 300 92
0 384.8 681.099 300 92
0 384.8 681.423 300 92
0 384.8 681.662 300 92
0 384.8 681.979 300 92
0 384.8 682.264 300 92
0 384.8 682.501 300 92
0 384.8 682.735 300 92
0 384.8 682.908 300 92
0 384.8 683.075 300 92
0 384.8 683.345 300 92
0 384.8 683.793 300 92
0 384.8 684.005 300 92
0 384.8 684.359 300 92
0 384.8 684.655 300 92
0 384.8 684.869 300 92
0 384.8 685.127 300 92
0 384.8 685.284 300 92
0 384.8 685.514 300 92
0 384.8 685.726 300 92
0 384.8 685.938 300 92
0 384.8 686.332 300 92
0 384.8 686.634 300 92
0 384.8 686.894 300 92
0 384.8 687.068 300 92
0 384.8 687.291 300 92
0 384.8 687.5 300 92
0 384.8 687.724 300 92
0 384.8 687.897 300 92
0 384.8 688.227 300 92
0 384.8 688.499 300 92
0 384.8 688.719 300 92
0 384.8 689.081 300 92
0 384.8 689.37 300 92
0 384.8 689.587 300 92
0 384.8 689.886 300 92
0 384.8 690.058 300 92
0 384.8 690.353 300 92
0 384.8 690.596 300 92
0 384.8 690.866 300 92
0 384.8 691.123 300 92
0 384.8 691.352 300 92
0 384.8 691.524 300 92
0 384.8 691.83 300 92
0 384.8 692.001 300 92
0 384.8 692.231 300 92
0 384.8 692.534 300 92
0 384.8 692.811 300 92
0 384.8 693.219 300 92
0 384.8 693.39 300 92
0 384.8 693.868 300 92
0 384.8 694.093 300 92
0 384.8 694.279 300 92
0 384.8 694.491 300 92
0 384.8 694.813 300 92
0 384.8 695.102 300 92
0 384.8 695.27 300 92
0 384.8 695.432 300 92
0 384.8 695.655 300 92
0 384.8 695.876 300 92
0 384.8 696.123 300 92
0 384.8 696.376 300 92
0 384.8 696.598 300 92
0 384.8 696.935 300 92
0 384.8 697.115 300 92
0 384.8 697.338 300 92
0 384.8 697.663 300 92
0 384.8 697.828 300 92
0 384.8 698.128 300 92
0 384.8 698.343 300 92
0 384.8 698.559 300 92
0 384.8 698.843 300 92
0 384.8 699.157 300 92
0 384.8 699.465 300 92
0 384.8 699.625 300 92
0 384.8 699.919 300 92
0 384.8 700.344 300 92
0 384.8 700.752 300 92
0 384.8 700.994 300 92
0 384.8 701.253 300 92
0 384.8 701.64 300 92
0 384.8 701.919 300 92
0 384.8 702.273 300 92
0 384.8 702.6 300 92
0 384.8 702.952 300 92
0 384.8 703.222 300 92
0 384.8 703.554 300 92
0 384.8 703.84 300 92
0 384.8 704.184 300 92
0 384.8 704.366 300 92
0 384.8 704.702 300 92
0 384.8 704.951 300 92
0 384.8 705.208 300 92
0 384.8 705.461 300 92
0 384.8 705.76 300 92
0 384.8 706.014 300 92
0 384.8 706.226 300 92
0 384.8 706.394 300 92
0 384.8 706.701 300 92
0 384.8 706.864 300 92
0 384.8 707.152 300 92
0 384.8 707.414 300 92
0 384.8 707.639 300 92
0 384.8 708.021 300 92
0 384.8 708.248 300 92
0 384.8 708.538 300 92
0 384.8 708.798 300 92
0 384.8 709.031 300 92
0 384.8 709.258 300 92
0 384.8 709.45 300 92
0 384.8 709.754 300 92
0 384.8 709.933 300 92
0 384.8 710.136 300 92
0 384.8 710.319 300 92
0 384.8 710.551 300 92
0 384.8 710.798 300 92
0 384.8 711.063 300 92
0 384.8 711.272 300 92
0 384.8 711.564 300 92
0 384.8 711.868 300 92
0 384.8 712.089 300 92
0 384.8 712.315 300 92
0 384.8 712.493 300 92
0 384.8 712.817 300 92
0 384.8 713.058 300 92
0 384.8 713.263 300 92
0 384.8 713.56 300 92
0 384.8 714.03 300 92
0 384.8 714.258 300 92
0 384.8 714.425 300 92
0 384.8 714.584 300 92
0 384.8 714.875 300 92
0 384.8 715.094 300 92
0 384.8 715.348 300 92
0 384.8 715.616 300 92
0 384.8 715.78 300 92
0 384.8 716.003 300 92
0 384.8 716.234 300 92
0 384.8 716.445 300 92
0 384.8 716.623 300 92
0 384.8 716.857 300 92
0 384.8 717.001 300 92
0 384.8 717.17 300 92
0 384.8 717.443 300 92
0 384.8 717.727 300 92
0 384.8 717.886 300 92
0 384.8 718.107 300 92
0 384.8 718.337 300 92
0 384.8 718.567 300 92
0 384.8 718.746 300 92
0 384.8 719.101 300 92
0 384.8 719.534 300 92
0 384.8 719.826 300 92
0 384.8 719.999 300 92
0 384.8 720.173 300 92
0 384.8 720.483 300 92
0 384.8 720.716 300 92
0 384.8 720.929 300 92
0 384.8 721.289 300 92
0 384.8 721.569 300 92
0 384.8 721.785 300 92
0 384.8 721.988 300 92
0 384.8 722.254 300 92
0 384.8 722.537 300 92
0 384.8 722.813 300 92
0 384.8 722.988 300 92
0 384.8 723.169 300 92
0 384.8 723.428 300 92
0 384.8 723.644 300 92
0 384.8 723.919 300 92
0 384.8 724.131 300 92
0 384.8 724.464 300 92
0 384.8 724.835 300 92
0 384.8 725.14 300 92
0 384.8 725.311 300 92
0 384.8 725.635 300 92
0 384.8 725.998 300 92
0 384.8 726.157 300 92
0 384.8 726.33 300 92
0 384.8 726.653 300 92
0 384.8 726.815 300 92
0 384.8 726.986 300 92
0 384.8 727.185 300 92
0 384.8 727.5 300 92
0 384.8 727.764 300 92
0 384.8 728.02 300 92
0 384.8 728.354 300 92
0 384.8 728.507 300 92
0 384.8 728.793 300 92
0 384.8 729.011 300 92
0 384.8 729.293 300 92
0 384.8 729.452 300 92
0 384.8 729.629 300 92
0 384.8 729.816 300 92
0 384.8 729.932 300 92
0 384.8 730.198 300 92
0 384.8 730.481 300 92
0 384.8 730.774 300 92
0 384.8 730.99 300 92
0 384.8 731.158 300 92
0 384.8 731.393 300 92
0 384.8 731.643 300 92
0 384.8 731.919 300 92
0 384.8 732.242 300 92
0 384.8 732.436 300 92
0 384.8 732.645 300 92
0 384.8 732.804 300 92
0 384.8 733.201 300 92
0 384.8 733.543 300 92
0 384.8 733.724 300 92
0 384.8 733.963 300 92
0 384.8 734.182 300 92
0 384.8 734.405 300 92
0 384.8 734.566 300 92
0 384.8 734.852 300 92
0 384.8 735.03 300 92
0 384.8 735.33 300 92
0 384.8 735.497 300 92
0 384.8 735.734 300 92
0 384.8 735.956 300 92
0 384.8 736.17 300 92
0 384.8 736.423 300 92
0 384.8 736.698 300 92
0 384.8 736.901 300 92
0 384.8 737.126 300 92
0 384.8 737.338 300 92
0 384.8 737.672 300 92
0 384.8 737.945 300 92
0 384.8 738.213 300 92
0 384.8 738.566 300 92
0 384.8 738.913 300 92
0 384.8 739.212 300 92
0 384.8 739.37 300 92
0 384.8 739.56 300 92
0 384.8 739.777 300 92
0 384.8 740.034 300 92
0 384.8 740.237 300 92
0 384.8 740.491 300 92
0 384.8 740.688 300 92
0 384.8 740.909 300 92
0 384.8 741.063 300 92
0 384.8 741.261 300 92
0 384.8 741.544 300 92
0 384.8 741.694 300 92
0 384.8 741.886 300 92
0 384.8 742.106 300 92
0 384.8 742.376 300 92
0 384.8 742.729 300 92
0 384.8 742.942 300 92
0 384.8 743.203 300 92
0 384.8 743.423 300 92
0 384.8 743.738 300 92
0 384.8 743.946 300 92
0 384.8 744.166 300 92
0 384.8 744.366 300 92
0 384.8 744.532 300 92
0 384.8 744.81 300 92
0 384.8 745.069 300 92
0 384.8 745.232 300 92
0 384.8 745.453 300 92
0 384.8 745.713 300 92
0 384.8 745.873 300 92
0 384.8 746.077 300 92
0 384.8 746.242 300 92
0 384.8 746.452 300 92
0 384.8 746.775 300 92
0 384.8 746.94 300 92
0 384.8 747.21 300 92
0 384.8 747.422 300 92
0 384.8 747.719 300 92
0 384.8 747.981 300 92
0 384.8 748.199 300 92
0 384.8 748.501 300 92
0 384.8 748.702 300 92
0 384.8 748.972 300 92
0 384.8 749.151 300 92
0 384.8 749.369 300 92
0 384.8 749.575 300 92
0 384.8 749.794 300 92
0 384.8 749.978 300 92
0 384.8 750.134 300 92
0 384.8 750.389 300 92
0 384.8 750.675 300 92
0 384.8 750.986 300 92
0 384.8 751.279 300 92
0 384.8 751.442 300 92
0 384.8 751.649 300 92
0 384.8 751.94 300 92
0 384.8 752.129 300 92
0 384.8 752.411 300 92
0 384.8 752.694 300 92
0 384.8 752.931 300 92
0 384.8 753.112 300 92
0 384.8 753.428 300 92
0 384.8 753.664 300 92
0 384.8 753.89 300 92
0 384.8 754.091 300 92
0 384.8 754.3 300 92
0 384.8 754.536 300 92
0 384.8 754.767 300 92
0 384.8 754.952 300 92
0 384.8 755.222 300 92
0 384.8 755.449 300 92
0 384.8 755.678 300 92
0 384.8 755.893 300 92
0 384.8 756.116 300 92
0 384.8 756.354 300 92
0 384.8 756.545 300 92
0 384.8 756.765 300 92
0 384.8 757.05 300 92
0 384.8 757.407 300 92
0 384.8 757.622 300 92
0 384.8 757.93 300 92
0 384.8 758.193 300 92
0 384.8 758.349 300 92
0 384.8 758.519 300 92
0 384.8 758.743 300 92
0 384.8 759.079 300 92
0 384.8 759.352 300 92
0 384.8 759.617 300 92
0 384.8 759.894 300 92
0 384.8 760.221 300 92
0 384.8 760.377 300 92
0 384.8 760.639 300 92
0 384.8 760.948 300 92
0 384.8 761.104 300 92
0 384.8 761.321 300 92
0 384.8 761.642 300 92
0 384.8 761.946 300 92
0 384.8 762.167 300 92
0 384.8 762.413 300 92
0 384.8 762.665 300 92
0 384.8 763.001 300 92
0 384.8 763.205 300 92
0 384.8 763.365 300 92
0 384.8 763.634 300 92
0 384.8 763.903 300 92
0 384.8 764.123 300 92
0 384.8 764.321 300 92
0 384.8 764.482 300 92
0 384.8 764.653 300 92
0 384.8 765.023 300 92
0 384.8 765.238 300 92
0 384.8 765.407 300 92
0 384.8 765.57 300 92
0 384.8 765.912 300 92
0 384.8 766.174 300 92
0 384.8 766.339 300 92
0 384.8 766.506 300 92
0 384.8 766.862 300 92
0 384.8 767.123 300 92
0 384.8 767.292 300 92
0 384.8 767.61 300 92
0 384.8 767.824 300 92
0 384.8 768.064 300 92
0 384.8 768.225 300 92
0 384.8 768.397 300 92
0 384.8 768.717 300 92
0 384.8 768.878 300 92
0 384.8 769.142 300 92
0 384.8 769.404 300 92
0 384.8 769.624 300 92
0 384.8 769.769 300 92
0 384.8 769.926 300 92
0 384.8 770.08 300 92
0 384.8 770.239 300 92
0 384.8 770.47 300 92
0 384.8 770.776 300 92
0 384.8 771.149 300 92
0 384.8 771.303 300 92
0 384.8 771.498 300 92
0 384.8 771.789 300 92
0 384.8 772.163 300 92
0 384.8 772.445 300 92
0 384.8 772.619 300 92
0 384.8 772.812 300 92
0 384.8 772.973 300 92
0 384.8 773.313 300 92
0 384.8 773.482 300 92
0 384.8 773.694 300 92
0 384.8 773.902 300 92
0 384.8 774.128 300 92
0 384.8 774.359 300 92
0 384.8 774.58 300 92
0 384.8 774.881 300 92
0 384.8 775.111 300 92
0 384.8 775.325 300 92
0 384.8 775.498 300 92
0 384.8 775.796 300 92
0 384.8 776.197 300 92
0 384.8 776.506 300 92
0 384.8 776.671 300 92
0 384.8 777.118 300 92
0 384.8 777.405 300 92
0 384.8 777.619 300 92
0 384.8 777.9 300 92
0 384.8 778.121 300 92
0 384.8 778.291 300 92
0 384.8 778.561 300 92
0 384.8 778.831 300 92
0 384.8 779.171 300 92
0 384.8 779.399 300 92
0 384.8 779.615 300 92
0 384.8 779.924 300 92
0 384.8 780.211 300 92
0 384.8 780.44 300 92
0 384.8 780.658 300 92
0 384.8 780.831 300 92
0 384.8 781.077 300 92
0 384.8 781.348 300 92
0 384.8 781.616 300 92
0 384.8 781.842 300 92
0 384.8 782.06 300 92
0 384.8 782.313 300 92
0 384.8 782.47 300 92
0 384.8 782.741 300 92
0 384.8 783.004 300 92
0 384.8 783.329 300 92
0 384.8 783.551 300 92
0 384.8 783.757 300 92
0 384.8 783.981 300 92
0 384.8 784.205 300 92
0 384.8 784.433 300 92
0 384.8 784.644 300 92
0 384.8 784.926 300 92
0 384.8 785.089 300 92
0 384.8 785.244 300 92
0 384.8 785.45 300 92
0 384.8 785.79 300 92
0 384.8 786.011 300 92
0 384.8 786.29 300 92
0 384.8 786.504 300 92
0 384.8 786.768 300 92
0 384.8 787.074 300 92
0 384.8 787.281 300 92
0 384.8 787.486 300 92
0 384.8 787.774 300 92
0 384.8 787.999 300 92
0 384.8 788.17 300 92
0 384.8 788.383 300 92
0 384.8 788.764 300 92
0 384.8 788.983 300 92
0 384.8 789.188 300 92
0 384.8 789.351 300 92
0 384.8 789.524 300 92
0 384.8 789.858 300 92
0 384.8 790.064 300 92
0 384.8 790.334 300 92
0 384.8 790.561 300 92
0 384.8 790.78 300 92
0 384.8 791.031 300 92
0 384.8 791.242 300 92
0 384.8 791.568 300 92
0 384.8 791.763 300 92
0 384.8 792.098 300 92
0 384.8 792.31 300 92
0 384.8 792.589 300 92
0 384.8 792.791 300 92
0 384.8 793.051 300 92
0 384.8 793.26 300 92
0 384.8 793.474 300 92
0 384.8 793.678 300 92
0 384.8 793.843 300 92
0 384.8 794.043 300 92
0 384.8 794.415 300 92
0 384.8 794.628 300 92
0 384.8 794.839 300 92
0 384.8 795.202 300 92
0 384.8 795.477 300 92
0 384.8 795.671 300 92
0 384.8 795.848 300 92
0 384.8 795.998 300 92
0 384.8 796.117 300 92
0 384.8 796.234 300 92
0 384.8 796.376 300 92
0 384.8 796.66 300 92
0 384.8 796.765 300 92
0 384.8 796.918 300 92
0 384.8 797.021 300 92
0 384.8 797.129 300 92
0 384.8 797.271 300 92
0 384.8 797.401 300 92
0 384.8 797.576 300 92
0 384.8 797.706 300 92
0 384.8 797.85 300 92
0 384.8 798.068 300 92
0 384.8 798.227 300 92
0 384.8 798.493 300 92
0 384.8 798.744 300 92
0 384.8 798.919 300 92
0 384.8 799.146 300 92
0 384.8 799.291 300 92
0 384.8 799.458 300 92
0 384.8 799.567 300 92
0 384.8 799.845 300 92
