0.272156 579.200000 579.200000
1.292758 330.800000 330.800000
2.336645 284.000000 280.400000
3.345145 278.400000 278.400000
4.366307 274.800000 274.800000
5.367117 274.800000 274.800000
6.389595 274.800000 274.800000
7.404724 274.800000 274.800000
8.416247 274.800000 353.200000
9.437735 274.800000 274.800000
10.476439 263.600000 263.600000
11.489219 258.000000 258.000000
12.542279 258.000000 258.000000
13.549036 258.000000 258.000000
14.624939 258.000000 258.000000
15.632128 258.000000 258.000000
16.642390 258.000000 258.000000
17.643845 258.000000 258.000000
18.712372 258.000000 372.000000
19.780846 258.000000 325.200000
20.785716 258.000000 304.800000
21.836854 258.000000 295.200000
22.843047 258.000000 272.800000
23.848638 258.000000 272.800000
24.859016 258.000000 272.800000
25.875797 258.000000 272.800000
26.892385 258.000000 584.800000
27.896073 258.000000 386.800000
28.905809 258.000000 364.400000
29.927442 258.000000 286.000000
30.943681 258.000000 280.400000
31.957598 258.000000 274.800000
32.959503 258.000000 274.800000
33.972055 258.000000 274.800000
34.973195 258.000000 274.800000
35.988577 258.000000 274.800000
37.234003 258.000000 573.600000
38.249735 258.000000 330.800000
39.250612 258.000000 330.800000
40.324542 258.000000 306.400000
41.352688 258.000000 306.400000
42.354734 258.000000 297.200000
43.382524 258.000000 297.200000
44.467506 258.000000 280.400000
45.473526 258.000000 280.400000
46.486374 258.000000 280.400000
47.502567 258.000000 280.400000
48.507014 258.000000 280.400000
49.528827 258.000000 280.400000
50.576882 258.000000 579.200000
51.610209 258.000000 502.800000
52.645369 258.000000 392.400000
53.654488 258.000000 280.400000
54.743043 258.000000 280.400000
55.769702 258.000000 278.400000
56.778206 258.000000 278.400000
57.793833 258.000000 278.400000
58.808559 258.000000 278.400000
59.815792 258.000000 278.400000
60.889434 258.000000 278.400000
61.906993 258.000000 278.400000
62.959807 258.000000 568.000000
64.035255 258.000000 353.200000
65.041021 258.000000 314.000000
66.072385 258.000000 291.600000
67.103600 258.000000 291.600000
68.138641 258.000000 291.600000
69.170474 258.000000 291.600000
70.175321 258.000000 291.600000
71.190134 258.000000 291.600000
72.194645 258.000000 568.000000
73.296856 258.000000 478.400000
74.410015 258.000000 353.200000
75.430854 258.000000 336.400000
76.464227 258.000000 280.400000
77.465699 258.000000 280.400000
78.495992 258.000000 274.800000
79.534857 258.000000 274.800000
80.552433 258.000000 274.800000
81.560477 258.000000 274.800000
82.561755 258.000000 274.800000
83.580557 258.000000 274.800000
84.619989 258.000000 274.800000
85.635372 258.000000 274.800000
86.649634 258.000000 575.600000
87.702175 258.000000 558.800000
88.713858 258.000000 372.000000
89.718417 258.000000 284.000000
90.727551 258.000000 269.200000
91.764051 258.000000 263.600000
92.769548 258.000000 263.600000
93.810482 258.000000 263.600000
94.833378 258.000000 263.600000
95.833648 258.000000 263.600000
96.879093 258.000000 263.600000
97.886807 258.000000 573.600000
99.023248 258.000000 302.800000
100.071494 258.000000 291.600000
101.083668 258.000000 291.600000
102.120430 258.000000 278.400000
103.189445 258.000000 274.800000
104.208896 258.000000 274.800000
105.225525 258.000000 274.800000
106.239456 258.000000 274.800000
107.259051 258.000000 274.800000
108.283558 258.000000 274.800000
109.309746 258.000000 274.800000
110.365631 258.000000 579.200000
111.373560 258.000000 495.200000
112.381815 258.000000 472.800000
113.406715 258.000000 310.400000
114.434766 258.000000 291.600000
115.448736 258.000000 286.000000
116.453904 258.000000 280.400000
117.460734 258.000000 280.400000
118.501668 258.000000 280.400000
119.537305 258.000000 280.400000
120.552946 258.000000 280.400000
121.565967 258.000000 280.400000
122.577356 258.000000 575.600000
123.591673 258.000000 405.600000
124.613334 258.000000 274.800000
125.631270 258.000000 274.800000
126.631891 258.000000 274.800000
127.638217 258.000000 267.200000
128.651607 258.000000 267.200000
129.669846 258.000000 267.200000
130.697063 258.000000 267.200000
131.702282 258.000000 267.200000
132.728009 258.000000 267.200000
133.868084 258.000000 573.600000
134.887262 258.000000 319.600000
135.918309 258.000000 319.600000
136.937399 258.000000 274.800000
137.957951 258.000000 269.200000
138.962925 258.000000 269.200000
139.963664 258.000000 269.200000
140.970590 258.000000 269.200000
141.975426 258.000000 269.200000
142.994126 258.000000 269.200000
144.004315 258.000000 360.800000
145.010791 258.000000 297.200000
146.026378 258.000000 297.200000
147.045919 258.000000 261.600000
148.063064 246.800000 246.800000
149.084635 246.800000 246.800000
150.103574 246.800000 246.800000
151.167779 246.800000 246.800000
152.170384 246.800000 575.600000
153.173134 246.800000 314.000000
154.242941 246.800000 286.000000
155.265217 246.800000 286.000000
156.295195 246.800000 274.800000
157.300354 246.800000 274.800000
158.302820 246.800000 274.800000
159.317911 246.800000 274.800000
160.320984 246.800000 274.800000
161.342308 246.800000 573.600000
162.379721 246.800000 314.000000
163.382689 246.800000 291.600000
164.386171 246.800000 280.400000
165.393389 246.800000 263.600000
166.419120 246.800000 263.600000
167.427986 246.800000 256.000000
168.444944 246.800000 256.000000
169.446332 246.800000 256.000000
170.501858 246.800000 256.000000
171.510091 246.800000 256.000000
172.510236 246.800000 601.600000
173.529992 246.800000 291.600000
174.540351 246.800000 286.000000
175.607837 246.800000 286.000000
176.630199 246.800000 258.000000
177.632397 246.800000 258.000000
178.662001 246.800000 258.000000
179.672219 246.800000 258.000000
180.694911 246.800000 258.000000
181.719114 246.800000 568.000000
182.748470 246.800000 411.200000
183.777894 246.800000 302.800000
184.798652 246.800000 289.600000
185.817622 246.800000 289.600000
186.825455 246.800000 289.600000
187.846907 246.800000 289.600000
188.906342 246.800000 289.600000
189.916043 246.800000 289.600000
190.923806 246.800000 556.800000
191.952803 246.800000 360.800000
192.957402 246.800000 286.000000
193.959142 246.800000 286.000000
194.986440 246.800000 286.000000
196.002442 246.800000 286.000000
197.013672 246.800000 286.000000
198.021957 246.800000 566.000000
199.023275 246.800000 375.600000
200.043577 246.800000 291.600000
201.062696 246.800000 280.400000
202.063882 246.800000 274.800000
203.071964 246.800000 274.800000
204.126111 246.800000 274.800000
205.136729 246.800000 274.800000
206.141314 246.800000 274.800000
207.185506 246.800000 579.200000
208.194445 246.800000 330.800000
209.201216 246.800000 297.200000
210.218790 246.800000 269.200000
211.290255 246.800000 261.600000
212.299681 246.800000 261.600000
213.333299 246.800000 261.600000
214.349171 246.800000 261.600000
215.358236 246.800000 261.600000
216.401699 246.800000 579.200000
217.421403 246.800000 319.600000
218.431688 246.800000 280.400000
219.447948 246.800000 274.800000
220.497731 246.800000 258.000000
221.509184 246.800000 258.000000
222.515025 246.800000 258.000000
223.525775 246.800000 258.000000
224.532914 246.800000 258.000000
225.544211 246.800000 579.200000
226.589582 246.800000 314.000000
227.636204 246.800000 291.600000
228.680364 246.800000 246.800000
229.697402 246.800000 246.800000
230.723046 246.800000 246.800000
231.732961 246.800000 246.800000
232.736749 246.800000 246.800000
233.737300 246.800000 246.800000
234.752112 246.800000 246.800000
235.765946 246.800000 506.400000
236.775950 246.800000 319.600000
237.786725 246.800000 297.200000
238.856575 246.800000 284.000000
239.892297 246.800000 280.400000
240.898713 246.800000 274.800000
241.905362 246.800000 274.800000
242.918128 246.800000 274.800000
243.925812 246.800000 274.800000
244.989037 246.800000 274.800000
246.010684 246.800000 274.800000
247.021783 246.800000 579.200000
248.025990 246.800000 308.400000
249.027844 246.800000 286.000000
250.035425 246.800000 284.000000
251.042028 246.800000 284.000000
252.048414 246.800000 284.000000
253.065567 246.800000 284.000000
254.123900 246.800000 284.000000
255.125492 246.800000 284.000000
256.149126 246.800000 568.000000
257.168597 246.800000 319.600000
258.183111 246.800000 319.600000
259.184207 246.800000 274.800000
260.200018 246.800000 272.800000
261.213949 246.800000 272.800000
262.214475 246.800000 272.800000
263.242018 246.800000 272.800000
264.263940 246.800000 272.800000
265.336567 246.800000 478.400000
266.401716 246.800000 353.200000
267.421237 246.800000 302.800000
268.451703 246.800000 295.200000
269.468930 246.800000 295.200000
270.475089 246.800000 291.600000
271.490178 246.800000 291.600000
272.490684 246.800000 291.600000
273.491462 246.800000 291.600000
274.492200 246.800000 291.600000
275.498563 246.800000 291.600000
276.553817 246.800000 394.400000
277.574986 246.800000 286.000000
278.598410 246.800000 274.800000
279.659380 246.800000 274.800000
280.662040 246.800000 274.800000
281.729776 246.800000 272.800000
282.741501 246.800000 272.800000
283.742660 246.800000 272.800000
284.808458 246.800000 272.800000
285.870847 246.800000 272.800000
287.096624 246.800000 635.200000
288.116702 246.800000 562.400000
289.146620 246.800000 302.800000
290.206439 246.800000 286.000000
291.208769 246.800000 274.800000
292.216431 246.800000 269.200000
293.224740 246.800000 269.200000
294.251910 246.800000 269.200000
295.326565 246.800000 269.200000
296.337856 246.800000 269.200000
297.392129 246.800000 568.000000
298.459342 246.800000 403.600000
299.491839 246.800000 291.600000
300.516609 246.800000 280.400000
301.526245 246.800000 269.200000
302.536616 246.800000 269.200000
303.564465 246.800000 269.200000
304.566196 246.800000 269.200000
305.647214 246.800000 573.600000
306.702787 246.800000 306.400000
307.722254 246.800000 280.400000
308.741821 246.800000 280.400000
309.765069 246.800000 269.200000
310.774740 246.800000 269.200000
311.782216 246.800000 269.200000
312.839833 246.800000 269.200000
313.883600 246.800000 269.200000
314.893116 246.800000 564.400000
315.898503 246.800000 349.600000
316.915567 246.800000 278.400000
317.932761 246.800000 278.400000
318.948095 246.800000 278.400000
319.967694 246.800000 278.400000
321.003288 246.800000 278.400000
322.019583 246.800000 573.600000
323.067551 246.800000 353.200000
324.089067 246.800000 280.400000
325.093381 246.800000 280.400000
326.093902 246.800000 280.400000
327.098372 246.800000 280.400000
328.154595 246.800000 280.400000
329.166108 246.800000 573.600000
330.171916 246.800000 302.800000
331.178794 246.800000 286.000000
332.191396 246.800000 272.800000
333.221318 246.800000 269.200000
334.230490 246.800000 269.200000
335.236882 246.800000 269.200000
336.246491 246.800000 269.200000
337.259110 246.800000 269.200000
338.264621 246.800000 579.200000
339.265655 246.800000 386.800000
340.351322 246.800000 342.000000
341.355746 246.800000 278.400000
342.417882 246.800000 278.400000
343.441925 246.800000 278.400000
344.456238 246.800000 278.400000
345.459125 246.800000 278.400000
346.717390 246.800000 575.600000
347.771900 246.800000 394.400000
348.781562 246.800000 286.000000
349.801815 246.800000 280.400000
350.831934 246.800000 280.400000
351.839481 246.800000 280.400000
352.850561 246.800000 280.400000
353.862556 246.800000 280.400000
354.973302 246.800000 568.000000
355.997456 246.800000 327.200000
357.002962 246.800000 327.200000
358.019523 246.800000 274.800000
359.054416 246.800000 274.800000
360.068824 246.800000 274.800000
361.073276 246.800000 274.800000
362.146925 246.800000 274.800000
363.213416 246.800000 274.800000
364.225220 246.800000 274.800000
365.235419 246.800000 573.600000
366.235535 246.800000 349.600000
367.242736 246.800000 319.600000
368.273085 246.800000 289.600000
369.325619 246.800000 280.400000
370.372839 246.800000 280.400000
371.386889 246.800000 280.400000
372.401566 246.800000 280.400000
373.458543 246.800000 280.400000
374.459588 246.800000 280.400000
375.519065 246.800000 573.600000
376.519274 246.800000 456.000000
377.557585 246.800000 274.800000
378.565727 246.800000 274.800000
379.571504 246.800000 274.800000
380.643999 246.800000 269.200000
381.720442 246.800000 269.200000
382.725810 246.800000 269.200000
383.745398 246.800000 269.200000
384.765833 246.800000 269.200000
385.771465 246.800000 579.200000
386.861242 246.800000 291.600000
387.879657 246.800000 291.600000
388.945748 246.800000 280.400000
389.956341 246.800000 280.400000
390.964667 246.800000 280.400000
391.968424 246.800000 280.400000
392.979405 246.800000 280.400000
394.017782 246.800000 536.400000
395.020911 246.800000 398.000000
396.022828 246.800000 274.800000
397.043519 246.800000 263.600000
398.101079 246.800000 263.600000
399.109024 246.800000 263.600000
400.177977 246.800000 263.600000
401.185600 246.800000 263.600000
402.193540 246.800000 263.600000
403.200026 246.800000 573.600000
404.230278 246.800000 336.400000
405.245249 246.800000 336.400000
406.274502 246.800000 269.200000
407.278269 246.800000 269.200000
408.287931 246.800000 269.200000
409.290560 246.800000 269.200000
410.290823 246.800000 269.200000
411.294409 246.800000 269.200000
412.342081 246.800000 579.200000
413.348291 246.800000 358.800000
414.365252 246.800000 342.000000
415.367544 246.800000 302.800000
416.437004 246.800000 269.200000
417.496216 246.800000 261.600000
418.500717 246.800000 261.600000
419.517985 246.800000 261.600000
420.574915 246.800000 261.600000
421.619564 246.800000 261.600000
422.666899 246.800000 261.600000
423.667538 246.800000 579.200000
424.673614 246.800000 302.800000
425.707029 246.800000 263.600000
426.737029 246.800000 258.000000
427.741678 246.800000 258.000000
428.755341 246.800000 258.000000
429.775092 246.800000 258.000000
430.779249 246.800000 258.000000
431.853818 246.800000 258.000000
432.879778 246.800000 258.000000
434.120142 246.800000 579.200000
435.183594 246.800000 495.200000
436.195359 246.800000 330.800000
437.195610 246.800000 280.400000
438.202699 246.800000 269.200000
439.210262 246.800000 269.200000
440.216283 246.800000 269.200000
441.223474 246.800000 269.200000
442.235335 246.800000 269.200000
443.243812 246.800000 269.200000
444.317280 246.800000 573.600000
445.338696 246.800000 332.800000
446.410799 246.800000 332.800000
447.449695 246.800000 286.000000
448.455531 246.800000 286.000000
449.520771 246.800000 286.000000
450.601075 246.800000 286.000000
451.612995 246.800000 286.000000
452.631567 246.800000 286.000000
453.641987 246.800000 573.600000
454.645130 246.800000 319.600000
455.687914 246.800000 274.800000
456.701498 246.800000 263.600000
457.772750 246.800000 263.600000
458.849567 246.800000 263.600000
459.915105 246.800000 263.600000
460.919472 246.800000 263.600000
461.934399 246.800000 571.600000
462.950893 246.800000 325.200000
463.963190 246.800000 314.000000
464.989970 246.800000 269.200000
466.000838 246.800000 269.200000
467.036242 246.800000 269.200000
468.050022 246.800000 269.200000
469.076387 246.800000 269.200000
470.122096 246.800000 269.200000
471.403158 246.800000 579.200000
472.407722 246.800000 330.800000
473.427709 246.800000 314.000000
474.439306 246.800000 280.400000
475.455415 246.800000 272.800000
476.468623 246.800000 267.200000
477.538932 246.800000 263.600000
478.549545 246.800000 263.600000
479.556086 246.800000 263.600000
480.567445 246.800000 263.600000
481.612518 246.800000 566.000000
482.663211 246.800000 394.400000
483.730278 246.800000 297.200000
484.765193 246.800000 280.400000
485.767790 246.800000 274.800000
486.773074 246.800000 274.800000
487.783343 246.800000 274.800000
488.788078 246.800000 274.800000
489.939767 246.800000 579.200000
490.956971 246.800000 456.000000
491.987419 246.800000 400.000000
492.997555 246.800000 297.200000
494.003637 246.800000 274.800000
495.032798 246.800000 274.800000
496.045704 246.800000 274.800000
497.078545 246.800000 274.800000
498.080606 246.800000 274.800000
499.105083 246.800000 274.800000
500.134592 246.800000 573.600000
501.139846 246.800000 336.400000
502.143385 246.800000 289.600000
503.150686 246.800000 289.600000
504.167236 246.800000 286.000000
505.185248 246.800000 280.400000
506.234358 246.800000 280.400000
507.276839 246.800000 280.400000
508.301987 246.800000 280.400000
509.360506 246.800000 568.000000
510.444019 246.800000 308.400000
511.460446 246.800000 297.200000
512.466385 246.800000 286.000000
513.489215 246.800000 274.800000
514.494409 246.800000 274.800000
515.507986 246.800000 274.800000
516.515222 246.800000 274.800000
517.591727 246.800000 274.800000
518.602569 246.800000 274.800000
519.609300 246.800000 568.000000
520.629997 246.800000 370.000000
521.654784 246.800000 297.200000
522.686678 246.800000 297.200000
523.733524 246.800000 297.200000
524.804858 246.800000 297.200000
525.859578 246.800000 297.200000
526.913523 246.800000 314.000000
527.940442 246.800000 297.200000
528.951968 246.800000 291.600000
529.999263 246.800000 286.000000
531.000482 246.800000 286.000000
532.019918 246.800000 286.000000
533.043523 246.800000 286.000000
534.062584 246.800000 286.000000
535.108709 246.800000 579.200000
536.123619 246.800000 330.800000
537.186468 246.800000 308.400000
538.208461 246.800000 274.800000
539.223144 246.800000 274.800000
540.227243 246.800000 274.800000
541.247281 246.800000 274.800000
542.247655 246.800000 274.800000
543.280861 246.800000 416.800000
544.283223 246.800000 269.200000
545.291867 246.800000 258.000000
546.301378 246.800000 258.000000
547.313893 246.800000 258.000000
548.354188 246.800000 584.800000
549.368979 246.800000 358.800000
550.380460 246.800000 286.000000
551.381736 246.800000 274.800000
552.406898 246.800000 274.800000
553.449585 246.800000 274.800000
554.464159 246.800000 274.800000
555.518452 246.800000 579.200000
556.542140 246.800000 314.000000
557.554367 246.800000 314.000000
558.563891 246.800000 295.200000
559.587144 246.800000 286.000000
560.611676 246.800000 284.000000
561.629160 246.800000 284.000000
562.635216 246.800000 284.000000
563.652511 246.800000 284.000000
564.853755 246.800000 575.600000
565.873797 246.800000 495.200000
566.920938 246.800000 314.000000
567.944944 246.800000 302.800000
568.946481 246.800000 297.200000
569.950971 246.800000 297.200000
570.965697 246.800000 297.200000
571.971762 246.800000 297.200000
573.212860 246.800000 579.200000
574.213708 246.800000 416.800000
575.215067 246.800000 328.800000
576.227465 246.800000 269.200000
577.246807 246.800000 269.200000
578.249035 246.800000 269.200000
579.253939 246.800000 269.200000
580.268654 246.800000 269.200000
581.270346 246.800000 269.200000
582.274204 246.800000 562.400000
583.300426 246.800000 308.400000
584.300936 246.800000 297.200000
585.362764 246.800000 280.400000
586.365374 246.800000 274.800000
587.420913 246.800000 274.800000
588.436301 246.800000 274.800000
589.444328 246.800000 274.800000
590.488239 246.800000 573.600000
591.492294 246.800000 336.400000
592.526898 246.800000 302.800000
593.538328 246.800000 291.600000
594.542497 246.800000 286.000000
595.607664 246.800000 280.400000
596.652506 246.800000 280.400000
597.653403 246.800000 280.400000
598.664105 246.800000 280.400000
599.669494 246.800000 280.400000
600.671614 246.800000 280.400000
601.671693 246.800000 573.600000
602.675807 246.800000 386.800000
603.708458 246.800000 274.800000
604.718397 246.800000 274.800000
605.735002 246.800000 274.800000
606.739119 246.800000 274.800000
607.811995 246.800000 272.800000
608.819425 246.800000 272.800000
609.832297 246.800000 272.800000
610.836669 246.800000 272.800000
611.858797 246.800000 272.800000
612.864993 246.800000 568.000000
613.893833 246.800000 330.800000
614.913805 246.800000 286.000000
615.919545 246.800000 280.400000
616.941336 246.800000 278.400000
617.960082 246.800000 278.400000
618.991306 246.800000 278.400000
620.005436 246.800000 278.400000
621.023055 246.800000 278.400000
622.027647 246.800000 579.200000
623.036318 246.800000 375.600000
624.061140 246.800000 330.800000
625.089015 246.800000 286.000000
626.093006 246.800000 286.000000
627.097391 246.800000 284.000000
628.150713 246.800000 284.000000
629.156947 246.800000 284.000000
630.175957 246.800000 284.000000
631.249756 246.800000 358.800000
632.291116 246.800000 286.000000
633.301254 246.800000 280.400000
634.303035 246.800000 274.800000
635.310259 246.800000 274.800000
636.318177 246.800000 269.200000
637.320480 246.800000 269.200000
638.340767 246.800000 269.200000
639.344964 246.800000 269.200000
640.347422 246.800000 568.000000
641.357491 246.800000 394.400000
642.358979 246.800000 289.600000
643.379746 246.800000 284.000000
644.414263 246.800000 284.000000
645.469224 246.800000 284.000000
646.472833 246.800000 284.000000
647.492544 246.800000 284.000000
648.631463 246.800000 579.200000
649.638399 246.800000 355.200000
650.659011 246.800000 291.600000
651.673276 246.800000 286.000000
652.735747 246.800000 274.800000
653.746778 246.800000 274.800000
654.754238 246.800000 274.800000
655.769605 246.800000 274.800000
656.778864 246.800000 274.800000
657.849188 246.800000 274.800000
658.862462 246.800000 506.400000
659.868501 246.800000 308.400000
660.881770 246.800000 274.800000
661.908260 246.800000 269.200000
662.921118 246.800000 269.200000
663.938137 246.800000 263.600000
664.946908 246.800000 263.600000
665.948953 246.800000 263.600000
666.960172 246.800000 263.600000
667.960904 246.800000 263.600000
668.969273 246.800000 263.600000
669.989742 246.800000 263.600000
670.990335 246.800000 506.400000
672.052883 246.800000 405.600000
673.134359 246.800000 291.600000
674.177973 246.800000 286.000000
675.230003 246.800000 280.400000
676.247885 246.800000 280.400000
677.267695 246.800000 280.400000
678.299513 246.800000 280.400000
679.300030 246.800000 280.400000
680.537401 246.800000 573.600000
681.589644 246.800000 562.400000
682.649054 246.800000 314.000000
683.652891 246.800000 291.600000
684.667854 246.800000 274.800000
685.690191 246.800000 272.800000
686.727601 246.800000 272.800000
687.769302 246.800000 272.800000
688.773059 246.800000 272.800000
689.841922 246.800000 272.800000
690.852157 246.800000 272.800000
691.854505 246.800000 272.800000
692.918035 246.800000 517.600000
693.939580 246.800000 336.400000
694.940506 246.800000 291.600000
695.974024 246.800000 286.000000
696.977457 246.800000 274.800000
697.978244 246.800000 274.800000
699.001102 246.800000 269.200000
700.008909 246.800000 269.200000
701.013439 246.800000 269.200000
702.013609 246.800000 269.200000
703.041334 246.800000 269.200000
704.298818 246.800000 579.200000
705.305563 246.800000 422.400000
706.331214 246.800000 297.200000
707.337459 246.800000 284.000000
708.352120 246.800000 284.000000
709.355824 246.800000 284.000000
710.379958 246.800000 284.000000
711.615842 246.800000 601.600000
712.631327 246.800000 528.800000
713.644191 246.800000 295.200000
714.671892 246.800000 291.600000
715.692865 246.800000 289.600000
716.722534 246.800000 286.000000
717.731341 246.800000 286.000000
718.731814 246.800000 286.000000
719.743068 246.800000 286.000000
720.743442 246.800000 286.000000
721.746439 246.800000 568.000000
722.753295 246.800000 364.400000
723.755785 246.800000 302.800000
724.771170 246.800000 291.600000
725.791542 246.800000 280.400000
726.801130 246.800000 280.400000
727.805712 246.800000 280.400000
728.825293 246.800000 280.400000
729.846310 246.800000 280.400000
730.904857 246.800000 579.200000
731.923738 246.800000 360.800000
732.980672 246.800000 314.000000
733.987714 246.800000 274.800000
735.010674 246.800000 274.800000
736.015609 246.800000 274.800000
737.016066 246.800000 274.800000
738.038403 246.800000 274.800000
739.056077 246.800000 274.800000
740.206034 246.800000 579.200000
741.236639 246.800000 564.400000
742.288378 246.800000 319.600000
743.310248 246.800000 274.800000
744.338354 246.800000 269.200000
745.366132 246.800000 269.200000
746.432465 246.800000 269.200000
747.462080 246.800000 269.200000
748.500620 246.800000 336.400000
749.537820 246.800000 274.800000
750.540239 246.800000 263.600000
751.553991 246.800000 263.600000
752.572204 246.800000 263.600000
753.577132 246.800000 261.600000
754.579161 246.800000 261.600000
755.584284 246.800000 261.600000
756.587613 246.800000 261.600000
757.607298 246.800000 261.600000
758.635903 246.800000 491.600000
759.645033 246.800000 394.400000
760.647046 246.800000 297.200000
761.648870 246.800000 286.000000
762.669251 246.800000 286.000000
763.685467 246.800000 286.000000
764.692546 246.800000 286.000000
765.716280 246.800000 286.000000
766.722337 246.800000 286.000000
767.723682 246.800000 579.200000
768.731592 246.800000 336.400000
769.743779 246.800000 325.200000
770.750063 246.800000 302.800000
771.750095 246.800000 300.800000
772.767779 246.800000 300.800000
773.779450 246.800000 300.800000
774.785408 246.800000 300.800000
775.844861 246.800000 584.800000
776.921237 246.800000 517.600000
777.922000 246.800000 308.400000
778.970254 246.800000 274.800000
779.978550 246.800000 274.800000
780.991352 246.800000 274.800000
782.019922 246.800000 274.800000
783.041309 246.800000 274.800000
784.051753 246.800000 274.800000
785.055126 246.800000 562.400000
786.069636 246.800000 377.600000
787.131849 246.800000 286.000000
788.134420 246.800000 274.800000
789.161233 246.800000 274.800000
790.165183 246.800000 274.800000
791.181535 246.800000 274.800000
792.258768 246.800000 646.400000
793.278819 246.800000 314.000000
794.331225 246.800000 314.000000
795.350103 246.800000 297.200000
796.365879 246.800000 297.200000
797.378530 246.800000 297.200000
798.436429 246.800000 297.200000
799.455439 246.800000 297.200000
