0.272790 601.600000 601.600000
1.279158 308.400000 308.400000
2.349465 291.600000 291.600000
3.356794 291.600000 291.600000
4.386255 291.600000 291.600000
5.391450 291.600000 291.600000
6.583809 291.600000 581.200000
7.596090 291.600000 336.400000
8.629893 291.600000 302.800000
9.639492 286.000000 286.000000
10.686936 286.000000 286.000000
11.696989 286.000000 286.000000
12.709918 286.000000 286.000000
13.752005 286.000000 286.000000
14.760090 286.000000 286.000000
15.768827 286.000000 568.000000
16.778093 286.000000 308.400000
17.779098 286.000000 297.200000
18.779591 286.000000 291.600000
19.790626 286.000000 291.600000
20.794560 286.000000 286.000000
21.862793 286.000000 286.000000
22.866464 286.000000 286.000000
23.866668 286.000000 286.000000
24.870170 286.000000 286.000000
25.944209 286.000000 467.200000
26.972814 286.000000 291.600000
27.976390 274.800000 274.800000
28.988717 274.800000 274.800000
29.995931 274.800000 274.800000
31.025552 274.800000 274.800000
32.036851 274.800000 428.000000
33.087097 274.800000 286.000000
34.091684 274.800000 280.400000
35.102430 267.200000 267.200000
36.136732 263.600000 263.600000
37.170130 263.600000 263.600000
38.225389 263.600000 263.600000
39.230965 263.600000 263.600000
40.245064 263.600000 263.600000
41.251772 263.600000 579.200000
42.252767 263.600000 319.600000
43.264625 263.600000 319.600000
44.271312 263.600000 274.800000
45.274269 263.600000 269.200000
46.378230 263.600000 263.600000
47.395517 263.600000 263.600000
48.402281 263.600000 263.600000
49.474675 263.600000 263.600000
50.528782 263.600000 263.600000
51.551215 263.600000 579.200000
52.623298 263.600000 358.800000
53.679644 263.600000 308.400000
54.750769 263.600000 269.200000
55.752188 263.600000 267.200000
56.761765 263.600000 267.200000
57.779477 263.600000 267.200000
58.789390 263.600000 267.200000
59.850185 263.600000 573.600000
60.865372 263.600000 562.400000
61.865913 263.600000 372.000000
62.917733 263.600000 321.600000
63.920254 263.600000 286.000000
64.933255 263.600000 286.000000
65.943746 263.600000 286.000000
66.959467 263.600000 286.000000
67.984709 263.600000 286.000000
69.000090 263.600000 286.000000
70.049140 263.600000 456.000000
71.060470 263.600000 280.400000
72.100589 263.600000 280.400000
73.109766 263.600000 272.800000
74.138904 263.600000 272.800000
75.142005 263.600000 272.800000
76.155710 263.600000 272.800000
77.167855 263.600000 272.800000
78.173339 263.600000 272.800000
79.179967 263.600000 568.000000
80.218953 263.600000 342.000000
81.231305 263.600000 297.200000
82.246418 263.600000 280.400000
83.301400 263.600000 280.400000
84.362929 263.600000 280.400000
85.383135 263.600000 280.400000
86.510126 263.600000 584.800000
87.560256 263.600000 364.400000
88.563278 263.600000 297.200000
89.565135 263.600000 280.400000
90.587716 263.600000 280.400000
91.594750 263.600000 274.800000
92.612644 263.600000 274.800000
93.672604 263.600000 274.800000
94.685901 263.600000 274.800000
95.738508 263.600000 584.800000
96.738560 263.600000 472.800000
97.795058 263.600000 321.600000
98.852275 263.600000 286.000000
99.881719 263.600000 280.400000
100.930351 263.600000 280.400000
101.981063 263.600000 280.400000
102.989466 263.600000 280.400000
103.991674 263.600000 280.400000
105.061392 263.600000 280.400000
106.112002 263.600000 571.600000
107.204877 263.600000 364.400000
108.228274 263.600000 297.200000
109.231640 263.600000 286.000000
110.262364 263.600000 286.000000
111.291306 263.600000 286.000000
112.555210 263.600000 596.000000
113.573673 263.600000 325.200000
114.582065 263.600000 325.200000
115.583963 263.600000 297.200000
116.601167 263.600000 291.600000
117.617028 263.600000 286.000000
118.627223 263.600000 274.800000
119.633171 263.600000 274.800000
120.644092 263.600000 274.800000
121.646607 263.600000 274.800000
122.678835 263.600000 274.800000
123.678940 263.600000 274.800000
124.769510 263.600000 528.800000
125.773205 263.600000 330.800000
126.821801 263.600000 291.600000
127.848352 263.600000 269.200000
128.851811 263.600000 263.600000
129.852445 258.000000 258.000000
130.853581 258.000000 258.000000
131.858125 258.000000 258.000000
132.868959 258.000000 258.000000
133.896599 258.000000 258.000000
134.938758 258.000000 375.600000
135.971598 258.000000 314.000000
136.982610 258.000000 297.200000
137.992070 258.000000 274.800000
139.014549 258.000000 274.800000
140.035213 258.000000 274.800000
141.056379 258.000000 274.800000
142.122119 258.000000 274.800000
143.163956 258.000000 573.600000
144.186082 258.000000 314.000000
145.220525 258.000000 314.000000
146.235872 258.000000 274.800000
147.246848 258.000000 274.800000
148.297406 258.000000 263.600000
149.301802 258.000000 263.600000
150.349063 258.000000 263.600000
151.360458 258.000000 263.600000
152.463895 258.000000 640.800000
153.528566 258.000000 364.400000
154.540194 258.000000 330.800000
155.609564 258.000000 269.200000
156.642226 258.000000 269.200000
157.654074 258.000000 269.200000
158.708792 258.000000 269.200000
159.720271 258.000000 269.200000
160.745898 258.000000 573.600000
161.809894 258.000000 461.600000
162.815119 258.000000 297.200000
163.877012 258.000000 278.400000
164.928697 258.000000 274.800000
165.988982 258.000000 269.200000
167.001793 258.000000 269.200000
168.008011 258.000000 269.200000
169.008367 258.000000 269.200000
170.031402 258.000000 269.200000
171.056741 258.000000 573.600000
172.078985 258.000000 347.600000
173.080049 258.000000 274.800000
174.083932 258.000000 269.200000
175.096441 258.000000 267.200000
176.109255 258.000000 267.200000
177.115061 258.000000 267.200000
178.118711 258.000000 267.200000
179.126444 258.000000 267.200000
180.129063 258.000000 562.400000
181.174106 258.000000 325.200000
182.185895 258.000000 319.600000
183.253533 258.000000 302.800000
184.259320 258.000000 297.200000
185.271780 258.000000 297.200000
186.282320 258.000000 297.200000
187.296355 258.000000 297.200000
188.303583 258.000000 297.200000
189.305433 258.000000 345.600000
190.313581 258.000000 325.200000
191.317202 258.000000 314.000000
192.329555 258.000000 280.400000
193.338027 258.000000 274.800000
194.354660 258.000000 274.800000
195.368528 258.000000 274.800000
196.392644 258.000000 274.800000
197.398942 258.000000 274.800000
198.410212 258.000000 274.800000
199.418329 258.000000 472.800000
200.447119 258.000000 308.400000
201.463042 258.000000 308.400000
202.474810 258.000000 308.400000
203.489856 258.000000 291.600000
204.500306 258.000000 291.600000
205.522706 258.000000 286.000000
206.526484 258.000000 286.000000
207.528502 258.000000 286.000000
208.532230 258.000000 286.000000
209.542570 258.000000 286.000000
210.555715 258.000000 286.000000
211.612124 258.000000 579.200000
212.632696 258.000000 319.600000
213.644959 258.000000 319.600000
214.650098 258.000000 319.600000
215.708607 258.000000 263.600000
216.712009 258.000000 261.600000
217.712593 258.000000 261.600000
218.729798 258.000000 261.600000
219.787704 258.000000 261.600000
220.799489 258.000000 261.600000
221.832960 258.000000 579.200000
222.862665 258.000000 422.400000
223.866247 258.000000 280.400000
224.884444 258.000000 280.400000
225.926266 258.000000 269.200000
226.933598 258.000000 269.200000
227.952020 258.000000 269.200000
228.954852 258.000000 269.200000
229.959928 258.000000 297.200000
231.000283 258.000000 291.600000
232.013571 258.000000 284.000000
233.027134 258.000000 274.800000
234.037709 258.000000 274.800000
235.048771 258.000000 274.800000
236.053262 258.000000 274.800000
237.069530 258.000000 274.800000
238.081785 258.000000 461.600000
239.082004 258.000000 461.600000
240.091176 258.000000 332.800000
241.103335 258.000000 297.200000
242.143805 258.000000 286.000000
243.158729 258.000000 286.000000
244.191466 258.000000 286.000000
245.193403 258.000000 286.000000
246.210181 258.000000 286.000000
247.213371 258.000000 319.600000
248.273086 258.000000 297.200000
249.288708 258.000000 284.000000
250.293924 258.000000 284.000000
251.320892 258.000000 280.400000
252.322727 258.000000 280.400000
253.349729 258.000000 280.400000
254.404408 258.000000 280.400000
255.407649 258.000000 280.400000
256.422503 258.000000 280.400000
257.432042 258.000000 280.400000
258.441987 258.000000 330.800000
259.444467 258.000000 280.400000
260.449366 258.000000 274.800000
261.469535 258.000000 274.800000
262.490598 258.000000 274.800000
263.531392 258.000000 274.800000
264.697131 258.000000 584.800000
265.758348 258.000000 446.800000
266.821993 258.000000 297.200000
267.830539 258.000000 297.200000
268.848130 258.000000 297.200000
269.887063 258.000000 295.200000
270.907746 258.000000 291.600000
271.908690 258.000000 291.600000
272.918034 258.000000 291.600000
273.949933 258.000000 291.600000
274.957954 258.000000 291.600000
275.965275 258.000000 291.600000
276.967097 258.000000 573.600000
277.977664 258.000000 330.800000
279.046306 258.000000 302.800000
280.106820 258.000000 269.200000
281.125765 258.000000 269.200000
282.136533 258.000000 269.200000
283.160520 258.000000 269.200000
284.178653 258.000000 269.200000
285.246514 258.000000 269.200000
286.281412 258.000000 573.600000
287.309597 258.000000 319.600000
288.311756 258.000000 302.800000
289.351243 258.000000 286.000000
290.419988 258.000000 286.000000
291.454906 258.000000 286.000000
292.499186 258.000000 286.000000
293.575766 258.000000 584.800000
294.602937 258.000000 381.200000
295.622017 258.000000 297.200000
296.699170 258.000000 291.600000
297.740514 258.000000 286.000000
298.746315 258.000000 286.000000
299.778912 258.000000 286.000000
300.816135 258.000000 280.400000
301.824965 258.000000 280.400000
302.894037 258.000000 280.400000
303.896916 258.000000 280.400000
304.897027 258.000000 280.400000
305.958475 258.000000 570.000000
306.960075 258.000000 319.600000
307.966506 258.000000 280.400000
308.972974 258.000000 274.800000
310.025775 258.000000 274.800000
311.064440 258.000000 274.800000
312.125776 258.000000 274.800000
313.381863 258.000000 581.200000
314.410329 258.000000 512.000000
315.417455 258.000000 366.400000
316.428392 258.000000 286.000000
317.442051 258.000000 280.400000
318.504108 258.000000 280.400000
319.510380 258.000000 280.400000
320.515429 258.000000 280.400000
321.525802 258.000000 280.400000
322.542391 258.000000 579.200000
323.598388 258.000000 562.400000
324.648952 258.000000 314.000000
325.664026 258.000000 274.800000
326.709739 258.000000 272.800000
327.746469 258.000000 269.200000
328.759015 258.000000 267.200000
329.765963 258.000000 267.200000
330.813628 258.000000 267.200000
331.823866 258.000000 267.200000
332.848861 258.000000 267.200000
333.857040 258.000000 267.200000
334.868177 258.000000 495.200000
335.922815 258.000000 394.400000
336.929325 258.000000 319.600000
337.953648 258.000000 278.400000
338.954817 258.000000 274.800000
339.975684 258.000000 274.800000
340.981974 258.000000 274.800000
342.003524 258.000000 274.800000
343.017578 258.000000 274.800000
344.030981 258.000000 274.800000
345.039797 258.000000 573.600000
346.042357 258.000000 405.600000
347.050627 258.000000 319.600000
348.054193 258.000000 319.600000
349.054928 258.000000 297.200000
350.058060 258.000000 297.200000
351.081111 258.000000 297.200000
352.081143 258.000000 297.200000
353.086832 258.000000 297.200000
354.130758 258.000000 297.200000
355.304137 258.000000 575.600000
356.343892 258.000000 568.000000
357.350154 258.000000 489.600000
358.388919 258.000000 280.400000
359.399992 258.000000 280.400000
360.434104 258.000000 280.400000
361.478782 258.000000 274.800000
362.484459 258.000000 274.800000
363.536245 258.000000 274.800000
364.551883 258.000000 274.800000
365.599954 258.000000 274.800000
366.669695 258.000000 274.800000
367.769621 258.000000 575.600000
368.789819 258.000000 534.400000
369.841783 258.000000 314.000000
370.843799 258.000000 297.200000
371.852724 258.000000 291.600000
372.854868 258.000000 291.600000
373.911773 258.000000 291.600000
374.923870 258.000000 291.600000
375.932261 258.000000 291.600000
376.933868 258.000000 291.600000
378.168081 258.000000 579.200000
379.198041 258.000000 472.800000
380.251123 258.000000 297.200000
381.254065 258.000000 286.000000
382.275279 258.000000 286.000000
383.303298 258.000000 286.000000
384.321660 258.000000 286.000000
385.391024 258.000000 280.400000
386.414456 258.000000 280.400000
387.459946 258.000000 280.400000
388.464974 258.000000 280.400000
389.517860 258.000000 280.400000
390.527124 258.000000 568.000000
391.529735 258.000000 521.200000
392.547322 258.000000 377.600000
393.605913 258.000000 291.600000
394.615540 258.000000 286.000000
395.620550 258.000000 280.400000
396.665390 258.000000 280.400000
397.672203 258.000000 280.400000
398.695792 258.000000 280.400000
399.697836 258.000000 280.400000
400.709915 258.000000 568.000000
401.710083 258.000000 314.000000
402.717065 258.000000 297.200000
403.724874 258.000000 280.400000
404.730418 258.000000 280.400000
405.735995 258.000000 280.400000
406.761691 258.000000 280.400000
407.770550 258.000000 280.400000
408.812149 258.000000 579.200000
409.869244 258.000000 551.200000
410.912137 258.000000 319.600000
411.986717 258.000000 280.400000
412.998560 246.800000 246.800000
414.015813 244.800000 244.800000
415.016594 244.800000 244.800000
416.017180 244.800000 244.800000
417.017889 244.800000 244.800000
418.018960 244.800000 244.800000
419.030455 244.800000 308.400000
420.056319 244.800000 274.800000
421.076497 244.800000 269.200000
422.089288 244.800000 269.200000
423.098133 244.800000 269.200000
424.148361 244.800000 263.600000
425.187649 244.800000 263.600000
426.189623 244.800000 263.600000
427.197893 244.800000 263.600000
428.202667 244.800000 263.600000
429.223914 244.800000 263.600000
430.277486 244.800000 454.000000
431.284696 244.800000 347.600000
432.289050 244.800000 291.600000
433.340731 244.800000 291.600000
434.360316 244.800000 286.000000
435.380054 244.800000 286.000000
436.403834 244.800000 286.000000
437.422581 244.800000 286.000000
438.481572 244.800000 286.000000
439.714754 244.800000 584.800000
440.721576 244.800000 342.000000
441.728776 244.800000 325.200000
442.779775 244.800000 280.400000
443.804805 244.800000 269.200000
444.824320 244.800000 269.200000
445.831979 244.800000 269.200000
446.849906 244.800000 269.200000
447.923876 244.800000 570.000000
448.930738 244.800000 358.800000
449.936326 244.800000 286.000000
450.940114 244.800000 280.400000
451.958715 244.800000 263.600000
452.976522 244.800000 263.600000
454.006764 244.800000 263.600000
455.010347 244.800000 263.600000
456.020299 244.800000 263.600000
457.036904 244.800000 573.600000
458.104507 244.800000 347.600000
459.159278 244.800000 314.000000
460.159728 244.800000 297.200000
461.160613 244.800000 297.200000
462.197050 244.800000 297.200000
463.201419 244.800000 297.200000
464.213069 244.800000 297.200000
465.225845 244.800000 297.200000
466.292170 244.800000 297.200000
467.313230 244.800000 579.200000
468.368750 244.800000 336.400000
469.437985 244.800000 299.200000
470.454046 244.800000 297.200000
471.457974 244.800000 286.000000
472.476222 244.800000 286.000000
473.488606 244.800000 280.400000
474.489599 244.800000 280.400000
475.545279 244.800000 280.400000
476.555379 244.800000 280.400000
477.561683 244.800000 573.600000
478.584802 244.800000 342.000000
479.590603 244.800000 302.800000
480.596328 244.800000 280.400000
481.596576 244.800000 280.400000
482.604481 244.800000 278.400000
483.605117 244.800000 278.400000
484.628601 244.800000 278.400000
485.654185 244.800000 278.400000
486.677589 244.800000 278.400000
487.842340 244.800000 584.800000
488.854635 244.800000 400.000000
489.873461 244.800000 308.400000
490.891553 244.800000 291.600000
491.932151 244.800000 280.400000
492.941488 244.800000 280.400000
493.947036 244.800000 280.400000
495.123618 244.800000 579.200000
496.145113 244.800000 325.200000
497.145223 244.800000 314.000000
498.146606 244.800000 302.800000
499.178091 244.800000 302.800000
500.202158 244.800000 297.200000
501.217095 244.800000 297.200000
502.218995 244.800000 297.200000
503.245028 244.800000 297.200000
504.332363 244.800000 542.000000
505.337894 244.800000 302.800000
506.367140 244.800000 302.800000
507.384428 244.800000 302.800000
508.402115 244.800000 302.800000
509.406498 244.800000 286.000000
510.413922 244.800000 286.000000
511.419432 244.800000 286.000000
512.425747 244.800000 286.000000
513.446273 244.800000 286.000000
514.448360 244.800000 286.000000
515.477254 244.800000 286.000000
516.479965 244.800000 573.600000
517.480989 244.800000 394.400000
518.497897 244.800000 297.200000
519.525168 244.800000 291.600000
520.543977 244.800000 274.800000
521.608868 244.800000 274.800000
522.609463 244.800000 274.800000
523.635327 244.800000 269.200000
524.637241 244.800000 269.200000
525.685387 244.800000 269.200000
526.694930 244.800000 269.200000
527.695544 244.800000 269.200000
528.752133 244.800000 573.600000
529.778334 244.800000 478.400000
530.789459 244.800000 394.400000
531.799657 244.800000 297.200000
532.802805 244.800000 280.400000
533.819009 244.800000 280.400000
534.870947 244.800000 274.800000
535.873771 244.800000 274.800000
536.877891 244.800000 274.800000
537.896906 244.800000 274.800000
539.155901 244.800000 579.200000
540.162099 244.800000 461.600000
541.199939 244.800000 392.400000
542.235686 244.800000 314.000000
543.247339 244.800000 302.800000
544.268739 244.800000 291.600000
545.271290 244.800000 286.000000
546.280196 244.800000 286.000000
547.297801 244.800000 286.000000
548.309687 244.800000 286.000000
549.314662 244.800000 286.000000
550.322819 244.800000 579.200000
551.403112 244.800000 286.000000
552.464838 244.800000 278.400000
553.541035 244.800000 274.800000
554.572971 244.800000 274.800000
555.588905 244.800000 274.800000
556.604903 244.800000 274.800000
557.608018 244.800000 274.800000
558.612051 244.800000 274.800000
559.686239 244.800000 274.800000
560.779508 244.800000 584.800000
561.813489 244.800000 458.000000
562.872506 244.800000 314.000000
563.942257 244.800000 263.600000
564.950842 244.800000 263.600000
565.962751 244.800000 263.600000
566.970442 244.800000 263.600000
567.989076 244.800000 263.600000
569.075209 244.800000 375.600000
570.100247 244.800000 314.000000
571.180418 244.800000 269.200000
572.184640 244.800000 269.200000
573.194886 244.800000 269.200000
574.212593 244.800000 269.200000
575.229130 244.800000 269.200000
576.237907 244.800000 269.200000
577.253669 244.800000 269.200000
578.295784 244.800000 269.200000
579.326876 244.800000 478.400000
580.330777 244.800000 291.600000
581.351304 244.800000 286.000000
582.362409 244.800000 274.800000
583.430283 244.800000 263.600000
584.434791 244.800000 256.000000
585.448813 244.800000 256.000000
586.469068 244.800000 256.000000
587.510568 244.800000 252.400000
588.576763 244.800000 252.400000
589.592927 244.800000 252.400000
590.598450 244.800000 252.400000
591.607359 244.800000 252.400000
592.663559 244.800000 573.600000
593.670323 244.800000 562.400000
594.685039 244.800000 319.600000
595.743869 244.800000 319.600000
596.763268 244.800000 291.600000
597.774237 244.800000 286.000000
598.779482 244.800000 286.000000
599.783569 244.800000 286.000000
600.808381 244.800000 286.000000
601.837922 244.800000 286.000000
602.841172 244.800000 286.000000
603.845832 244.800000 506.400000
604.853392 244.800000 291.600000
605.855861 244.800000 291.600000
606.861200 244.800000 291.600000
607.876037 244.800000 289.600000
608.876095 244.800000 289.600000
609.878511 244.800000 289.600000
610.886554 244.800000 289.600000
611.900705 244.800000 289.600000
612.976926 244.800000 568.000000
613.991980 244.800000 358.800000
615.065052 244.800000 297.200000
616.084547 244.800000 297.200000
617.099770 244.800000 286.000000
618.116245 244.800000 286.000000
619.191975 244.800000 286.000000
620.208632 244.800000 286.000000
621.229794 244.800000 286.000000
622.406963 244.800000 579.200000
623.411183 244.800000 506.400000
624.439422 244.800000 319.600000
625.441654 244.800000 269.200000
626.442956 244.800000 269.200000
627.443977 244.800000 269.200000
628.447713 244.800000 269.200000
629.506610 244.800000 269.200000
630.689742 244.800000 579.200000
631.716425 244.800000 448.400000
632.718297 244.800000 302.800000
633.727383 244.800000 302.800000
634.743499 244.800000 291.600000
635.754772 244.800000 286.000000
636.798015 244.800000 286.000000
637.825734 244.800000 286.000000
638.836454 244.800000 286.000000
639.851983 244.800000 286.000000
640.942176 244.800000 584.800000
641.951716 244.800000 364.400000
642.972314 244.800000 280.400000
643.973878 244.800000 274.800000
645.005189 244.800000 263.600000
646.017177 244.800000 258.000000
647.040613 244.800000 258.000000
648.060161 244.800000 258.000000
649.079889 244.800000 258.000000
650.105105 244.800000 258.000000
651.146269 244.800000 258.000000
652.165243 244.800000 573.600000
653.174599 244.800000 433.600000
654.185566 244.800000 286.000000
655.203691 244.800000 280.400000
656.220837 244.800000 274.800000
657.229602 244.800000 274.800000
658.235843 244.800000 274.800000
659.244931 244.800000 274.800000
660.269951 244.800000 274.800000
661.401717 244.800000 590.400000
662.410363 244.800000 358.800000
663.471904 244.800000 297.200000
664.485842 244.800000 286.000000
665.522142 244.800000 286.000000
666.541018 244.800000 286.000000
667.572914 244.800000 286.000000
668.581072 244.800000 286.000000
669.603211 244.800000 280.400000
670.610210 244.800000 280.400000
671.631944 244.800000 280.400000
672.651343 244.800000 280.400000
673.663422 244.800000 280.400000
674.690972 244.800000 573.600000
675.742969 244.800000 302.800000
676.756912 244.800000 274.800000
677.757701 244.800000 272.800000
678.758210 244.800000 272.800000
679.826437 244.800000 272.800000
680.903020 244.800000 272.800000
681.911241 244.800000 272.800000
682.916289 244.800000 375.600000
683.979367 244.800000 280.400000
684.987513 244.800000 280.400000
685.995724 244.800000 269.200000
686.996552 244.800000 269.200000
688.015675 244.800000 269.200000
689.025225 244.800000 269.200000
690.033375 244.800000 269.200000
691.077134 244.800000 269.200000
692.105185 244.800000 573.600000
693.120409 244.800000 364.400000
694.139889 244.800000 364.400000
695.161235 244.800000 280.400000
696.172032 244.800000 278.400000
697.177229 244.800000 278.400000
698.197831 244.800000 278.400000
699.202395 244.800000 278.400000
700.217651 244.800000 274.800000
701.257025 244.800000 274.800000
702.271660 244.800000 274.800000
703.316312 244.800000 274.800000
704.360157 244.800000 274.800000
705.378818 244.800000 584.800000
706.405665 244.800000 336.400000
707.416040 244.800000 319.600000
708.420681 244.800000 280.400000
709.429817 244.800000 274.800000
710.443644 244.800000 269.200000
711.446279 244.800000 269.200000
712.487573 244.800000 269.200000
713.502985 244.800000 269.200000
714.515514 244.800000 269.200000
715.518707 244.800000 269.200000
716.522773 244.800000 573.600000
717.547365 244.800000 319.600000
718.559665 244.800000 286.000000
719.577939 244.800000 269.200000
720.600411 244.800000 269.200000
721.635068 244.800000 269.200000
722.635875 244.800000 269.200000
723.636865 244.800000 269.200000
724.885468 244.800000 584.800000
725.971132 244.800000 562.400000
726.976458 244.800000 314.000000
728.008078 244.800000 297.200000
729.043186 244.800000 286.000000
730.047539 244.800000 286.000000
731.047691 244.800000 286.000000
732.063732 244.800000 286.000000
733.070452 244.800000 286.000000
734.073647 244.800000 286.000000
735.098981 244.800000 601.600000
736.104953 244.800000 484.000000
737.160467 244.800000 289.600000
738.187473 244.800000 267.200000
739.250950 244.800000 263.600000
740.259396 244.800000 263.600000
741.308103 244.800000 263.600000
742.363681 244.800000 263.600000
743.428296 244.800000 263.600000
744.450183 244.800000 263.600000
745.479134 244.800000 353.200000
746.479997 244.800000 297.200000
747.502223 244.800000 280.400000
748.503070 244.800000 269.200000
749.570651 244.800000 267.200000
750.578843 244.800000 267.200000
751.616572 244.800000 267.200000
752.618857 244.800000 267.200000
753.645855 244.800000 267.200000
754.688296 244.800000 575.600000
755.700069 244.800000 358.800000
756.760670 244.800000 291.600000
757.776020 244.800000 280.400000
758.779055 244.800000 274.800000
759.844248 244.800000 274.800000
760.846941 244.800000 274.800000
761.849541 244.800000 274.800000
762.866114 244.800000 274.800000
763.876689 244.800000 274.800000
765.016865 244.800000 579.200000
766.073029 244.800000 370.000000
767.079596 244.800000 308.400000
768.085012 244.800000 291.600000
769.148921 244.800000 269.200000
770.163072 244.800000 269.200000
771.167151 244.800000 263.600000
772.179191 244.800000 263.600000
773.215803 244.800000 263.600000
774.219625 244.800000 263.600000
775.230465 244.800000 263.600000
776.239651 244.800000 263.600000
777.258283 244.800000 568.000000
778.280392 244.800000 360.800000
779.291928 244.800000 308.400000
780.301582 244.800000 269.200000
781.320275 244.800000 269.200000
782.327300 244.800000 269.200000
783.328505 244.800000 269.200000
784.334352 244.800000 269.200000
785.337132 244.800000 269.200000
786.338660 244.800000 573.600000
787.364300 244.800000 325.200000
788.384491 244.800000 274.800000
789.420703 244.800000 274.800000
790.425960 244.800000 274.800000
791.440585 244.800000 274.800000
792.461468 244.800000 274.800000
793.487667 244.800000 568.000000
794.548125 244.800000 308.400000
795.588501 244.800000 302.800000
796.602998 244.800000 302.800000
797.608253 244.800000 302.800000
798.636859 244.800000 302.800000
799.643179 244.800000 302.800000
