0.252260 581.200000 581.200000
1.267800 568.000000 568.000000
2.284833 568.000000 568.000000
3.287739 562.400000 562.400000
4.316545 562.400000 562.400000
5.323964 562.400000 564.400000
6.344123 562.400000 564.400000
7.538318 562.400000 575.600000
8.549460 562.400000 568.000000
9.567208 562.400000 568.000000
10.575957 562.400000 562.400000
11.600178 562.400000 562.400000
12.627959 562.400000 562.400000
13.685096 562.400000 562.400000
14.739809 562.400000 579.200000
15.748867 562.400000 566.000000
16.757209 562.400000 566.000000
17.790109 562.400000 566.000000
18.811348 562.400000 566.000000
19.856472 562.400000 568.000000
20.867070 562.400000 562.400000
21.873354 562.400000 562.400000
22.878905 562.400000 562.400000
23.944282 562.400000 568.000000
24.981270 562.400000 568.000000
26.035066 562.400000 568.000000
27.065701 562.400000 601.600000
28.109353 562.400000 562.400000
29.111856 562.400000 562.400000
30.117184 562.400000 562.400000
31.205381 562.400000 579.200000
32.217974 562.400000 568.000000
33.234533 562.400000 566.000000
34.243018 562.400000 566.000000
35.258744 562.400000 566.000000
36.286495 562.400000 568.000000
37.314813 562.400000 568.000000
38.347739 562.400000 566.000000
39.357764 562.400000 566.000000
40.426333 562.400000 566.000000
41.440939 562.400000 570.000000
42.447239 562.400000 564.400000
43.477547 562.400000 564.400000
44.502252 562.400000 564.400000
45.508867 562.400000 562.400000
46.554742 562.400000 562.400000
47.561376 562.400000 562.400000
48.568608 562.400000 562.400000
49.597571 562.400000 579.200000
50.606959 562.400000 568.000000
51.639133 562.400000 562.400000
52.662353 562.400000 562.400000
53.671445 562.400000 562.400000
54.677259 562.400000 573.600000
55.677466 562.400000 562.400000
56.695390 562.400000 562.400000
57.699702 562.400000 562.400000
58.712442 562.400000 562.400000
59.727356 562.400000 562.400000
60.740078 562.400000 568.000000
61.744283 562.400000 568.000000
62.783423 562.400000 568.000000
63.825484 562.400000 568.000000
65.084906 562.400000 579.200000
66.100371 562.400000 562.400000
67.103259 562.400000 562.400000
68.140635 562.400000 562.400000
69.211418 562.400000 562.400000
70.293412 562.400000 579.200000
71.355384 562.400000 568.000000
72.392700 562.400000 564.400000
73.430243 562.400000 564.400000
74.453356 562.400000 564.400000
75.455640 562.400000 573.600000
76.557632 562.400000 564.400000
77.617994 562.400000 564.400000
78.643505 562.400000 564.400000
79.654795 562.400000 564.400000
80.707225 562.400000 562.400000
81.722162 562.400000 562.400000
82.727739 562.400000 562.400000
83.741156 562.400000 562.400000
84.767680 562.400000 562.400000
85.782659 562.400000 573.600000
86.785719 562.400000 570.000000
87.840652 562.400000 566.000000
88.854078 562.400000 566.000000
89.862901 562.400000 566.000000
90.890629 562.400000 575.600000
91.943074 562.400000 566.000000
92.979101 562.400000 566.000000
94.020630 562.400000 562.400000
95.021716 562.400000 562.400000
96.036561 562.400000 562.400000
97.055872 562.400000 575.600000
98.061060 562.400000 564.400000
99.066646 562.400000 562.400000
100.072278 562.400000 562.400000
101.076071 562.400000 562.400000
102.095282 562.400000 562.400000
103.117472 562.400000 568.000000
104.134435 562.400000 562.400000
105.163013 562.400000 562.400000
106.205864 562.400000 562.400000
107.254816 562.400000 562.400000
108.279131 562.400000 562.400000
109.291277 562.400000 562.400000
110.333363 562.400000 562.400000
111.352512 562.400000 562.400000
112.361267 562.400000 573.600000
113.375348 562.400000 566.000000
114.380100 562.400000 566.000000
115.397655 562.400000 566.000000
116.398156 562.400000 566.000000
117.428808 562.400000 568.000000
118.435393 562.400000 568.000000
119.448473 562.400000 568.000000
120.480657 562.400000 568.000000
121.568851 562.400000 579.200000
122.578911 562.400000 566.000000
123.594739 562.400000 566.000000
124.597740 562.400000 566.000000
125.606693 562.400000 566.000000
126.630235 562.400000 568.000000
127.649380 562.400000 566.000000
128.651412 562.400000 566.000000
129.676774 562.400000 566.000000
130.686109 562.400000 581.200000
131.704865 562.400000 564.400000
132.708744 562.400000 562.400000
133.720498 562.400000 562.400000
134.756105 562.400000 573.600000
135.756366 562.400000 566.000000
136.762360 562.400000 566.000000
137.818536 562.400000 566.000000
138.826735 562.400000 579.200000
139.833189 562.400000 568.000000
140.883354 562.400000 568.000000
141.896667 562.400000 568.000000
142.909243 562.400000 573.600000
143.948064 562.400000 568.000000
144.975362 562.400000 566.000000
146.004706 562.400000 566.000000
147.097831 562.400000 629.600000
148.117480 562.400000 566.000000
149.119782 562.400000 562.400000
150.129936 562.400000 562.400000
151.138647 562.400000 562.400000
152.154228 562.400000 568.000000
153.163464 562.400000 562.400000
154.177158 562.400000 562.400000
155.182854 562.400000 562.400000
156.195340 562.400000 562.400000
157.243970 562.400000 562.400000
158.246712 562.400000 562.400000
159.249694 562.400000 562.400000
160.311148 562.400000 564.400000
161.321071 562.400000 562.400000
162.331492 562.400000 562.400000
163.354341 562.400000 562.400000
164.404203 562.400000 573.600000
165.405803 562.400000 568.000000
166.465468 562.400000 568.000000
167.472980 562.400000 568.000000
168.632134 562.400000 584.800000
169.657901 562.400000 562.400000
170.658962 562.400000 562.400000
171.692009 562.400000 562.400000
172.694462 562.400000 568.000000
173.700137 562.400000 564.400000
174.730063 562.400000 564.400000
175.737115 562.400000 562.400000
176.739964 562.400000 562.400000
177.746525 562.400000 562.400000
178.954236 562.400000 579.200000
179.963829 562.400000 568.000000
180.994271 562.400000 564.400000
182.011181 562.400000 564.400000
183.031097 562.400000 564.400000
184.061543 562.400000 564.400000
185.103990 562.400000 568.000000
186.104706 562.400000 568.000000
187.112101 562.400000 566.000000
188.117457 562.400000 566.000000
189.122384 562.400000 566.000000
190.140637 562.400000 566.000000
191.175695 562.400000 562.400000
192.237201 562.400000 562.400000
193.339351 562.400000 579.200000
194.345455 562.400000 564.400000
195.362927 562.400000 562.400000
196.384900 562.400000 562.400000
197.396158 562.400000 562.400000
198.397852 562.400000 562.400000
199.465223 562.400000 573.600000
200.518890 562.400000 568.000000
201.521178 562.400000 568.000000
202.567324 562.400000 564.400000
203.569983 562.400000 562.400000
204.587606 562.400000 562.400000
205.599809 562.400000 562.400000
206.616777 562.400000 579.200000
207.620338 562.400000 566.000000
208.630834 562.400000 564.400000
209.674899 562.400000 564.400000
210.679543 562.400000 573.600000
211.705560 562.400000 566.000000
212.709280 562.400000 562.400000
213.715954 562.400000 562.400000
214.761035 562.400000 579.200000
215.819349 562.400000 568.000000
216.869392 562.400000 568.000000
217.912143 562.400000 568.000000
218.921315 562.400000 568.000000
219.945651 562.400000 564.400000
220.951556 562.400000 562.400000
221.965839 562.400000 562.400000
222.969430 562.400000 562.400000
223.974032 562.400000 562.400000
224.988941 562.400000 573.600000
225.991305 562.400000 568.000000
227.059883 562.400000 568.000000
228.085724 562.400000 568.000000
229.330763 562.400000 601.600000
230.379605 562.400000 566.000000
231.445229 562.400000 566.000000
232.457519 562.400000 566.000000
233.476523 562.400000 566.000000
234.491990 562.400000 568.000000
235.498891 562.400000 568.000000
236.560022 562.400000 568.000000
237.566323 562.400000 568.000000
238.799068 562.400000 573.600000
239.826876 562.400000 564.400000
240.851265 562.400000 562.400000
241.857053 562.400000 562.400000
242.881883 562.400000 562.400000
243.889045 562.400000 568.000000
244.906839 562.400000 562.400000
245.907326 562.400000 562.400000
246.930945 562.400000 562.400000
247.968347 562.400000 573.600000
248.979527 562.400000 568.000000
249.999798 562.400000 566.000000
251.013479 562.400000 566.000000
252.015698 562.400000 566.000000
253.016136 562.400000 566.000000
254.066878 562.400000 568.000000
255.132569 562.400000 566.000000
256.136940 562.400000 566.000000
257.140028 562.400000 566.000000
258.151882 562.400000 562.400000
259.193065 562.400000 562.400000
260.202099 562.400000 562.400000
261.210583 562.400000 562.400000
262.253936 562.400000 566.000000
263.298917 562.400000 566.000000
264.304172 562.400000 566.000000
265.315326 562.400000 566.000000
266.324699 562.400000 566.000000
267.358688 562.400000 568.000000
268.439390 562.400000 566.000000
269.451615 562.400000 562.400000
270.462531 562.400000 562.400000
271.488114 562.400000 562.400000
272.490327 562.400000 566.000000
273.516963 562.400000 566.000000
274.546459 562.400000 566.000000
275.591717 562.400000 566.000000
276.628471 562.400000 564.400000
277.629459 562.400000 564.400000
278.667584 562.400000 564.400000
279.673395 562.400000 564.400000
280.684477 562.400000 579.200000
281.714565 562.400000 562.400000
282.726739 562.400000 562.400000
283.727619 562.400000 562.400000
284.727775 562.400000 562.400000
285.796860 562.400000 571.600000
286.810289 562.400000 562.400000
287.813204 562.400000 562.400000
288.815881 562.400000 562.400000
289.822503 562.400000 562.400000
290.825596 562.400000 568.000000
291.896973 562.400000 568.000000
292.904845 562.400000 568.000000
293.910966 562.400000 568.000000
294.952315 562.400000 568.000000
296.011468 562.400000 566.000000
297.032817 562.400000 562.400000
298.041526 562.400000 562.400000
299.078799 562.400000 562.400000
300.128942 562.400000 562.400000
301.180266 562.400000 596.000000
302.186318 562.400000 566.000000
303.193860 562.400000 562.400000
304.214194 562.400000 562.400000
305.267599 562.400000 573.600000
306.322307 562.400000 568.000000
307.331109 562.400000 568.000000
308.343933 562.400000 568.000000
309.352907 562.400000 568.000000
310.416593 562.400000 570.000000
311.439901 562.400000 562.400000
312.442315 562.400000 562.400000
313.486496 562.400000 562.400000
314.503773 562.400000 562.400000
315.545898 562.400000 568.000000
316.557274 562.400000 566.000000
317.595642 562.400000 562.400000
318.609943 562.400000 562.400000
319.614327 562.400000 562.400000
320.823443 562.400000 573.600000
321.859018 562.400000 568.000000
322.870372 562.400000 566.000000
323.898005 562.400000 566.000000
324.913281 562.400000 566.000000
325.918990 562.400000 579.200000
326.930601 562.400000 568.000000
327.952791 562.400000 566.000000
328.992453 562.400000 566.000000
330.012570 562.400000 566.000000
331.031478 562.400000 573.600000
332.041698 562.400000 568.000000
333.054703 562.400000 568.000000
334.062369 562.400000 568.000000
335.109267 562.400000 568.000000
336.113861 562.400000 566.000000
337.115423 562.400000 566.000000
338.160058 562.400000 566.000000
339.338326 562.400000 573.600000
340.340589 562.400000 568.000000
341.368269 562.400000 568.000000
342.377714 562.400000 568.000000
343.378578 562.400000 568.000000
344.383837 562.400000 568.000000
345.437781 562.400000 566.000000
346.445886 562.400000 566.000000
347.515923 562.400000 566.000000
348.530118 562.400000 568.000000
349.553076 562.400000 568.000000
350.561956 562.400000 568.000000
351.595254 562.400000 568.000000
352.601275 562.400000 562.400000
353.663316 562.400000 562.400000
354.711296 562.400000 562.400000
355.723534 562.400000 562.400000
356.728782 562.400000 568.000000
357.758548 562.400000 566.000000
358.769379 562.400000 566.000000
359.833618 562.400000 566.000000
360.883499 562.400000 573.600000
361.901230 562.400000 568.000000
362.956044 562.400000 564.400000
363.965211 562.400000 564.400000
364.970314 562.400000 564.400000
366.045709 562.400000 586.800000
367.058867 562.400000 568.000000
368.076448 562.400000 566.000000
369.084872 562.400000 566.000000
370.129308 562.400000 566.000000
371.190197 562.400000 573.600000
372.242105 562.400000 562.400000
373.258934 562.400000 562.400000
374.309288 562.400000 562.400000
375.318116 562.400000 562.400000
376.322767 562.400000 573.600000
377.331746 562.400000 566.000000
378.353954 562.400000 566.000000
379.599410 562.400000 581.200000
380.600969 562.400000 568.000000
381.614197 562.400000 568.000000
382.654399 562.400000 568.000000
383.668279 562.400000 566.000000
384.709940 562.400000 566.000000
385.710788 562.400000 566.000000
386.712602 562.400000 566.000000
387.767868 562.400000 566.000000
388.778634 562.400000 568.000000
389.780012 562.400000 568.000000
390.832978 562.400000 568.000000
391.865340 562.400000 568.000000
393.045127 562.400000 579.200000
394.093801 562.400000 570.000000
395.094959 562.400000 566.000000
396.101731 562.400000 566.000000
397.164326 562.400000 566.000000
398.171758 562.400000 566.000000
399.174863 562.400000 568.000000
400.240397 562.400000 566.000000
401.248761 562.400000 566.000000
402.251978 562.400000 566.000000
403.354131 562.400000 584.800000
404.402179 562.400000 566.000000
405.454989 562.400000 566.000000
406.460399 562.400000 566.000000
407.522549 562.400000 566.000000
408.591071 562.400000 584.800000
409.596934 562.400000 566.000000
410.655718 562.400000 566.000000
411.677203 562.400000 566.000000
412.887937 562.400000 579.200000
413.942779 562.400000 566.000000
414.946566 562.400000 566.000000
415.949986 562.400000 564.400000
416.950549 562.400000 564.400000
417.950766 562.400000 562.400000
418.986767 562.400000 562.400000
420.002596 562.400000 562.400000
421.053082 562.400000 573.600000
422.081277 562.400000 566.000000
423.082556 562.400000 566.000000
424.088407 562.400000 566.000000
425.094233 562.400000 568.000000
426.100833 562.400000 566.000000
427.132740 562.400000 566.000000
428.134722 562.400000 566.000000
429.150022 562.400000 562.400000
430.174366 562.400000 562.400000
431.215099 562.400000 562.400000
432.224159 562.400000 562.400000
433.244363 562.400000 573.600000
434.249932 562.400000 568.000000
435.250922 562.400000 568.000000
436.262947 562.400000 568.000000
437.329196 562.400000 573.600000
438.334602 562.400000 566.000000
439.338059 562.400000 566.000000
440.383017 562.400000 566.000000
441.390572 562.400000 579.200000
442.402947 562.400000 568.000000
443.404153 562.400000 566.000000
444.419154 562.400000 566.000000
445.480333 562.400000 566.000000
446.489510 562.400000 566.000000
447.500569 562.400000 573.600000
448.518529 562.400000 566.000000
449.528748 562.400000 566.000000
450.529768 562.400000 566.000000
451.550952 562.400000 566.000000
452.593490 562.400000 579.200000
453.650097 562.400000 568.000000
454.655794 562.400000 568.000000
455.693552 562.400000 568.000000
456.707596 562.400000 568.000000
457.711631 562.400000 568.000000
458.728551 562.400000 568.000000
459.732444 562.400000 568.000000
460.733258 562.400000 568.000000
461.753268 562.400000 568.000000
462.767832 562.400000 564.400000
463.783433 562.400000 564.400000
464.818992 562.400000 564.400000
465.828468 562.400000 564.400000
466.869538 562.400000 566.000000
467.879880 562.400000 566.000000
468.932769 562.400000 566.000000
469.990326 562.400000 566.000000
471.069153 562.400000 579.200000
472.132522 562.400000 568.000000
473.178734 562.400000 566.000000
474.205729 562.400000 566.000000
475.381509 562.400000 601.600000
476.390549 562.400000 564.400000
477.393097 562.400000 562.400000
478.398028 562.400000 562.400000
479.423713 562.400000 562.400000
480.430792 562.400000 571.600000
481.494692 562.400000 568.000000
482.505046 562.400000 562.400000
483.527045 562.400000 562.400000
484.546662 562.400000 562.400000
485.549586 562.400000 573.600000
486.562064 562.400000 566.000000
487.563041 562.400000 566.000000
488.591056 562.400000 566.000000
489.834313 562.400000 584.800000
490.844307 562.400000 568.000000
491.864418 562.400000 566.000000
492.890804 562.400000 566.000000
493.924052 562.400000 566.000000
494.930899 562.400000 566.000000
495.974403 562.400000 573.600000
497.019128 562.400000 568.000000
498.051345 562.400000 568.000000
499.071394 562.400000 568.000000
500.078940 562.400000 566.000000
501.140299 562.400000 566.000000
502.232624 562.400000 584.800000
503.237449 562.400000 564.400000
504.287183 562.400000 562.400000
505.350620 562.400000 562.400000
506.445402 562.400000 575.600000
507.478090 562.400000 568.000000
508.480897 562.400000 562.400000
509.523720 562.400000 562.400000
510.807317 562.400000 584.800000
511.875364 562.400000 568.000000
512.881168 562.400000 564.400000
513.883310 562.400000 564.400000
514.893917 562.400000 562.400000
515.903888 562.400000 562.400000
516.966963 562.400000 562.400000
518.098606 562.400000 640.800000
519.102628 562.400000 568.000000
520.111813 562.400000 566.000000
521.112036 562.400000 566.000000
522.123311 562.400000 566.000000
523.324051 562.400000 579.200000
524.392555 562.400000 566.000000
525.434146 562.400000 566.000000
526.452367 562.400000 566.000000
527.637454 562.400000 579.200000
528.645369 562.400000 566.000000
529.683055 562.400000 566.000000
530.715801 562.400000 566.000000
531.960829 562.400000 575.600000
532.975527 562.400000 568.000000
534.033628 562.400000 568.000000
535.048395 562.400000 568.000000
536.203929 562.400000 573.600000
537.247306 562.400000 566.000000
538.249050 562.400000 566.000000
539.267282 562.400000 566.000000
540.292271 562.400000 575.600000
541.301668 562.400000 568.000000
542.313429 562.400000 566.000000
543.324972 562.400000 566.000000
544.350531 562.400000 566.000000
545.355365 562.400000 566.000000
546.373054 562.400000 571.600000
547.380569 562.400000 566.000000
548.384664 562.400000 566.000000
549.384671 562.400000 566.000000
550.426661 562.400000 571.600000
551.440625 562.400000 562.400000
552.502976 562.400000 562.400000
553.550394 562.400000 562.400000
554.565551 562.400000 573.600000
555.576624 562.400000 566.000000
556.587535 562.400000 566.000000
557.597696 562.400000 566.000000
558.815545 562.400000 584.800000
559.826575 562.400000 568.000000
560.827184 562.400000 566.000000
561.840167 562.400000 566.000000
562.891920 562.400000 566.000000
563.899470 562.400000 568.000000
564.959299 562.400000 568.000000
565.960275 562.400000 568.000000
566.966768 562.400000 568.000000
568.182887 562.400000 579.200000
569.201409 562.400000 562.400000
570.206028 562.400000 562.400000
571.208780 562.400000 562.400000
572.219339 562.400000 562.400000
573.232120 562.400000 570.000000
574.280408 562.400000 564.400000
575.282662 562.400000 564.400000
576.348663 562.400000 564.400000
577.351917 562.400000 568.000000
578.352328 562.400000 568.000000
579.377154 562.400000 566.000000
580.382360 562.400000 562.400000
581.429595 562.400000 562.400000
582.439417 562.400000 562.400000
583.460391 562.400000 573.600000
584.463761 562.400000 562.400000
585.497571 562.400000 562.400000
586.510063 562.400000 562.400000
587.512556 562.400000 579.200000
588.540029 562.400000 568.000000
589.573668 562.400000 568.000000
590.582984 562.400000 568.000000
591.587803 562.400000 568.000000
592.596267 562.400000 566.000000
593.609937 562.400000 562.400000
594.629165 562.400000 562.400000
595.655610 562.400000 562.400000
596.669949 562.400000 568.000000
597.673013 562.400000 568.000000
598.699532 562.400000 562.400000
599.730474 562.400000 562.400000
600.777183 562.400000 562.400000
601.844111 562.400000 562.400000
602.882601 562.400000 568.000000
603.921044 562.400000 564.400000
604.923305 562.400000 564.400000
605.925969 562.400000 564.400000
607.116817 562.400000 573.600000
608.160691 562.400000 562.400000
609.162096 562.400000 562.400000
610.205293 562.400000 562.400000
611.257313 562.400000 562.400000
612.307214 562.400000 575.600000
613.350467 562.400000 562.400000
614.361564 562.400000 562.400000
615.369562 562.400000 562.400000
616.372857 562.400000 562.400000
617.391340 562.400000 568.000000
618.403255 562.400000 566.000000
619.449702 562.400000 566.000000
620.452234 562.400000 566.000000
621.466313 562.400000 562.400000
622.472144 562.400000 562.400000
623.489749 562.400000 562.400000
624.499144 562.400000 562.400000
625.521839 562.400000 573.600000
626.544699 562.400000 566.000000
627.559696 562.400000 562.400000
628.561095 562.400000 562.400000
629.566703 562.400000 573.600000
630.581441 562.400000 568.000000
631.622050 562.400000 568.000000
632.686139 562.400000 568.000000
633.695330 562.400000 568.000000
634.705628 562.400000 568.000000
635.714537 562.400000 566.000000
636.736920 562.400000 566.000000
637.751109 562.400000 566.000000
638.851334 562.400000 579.200000
639.864114 562.400000 566.000000
640.874406 562.400000 566.000000
641.879657 562.400000 566.000000
643.085292 562.400000 612.800000
644.114382 562.400000 562.400000
645.115460 562.400000 562.400000
646.116746 562.400000 562.400000
647.174821 562.400000 562.400000
648.181777 562.400000 573.600000
649.190722 562.400000 566.000000
650.195991 562.400000 562.400000
651.224517 562.400000 562.400000
652.231601 562.400000 568.000000
653.251791 562.400000 564.400000
654.280368 562.400000 562.400000
655.297510 562.400000 562.400000
656.333136 562.400000 562.400000
657.403225 562.400000 562.400000
658.413571 562.400000 568.000000
659.440538 562.400000 568.000000
660.488042 562.400000 568.000000
661.539847 562.400000 568.000000
662.569509 562.400000 568.000000
663.580720 562.400000 564.400000
664.593481 562.400000 564.400000
665.603714 562.400000 573.600000
666.626696 562.400000 568.000000
667.630733 562.400000 568.000000
668.676000 562.400000 579.200000
669.715536 562.400000 566.000000
670.721039 562.400000 562.400000
671.729432 562.400000 562.400000
672.784267 562.400000 568.000000
673.795843 562.400000 566.000000
674.805852 562.400000 566.000000
675.817468 562.400000 566.000000
676.976473 562.400000 579.200000
677.996654 562.400000 568.000000
678.999563 562.400000 568.000000
680.059421 562.400000 568.000000
681.059516 562.400000 568.000000
682.100241 562.400000 568.000000
683.114089 562.400000 568.000000
684.149043 562.400000 564.400000
685.180606 562.400000 564.400000
686.209518 562.400000 564.400000
687.210396 562.400000 564.400000
688.328416 562.400000 575.600000
689.336804 562.400000 566.000000
690.336924 562.400000 566.000000
691.347133 562.400000 566.000000
692.372224 562.400000 566.000000
693.412018 562.400000 579.200000
694.424874 562.400000 566.000000
695.428953 562.400000 566.000000
696.462766 562.400000 566.000000
697.520097 562.400000 566.000000
698.539595 562.400000 568.000000
699.567122 562.400000 562.400000
700.572671 562.400000 562.400000
701.590076 562.400000 562.400000
702.798071 562.400000 579.200000
703.812901 562.400000 570.000000
704.875523 562.400000 566.000000
705.920315 562.400000 566.000000
706.939135 562.400000 566.000000
707.948771 562.400000 568.000000
708.979409 562.400000 568.000000
710.026056 562.400000 568.000000
711.029135 562.400000 568.000000
712.033365 562.400000 568.000000
713.071028 562.400000 568.000000
714.072887 562.400000 568.000000
715.076820 562.400000 568.000000
716.270762 562.400000 584.800000
717.290957 562.400000 564.400000
718.292338 562.400000 564.400000
719.307926 562.400000 564.400000
720.315390 562.400000 564.400000
721.367832 562.400000 573.600000
722.388053 562.400000 568.000000
723.388371 562.400000 568.000000
724.458696 562.400000 568.000000
725.473719 562.400000 568.000000
726.504319 562.400000 568.000000
727.509188 562.400000 564.400000
728.511140 562.400000 564.400000
729.533671 562.400000 564.400000
730.540867 562.400000 564.400000
731.551481 562.400000 570.000000
732.609459 562.400000 568.000000
733.619314 562.400000 568.000000
734.639022 562.400000 568.000000
735.647751 562.400000 579.200000
736.659893 562.400000 566.000000
737.668467 562.400000 566.000000
738.675137 562.400000 566.000000
739.693122 562.400000 564.400000
740.705813 562.400000 564.400000
741.994655 562.400000 612.800000
742.996353 562.400000 568.000000
744.047104 562.400000 562.400000
745.058080 562.400000 562.400000
746.071869 562.400000 562.400000
747.077679 562.400000 562.400000
748.172509 562.400000 575.600000
749.224227 562.400000 568.000000
750.253602 562.400000 566.000000
751.259910 562.400000 564.400000
752.278390 562.400000 564.400000
753.300498 562.400000 564.400000
754.362753 562.400000 584.800000
755.373868 562.400000 566.000000
756.378187 562.400000 566.000000
757.406746 562.400000 566.000000
758.416964 562.400000 566.000000
759.567422 562.400000 579.200000
760.571479 562.400000 568.000000
761.578957 562.400000 568.000000
762.595576 562.400000 568.000000
763.605286 562.400000 568.000000
764.622826 562.400000 568.000000
765.632614 562.400000 568.000000
766.632845 562.400000 562.400000
767.655320 562.400000 562.400000
768.656674 562.400000 562.400000
769.716591 562.400000 562.400000
770.847574 562.400000 581.200000
771.876014 562.400000 566.000000
772.885259 562.400000 566.000000
773.889654 562.400000 566.000000
774.914808 562.400000 573.600000
775.933628 562.400000 568.000000
776.935663 562.400000 568.000000
777.946784 562.400000 568.000000
778.956090 562.400000 568.000000
779.985262 562.400000 579.200000
781.024019 562.400000 562.400000
782.053519 562.400000 562.400000
783.060968 562.400000 562.400000
784.070301 562.400000 562.400000
785.072032 562.400000 579.200000
786.079017 562.400000 566.000000
787.100489 562.400000 564.400000
788.109060 562.400000 562.400000
789.121946 562.400000 562.400000
790.164417 562.400000 562.400000
791.202633 562.400000 562.400000
792.268373 562.400000 573.600000
793.285532 562.400000 564.400000
794.360740 562.400000 562.400000
795.369370 562.400000 562.400000
796.384201 562.400000 562.400000
797.488663 562.400000 601.600000
798.503923 562.400000 568.000000
799.517214 562.400000 568.000000
