0.019227 762.000000 762.000000
1.019824 661.200000 661.200000
2.020033 661.200000 678.000000
3.020191 661.200000 661.200000
4.020812 655.600000 767.600000
5.020944 655.600000 655.600000
6.021080 655.600000 666.800000
7.021452 655.600000 672.400000
8.021660 655.600000 666.800000
9.022358 655.600000 672.400000
10.022714 655.600000 655.600000
11.023667 655.600000 678.000000
12.024128 655.600000 756.400000
13.024235 655.600000 672.400000
14.024696 655.600000 666.800000
15.024975 655.600000 661.200000
16.025663 655.600000 666.800000
17.026620 655.600000 666.800000
18.028027 655.600000 672.400000
19.028213 655.600000 661.200000
20.028384 655.600000 666.800000
21.028671 655.600000 672.400000
22.029294 655.600000 661.200000
23.029748 655.600000 666.800000
24.029798 655.600000 666.800000
25.030814 655.600000 661.200000
26.031813 655.600000 666.800000
27.032143 655.600000 661.200000
28.032428 655.600000 666.800000
29.032627 655.600000 666.800000
30.033152 655.600000 666.800000
31.033252 655.600000 661.200000
32.033367 655.600000 661.200000
33.033457 655.600000 661.200000
34.034040 655.600000 672.400000
35.034221 655.600000 655.600000
36.035056 655.600000 666.800000
37.035552 655.600000 672.400000
38.036220 655.600000 661.200000
39.038480 655.600000 762.000000
40.039351 655.600000 661.200000
41.039454 655.600000 666.800000
42.039710 655.600000 661.200000
43.040352 655.600000 655.600000
44.040916 655.600000 661.200000
45.041219 655.600000 661.200000
46.041824 655.600000 666.800000
47.042141 655.600000 661.200000
48.042527 655.600000 666.800000
49.042703 655.600000 661.200000
50.042839 655.600000 672.400000
51.043018 655.600000 661.200000
52.043137 655.600000 666.800000
53.043534 655.600000 655.600000
54.043638 655.600000 655.600000
55.043708 655.600000 661.200000
56.046721 655.600000 756.400000
57.047426 655.600000 655.600000
58.047446 655.600000 666.800000
59.048049 655.600000 672.400000
60.048308 655.600000 666.800000
61.048982 655.600000 666.800000
62.049014 655.600000 661.200000
63.049073 655.600000 666.800000
64.049301 655.600000 661.200000
65.049533 655.600000 672.400000
66.051401 655.600000 767.600000
67.051662 655.600000 666.800000
68.051950 655.600000 661.200000
69.052317 655.600000 661.200000
70.052742 655.600000 661.200000
71.055884 655.600000 767.600000
72.056210 655.600000 666.800000
73.056316 655.600000 672.400000
74.056333 655.600000 666.800000
75.056975 655.600000 666.800000
76.057211 655.600000 666.800000
77.057896 655.600000 672.400000
78.058727 655.600000 666.800000
79.059040 655.600000 661.200000
80.059085 655.600000 661.200000
81.059416 655.600000 661.200000
82.059681 655.600000 767.600000
83.059873 655.600000 661.200000
84.059986 655.600000 661.200000
85.060104 655.600000 666.800000
86.060149 655.600000 661.200000
87.063716 655.600000 773.200000
88.063955 655.600000 672.400000
89.064473 655.600000 672.400000
90.065085 655.600000 666.800000
91.065348 655.600000 666.800000
92.069357 655.600000 750.800000
93.072269 655.600000 767.600000
94.072436 655.600000 672.400000
95.072842 655.600000 767.600000
96.072906 655.600000 666.800000
97.073726 655.600000 672.400000
98.073782 655.600000 661.200000
99.073792 655.600000 666.800000
100.073848 655.600000 666.800000
101.073948 655.600000 661.200000
102.074072 655.600000 666.800000
103.074653 655.600000 661.200000
104.075370 655.600000 661.200000
105.075371 655.600000 666.800000
106.075594 655.600000 661.200000
107.077852 655.600000 666.800000
108.078526 655.600000 666.800000
109.078958 655.600000 661.200000
110.079142 655.600000 672.400000
111.079451 655.600000 672.400000
112.079460 655.600000 666.800000
113.080107 655.600000 672.400000
114.080502 655.600000 655.600000
115.080631 655.600000 661.200000
116.080725 655.600000 666.800000
117.081111 655.600000 666.800000
118.085170 655.600000 773.200000
119.085173 655.600000 666.800000
120.085204 655.600000 661.200000
121.085384 655.600000 666.800000
122.085640 655.600000 666.800000
123.088415 655.600000 773.200000
124.088734 650.000000 661.200000
125.089170 650.000000 661.200000
126.089251 650.000000 666.800000
127.089991 650.000000 666.800000
128.090629 650.000000 666.800000
129.090898 650.000000 661.200000
130.091252 650.000000 666.800000
131.091291 650.000000 666.800000
132.091571 650.000000 655.600000
133.091814 650.000000 672.400000
134.092239 650.000000 661.200000
135.092316 650.000000 655.600000
136.092784 650.000000 666.800000
137.092892 650.000000 666.800000
138.092913 650.000000 661.200000
139.093002 650.000000 672.400000
140.093010 650.000000 661.200000
141.093787 650.000000 678.000000
142.094356 650.000000 661.200000
143.098234 650.000000 773.200000
144.098801 650.000000 672.400000
145.099335 650.000000 655.600000
146.099542 650.000000 773.200000
147.099960 650.000000 666.800000
148.100420 650.000000 666.800000
149.100923 650.000000 773.200000
150.100992 650.000000 661.200000
151.101321 650.000000 661.200000
152.101495 650.000000 661.200000
153.101634 650.000000 666.800000
154.101653 650.000000 655.600000
155.101946 650.000000 655.600000
156.102666 650.000000 666.800000
157.103404 650.000000 661.200000
158.109407 650.000000 762.000000
159.109962 650.000000 672.400000
160.110590 650.000000 672.400000
161.110827 650.000000 672.400000
162.111311 650.000000 666.800000
163.111347 650.000000 661.200000
164.112184 650.000000 773.200000
165.112685 650.000000 661.200000
166.112990 650.000000 666.800000
167.113127 650.000000 666.800000
168.113384 650.000000 666.800000
169.114016 650.000000 655.600000
170.119126 650.000000 773.200000
171.119540 650.000000 655.600000
172.120226 650.000000 666.800000
173.120433 650.000000 661.200000
174.122248 650.000000 745.200000
175.122287 650.000000 661.200000
176.122490 650.000000 661.200000
177.122667 650.000000 666.800000
178.123002 650.000000 661.200000
179.123647 650.000000 666.800000
180.124277 650.000000 672.400000
181.124628 650.000000 661.200000
182.124835 650.000000 655.600000
183.124853 650.000000 778.800000
184.125285 650.000000 666.800000
185.125497 650.000000 666.800000
186.126149 650.000000 666.800000
187.126560 650.000000 661.200000
188.126982 650.000000 666.800000
189.127003 650.000000 661.200000
190.127656 650.000000 666.800000
191.127876 650.000000 666.800000
192.128273 650.000000 661.200000
193.128700 650.000000 666.800000
194.129200 650.000000 666.800000
195.129202 650.000000 666.800000
196.129463 650.000000 666.800000
197.129483 650.000000 666.800000
198.129718 650.000000 666.800000
199.130154 650.000000 661.200000
200.130531 650.000000 666.800000
201.131267 650.000000 666.800000
202.131739 650.000000 762.000000
203.132309 650.000000 655.600000
204.132356 650.000000 666.800000
205.132550 650.000000 661.200000
206.132791 650.000000 672.400000
207.132988 650.000000 666.800000
208.133443 650.000000 661.200000
209.133465 650.000000 672.400000
210.136446 650.000000 767.600000
211.136490 650.000000 661.200000
212.136736 650.000000 666.800000
213.136741 650.000000 661.200000
214.137066 650.000000 661.200000
215.138537 650.000000 661.200000
216.138652 650.000000 661.200000
217.139413 650.000000 672.400000
218.139941 650.000000 666.800000
219.140505 650.000000 672.400000
220.141443 650.000000 661.200000
221.141577 650.000000 666.800000
222.142094 650.000000 650.000000
223.142576 650.000000 666.800000
224.142675 650.000000 666.800000
225.142846 650.000000 666.800000
226.143004 650.000000 661.200000
227.143446 650.000000 666.800000
228.144023 650.000000 655.600000
229.144934 650.000000 750.800000
230.145155 650.000000 655.600000
231.145534 650.000000 666.800000
232.145611 650.000000 655.600000
233.146189 650.000000 666.800000
234.146763 650.000000 661.200000
235.146861 650.000000 661.200000
236.147415 650.000000 672.400000
237.147439 650.000000 666.800000
238.147887 650.000000 661.200000
239.148195 650.000000 672.400000
240.148301 650.000000 661.200000
241.149038 650.000000 661.200000
242.149176 650.000000 661.200000
243.149648 650.000000 773.200000
244.149662 650.000000 661.200000
245.150086 650.000000 655.600000
246.150529 650.000000 666.800000
247.150629 650.000000 661.200000
248.151201 650.000000 666.800000
249.151741 650.000000 655.600000
250.151994 650.000000 666.800000
251.152148 650.000000 661.200000
252.152263 650.000000 661.200000
253.152627 650.000000 672.400000
254.152999 650.000000 666.800000
255.153746 650.000000 666.800000
256.154438 650.000000 666.800000
257.154641 650.000000 661.200000
258.155467 650.000000 661.200000
259.156282 650.000000 672.400000
260.156296 650.000000 666.800000
261.156642 650.000000 672.400000
262.156756 650.000000 666.800000
263.157349 650.000000 661.200000
264.161188 650.000000 773.200000
265.161681 650.000000 666.800000
266.163158 650.000000 773.200000
267.163675 650.000000 745.200000
268.163864 650.000000 672.400000
269.164294 650.000000 661.200000
270.165797 650.000000 773.200000
271.166285 650.000000 661.200000
272.166755 650.000000 666.800000
273.172183 650.000000 773.200000
274.172712 650.000000 678.000000
275.172944 650.000000 666.800000
276.173749 650.000000 666.800000
277.176091 650.000000 773.200000
278.176645 650.000000 666.800000
279.177612 650.000000 666.800000
280.183107 650.000000 778.800000
281.183194 650.000000 661.200000
282.183285 650.000000 661.200000
283.183385 650.000000 661.200000
284.183675 650.000000 666.800000
285.183829 650.000000 655.600000
286.184347 650.000000 666.800000
287.184633 650.000000 661.200000
288.184871 650.000000 672.400000
289.185277 650.000000 661.200000
290.185508 650.000000 666.800000
291.190147 650.000000 773.200000
292.190404 650.000000 678.000000
293.190696 650.000000 666.800000
294.190734 650.000000 666.800000
295.190868 650.000000 655.600000
296.191328 650.000000 661.200000
297.192066 650.000000 661.200000
298.192590 650.000000 767.600000
299.193073 650.000000 661.200000
300.193137 650.000000 661.200000
301.193548 650.000000 666.800000
302.194117 650.000000 767.600000
303.194242 650.000000 672.400000
304.194554 650.000000 661.200000
305.194985 650.000000 655.600000
306.195739 650.000000 666.800000
307.196345 650.000000 666.800000
308.196866 650.000000 661.200000
309.196899 650.000000 661.200000
310.197422 650.000000 661.200000
311.197868 650.000000 666.800000
312.203915 650.000000 773.200000
313.204468 650.000000 666.800000
314.204648 650.000000 767.600000
315.205149 650.000000 666.800000
316.205896 650.000000 661.200000
317.206450 650.000000 666.800000
318.206699 650.000000 661.200000
319.206874 650.000000 666.800000
320.206892 650.000000 666.800000
321.207366 650.000000 661.200000
322.208173 650.000000 672.400000
323.208523 650.000000 666.800000
324.211906 650.000000 767.600000
325.212153 650.000000 666.800000
326.212223 650.000000 661.200000
327.212444 650.000000 767.600000
328.212679 650.000000 661.200000
329.212870 650.000000 678.000000
330.212970 650.000000 661.200000
331.215381 650.000000 672.400000
332.215441 650.000000 661.200000
333.215585 650.000000 666.800000
334.216055 650.000000 666.800000
335.216517 650.000000 666.800000
336.216530 650.000000 666.800000
337.217179 650.000000 666.800000
338.217954 650.000000 672.400000
339.217974 650.000000 773.200000
340.218422 650.000000 666.800000
341.218487 650.000000 661.200000
342.219001 650.000000 655.600000
343.219151 650.000000 672.400000
344.219638 650.000000 678.000000
345.220049 650.000000 661.200000
346.220394 650.000000 666.800000
347.220487 650.000000 672.400000
348.220670 650.000000 661.200000
349.220965 650.000000 678.000000
350.221074 650.000000 661.200000
351.221891 650.000000 661.200000
352.222077 650.000000 666.800000
353.224957 650.000000 767.600000
354.225447 650.000000 661.200000
355.225896 650.000000 672.400000
356.226473 650.000000 666.800000
357.226557 650.000000 666.800000
358.226683 650.000000 762.000000
359.227469 650.000000 672.400000
360.227562 650.000000 666.800000
361.227840 650.000000 678.000000
362.228520 650.000000 672.400000
363.228693 650.000000 655.600000
364.229414 650.000000 666.800000
365.230143 650.000000 666.800000
366.230845 650.000000 666.800000
367.230913 650.000000 661.200000
368.236726 650.000000 773.200000
369.236977 650.000000 661.200000
370.237339 650.000000 655.600000
371.237887 650.000000 666.800000
372.238168 650.000000 666.800000
373.238999 650.000000 666.800000
374.239002 650.000000 672.400000
375.239154 650.000000 666.800000
376.239545 650.000000 661.200000
377.239604 650.000000 661.200000
378.239707 650.000000 661.200000
379.240554 650.000000 666.800000
380.240665 650.000000 661.200000
381.243291 650.000000 700.400000
382.243502 650.000000 666.800000
383.243868 650.000000 778.800000
384.244597 650.000000 666.800000
385.244774 650.000000 666.800000
386.244831 650.000000 666.800000
387.245295 650.000000 661.200000
388.245321 650.000000 666.800000
389.245829 650.000000 672.400000
390.246168 650.000000 666.800000
391.248806 650.000000 778.800000
392.249379 650.000000 661.200000
393.249959 650.000000 672.400000
394.250044 650.000000 745.200000
395.250374 650.000000 672.400000
396.257478 650.000000 767.600000
397.257804 650.000000 666.800000
398.257879 650.000000 666.800000
399.257964 650.000000 661.200000
400.258234 650.000000 666.800000
401.265629 650.000000 778.800000
402.266443 650.000000 661.200000
403.266867 650.000000 661.200000
404.267213 650.000000 661.200000
405.267831 650.000000 661.200000
406.268241 650.000000 661.200000
407.268546 650.000000 655.600000
408.275731 650.000000 728.400000
409.276016 650.000000 661.200000
410.276700 650.000000 666.800000
411.277282 650.000000 661.200000
412.278348 650.000000 666.800000
413.278412 650.000000 666.800000
414.280040 650.000000 666.800000
415.280434 650.000000 661.200000
416.281084 650.000000 661.200000
417.281114 650.000000 655.600000
418.283093 650.000000 750.800000
419.283337 650.000000 661.200000
420.283945 650.000000 661.200000
421.284301 650.000000 672.400000
422.287172 650.000000 778.800000
423.287614 650.000000 672.400000
424.288238 650.000000 750.800000
425.288268 650.000000 655.600000
426.288288 650.000000 666.800000
427.288528 650.000000 666.800000
428.289097 650.000000 666.800000
429.289249 650.000000 666.800000
430.290003 650.000000 666.800000
431.290415 650.000000 666.800000
432.290461 650.000000 672.400000
433.290760 650.000000 655.600000
434.291405 650.000000 666.800000
435.291774 650.000000 661.200000
436.291969 650.000000 672.400000
437.292576 650.000000 666.800000
438.292620 650.000000 661.200000
439.292646 650.000000 661.200000
440.292784 650.000000 661.200000
441.292960 650.000000 767.600000
442.293036 650.000000 666.800000
443.293334 650.000000 661.200000
444.295553 650.000000 666.800000
445.295965 650.000000 655.600000
446.299509 650.000000 767.600000
447.299566 650.000000 655.600000
448.299600 650.000000 666.800000
449.299733 650.000000 666.800000
450.300043 650.000000 655.600000
451.300478 650.000000 666.800000
452.305836 650.000000 767.600000
453.306569 650.000000 661.200000
454.307481 650.000000 661.200000
455.308219 650.000000 666.800000
456.308676 650.000000 661.200000
457.308718 650.000000 672.400000
458.308974 650.000000 666.800000
459.309249 650.000000 672.400000
460.309423 650.000000 661.200000
461.309574 650.000000 666.800000
462.309720 650.000000 666.800000
463.310398 650.000000 661.200000
464.310497 650.000000 661.200000
465.311096 650.000000 661.200000
466.311410 650.000000 672.400000
467.313770 650.000000 778.800000
468.314230 650.000000 666.800000
469.314372 650.000000 666.800000
470.314557 650.000000 666.800000
471.315299 650.000000 661.200000
472.318542 650.000000 672.400000
473.318954 650.000000 773.200000
474.319065 650.000000 672.400000
475.319888 650.000000 773.200000
476.320622 650.000000 661.200000
477.320743 650.000000 655.600000
478.321415 650.000000 672.400000
479.321653 650.000000 661.200000
480.322103 650.000000 666.800000
481.322109 650.000000 666.800000
482.322740 650.000000 666.800000
483.322939 650.000000 666.800000
484.323675 650.000000 661.200000
485.324226 650.000000 666.800000
486.324408 650.000000 655.600000
487.325263 650.000000 745.200000
488.325507 650.000000 672.400000
489.328286 650.000000 678.000000
490.328753 650.000000 666.800000
491.329178 650.000000 666.800000
492.329628 650.000000 666.800000
493.329659 650.000000 666.800000
494.329868 650.000000 666.800000
495.330238 650.000000 661.200000
496.330976 650.000000 666.800000
497.331170 650.000000 661.200000
498.333501 650.000000 773.200000
499.333690 650.000000 666.800000
500.333752 650.000000 661.200000
501.334099 650.000000 672.400000
502.334274 650.000000 661.200000
503.334388 650.000000 767.600000
504.334776 650.000000 666.800000
505.334985 650.000000 745.200000
506.335220 650.000000 666.800000
507.335465 650.000000 666.800000
508.335497 650.000000 672.400000
509.335949 650.000000 672.400000
510.337689 650.000000 767.600000
511.337948 650.000000 666.800000
512.338552 650.000000 678.000000
513.339055 650.000000 661.200000
514.341097 650.000000 678.000000
515.341656 650.000000 666.800000
516.341668 650.000000 666.800000
517.342570 650.000000 666.800000
518.343198 650.000000 666.800000
519.343844 650.000000 666.800000
520.344265 650.000000 666.800000
521.344297 650.000000 666.800000
522.344741 650.000000 773.200000
523.344987 650.000000 661.200000
524.345806 650.000000 672.400000
525.346498 650.000000 672.400000
526.347160 650.000000 773.200000
527.347365 650.000000 666.800000
528.347755 650.000000 672.400000
529.347904 650.000000 666.800000
530.348204 650.000000 655.600000
531.348279 650.000000 666.800000
532.348383 650.000000 661.200000
533.348445 650.000000 666.800000
534.348593 650.000000 762.000000
535.348817 650.000000 678.000000
536.349040 650.000000 661.200000
537.349330 650.000000 672.400000
538.349488 650.000000 661.200000
539.350184 650.000000 666.800000
540.350488 650.000000 661.200000
541.350621 650.000000 661.200000
542.351058 650.000000 661.200000
543.351516 650.000000 666.800000
544.351670 650.000000 672.400000
545.352099 650.000000 661.200000
546.352614 650.000000 666.800000
547.352884 650.000000 666.800000
548.353561 650.000000 672.400000
549.354174 650.000000 678.000000
550.354433 650.000000 661.200000
551.355156 650.000000 672.400000
552.355257 650.000000 666.800000
553.355355 650.000000 666.800000
554.355878 650.000000 678.000000
555.355905 650.000000 666.800000
556.356495 650.000000 666.800000
557.356810 650.000000 661.200000
558.363123 650.000000 767.600000
559.363714 650.000000 666.800000
560.363979 650.000000 661.200000
561.364686 650.000000 661.200000
562.365380 650.000000 666.800000
563.365976 650.000000 666.800000
564.366610 650.000000 661.200000
565.367270 650.000000 661.200000
566.367462 650.000000 661.200000
567.367497 650.000000 666.800000
568.368652 650.000000 767.600000
569.368745 650.000000 661.200000
570.368892 650.000000 672.400000
571.369115 650.000000 666.800000
572.369673 650.000000 661.200000
573.369897 650.000000 672.400000
574.370248 650.000000 661.200000
575.371070 650.000000 661.200000
576.371382 650.000000 666.800000
577.376584 650.000000 767.600000
578.376760 650.000000 661.200000
579.377376 650.000000 678.000000
580.377615 650.000000 655.600000
581.377828 650.000000 700.400000
582.378087 650.000000 661.200000
583.378502 650.000000 672.400000
584.378568 650.000000 661.200000
585.378699 650.000000 666.800000
586.379313 650.000000 672.400000
587.382149 650.000000 767.600000
588.382464 650.000000 666.800000
589.383432 650.000000 666.800000
590.384202 650.000000 666.800000
591.384979 650.000000 655.600000
592.386473 650.000000 762.000000
593.390652 650.000000 773.200000
594.391568 650.000000 661.200000
595.391719 650.000000 666.800000
596.392078 650.000000 666.800000
597.392449 650.000000 655.600000
598.392579 650.000000 655.600000
599.393066 650.000000 666.800000
600.393685 650.000000 661.200000
601.393787 650.000000 650.000000
602.394804 650.000000 773.200000
603.395037 650.000000 661.200000
604.395310 650.000000 661.200000
605.396007 650.000000 672.400000
606.396054 650.000000 672.400000
607.398898 650.000000 739.600000
608.399049 650.000000 672.400000
609.399177 650.000000 661.200000
610.399721 650.000000 661.200000
611.400121 650.000000 767.600000
612.400516 650.000000 661.200000
613.401185 650.000000 672.400000
614.401345 650.000000 672.400000
615.401850 650.000000 672.400000
616.402523 650.000000 661.200000
617.402599 650.000000 661.200000
618.403073 650.000000 661.200000
619.403104 650.000000 661.200000
620.403123 650.000000 655.600000
621.405469 650.000000 700.400000
622.406025 650.000000 655.600000
623.406038 650.000000 661.200000
624.406791 650.000000 666.800000
625.406907 650.000000 672.400000
626.407683 650.000000 672.400000
627.408161 650.000000 672.400000
628.408239 650.000000 661.200000
629.408458 650.000000 661.200000
630.408846 650.000000 661.200000
631.409135 650.000000 666.800000
632.409293 650.000000 655.600000
633.410128 650.000000 666.800000
634.410150 650.000000 661.200000
635.411109 650.000000 661.200000
636.411416 650.000000 672.400000
637.416367 650.000000 767.600000
638.417011 650.000000 661.200000
639.417532 650.000000 661.200000
640.417747 650.000000 666.800000
641.417814 650.000000 661.200000
642.418329 650.000000 672.400000
643.418469 650.000000 655.600000
644.418735 650.000000 661.200000
645.419290 650.000000 666.800000
646.419958 650.000000 666.800000
647.420344 650.000000 666.800000
648.421135 650.000000 672.400000
649.421357 650.000000 655.600000
650.421492 650.000000 661.200000
651.422031 650.000000 666.800000
652.422092 650.000000 661.200000
653.422303 650.000000 666.800000
654.422917 650.000000 666.800000
655.423060 650.000000 661.200000
656.423338 650.000000 672.400000
657.423446 650.000000 666.800000
658.423492 650.000000 672.400000
659.424028 650.000000 666.800000
660.424414 650.000000 655.600000
661.424670 650.000000 666.800000
662.424824 650.000000 672.400000
663.424930 650.000000 672.400000
664.425265 650.000000 661.200000
665.432184 650.000000 767.600000
666.432720 650.000000 655.600000
667.432860 650.000000 666.800000
668.432887 650.000000 672.400000
669.433306 650.000000 655.600000
670.433702 650.000000 661.200000
671.433967 650.000000 661.200000
672.434127 650.000000 666.800000
673.434509 650.000000 666.800000
674.435156 650.000000 678.000000
675.435652 650.000000 666.800000
676.435855 650.000000 672.400000
677.436238 650.000000 666.800000
678.436633 650.000000 661.200000
679.437103 650.000000 672.400000
680.437425 650.000000 666.800000
681.437632 650.000000 666.800000
682.437736 650.000000 666.800000
683.437900 650.000000 661.200000
684.437917 650.000000 661.200000
685.438063 650.000000 661.200000
686.438088 650.000000 661.200000
687.438578 650.000000 661.200000
688.438881 650.000000 661.200000
689.438905 650.000000 661.200000
690.439089 650.000000 666.800000
691.439885 650.000000 666.800000
692.439922 650.000000 666.800000
693.440376 650.000000 661.200000
694.441152 650.000000 661.200000
695.442253 650.000000 739.600000
696.443463 650.000000 773.200000
697.444146 650.000000 672.400000
698.444467 650.000000 661.200000
699.444659 650.000000 661.200000
700.452555 650.000000 762.000000
701.452671 650.000000 661.200000
702.457892 650.000000 745.200000
703.458013 650.000000 661.200000
704.458087 650.000000 661.200000
705.458461 650.000000 661.200000
706.458855 650.000000 666.800000
707.459429 650.000000 661.200000
708.460066 650.000000 666.800000
709.460433 650.000000 661.200000
710.460923 650.000000 655.600000
711.461429 650.000000 655.600000
712.461694 650.000000 666.800000
713.462694 650.000000 666.800000
714.463275 650.000000 661.200000
715.463568 650.000000 661.200000
716.466750 650.000000 773.200000
717.466995 650.000000 666.800000
718.467284 650.000000 661.200000
719.468170 650.000000 666.800000
720.468253 650.000000 661.200000
721.468813 650.000000 672.400000
722.468999 650.000000 672.400000
723.471890 650.000000 767.600000
724.472508 650.000000 672.400000
725.473042 650.000000 666.800000
726.473377 650.000000 666.800000
727.473842 650.000000 661.200000
728.474049 650.000000 661.200000
729.474219 650.000000 661.200000
730.474892 650.000000 655.600000
731.475054 650.000000 672.400000
732.475808 650.000000 661.200000
733.476011 650.000000 661.200000
734.477917 650.000000 666.800000
735.478240 650.000000 666.800000
736.478241 650.000000 678.000000
737.481849 650.000000 773.200000
738.482074 650.000000 773.200000
739.482654 650.000000 661.200000
740.482920 650.000000 661.200000
741.483280 650.000000 672.400000
742.483564 650.000000 661.200000
743.483859 650.000000 666.800000
744.484226 650.000000 666.800000
745.484905 650.000000 672.400000
746.485354 650.000000 678.000000
747.490653 650.000000 767.600000
748.490817 650.000000 661.200000
749.490825 650.000000 734.000000
750.491157 650.000000 661.200000
751.491525 650.000000 666.800000
752.492291 650.000000 672.400000
753.492358 650.000000 661.200000
754.492846 650.000000 661.200000
755.492937 650.000000 678.000000
756.493201 650.000000 666.800000
757.493228 650.000000 655.600000
758.493318 650.000000 661.200000
759.493361 650.000000 672.400000
760.493525 650.000000 661.200000
761.494236 650.000000 661.200000
762.494244 650.000000 661.200000
763.494620 650.000000 666.800000
764.494981 650.000000 739.600000
765.495687 650.000000 661.200000
766.495966 650.000000 661.200000
767.503088 650.000000 773.200000
768.503413 650.000000 666.800000
769.503788 650.000000 666.800000
770.504641 650.000000 666.800000
771.505021 650.000000 661.200000
772.505639 650.000000 661.200000
773.506294 650.000000 655.600000
774.506921 650.000000 661.200000
775.513163 650.000000 773.200000
776.513400 650.000000 661.200000
777.513520 650.000000 661.200000
778.513726 650.000000 672.400000
779.513735 650.000000 666.800000
780.514190 650.000000 666.800000
781.514450 650.000000 661.200000
782.514902 650.000000 666.800000
783.515263 650.000000 655.600000
784.515525 650.000000 661.200000
785.516133 650.000000 661.200000
786.517268 650.000000 773.200000
787.517355 650.000000 661.200000
788.517909 650.000000 661.200000
789.518642 650.000000 666.800000
790.518982 650.000000 661.200000
791.519070 650.000000 666.800000
792.519875 650.000000 655.600000
793.519954 650.000000 672.400000
794.523181 650.000000 778.800000
795.523184 650.000000 655.600000
796.523357 650.000000 672.400000
797.524943 650.000000 666.800000
798.531821 650.000000 767.600000
799.532389 650.000000 661.200000
