35.467574 498.800000 498.800000
37.307889 498.800000 498.800000
39.060360 403.600000 403.600000
41.001327 403.600000 403.600000
42.905765 403.600000 403.600000
44.324749 403.600000 398.000000
45.525921 398.000000 398.000000
47.323315 398.000000 398.000000
49.390338 398.000000 398.000000
51.748019 398.000000 398.000000
53.785848 398.000000 398.000000
54.915766 398.000000 398.000000
56.644018 398.000000 398.000000
57.695519 398.000000 398.000000
59.043015 398.000000 398.000000
61.094172 398.000000 398.000000
62.940002 398.000000 398.000000
64.046887 398.000000 398.000000
65.299561 398.000000 398.000000
66.936139 398.000000 398.000000
69.294923 398.000000 398.000000
70.563748 398.000000 398.000000
72.507341 398.000000 398.000000
73.668966 398.000000 398.000000
75.016346 398.000000 398.000000
76.198053 398.000000 398.000000
77.716333 398.000000 398.000000
79.170159 398.000000 398.000000
80.506746 398.000000 398.000000
81.806175 398.000000 398.000000
82.824868 398.000000 398.000000
84.310203 398.000000 398.000000
85.576759 398.000000 398.000000
87.420600 398.000000 398.000000
88.843273 398.000000 398.000000
89.905626 398.000000 398.000000
91.725142 398.000000 398.000000
92.921448 398.000000 398.000000
94.255503 398.000000 398.000000
96.215026 398.000000 398.000000
98.242613 398.000000 398.000000
99.910819 398.000000 398.000000
101.127867 398.000000 398.000000
102.540465 398.000000 398.000000
103.764003 398.000000 398.000000
105.147761 398.000000 398.000000
106.257299 398.000000 398.000000
107.433972 398.000000 398.000000
108.618449 398.000000 398.000000
109.774730 398.000000 398.000000
111.172947 398.000000 398.000000
113.228518 398.000000 398.000000
115.293818 398.000000 398.000000
116.711783 398.000000 398.000000
118.936735 398.000000 398.000000
119.941588 398.000000 398.000000
120.981553 398.000000 398.000000
122.351261 398.000000 398.000000
124.142204 398.000000 398.000000
126.091995 398.000000 398.000000
127.846511 398.000000 398.000000
129.687675 398.000000 398.000000
131.064933 398.000000 398.000000
132.694000 398.000000 398.000000
134.416177 398.000000 398.000000
167.831385 398.000000 504.400000
169.329632 398.000000 504.400000
170.808745 398.000000 500.800000
172.347319 398.000000 498.800000
174.586802 398.000000 498.800000
175.715139 398.000000 403.600000
177.170290 398.000000 403.600000
178.947634 398.000000 403.600000
180.046174 398.000000 403.600000
181.230517 398.000000 403.600000
182.607158 398.000000 403.600000
184.764958 398.000000 403.600000
185.799250 398.000000 403.600000
188.006092 398.000000 403.600000
189.184537 398.000000 398.000000
191.424838 398.000000 398.000000
192.837213 398.000000 398.000000
194.514014 398.000000 398.000000
196.437456 398.000000 398.000000
198.392229 398.000000 398.000000
200.661992 398.000000 398.000000
202.947346 398.000000 398.000000
204.030154 398.000000 398.000000
206.197249 398.000000 398.000000
208.162557 398.000000 398.000000
210.458483 398.000000 398.000000
212.806849 398.000000 398.000000
215.375377 398.000000 398.000000
216.507615 398.000000 398.000000
218.615848 398.000000 398.000000
220.581466 398.000000 398.000000
221.630765 398.000000 398.000000
222.841849 398.000000 398.000000
224.556175 398.000000 398.000000
226.463017 398.000000 398.000000
227.849230 398.000000 398.000000
229.073635 398.000000 398.000000
231.102274 398.000000 398.000000
233.146364 398.000000 398.000000
234.340137 398.000000 398.000000
236.237391 398.000000 398.000000
238.367912 398.000000 398.000000
240.330830 398.000000 398.000000
242.391371 398.000000 398.000000
244.543185 398.000000 398.000000
246.082775 398.000000 398.000000
248.402523 398.000000 398.000000
250.664095 398.000000 398.000000
251.884794 398.000000 398.000000
253.843351 398.000000 398.000000
295.585283 398.000000 482.000000
296.800719 398.000000 482.000000
298.423219 398.000000 482.000000
300.279074 398.000000 409.200000
302.874014 398.000000 409.200000
304.799466 398.000000 403.600000
305.920504 398.000000 403.600000
306.986744 398.000000 403.600000
308.530692 398.000000 403.600000
310.187606 398.000000 398.000000
312.270734 398.000000 398.000000
314.079244 398.000000 398.000000
316.658542 398.000000 398.000000
318.782879 398.000000 398.000000
321.203499 398.000000 398.000000
322.631410 398.000000 398.000000
323.763916 398.000000 398.000000
325.405196 398.000000 398.000000
327.534494 398.000000 398.000000
329.028139 398.000000 398.000000
330.980958 398.000000 398.000000
332.036028 398.000000 398.000000
333.656305 398.000000 398.000000
335.838407 398.000000 398.000000
337.211757 398.000000 398.000000
338.308700 398.000000 398.000000
339.602917 398.000000 398.000000
341.180306 398.000000 398.000000
343.201726 398.000000 398.000000
345.687077 398.000000 398.000000
346.849017 398.000000 398.000000
348.273955 398.000000 398.000000
349.493839 398.000000 398.000000
351.005081 398.000000 398.000000
352.513074 398.000000 398.000000
353.708645 398.000000 398.000000
355.217612 398.000000 398.000000
357.170041 398.000000 398.000000
359.076158 398.000000 398.000000
360.111324 398.000000 398.000000
361.547553 398.000000 398.000000
362.714261 398.000000 398.000000
364.402031 398.000000 398.000000
366.316122 398.000000 398.000000
368.264763 398.000000 398.000000
369.554527 398.000000 398.000000
370.926524 398.000000 398.000000
372.122168 398.000000 398.000000
373.524450 398.000000 398.000000
375.887217 398.000000 398.000000
376.903636 398.000000 398.000000
377.951892 398.000000 398.000000
379.459330 398.000000 398.000000
381.407594 398.000000 398.000000
383.369171 398.000000 398.000000
385.286207 398.000000 398.000000
387.597450 398.000000 398.000000
417.919496 398.000000 504.400000
420.151661 398.000000 504.400000
421.276355 398.000000 409.200000
422.674534 398.000000 403.600000
424.833089 398.000000 398.000000
427.122893 398.000000 398.000000
428.329464 398.000000 398.000000
429.812044 398.000000 398.000000
430.820583 398.000000 398.000000
431.846105 398.000000 398.000000
432.976200 398.000000 398.000000
434.458757 398.000000 398.000000
436.584537 398.000000 398.000000
438.984404 398.000000 398.000000
440.144514 398.000000 398.000000
441.807803 398.000000 398.000000
443.927653 398.000000 398.000000
445.956769 398.000000 398.000000
447.534180 398.000000 398.000000
449.382484 398.000000 398.000000
451.358795 398.000000 398.000000
453.857947 398.000000 398.000000
455.021973 398.000000 398.000000
456.537828 398.000000 398.000000
457.799326 398.000000 398.000000
459.529202 398.000000 398.000000
461.829280 398.000000 398.000000
462.872050 398.000000 398.000000
464.036964 398.000000 398.000000
466.135983 398.000000 398.000000
468.050222 398.000000 398.000000
469.400707 398.000000 398.000000
470.625998 398.000000 398.000000
471.855637 398.000000 398.000000
473.354333 398.000000 398.000000
475.409422 398.000000 398.000000
476.588267 398.000000 398.000000
477.952029 398.000000 398.000000
479.768469 398.000000 398.000000
481.731327 398.000000 398.000000
484.102184 398.000000 398.000000
485.324983 398.000000 398.000000
486.585585 398.000000 398.000000
488.433987 398.000000 398.000000
490.524057 398.000000 398.000000
492.362461 398.000000 398.000000
494.620167 398.000000 398.000000
496.523856 398.000000 398.000000
497.557217 398.000000 398.000000
498.761705 398.000000 398.000000
500.491132 398.000000 398.000000
501.555334 398.000000 398.000000
533.208623 398.000000 482.000000
535.278031 398.000000 482.000000
536.775306 398.000000 409.200000
538.022649 398.000000 409.200000
539.797278 398.000000 409.200000
541.220155 398.000000 400.000000
543.273161 398.000000 400.000000
544.408293 398.000000 400.000000
546.441129 398.000000 400.000000
548.480721 398.000000 400.000000
549.742225 398.000000 398.000000
551.730465 398.000000 398.000000
553.777224 398.000000 398.000000
556.155308 398.000000 398.000000
558.109831 398.000000 398.000000
559.160282 398.000000 398.000000
560.330212 398.000000 398.000000
562.495356 398.000000 398.000000
563.562875 398.000000 398.000000
565.119330 398.000000 398.000000
566.203078 398.000000 398.000000
567.912402 398.000000 398.000000
568.985849 398.000000 398.000000
571.086593 398.000000 398.000000
572.139786 398.000000 398.000000
573.199673 398.000000 398.000000
574.841800 398.000000 398.000000
575.922136 398.000000 398.000000
577.982671 398.000000 398.000000
579.027317 398.000000 398.000000
580.485488 398.000000 398.000000
582.363562 398.000000 398.000000
583.586653 398.000000 398.000000
585.255470 398.000000 398.000000
587.156008 398.000000 398.000000
589.031263 398.000000 398.000000
590.907309 398.000000 398.000000
592.817172 398.000000 398.000000
595.117303 398.000000 398.000000
597.364098 398.000000 398.000000
599.579688 398.000000 398.000000
601.500794 398.000000 398.000000
602.610289 398.000000 398.000000
604.656888 398.000000 398.000000
606.920775 398.000000 398.000000
607.960273 398.000000 398.000000
608.965296 398.000000 398.000000
610.443182 398.000000 398.000000
611.813084 398.000000 398.000000
612.924671 398.000000 398.000000
614.221750 398.000000 398.000000
616.700283 398.000000 398.000000
647.744079 398.000000 504.400000
649.039358 398.000000 504.400000
650.366799 398.000000 403.600000
651.587301 398.000000 403.600000
653.302295 398.000000 403.600000
655.280336 398.000000 403.600000
656.505882 398.000000 398.000000
657.620167 398.000000 398.000000
659.169628 398.000000 398.000000
661.001253 398.000000 398.000000
662.373647 398.000000 398.000000
664.508138 398.000000 398.000000
665.850562 398.000000 398.000000
667.049455 398.000000 398.000000
668.100132 398.000000 398.000000
669.554717 398.000000 398.000000
671.402471 398.000000 398.000000
673.738337 398.000000 398.000000
675.622545 398.000000 398.000000
677.752605 398.000000 398.000000
679.725500 398.000000 398.000000
680.956369 398.000000 398.000000
682.048354 398.000000 398.000000
684.123329 398.000000 398.000000
686.023775 398.000000 398.000000
688.382972 398.000000 398.000000
690.311383 398.000000 398.000000
691.990382 398.000000 398.000000
693.010863 398.000000 398.000000
694.348029 398.000000 398.000000
695.635754 398.000000 398.000000
697.270182 398.000000 398.000000
698.632442 398.000000 398.000000
700.286157 398.000000 398.000000
702.315766 398.000000 398.000000
704.227402 398.000000 398.000000
705.544757 398.000000 398.000000
707.220104 398.000000 398.000000
709.102617 398.000000 398.000000
711.017562 398.000000 398.000000
712.296669 398.000000 398.000000
713.298051 398.000000 398.000000
714.552405 398.000000 398.000000
716.509159 398.000000 398.000000
718.501414 398.000000 398.000000
720.951334 398.000000 398.000000
723.288212 398.000000 398.000000
725.627575 398.000000 398.000000
727.506324 398.000000 398.000000
728.536136 398.000000 398.000000
730.204369 398.000000 398.000000
731.953410 398.000000 398.000000
733.801297 398.000000 398.000000
734.820720 398.000000 398.000000
766.012020 398.000000 482.000000
767.099672 398.000000 482.000000
768.824561 398.000000 465.200000
770.644236 398.000000 454.000000
771.805868 398.000000 454.000000
773.300504 398.000000 454.000000
774.546204 398.000000 409.200000
776.601972 398.000000 409.200000
777.863479 398.000000 403.600000
780.267368 398.000000 403.600000
781.455264 398.000000 398.000000
783.249605 398.000000 398.000000
785.200043 398.000000 398.000000
786.577850 398.000000 398.000000
788.327529 398.000000 398.000000
790.606555 398.000000 398.000000
792.940555 398.000000 398.000000
794.327694 398.000000 398.000000
795.378462 398.000000 398.000000
797.016606 398.000000 398.000000
798.896132 398.000000 398.000000
800.372196 398.000000 398.000000
