0.000419 71.200000 71.200000
1.000419 71.200000 71.200000
2.000425 71.200000 71.200000
3.000442 71.200000 71.200000
4.000448 71.200000 71.200000
5.000455 71.200000 71.200000
6.000461 71.200000 71.200000
7.000461 71.200000 71.200000
8.000466 71.200000 71.200000
9.000466 71.200000 71.200000
10.000474 71.200000 71.200000
11.000476 71.200000 71.200000
12.000476 71.200000 71.200000
13.000493 71.200000 71.200000
14.000500 71.200000 71.200000
15.000501 71.200000 71.200000
16.000550 71.200000 71.200000
17.000555 71.200000 71.200000
18.000559 71.200000 71.200000
19.000570 71.200000 71.200000
20.000632 71.200000 71.200000
21.000648 71.200000 71.200000
22.000661 71.200000 71.200000
23.000661 71.200000 71.200000
24.000666 71.200000 71.200000
25.000667 71.200000 71.200000
26.000672 71.200000 71.200000
27.000674 71.200000 71.200000
28.000676 71.200000 71.200000
29.000690 71.200000 71.200000
30.000698 71.200000 71.200000
31.000698 71.200000 71.200000
32.000712 71.200000 71.200000
33.000738 71.200000 71.200000
34.000739 71.200000 71.200000
35.000740 71.200000 71.200000
36.000749 71.200000 71.200000
37.000754 71.200000 71.200000
38.000755 71.200000 71.200000
39.000757 71.200000 71.200000
40.000757 71.200000 71.200000
41.000758 71.200000 71.200000
42.000780 71.200000 71.200000
43.000780 71.200000 71.200000
44.000781 71.200000 71.200000
45.000783 71.200000 71.200000
46.000783 71.200000 71.200000
47.000792 71.200000 71.200000
48.000795 71.200000 71.200000
49.000797 71.200000 71.200000
50.000797 71.200000 71.200000
51.000804 71.200000 71.200000
52.000805 71.200000 71.200000
53.000814 71.200000 71.200000
54.000815 71.200000 71.200000
55.000818 71.200000 71.200000
56.000819 71.200000 71.200000
57.000821 71.200000 71.200000
58.000832 71.200000 71.200000
59.000836 71.200000 71.200000
60.000839 71.200000 71.200000
61.000840 71.200000 71.200000
62.000842 71.200000 71.200000
63.000842 71.200000 71.200000
64.000843 71.200000 71.200000
65.000843 71.200000 71.200000
66.000846 71.200000 71.200000
67.000851 71.200000 71.200000
68.000903 71.200000 71.200000
69.000904 71.200000 71.200000
70.000913 71.200000 71.200000
71.000916 71.200000 71.200000
72.000916 71.200000 71.200000
73.000919 71.200000 71.200000
74.000922 71.200000 71.200000
75.000923 71.200000 71.200000
76.000927 71.200000 71.200000
77.000928 71.200000 71.200000
78.000928 71.200000 71.200000
79.000932 71.200000 71.200000
80.000932 71.200000 71.200000
81.000934 71.200000 71.200000
82.000975 71.200000 71.200000
83.000976 71.200000 71.200000
84.000978 71.200000 71.200000
85.001006 71.200000 71.200000
86.001018 71.200000 71.200000
87.001022 71.200000 71.200000
88.001032 71.200000 71.200000
89.001034 71.200000 71.200000
90.001037 71.200000 71.200000
91.001038 71.200000 71.200000
92.001040 71.200000 71.200000
93.001041 71.200000 71.200000
94.001041 71.200000 71.200000
95.001047 71.200000 71.200000
96.001069 71.200000 71.200000
97.001078 71.200000 71.200000
98.001084 71.200000 71.200000
99.001086 71.200000 71.200000
100.001098 71.200000 71.200000
101.001098 71.200000 71.200000
102.001100 71.200000 71.200000
103.001109 71.200000 71.200000
104.001119 71.200000 71.200000
105.001123 71.200000 71.200000
106.001123 71.200000 71.200000
107.001123 71.200000 71.200000
108.001125 71.200000 71.200000
109.001126 71.200000 71.200000
110.001126 71.200000 71.200000
111.001127 71.200000 71.200000
112.001130 71.200000 71.200000
113.001140 71.200000 71.200000
114.001141 71.200000 71.200000
115.001141 71.200000 71.200000
116.001141 71.200000 71.200000
117.001141 71.200000 71.200000
118.001141 71.200000 71.200000
119.001146 71.200000 71.200000
120.001147 71.200000 71.200000
121.001147 71.200000 71.200000
122.001148 71.200000 71.200000
123.001148 71.200000 71.200000
124.001148 71.200000 71.200000
125.001158 71.200000 71.200000
126.001158 71.200000 71.200000
127.001162 71.200000 71.200000
128.001166 71.200000 71.200000
129.001168 71.200000 71.200000
130.001170 71.200000 71.200000
131.001177 71.200000 71.200000
132.001186 71.200000 71.200000
133.001190 71.200000 71.200000
134.001190 71.200000 71.200000
135.001198 71.200000 71.200000
136.001198 71.200000 71.200000
137.001199 71.200000 71.200000
138.001199 71.200000 71.200000
139.001203 71.200000 71.200000
140.001204 71.200000 71.200000
141.001205 71.200000 71.200000
142.001206 71.200000 71.200000
143.001208 71.200000 71.200000
144.001211 71.200000 71.200000
145.001218 71.200000 71.200000
146.001218 71.200000 71.200000
147.001221 71.200000 71.200000
148.001243 71.200000 71.200000
149.001245 71.200000 71.200000
150.001255 71.200000 71.200000
151.001256 71.200000 71.200000
152.001262 71.200000 71.200000
153.001262 71.200000 71.200000
154.001264 71.200000 71.200000
155.001318 71.200000 71.200000
156.001318 71.200000 71.200000
157.001319 71.200000 71.200000
158.001319 71.200000 71.200000
159.001319 71.200000 71.200000
160.001319 71.200000 71.200000
161.001320 71.200000 71.200000
162.001338 71.200000 71.200000
163.001340 71.200000 71.200000
164.001340 71.200000 71.200000
165.001346 71.200000 71.200000
166.001347 71.200000 71.200000
167.001347 71.200000 71.200000
168.001357 71.200000 71.200000
169.001357 71.200000 71.200000
170.001393 71.200000 71.200000
171.001412 71.200000 71.200000
172.001416 71.200000 71.200000
173.001422 71.200000 71.200000
174.001424 71.200000 71.200000
175.001428 71.200000 71.200000
176.001436 71.200000 71.200000
177.001437 71.200000 71.200000
178.001442 71.200000 71.200000
179.001444 71.200000 71.200000
180.001448 71.200000 71.200000
181.001453 71.200000 71.200000
182.001461 71.200000 71.200000
183.001462 71.200000 71.200000
184.001463 71.200000 71.200000
185.001465 71.200000 71.200000
186.001467 71.200000 71.200000
187.001468 71.200000 71.200000
188.001468 71.200000 71.200000
189.001469 71.200000 71.200000
190.001472 71.200000 71.200000
191.001476 71.200000 71.200000
192.001479 71.200000 71.200000
193.001483 71.200000 71.200000
194.001487 71.200000 71.200000
195.001489 71.200000 71.200000
196.001495 71.200000 71.200000
197.001504 71.200000 71.200000
198.001506 71.200000 71.200000
199.001507 71.200000 71.200000
200.001511 71.200000 71.200000
201.001530 71.200000 71.200000
202.001532 71.200000 71.200000
203.001557 71.200000 71.200000
204.001558 71.200000 71.200000
205.001589 71.200000 71.200000
206.001589 71.200000 71.200000
207.001591 71.200000 71.200000
208.001603 71.200000 71.200000
209.001604 71.200000 71.200000
210.001609 71.200000 71.200000
211.001609 71.200000 71.200000
212.001612 71.200000 71.200000
213.001612 71.200000 71.200000
214.001615 71.200000 71.200000
215.001659 71.200000 71.200000
216.001660 71.200000 71.200000
217.001668 71.200000 71.200000
218.001668 71.200000 71.200000
219.001668 71.200000 71.200000
220.001678 71.200000 71.200000
221.001679 71.200000 71.200000
222.001686 71.200000 71.200000
223.001689 71.200000 71.200000
224.001700 71.200000 71.200000
225.001700 71.200000 71.200000
226.001708 71.200000 71.200000
227.001745 71.200000 71.200000
228.001746 71.200000 71.200000
229.001746 71.200000 71.200000
230.001748 71.200000 71.200000
231.001749 71.200000 71.200000
232.001760 71.200000 71.200000
233.001761 71.200000 71.200000
234.001773 71.200000 71.200000
235.001775 71.200000 71.200000
236.001776 71.200000 71.200000
237.001776 71.200000 71.200000
238.001776 71.200000 71.200000
239.001811 71.200000 71.200000
240.001812 71.200000 71.200000
241.001815 71.200000 71.200000
242.001816 71.200000 71.200000
243.001818 71.200000 71.200000
244.001818 71.200000 71.200000
245.001821 71.200000 71.200000
246.001825 71.200000 71.200000
247.001825 71.200000 71.200000
248.001833 71.200000 71.200000
249.001846 71.200000 71.200000
250.001851 71.200000 71.200000
251.001852 71.200000 71.200000
252.001893 71.200000 71.200000
253.001903 71.200000 71.200000
254.001905 71.200000 71.200000
255.001910 71.200000 71.200000
256.001913 71.200000 71.200000
257.001918 71.200000 71.200000
258.001918 71.200000 71.200000
259.001923 71.200000 71.200000
260.001923 71.200000 71.200000
261.001927 71.200000 71.200000
262.001927 71.200000 71.200000
263.001931 71.200000 71.200000
264.001942 71.200000 71.200000
265.001944 71.200000 71.200000
266.001995 71.200000 71.200000
267.001998 71.200000 71.200000
268.002001 71.200000 71.200000
269.002002 71.200000 71.200000
270.002002 71.200000 71.200000
271.002005 71.200000 71.200000
272.002007 71.200000 71.200000
273.002010 71.200000 71.200000
274.002010 71.200000 71.200000
275.002012 71.200000 71.200000
276.002063 71.200000 71.200000
277.002071 71.200000 71.200000
278.002071 71.200000 71.200000
279.002074 71.200000 71.200000
280.002079 71.200000 71.200000
281.002079 71.200000 71.200000
282.002082 71.200000 71.200000
283.002083 71.200000 71.200000
284.002084 71.200000 71.200000
285.002086 71.200000 71.200000
286.002086 71.200000 71.200000
287.002086 71.200000 71.200000
288.002086 71.200000 71.200000
289.002094 71.200000 71.200000
290.002095 71.200000 71.200000
291.002099 71.200000 71.200000
292.002099 71.200000 71.200000
293.002108 71.200000 71.200000
294.002120 71.200000 71.200000
295.002124 71.200000 71.200000
296.002125 71.200000 71.200000
297.002183 71.200000 71.200000
298.002185 71.200000 71.200000
299.002192 71.200000 71.200000
300.002194 71.200000 71.200000
301.002194 71.200000 71.200000
302.002197 71.200000 71.200000
303.002208 71.200000 71.200000
304.002218 71.200000 71.200000
305.002218 71.200000 71.200000
306.002224 71.200000 71.200000
307.002225 71.200000 71.200000
308.002227 71.200000 71.200000
309.002228 71.200000 71.200000
310.002232 71.200000 71.200000
311.002241 71.200000 71.200000
312.002245 71.200000 71.200000
313.002251 71.200000 71.200000
314.002299 71.200000 71.200000
315.002302 71.200000 71.200000
316.002304 71.200000 71.200000
317.002304 71.200000 71.200000
318.002307 71.200000 71.200000
319.002310 71.200000 71.200000
320.002310 71.200000 71.200000
321.002327 71.200000 71.200000
322.002328 71.200000 71.200000
323.002330 71.200000 71.200000
324.002330 71.200000 71.200000
325.002330 71.200000 71.200000
326.002331 71.200000 71.200000
327.002333 71.200000 71.200000
328.002334 71.200000 71.200000
329.002335 71.200000 71.200000
330.002338 71.200000 71.200000
331.002344 71.200000 71.200000
332.002345 71.200000 71.200000
333.002345 71.200000 71.200000
334.002345 71.200000 71.200000
335.002352 71.200000 71.200000
336.002358 71.200000 71.200000
337.002370 71.200000 71.200000
338.002377 71.200000 71.200000
339.002380 71.200000 71.200000
340.002381 71.200000 71.200000
341.002382 71.200000 71.200000
342.002392 71.200000 71.200000
343.002392 71.200000 71.200000
344.002393 71.200000 71.200000
345.002394 71.200000 71.200000
346.002396 71.200000 71.200000
347.002398 71.200000 71.200000
348.002440 71.200000 71.200000
349.002443 71.200000 71.200000
350.002444 71.200000 71.200000
351.002445 71.200000 71.200000
352.002446 71.200000 71.200000
353.002450 71.200000 71.200000
354.002455 71.200000 71.200000
355.002478 71.200000 71.200000
356.002481 71.200000 71.200000
357.002514 71.200000 71.200000
358.002514 71.200000 71.200000
359.002516 71.200000 71.200000
360.002523 71.200000 71.200000
361.002534 71.200000 71.200000
362.002536 71.200000 71.200000
363.002536 71.200000 71.200000
364.002538 71.200000 71.200000
365.002538 71.200000 71.200000
366.002546 71.200000 71.200000
367.002554 71.200000 71.200000
368.002557 71.200000 71.200000
369.002563 71.200000 71.200000
370.002574 71.200000 71.200000
371.002582 71.200000 71.200000
372.002582 71.200000 71.200000
373.002583 71.200000 71.200000
374.002583 71.200000 71.200000
375.002584 71.200000 71.200000
376.002592 71.200000 71.200000
377.002592 71.200000 71.200000
378.002596 71.200000 71.200000
379.002603 71.200000 71.200000
380.002605 71.200000 71.200000
381.002616 71.200000 71.200000
382.002619 71.200000 71.200000
383.002620 71.200000 71.200000
384.002625 71.200000 71.200000
385.002653 71.200000 71.200000
386.002653 71.200000 71.200000
387.002664 71.200000 71.200000
388.002667 71.200000 71.200000
389.002677 71.200000 71.200000
390.002682 71.200000 71.200000
391.002683 71.200000 71.200000
392.002684 71.200000 71.200000
393.002691 71.200000 71.200000
394.002702 71.200000 71.200000
395.002703 71.200000 71.200000
396.002703 71.200000 71.200000
397.002710 71.200000 71.200000
398.002714 71.200000 71.200000
399.002724 71.200000 71.200000
400.002731 71.200000 71.200000
401.002732 71.200000 71.200000
402.002734 71.200000 71.200000
403.002746 71.200000 71.200000
404.002767 71.200000 71.200000
405.002784 71.200000 71.200000
406.002796 71.200000 71.200000
407.002798 71.200000 71.200000
408.002801 71.200000 71.200000
409.002801 71.200000 71.200000
410.002802 71.200000 71.200000
411.002805 71.200000 71.200000
412.002807 71.200000 71.200000
413.002818 71.200000 71.200000
414.002818 71.200000 71.200000
415.002819 71.200000 71.200000
416.002828 71.200000 71.200000
417.002840 71.200000 71.200000
418.002841 71.200000 71.200000
419.002843 71.200000 71.200000
420.002853 71.200000 71.200000
421.002871 71.200000 71.200000
422.002873 71.200000 71.200000
423.002875 71.200000 71.200000
424.002875 71.200000 71.200000
425.002877 71.200000 71.200000
426.002880 71.200000 71.200000
427.002886 71.200000 71.200000
428.002888 71.200000 71.200000
429.002888 71.200000 71.200000
430.002889 71.200000 71.200000
431.002896 71.200000 71.200000
432.002896 71.200000 71.200000
433.002897 71.200000 71.200000
434.002897 71.200000 71.200000
435.002906 71.200000 71.200000
436.002908 71.200000 71.200000
437.002919 71.200000 71.200000
438.002930 71.200000 71.200000
439.002930 71.200000 71.200000
440.002930 71.200000 71.200000
441.002930 71.200000 71.200000
442.002933 71.200000 71.200000
443.002938 71.200000 71.200000
444.002940 71.200000 71.200000
445.002953 71.200000 71.200000
446.002954 71.200000 71.200000
447.002955 71.200000 71.200000
448.002957 71.200000 71.200000
449.002957 71.200000 71.200000
450.002959 71.200000 71.200000
451.002965 71.200000 71.200000
452.002971 71.200000 71.200000
453.002980 71.200000 71.200000
454.002990 71.200000 71.200000
455.002992 71.200000 71.200000
456.003003 71.200000 71.200000
457.003005 71.200000 71.200000
458.003012 71.200000 71.200000
459.003012 71.200000 71.200000
460.003012 71.200000 71.200000
461.003017 71.200000 71.200000
462.003017 71.200000 71.200000
463.003018 71.200000 71.200000
464.003019 71.200000 71.200000
465.003030 71.200000 71.200000
466.003031 71.200000 71.200000
467.003034 71.200000 71.200000
468.003034 71.200000 71.200000
469.003034 71.200000 71.200000
470.003044 71.200000 71.200000
471.003047 71.200000 71.200000
472.003052 71.200000 71.200000
473.003057 71.200000 71.200000
474.003057 71.200000 71.200000
475.003067 71.200000 71.200000
476.003076 71.200000 71.200000
477.003080 71.200000 71.200000
478.003090 71.200000 71.200000
479.003098 71.200000 71.200000
480.003100 71.200000 71.200000
481.003100 71.200000 71.200000
482.003108 71.200000 71.200000
483.003116 71.200000 71.200000
484.003119 71.200000 71.200000
485.003125 71.200000 71.200000
486.003172 71.200000 71.200000
487.003174 71.200000 71.200000
488.003174 71.200000 71.200000
489.003184 71.200000 71.200000
490.003193 71.200000 71.200000
491.003248 71.200000 71.200000
492.003286 71.200000 71.200000
493.003290 71.200000 71.200000
494.003290 71.200000 71.200000
495.003294 71.200000 71.200000
496.003294 71.200000 71.200000
497.003298 71.200000 71.200000
498.003300 71.200000 71.200000
499.003308 71.200000 71.200000
500.003309 71.200000 71.200000
501.003319 71.200000 71.200000
502.003321 71.200000 71.200000
503.003321 71.200000 71.200000
504.003323 71.200000 71.200000
505.003323 71.200000 71.200000
506.003324 71.200000 71.200000
507.003324 71.200000 71.200000
508.003325 71.200000 71.200000
509.003330 71.200000 71.200000
510.003331 71.200000 71.200000
511.003332 71.200000 71.200000
512.003343 71.200000 71.200000
513.003346 71.200000 71.200000
514.003351 71.200000 71.200000
515.003351 71.200000 71.200000
516.003361 71.200000 71.200000
517.003366 71.200000 71.200000
518.003367 71.200000 71.200000
519.003373 71.200000 71.200000
520.003373 71.200000 71.200000
521.003382 71.200000 71.200000
522.003383 71.200000 71.200000
523.003390 71.200000 71.200000
524.003391 71.200000 71.200000
525.003393 71.200000 71.200000
526.003403 71.200000 71.200000
527.003405 71.200000 71.200000
528.003415 71.200000 71.200000
529.003423 71.200000 71.200000
530.003423 71.200000 71.200000
531.003429 71.200000 71.200000
532.003431 71.200000 71.200000
533.003433 71.200000 71.200000
534.003436 71.200000 71.200000
535.003437 71.200000 71.200000
536.003447 71.200000 71.200000
537.003487 71.200000 71.200000
538.003490 71.200000 71.200000
539.003492 71.200000 71.200000
540.003492 71.200000 71.200000
541.003502 71.200000 71.200000
542.003502 71.200000 71.200000
543.003506 71.200000 71.200000
544.003507 71.200000 71.200000
545.003511 71.200000 71.200000
546.003522 71.200000 71.200000
547.003531 71.200000 71.200000
548.003532 71.200000 71.200000
549.003540 71.200000 71.200000
550.003542 71.200000 71.200000
551.003543 71.200000 71.200000
552.003545 71.200000 71.200000
553.003547 71.200000 71.200000
554.003548 71.200000 71.200000
555.003549 71.200000 71.200000
556.003559 71.200000 71.200000
557.003559 71.200000 71.200000
558.003563 71.200000 71.200000
559.003567 71.200000 71.200000
560.003576 71.200000 71.200000
561.003587 71.200000 71.200000
562.003588 71.200000 71.200000
563.003590 71.200000 71.200000
564.003590 71.200000 71.200000
565.003590 71.200000 71.200000
566.003591 71.200000 71.200000
567.003599 71.200000 71.200000
568.003602 71.200000 71.200000
569.003648 71.200000 71.200000
570.003658 71.200000 71.200000
571.003669 71.200000 71.200000
572.003669 71.200000 71.200000
573.003678 71.200000 71.200000
574.003679 71.200000 71.200000
575.003679 71.200000 71.200000
576.003683 71.200000 71.200000
577.003683 71.200000 71.200000
578.003684 71.200000 71.200000
579.003691 71.200000 71.200000
580.003691 71.200000 71.200000
581.003699 71.200000 71.200000
582.003703 71.200000 71.200000
583.003714 71.200000 71.200000
584.003715 71.200000 71.200000
585.003719 71.200000 71.200000
586.003773 71.200000 71.200000
587.003773 71.200000 71.200000
588.003774 71.200000 71.200000
589.003777 71.200000 71.200000
590.003779 71.200000 71.200000
591.003779 71.200000 71.200000
592.003820 71.200000 71.200000
593.003821 71.200000 71.200000
594.003829 71.200000 71.200000
595.003831 71.200000 71.200000
596.003841 71.200000 71.200000
597.003852 71.200000 71.200000
598.003852 71.200000 71.200000
599.003854 71.200000 71.200000
600.003856 71.200000 71.200000
601.003859 71.200000 71.200000
602.003868 71.200000 71.200000
603.003874 71.200000 71.200000
604.003874 71.200000 71.200000
605.003874 71.200000 71.200000
606.003876 71.200000 71.200000
607.003878 71.200000 71.200000
608.003886 71.200000 71.200000
609.003898 71.200000 71.200000
610.003898 71.200000 71.200000
611.003900 71.200000 71.200000
612.003902 71.200000 71.200000
613.003912 71.200000 71.200000
614.004000 71.200000 71.200000
615.004004 71.200000 71.200000
616.004013 71.200000 71.200000
617.004018 71.200000 71.200000
618.004021 71.200000 71.200000
619.004035 71.200000 71.200000
620.004084 71.200000 71.200000
621.004084 71.200000 71.200000
622.004090 71.200000 71.200000
623.004096 71.200000 71.200000
624.004102 71.200000 71.200000
625.004102 71.200000 71.200000
626.004106 71.200000 71.200000
627.004113 71.200000 71.200000
628.004148 71.200000 71.200000
629.004148 71.200000 71.200000
630.004148 71.200000 71.200000
631.004156 71.200000 71.200000
632.004161 71.200000 71.200000
633.004162 71.200000 71.200000
634.004162 71.200000 71.200000
635.004163 71.200000 71.200000
636.004164 71.200000 71.200000
637.004171 71.200000 71.200000
638.004205 71.200000 71.200000
639.004207 71.200000 71.200000
640.004208 71.200000 71.200000
641.004209 71.200000 71.200000
642.004215 71.200000 71.200000
643.004217 71.200000 71.200000
644.004217 71.200000 71.200000
645.004221 71.200000 71.200000
646.004229 71.200000 71.200000
647.004229 71.200000 71.200000
648.004229 71.200000 71.200000
649.004239 71.200000 71.200000
650.004243 71.200000 71.200000
651.004244 71.200000 71.200000
652.004252 71.200000 71.200000
653.004257 71.200000 71.200000
654.004257 71.200000 71.200000
655.004261 71.200000 71.200000
656.004271 71.200000 71.200000
657.004274 71.200000 71.200000
658.004275 71.200000 71.200000
659.004277 71.200000 71.200000
660.004281 71.200000 71.200000
661.004294 71.200000 71.200000
662.004295 71.200000 71.200000
663.004295 71.200000 71.200000
664.004298 71.200000 71.200000
665.004298 71.200000 71.200000
666.004298 71.200000 71.200000
667.004302 71.200000 71.200000
668.004303 71.200000 71.200000
669.004312 71.200000 71.200000
670.004325 71.200000 71.200000
671.004326 71.200000 71.200000
672.004336 71.200000 71.200000
673.004338 71.200000 71.200000
674.004345 71.200000 71.200000
675.004348 71.200000 71.200000
676.004357 71.200000 71.200000
677.004360 71.200000 71.200000
678.004362 71.200000 71.200000
679.004363 71.200000 71.200000
680.004364 71.200000 71.200000
681.004364 71.200000 71.200000
682.004375 71.200000 71.200000
683.004378 71.200000 71.200000
684.004379 71.200000 71.200000
685.004380 71.200000 71.200000
686.004380 71.200000 71.200000
687.004382 71.200000 71.200000
688.004385 71.200000 71.200000
689.004390 71.200000 71.200000
690.004443 71.200000 71.200000
691.004443 71.200000 71.200000
692.004444 71.200000 71.200000
693.004451 71.200000 71.200000
694.004454 71.200000 71.200000
695.004460 71.200000 71.200000
696.004471 71.200000 71.200000
697.004471 71.200000 71.200000
698.004473 71.200000 71.200000
699.004475 71.200000 71.200000
700.004479 71.200000 71.200000
701.004483 71.200000 71.200000
702.004488 71.200000 71.200000
703.004491 71.200000 71.200000
704.004491 71.200000 71.200000
705.004536 71.200000 71.200000
706.004544 71.200000 71.200000
707.004546 71.200000 71.200000
708.004546 71.200000 71.200000
709.004546 71.200000 71.200000
710.004548 71.200000 71.200000
711.004604 71.200000 71.200000
712.004651 71.200000 71.200000
713.004671 71.200000 71.200000
714.004682 71.200000 71.200000
715.004692 71.200000 71.200000
716.004753 71.200000 71.200000
717.004761 71.200000 71.200000
718.004761 71.200000 71.200000
719.004764 71.200000 71.200000
720.004765 71.200000 71.200000
721.004776 71.200000 71.200000
722.004782 71.200000 71.200000
723.004800 71.200000 71.200000
724.004810 71.200000 71.200000
725.004811 71.200000 71.200000
726.004811 71.200000 71.200000
727.004847 71.200000 71.200000
728.004848 71.200000 71.200000
729.004848 71.200000 71.200000
730.004848 71.200000 71.200000
731.004850 71.200000 71.200000
732.004854 71.200000 71.200000
733.004860 71.200000 71.200000
734.004870 71.200000 71.200000
735.004870 71.200000 71.200000
736.004870 71.200000 71.200000
737.004870 71.200000 71.200000
738.004871 71.200000 71.200000
739.004876 71.200000 71.200000
740.004888 71.200000 71.200000
741.004891 71.200000 71.200000
742.004892 71.200000 71.200000
743.004894 71.200000 71.200000
744.004895 71.200000 71.200000
745.004897 71.200000 71.200000
746.004898 71.200000 71.200000
747.004898 71.200000 71.200000
748.004900 71.200000 71.200000
749.004900 71.200000 71.200000
750.004900 71.200000 71.200000
751.004900 71.200000 71.200000
752.004902 71.200000 71.200000
753.004902 71.200000 71.200000
754.004906 71.200000 71.200000
755.004907 71.200000 71.200000
756.004910 71.200000 71.200000
757.004910 71.200000 71.200000
758.004910 71.200000 71.200000
759.004912 71.200000 71.200000
760.004913 71.200000 71.200000
761.004913 71.200000 71.200000
762.004915 71.200000 71.200000
763.004923 71.200000 71.200000
764.004936 71.200000 71.200000
765.004944 71.200000 71.200000
766.004944 71.200000 71.200000
767.004944 71.200000 71.200000
768.004946 71.200000 71.200000
769.004952 71.200000 71.200000
770.004952 71.200000 71.200000
771.004954 71.200000 71.200000
772.004959 71.200000 71.200000
773.004960 71.200000 71.200000
774.004964 71.200000 71.200000
775.004975 71.200000 71.200000
776.005008 71.200000 71.200000
777.005040 71.200000 71.200000
778.005041 71.200000 71.200000
779.005050 71.200000 71.200000
780.005050 71.200000 71.200000
781.005055 71.200000 71.200000
782.005059 71.200000 71.200000
783.005060 71.200000 71.200000
784.005063 71.200000 71.200000
785.005065 71.200000 71.200000
786.005065 71.200000 71.200000
787.005065 71.200000 71.200000
788.005067 71.200000 71.200000
789.005070 71.200000 71.200000
790.005088 71.200000 71.200000
791.005089 71.200000 71.200000
792.005098 71.200000 71.200000
793.005110 71.200000 71.200000
794.005112 71.200000 71.200000
795.005123 71.200000 71.200000
796.005134 71.200000 71.200000
797.005137 71.200000 71.200000
798.005139 71.200000 71.200000
799.005143 71.200000 71.200000
