33.206506 498.800000 498.800000
34.602033 498.800000 498.800000
35.901019 411.200000 411.200000
37.537348 411.200000 411.200000
39.267119 403.600000 403.600000
40.905359 403.600000 403.600000
42.372086 403.600000 403.600000
44.198740 403.600000 403.600000
45.559842 403.600000 398.000000
46.712034 398.000000 398.000000
48.920643 398.000000 398.000000
50.885315 398.000000 398.000000
52.844761 398.000000 398.000000
55.217568 398.000000 398.000000
57.100012 398.000000 398.000000
59.401694 398.000000 398.000000
61.655178 398.000000 398.000000
63.444433 398.000000 398.000000
65.077072 398.000000 398.000000
67.407303 398.000000 398.000000
69.665095 398.000000 398.000000
71.545359 398.000000 398.000000
73.361593 398.000000 398.000000
75.464143 398.000000 398.000000
76.685512 398.000000 398.000000
78.042168 398.000000 398.000000
80.284760 398.000000 398.000000
81.381070 398.000000 398.000000
83.004156 398.000000 398.000000
85.169517 398.000000 398.000000
86.295799 398.000000 398.000000
87.482091 398.000000 398.000000
88.841017 398.000000 398.000000
90.602321 398.000000 398.000000
92.388492 398.000000 398.000000
94.587655 398.000000 398.000000
96.333823 398.000000 398.000000
98.156179 398.000000 398.000000
100.331516 398.000000 398.000000
102.164433 398.000000 398.000000
104.053377 398.000000 398.000000
105.187375 398.000000 398.000000
106.755333 398.000000 398.000000
108.573652 398.000000 398.000000
110.322771 398.000000 398.000000
111.508184 398.000000 398.000000
112.858435 398.000000 398.000000
114.974837 398.000000 398.000000
116.602066 398.000000 398.000000
117.923447 398.000000 398.000000
119.474245 398.000000 398.000000
120.642081 398.000000 398.000000
121.800618 398.000000 398.000000
123.335765 398.000000 398.000000
125.048983 398.000000 398.000000
126.798810 398.000000 398.000000
127.902422 398.000000 398.000000
129.161327 398.000000 398.000000
130.326279 398.000000 398.000000
161.043222 398.000000 498.800000
162.865798 398.000000 498.800000
164.100138 398.000000 403.600000
165.702066 398.000000 403.600000
166.815313 398.000000 403.600000
168.520067 398.000000 403.600000
169.809080 398.000000 398.000000
171.407189 398.000000 398.000000
173.440070 398.000000 398.000000
174.519185 398.000000 398.000000
175.900214 398.000000 398.000000
177.130212 398.000000 398.000000
179.225464 398.000000 398.000000
181.635493 398.000000 398.000000
183.597017 398.000000 398.000000
185.603174 398.000000 398.000000
186.702447 398.000000 398.000000
188.569283 398.000000 398.000000
190.811905 398.000000 398.000000
192.029816 398.000000 398.000000
193.705412 398.000000 398.000000
195.520010 398.000000 398.000000
197.007405 398.000000 398.000000
199.181293 398.000000 398.000000
201.125609 398.000000 398.000000
202.362655 398.000000 398.000000
203.736080 398.000000 398.000000
204.932829 398.000000 398.000000
206.324342 398.000000 398.000000
208.065422 398.000000 398.000000
209.404736 398.000000 398.000000
210.959979 398.000000 398.000000
213.214306 398.000000 398.000000
214.237996 398.000000 398.000000
216.531443 398.000000 398.000000
218.967043 398.000000 398.000000
221.036547 398.000000 398.000000
222.237970 398.000000 398.000000
224.180842 398.000000 398.000000
225.414386 398.000000 398.000000
227.082762 398.000000 398.000000
229.199753 398.000000 398.000000
231.307795 398.000000 398.000000
233.731980 398.000000 398.000000
235.830400 398.000000 398.000000
237.014404 398.000000 398.000000
238.183205 398.000000 398.000000
239.998470 398.000000 398.000000
242.385230 398.000000 398.000000
244.196190 398.000000 398.000000
246.462617 398.000000 398.000000
248.986871 398.000000 398.000000
250.144854 398.000000 398.000000
251.249602 398.000000 398.000000
253.188884 398.000000 398.000000
291.969318 398.000000 482.000000
293.935433 398.000000 476.400000
295.853865 398.000000 476.400000
296.926488 398.000000 403.600000
298.592345 398.000000 403.600000
300.659041 398.000000 403.600000
302.078671 398.000000 403.600000
303.549179 398.000000 403.600000
305.406054 398.000000 398.000000
307.351801 398.000000 398.000000
309.236248 398.000000 398.000000
311.487566 398.000000 398.000000
312.826749 398.000000 398.000000
314.718569 398.000000 398.000000
315.756308 398.000000 398.000000
317.346124 398.000000 398.000000
319.471045 398.000000 398.000000
320.762269 398.000000 398.000000
322.299204 398.000000 398.000000
324.119363 398.000000 398.000000
326.375515 398.000000 398.000000
328.274299 398.000000 398.000000
329.583048 398.000000 398.000000
330.609487 398.000000 398.000000
332.032585 398.000000 398.000000
334.255122 398.000000 398.000000
335.267189 398.000000 398.000000
336.640378 398.000000 398.000000
338.692556 398.000000 398.000000
340.921104 398.000000 398.000000
342.704389 398.000000 398.000000
344.931945 398.000000 398.000000
347.081258 398.000000 398.000000
348.295613 398.000000 398.000000
349.698712 398.000000 398.000000
351.551015 398.000000 398.000000
352.556826 398.000000 398.000000
353.662174 398.000000 398.000000
354.965040 398.000000 398.000000
356.297488 398.000000 398.000000
357.858218 398.000000 398.000000
358.872108 398.000000 398.000000
360.576660 398.000000 398.000000
361.822466 398.000000 398.000000
363.232602 398.000000 398.000000
364.281574 398.000000 398.000000
366.270674 398.000000 398.000000
367.429889 398.000000 398.000000
368.833896 398.000000 398.000000
370.055834 398.000000 398.000000
371.348211 398.000000 398.000000
372.954418 398.000000 398.000000
374.728637 398.000000 398.000000
406.079675 398.000000 498.800000
407.094864 398.000000 498.800000
408.503064 398.000000 498.800000
409.837022 398.000000 409.200000
410.954076 398.000000 409.200000
412.520184 398.000000 405.600000
413.685520 398.000000 405.600000
414.780985 398.000000 403.600000
416.468826 398.000000 403.600000
418.323100 398.000000 403.600000
419.488973 398.000000 398.000000
421.790796 398.000000 398.000000
423.612708 398.000000 398.000000
424.882266 398.000000 398.000000
425.913588 398.000000 398.000000
427.429945 398.000000 398.000000
429.354572 398.000000 398.000000
431.110696 398.000000 398.000000
432.878951 398.000000 398.000000
434.182865 398.000000 398.000000
435.341294 398.000000 398.000000
436.793965 398.000000 398.000000
438.634397 398.000000 398.000000
439.816965 398.000000 398.000000
441.457756 398.000000 398.000000
443.659460 398.000000 398.000000
444.771234 398.000000 398.000000
446.597457 398.000000 398.000000
447.771605 398.000000 398.000000
449.204540 398.000000 398.000000
450.536154 398.000000 398.000000
452.116629 398.000000 398.000000
454.088510 398.000000 398.000000
455.320004 398.000000 398.000000
456.557440 398.000000 398.000000
457.568530 398.000000 398.000000
458.932674 398.000000 398.000000
461.033101 398.000000 398.000000
463.168752 398.000000 398.000000
465.326820 398.000000 398.000000
466.416550 398.000000 398.000000
467.802075 398.000000 398.000000
468.842951 398.000000 398.000000
470.244598 398.000000 398.000000
472.483404 398.000000 398.000000
474.242946 398.000000 398.000000
476.038670 398.000000 398.000000
477.829104 398.000000 398.000000
479.660399 398.000000 398.000000
480.812526 398.000000 398.000000
482.368058 398.000000 398.000000
484.455846 398.000000 398.000000
486.213760 398.000000 398.000000
488.007405 398.000000 398.000000
489.804167 398.000000 398.000000
491.558091 398.000000 398.000000
521.648030 398.000000 504.400000
522.687627 398.000000 504.400000
524.657566 398.000000 504.400000
526.102826 398.000000 409.200000
527.783396 398.000000 409.200000
528.892973 398.000000 403.600000
531.217020 398.000000 403.600000
533.056372 398.000000 403.600000
534.925469 398.000000 403.600000
536.151412 398.000000 398.000000
537.178287 398.000000 398.000000
538.929997 398.000000 398.000000
540.758187 398.000000 398.000000
542.664562 398.000000 398.000000
544.791755 398.000000 398.000000
546.595721 398.000000 398.000000
547.665315 398.000000 398.000000
548.868960 398.000000 398.000000
550.555060 398.000000 398.000000
551.585533 398.000000 398.000000
553.010248 398.000000 398.000000
554.447253 398.000000 398.000000
556.485450 398.000000 398.000000
557.831853 398.000000 398.000000
559.559793 398.000000 398.000000
561.880607 398.000000 398.000000
562.881117 398.000000 398.000000
564.954944 398.000000 398.000000
567.173750 398.000000 398.000000
568.878873 398.000000 398.000000
570.692493 398.000000 398.000000
572.508830 398.000000 398.000000
573.547866 398.000000 398.000000
574.914460 398.000000 398.000000
575.971025 398.000000 398.000000
577.371331 398.000000 398.000000
579.152879 398.000000 398.000000
581.089083 398.000000 398.000000
582.931515 398.000000 398.000000
584.777197 398.000000 398.000000
587.125937 398.000000 398.000000
588.235832 398.000000 398.000000
589.635734 398.000000 398.000000
591.817620 398.000000 398.000000
594.152504 398.000000 398.000000
596.026298 398.000000 398.000000
598.230258 398.000000 398.000000
599.294054 398.000000 398.000000
600.912551 398.000000 398.000000
603.406571 398.000000 398.000000
605.566075 398.000000 398.000000
606.859665 398.000000 398.000000
608.558814 398.000000 398.000000
610.909134 398.000000 398.000000
642.194587 398.000000 504.400000
643.772396 398.000000 504.400000
644.900257 398.000000 409.200000
646.682544 398.000000 409.200000
647.884876 398.000000 403.600000
648.960481 398.000000 403.600000
650.575324 398.000000 403.600000
652.809344 398.000000 403.600000
653.860101 398.000000 398.000000
655.188619 398.000000 398.000000
656.795798 398.000000 398.000000
658.749102 398.000000 398.000000
660.564174 398.000000 398.000000
662.428843 398.000000 398.000000
663.481872 398.000000 398.000000
665.076098 398.000000 398.000000
666.149861 398.000000 398.000000
667.712656 398.000000 398.000000
670.348287 398.000000 398.000000
672.592553 398.000000 398.000000
674.827913 398.000000 398.000000
676.930931 398.000000 398.000000
679.062007 398.000000 398.000000
680.098592 398.000000 398.000000
681.696518 398.000000 398.000000
683.484025 398.000000 398.000000
685.232149 398.000000 398.000000
687.455066 398.000000 398.000000
689.616110 398.000000 398.000000
691.388612 398.000000 398.000000
692.794056 398.000000 398.000000
694.711045 398.000000 398.000000
695.933646 398.000000 398.000000
697.307578 398.000000 398.000000
698.513576 398.000000 398.000000
700.071656 398.000000 398.000000
701.292874 398.000000 398.000000
703.049079 398.000000 398.000000
704.718673 398.000000 398.000000
705.784811 398.000000 398.000000
706.887977 398.000000 398.000000
708.371744 398.000000 398.000000
709.373173 398.000000 398.000000
711.020127 398.000000 398.000000
712.041938 398.000000 398.000000
713.043024 398.000000 398.000000
714.429851 398.000000 398.000000
716.645440 398.000000 398.000000
718.895546 398.000000 398.000000
720.824343 398.000000 398.000000
722.168267 398.000000 398.000000
724.361711 398.000000 398.000000
725.710749 398.000000 398.000000
727.952920 398.000000 398.000000
728.972714 398.000000 398.000000
730.356880 398.000000 398.000000
732.181864 398.000000 398.000000
761.828429 398.000000 498.800000
763.429415 398.000000 498.800000
764.597426 398.000000 409.200000
766.272124 398.000000 409.200000
767.408401 398.000000 403.600000
769.105100 398.000000 403.600000
770.295947 398.000000 398.000000
771.596211 398.000000 398.000000
772.787003 398.000000 398.000000
774.839203 398.000000 398.000000
776.011554 398.000000 398.000000
777.411418 398.000000 398.000000
778.449037 398.000000 398.000000
779.557491 398.000000 398.000000
780.791746 398.000000 398.000000
782.071486 398.000000 398.000000
783.841686 398.000000 398.000000
785.804332 398.000000 398.000000
786.927558 398.000000 398.000000
788.191797 398.000000 398.000000
789.735248 398.000000 398.000000
792.070052 398.000000 398.000000
793.100568 398.000000 398.000000
794.740405 398.000000 398.000000
796.573508 398.000000 398.000000
797.618700 398.000000 398.000000
799.225887 398.000000 398.000000
800.432198 398.000000 398.000000
