0 581.2 0.22374 300 0
0 573.6 0.30734 0
0 568 0.385408 0
0 568 2.36248 300 86
0 562.4 2.59611 86
0 562.4 4.29436 300 86
0 562.4 6.19865 300 86
0 562.4 8.44284 300 86
0 562.4 10.5892 300 86
0 562.4 13.3975 300 86
0 562.4 16.7081 300 86
0 562.4 20.3724 300 86
0 562.4 24.2365 300 86
0 562.4 28.0961 300 86
0 562.4 32.7676 300 86
0 562.4 39.7263 300 86
0 562.4 44.2725 300 86
0 562.4 48.9468 300 86
0 562.4 53.2772 300 86
0 562.4 57.4486 300 86
0 562.4 61.1851 300 86
0 562.4 64.9758 300 86
0 562.4 69.5325 300 86
0 562.4 73.6465 300 86
0 562.4 79.0719 300 86
0 562.4 83.8471 300 86
0 562.4 87.9647 300 86
0 562.4 91.9343 300 86
0 562.4 96.1948 300 86
0 562.4 100.758 300 86
0 562.4 105.219 300 86
0 562.4 109.562 300 86
0 562.4 113.864 300 86
0 562.4 118.029 300 86
0 562.4 122.065 300 86
0 562.4 126.422 300 86
0 562.4 130.69 300 86
0 562.4 134.668 300 86
0 562.4 138.853 300 86
0 562.4 143.456 300 86
0 562.4 147.458 300 86
0 562.4 151.332 300 86
0 562.4 158.283 300 86
0 562.4 163.498 300 86
0 562.4 173.034 300 86
0 562.4 179.486 300 86
0 562.4 188.235 300 86
0 562.4 192.566 300 86
0 562.4 196.814 300 86
0 562.4 201.11 300 86
0 562.4 206.722 300 86
0 562.4 211.553 300 86
0 562.4 216.726 300 86
0 562.4 221.972 300 86
0 562.4 226.8 300 86
0 562.4 231.037 300 86
0 562.4 236.421 300 86
0 562.4 245.608 300 87
0 562.4 250.361 300 87
0 562.4 254.968 300 87
0 562.4 259.471 300 87
0 562.4 264.266 300 87
0 562.4 268.585 300 87
0 562.4 273.02 300 87
0 562.4 277.375 300 87
0 562.4 283.683 300 87
0 562.4 288.705 300 87
0 562.4 293.093 300 87
0 562.4 297.543 300 87
0 562.4 303.289 300 87
0 562.4 307.693 300 87
0 562.4 311.993 300 87
0 562.4 316.43 300 87
0 562.4 321.162 300 87
0 562.4 325.548 300 87
0 562.4 330.02 300 87
0 562.4 337.58 300 87
0 562.4 342.19 300 87
0 562.4 347.21 300 87
0 562.4 352.218 300 87
0 562.4 357.382 300 87
0 562.4 362.75 300 87
0 562.4 370.941 300 87
0 562.4 375.623 300 88
0 562.4 381.62 300 88
0 562.4 386.098 300 88
0 562.4 389.818 300 88
0 562.4 392.985 300 88
0 562.4 401.117 300 88
0 562.4 406.74 300 88
0 562.4 411.457 300 88
0 562.4 418.145 300 88
0 562.4 423.087 300 88
0 562.4 427.685 300 88
0 562.4 433.599 300 89
0 562.4 439.043 300 89
0 562.4 444.24 300 89
0 562.4 449.065 300 89
0 562.4 453.727 300 89
0 562.4 458.825 300 89
0 562.4 463.196 300 89
0 562.4 468.571 300 89
0 562.4 474.057 300 89
0 562.4 478.875 300 89
0 562.4 485.358 300 89
0 562.4 493.011 300 89
0 562.4 497.758 300 89
0 562.4 502.796 300 89
0 562.4 510.912 300 89
0 562.4 517.287 300 89
0 562.4 522.164 300 89
0 562.4 526.98 300 89
0 562.4 531.725 300 89
0 562.4 536.275 300 89
0 562.4 542.835 300 89
0 562.4 547.677 300 89
0 562.4 552.633 300 89
0 562.4 557.579 300 89
0 562.4 562.749 300 89
0 562.4 567.983 300 89
0 562.4 573.022 300 89
0 562.4 577.875 300 89
0 562.4 585.455 300 89
0 562.4 590.038 300 89
0 562.4 595.362 300 89
0 562.4 600.013 300 89
0 562.4 606.557 300 89
0 562.4 611.928 300 89
0 562.4 617.407 300 89
0 562.4 622.396 300 89
0 562.4 627.293 300 89
0 562.4 632.534 300 89
0 562.4 638.736 300 89
0 562.4 643.863 300 89
0 562.4 649.178 300 89
0 562.4 654.22 300 89
0 562.4 658.399 300 89
0 562.4 663.595 300 89
0 562.4 672.113 300 89
0 562.4 677.435 300 89
0 562.4 682.605 300 89
0 562.4 688.046 300 89
0 562.4 693.47 300 89
0 562.4 698.332 300 89
0 562.4 703.057 300 89
0 562.4 708.942 300 89
0 562.4 714.034 300 89
0 562.4 718.441 300 89
0 562.4 723.243 300 89
0 562.4 727.951 300 89
0 562.4 732.665 300 89
0 562.4 736.386 300 89
0 562.4 740.634 300 89
0 562.4 744.917 300 89
0 562.4 749.201 300 89
0 562.4 751.889 300 89
0 562.4 755.822 300 89
0 562.4 759.511 300 89
0 562.4 763.333 300 89
0 562.4 767.487 300 89
0 562.4 771.47 300 89
0 562.4 776.908 300 89
0 562.4 781.721 300 89
0 562.4 786.361 300 89
0 562.4 790.367 300 89
0 562.4 795.902 300 89
