0.234901 601.600000 601.600000
1.245792 564.400000 564.400000
2.286321 564.400000 564.400000
3.313799 564.400000 568.000000
4.330510 564.400000 568.000000
5.348729 564.400000 601.600000
6.365654 564.400000 568.000000
7.502647 564.400000 579.200000
8.512501 564.400000 564.400000
9.513267 562.400000 562.400000
10.552882 562.400000 566.000000
11.554189 562.400000 564.400000
12.564244 562.400000 562.400000
13.643590 562.400000 562.400000
14.658624 562.400000 562.400000
15.674934 562.400000 568.000000
16.720495 562.400000 566.000000
17.790566 562.400000 566.000000
18.795549 562.400000 566.000000
19.800926 562.400000 568.000000
20.835430 562.400000 568.000000
21.876125 562.400000 568.000000
22.886112 562.400000 568.000000
23.886998 562.400000 568.000000
24.915293 562.400000 568.000000
25.925315 562.400000 568.000000
26.936209 562.400000 573.600000
27.974497 562.400000 568.000000
28.982307 562.400000 568.000000
30.006783 562.400000 568.000000
31.018980 562.400000 568.000000
32.021135 562.400000 562.400000
33.044228 562.400000 562.400000
34.047639 562.400000 562.400000
35.063049 562.400000 562.400000
36.123914 562.400000 579.200000
37.126393 562.400000 568.000000
38.126539 562.400000 566.000000
39.169087 562.400000 564.400000
40.173999 562.400000 564.400000
41.177165 562.400000 564.400000
42.181033 562.400000 564.400000
43.202271 562.400000 584.800000
44.221044 562.400000 568.000000
45.236612 562.400000 566.000000
46.277936 562.400000 566.000000
47.313018 562.400000 564.400000
48.325896 562.400000 564.400000
49.362771 562.400000 564.400000
50.365248 562.400000 564.400000
51.400486 562.400000 568.000000
52.404050 562.400000 566.000000
53.406231 562.400000 566.000000
54.448768 562.400000 566.000000
55.570812 562.400000 584.800000
56.580194 562.400000 568.000000
57.584735 562.400000 566.000000
58.588668 562.400000 566.000000
59.604202 562.400000 566.000000
60.676425 562.400000 573.600000
61.733594 562.400000 566.000000
62.772813 562.400000 566.000000
63.774546 562.400000 566.000000
64.983754 562.400000 573.600000
65.988096 562.400000 568.000000
66.992174 562.400000 566.000000
68.005037 562.400000 566.000000
69.029563 562.400000 566.000000
70.034661 562.400000 568.000000
71.064826 562.400000 564.400000
72.118062 562.400000 564.400000
73.151627 562.400000 564.400000
74.173091 562.400000 564.400000
75.179977 562.400000 573.600000
76.191390 562.400000 566.000000
77.199426 562.400000 566.000000
78.213236 562.400000 566.000000
79.263977 562.400000 566.000000
80.277874 562.400000 568.000000
81.307588 562.400000 568.000000
82.337800 562.400000 562.400000
83.348406 562.400000 562.400000
84.394075 562.400000 562.400000
85.394631 562.400000 562.400000
86.397508 562.400000 562.400000
87.397785 562.400000 562.400000
88.407450 562.400000 562.400000
89.412678 562.400000 568.000000
90.421113 562.400000 562.400000
91.422341 562.400000 562.400000
92.460135 562.400000 562.400000
93.471469 562.400000 579.200000
94.510147 562.400000 566.000000
95.520103 562.400000 566.000000
96.522142 562.400000 566.000000
97.685451 562.400000 579.200000
98.690823 562.400000 566.000000
99.700767 562.400000 562.400000
100.702685 562.400000 562.400000
101.710378 562.400000 562.400000
102.749643 562.400000 562.400000
103.779924 562.400000 573.600000
104.811093 562.400000 564.400000
105.877680 562.400000 564.400000
106.942622 562.400000 562.400000
107.950946 562.400000 562.400000
108.958994 562.400000 562.400000
109.975682 562.400000 562.400000
111.024724 562.400000 568.000000
112.037167 562.400000 562.400000
113.066692 562.400000 562.400000
114.068817 562.400000 562.400000
115.111683 562.400000 568.000000
116.116645 562.400000 562.400000
117.117344 562.400000 562.400000
118.155790 562.400000 562.400000
119.212057 562.400000 568.000000
120.228384 562.400000 566.000000
121.287292 562.400000 566.000000
122.287497 562.400000 566.000000
123.486128 562.400000 573.600000
124.540339 562.400000 562.400000
125.546667 562.400000 562.400000
126.566590 562.400000 562.400000
127.567676 562.400000 562.400000
128.581994 562.400000 568.000000
129.583772 562.400000 566.000000
130.595266 562.400000 566.000000
131.657557 562.400000 564.400000
132.666345 562.400000 564.400000
133.703536 562.400000 564.400000
134.718667 562.400000 564.400000
135.726290 562.400000 564.400000
136.764660 562.400000 564.400000
137.768425 562.400000 562.400000
138.779676 562.400000 562.400000
139.789596 562.400000 562.400000
140.836199 562.400000 568.000000
141.837770 562.400000 568.000000
142.839652 562.400000 568.000000
143.844797 562.400000 568.000000
144.877885 562.400000 579.200000
145.882390 562.400000 566.000000
146.900739 562.400000 562.400000
147.914215 562.400000 562.400000
148.926159 562.400000 562.400000
149.943343 562.400000 562.400000
150.944180 562.400000 568.000000
151.949648 562.400000 566.000000
152.987187 562.400000 566.000000
153.989639 562.400000 566.000000
154.995885 562.400000 562.400000
156.024285 562.400000 562.400000
157.063082 562.400000 562.400000
158.105300 562.400000 562.400000
159.114745 562.400000 573.600000
160.135142 562.400000 562.400000
161.145881 562.400000 562.400000
162.150005 562.400000 562.400000
163.157894 562.400000 562.400000
164.177512 562.400000 568.000000
165.189248 562.400000 562.400000
166.194910 562.400000 562.400000
167.239773 562.400000 562.400000
168.252769 562.400000 568.000000
169.300811 562.400000 564.400000
170.316641 562.400000 564.400000
171.350578 562.400000 564.400000
172.363857 562.400000 564.400000
173.417022 562.400000 568.000000
174.422559 562.400000 568.000000
175.426022 562.400000 568.000000
176.598733 562.400000 579.200000
177.623325 562.400000 568.000000
178.634123 562.400000 566.000000
179.667543 562.400000 566.000000
180.702208 562.400000 566.000000
181.784494 562.400000 579.200000
182.788145 562.400000 562.400000
183.793855 562.400000 562.400000
184.796641 562.400000 562.400000
185.982144 562.400000 581.200000
186.987291 562.400000 566.000000
187.998842 562.400000 564.400000
188.999743 562.400000 564.400000
190.034361 562.400000 564.400000
191.049842 562.400000 568.000000
192.071799 562.400000 566.000000
193.085979 562.400000 562.400000
194.096093 562.400000 562.400000
195.124067 562.400000 562.400000
196.131550 562.400000 570.000000
197.179468 562.400000 566.000000
198.188357 562.400000 566.000000
199.192239 562.400000 564.400000
200.192849 562.400000 564.400000
201.237384 562.400000 562.400000
202.280671 562.400000 562.400000
203.281005 562.400000 562.400000
204.319446 562.400000 568.000000
205.326850 562.400000 566.000000
206.390580 562.400000 566.000000
207.395291 562.400000 566.000000
208.446136 562.400000 568.000000
209.474208 562.400000 568.000000
210.482263 562.400000 568.000000
211.487609 562.400000 568.000000
212.518222 562.400000 566.000000
213.528956 562.400000 566.000000
214.533623 562.400000 566.000000
215.578090 562.400000 566.000000
216.593848 562.400000 579.200000
217.605094 562.400000 568.000000
218.659612 562.400000 568.000000
219.697059 562.400000 568.000000
220.708610 562.400000 564.400000
221.713354 562.400000 562.400000
222.719279 562.400000 562.400000
223.878274 562.400000 584.800000
224.881593 562.400000 562.400000
225.885654 562.400000 562.400000
226.888650 562.400000 562.400000
227.901406 562.400000 573.600000
228.957390 562.400000 562.400000
230.013035 562.400000 562.400000
231.140753 562.400000 584.800000
232.145802 562.400000 568.000000
233.193387 562.400000 568.000000
234.228598 562.400000 562.400000
235.230643 562.400000 562.400000
236.233391 562.400000 562.400000
237.244355 562.400000 573.600000
238.244508 562.400000 566.000000
239.284855 562.400000 562.400000
240.286841 562.400000 562.400000
241.290732 562.400000 573.600000
242.294884 562.400000 568.000000
243.304588 562.400000 568.000000
244.337092 562.400000 571.600000
245.378010 562.400000 562.400000
246.387120 562.400000 562.400000
247.409698 562.400000 562.400000
248.420313 562.400000 562.400000
249.467775 562.400000 562.400000
250.472750 562.400000 562.400000
251.510774 562.400000 562.400000
252.528049 562.400000 562.400000
253.539688 562.400000 562.400000
254.554882 562.400000 566.000000
255.557427 562.400000 562.400000
256.634659 562.400000 562.400000
257.646517 562.400000 562.400000
258.812878 562.400000 584.800000
259.859346 562.400000 566.000000
260.861440 562.400000 566.000000
261.865791 562.400000 566.000000
262.902466 562.400000 566.000000
263.903989 562.400000 568.000000
264.952234 562.400000 566.000000
265.973563 562.400000 566.000000
266.986451 562.400000 566.000000
268.026660 562.400000 568.000000
269.028646 562.400000 562.400000
270.035135 562.400000 562.400000
271.035834 562.400000 562.400000
272.283289 562.400000 579.200000
273.353229 562.400000 568.000000
274.413670 562.400000 568.000000
275.433979 562.400000 566.000000
276.482119 562.400000 566.000000
277.615814 562.400000 568.000000
278.627717 562.400000 562.400000
279.631112 562.400000 562.400000
280.659311 562.400000 562.400000
281.660871 562.400000 562.400000
282.727216 562.400000 568.000000
283.790677 562.400000 564.400000
284.805023 562.400000 564.400000
285.815055 562.400000 564.400000
286.839509 562.400000 562.400000
287.852969 562.400000 562.400000
288.854162 562.400000 562.400000
289.862388 562.400000 562.400000
290.913008 562.400000 562.400000
291.921533 562.400000 573.600000
292.922371 562.400000 564.400000
293.926751 562.400000 564.400000
294.946917 562.400000 564.400000
295.962834 562.400000 573.600000
296.968152 562.400000 562.400000
297.991311 562.400000 562.400000
299.056616 562.400000 562.400000
300.113513 562.400000 573.600000
301.132740 562.400000 568.000000
302.155617 562.400000 562.400000
303.180228 562.400000 562.400000
304.197507 562.400000 562.400000
305.219391 562.400000 573.600000
306.228252 562.400000 566.000000
307.289924 562.400000 566.000000
308.291944 562.400000 566.000000
309.339996 562.400000 640.800000
310.350722 562.400000 566.000000
311.361298 562.400000 566.000000
312.369737 562.400000 566.000000
313.597549 562.400000 579.200000
314.626749 562.400000 568.000000
315.649133 562.400000 568.000000
316.652668 562.400000 568.000000
317.696484 562.400000 573.600000
318.721824 562.400000 562.400000
319.724126 562.400000 562.400000
320.740342 562.400000 562.400000
321.743009 562.400000 573.600000
322.745089 562.400000 566.000000
323.761132 562.400000 566.000000
324.799783 562.400000 566.000000
325.819387 562.400000 573.600000
326.826149 562.400000 566.000000
327.835578 562.400000 562.400000
328.851982 562.400000 562.400000
329.888835 562.400000 573.600000
330.901498 562.400000 568.000000
331.911115 562.400000 562.400000
332.916269 562.400000 562.400000
333.923807 562.400000 562.400000
334.947950 562.400000 562.400000
335.971873 562.400000 579.200000
336.979178 562.400000 566.000000
337.981952 562.400000 564.400000
338.986918 562.400000 564.400000
339.997498 562.400000 564.400000
341.012367 562.400000 573.600000
342.018690 562.400000 566.000000
343.054301 562.400000 566.000000
344.086276 562.400000 564.400000
345.123199 562.400000 564.400000
346.150340 562.400000 564.400000
347.369550 562.400000 579.200000
348.382665 562.400000 566.000000
349.404458 562.400000 566.000000
350.421221 562.400000 562.400000
351.464306 562.400000 562.400000
352.491156 562.400000 562.400000
353.508667 562.400000 584.800000
354.513340 562.400000 564.400000
355.521066 562.400000 562.400000
356.522546 562.400000 562.400000
357.537824 562.400000 562.400000
358.591242 562.400000 573.600000
359.642795 562.400000 566.000000
360.688509 562.400000 566.000000
361.745394 562.400000 566.000000
362.756457 562.400000 566.000000
363.764445 562.400000 579.200000
364.814604 562.400000 568.000000
365.831985 562.400000 568.000000
366.870105 562.400000 568.000000
367.881214 562.400000 573.600000
368.885652 562.400000 568.000000
369.898044 562.400000 568.000000
370.955487 562.400000 568.000000
371.960646 562.400000 573.600000
373.000471 562.400000 566.000000
374.022437 562.400000 566.000000
375.088917 562.400000 566.000000
376.124951 562.400000 575.600000
377.144141 562.400000 568.000000
378.144180 562.400000 568.000000
379.147983 562.400000 568.000000
380.171267 562.400000 579.200000
381.172673 562.400000 564.400000
382.201444 562.400000 562.400000
383.208216 562.400000 562.400000
384.239128 562.400000 566.000000
385.277581 562.400000 566.000000
386.346416 562.400000 566.000000
387.365369 562.400000 566.000000
388.365379 562.400000 568.000000
389.420786 562.400000 568.000000
390.437287 562.400000 564.400000
391.462976 562.400000 564.400000
392.470506 562.400000 564.400000
393.517657 562.400000 564.400000
394.518042 562.400000 564.400000
395.523458 562.400000 564.400000
396.540926 562.400000 564.400000
397.566320 562.400000 579.200000
398.617624 562.400000 566.000000
399.631875 562.400000 566.000000
400.647541 562.400000 566.000000
401.651607 562.400000 564.400000
402.657648 562.400000 562.400000
403.657659 562.400000 562.400000
404.679856 562.400000 562.400000
405.948573 562.400000 581.200000
406.969690 562.400000 562.400000
407.974761 562.400000 562.400000
409.040002 562.400000 562.400000
410.247407 562.400000 601.600000
411.266996 562.400000 566.000000
412.282090 562.400000 566.000000
413.289673 562.400000 564.400000
414.298599 562.400000 564.400000
415.329415 562.400000 564.400000
416.339393 562.400000 568.000000
417.374766 562.400000 566.000000
418.384852 562.400000 566.000000
419.407148 562.400000 566.000000
420.448562 562.400000 566.000000
421.483607 562.400000 564.400000
422.507242 562.400000 562.400000
423.562345 562.400000 562.400000
424.575740 562.400000 562.400000
425.613270 562.400000 562.400000
426.622130 562.400000 571.600000
427.652445 562.400000 568.000000
428.681435 562.400000 568.000000
429.699815 562.400000 568.000000
430.744293 562.400000 568.000000
431.824341 562.400000 568.000000
432.832832 562.400000 562.400000
433.837381 562.400000 562.400000
434.899044 562.400000 562.400000
435.909684 562.400000 573.600000
436.922445 562.400000 564.400000
437.929328 562.400000 564.400000
438.969405 562.400000 564.400000
439.979173 562.400000 564.400000
441.049105 562.400000 573.600000
442.092333 562.400000 566.000000
443.140497 562.400000 566.000000
444.141481 562.400000 566.000000
445.355344 562.400000 573.600000
446.367381 562.400000 566.000000
447.386559 562.400000 566.000000
448.410105 562.400000 566.000000
449.414839 562.400000 566.000000
450.415300 562.400000 564.400000
451.480355 562.400000 564.400000
452.483572 562.400000 564.400000
453.487200 562.400000 573.600000
454.487389 562.400000 568.000000
455.491018 562.400000 566.000000
456.500740 562.400000 566.000000
457.513834 562.400000 566.000000
458.542576 562.400000 570.000000
459.551360 562.400000 566.000000
460.560366 562.400000 566.000000
461.591485 562.400000 566.000000
462.760493 562.400000 573.600000
463.772271 562.400000 562.400000
464.805956 562.400000 562.400000
465.850467 562.400000 562.400000
466.859915 562.400000 562.400000
467.871658 562.400000 573.600000
468.884102 562.400000 568.000000
469.899391 562.400000 568.000000
470.906386 562.400000 568.000000
471.923545 562.400000 568.000000
472.936176 562.400000 568.000000
473.986561 562.400000 564.400000
475.051665 562.400000 564.400000
476.069791 562.400000 564.400000
477.087933 562.400000 564.400000
478.088016 562.400000 566.000000
479.088156 562.400000 564.400000
480.108831 562.400000 564.400000
481.156804 562.400000 564.400000
482.418116 562.400000 579.200000
483.461360 562.400000 568.000000
484.466651 562.400000 566.000000
485.511495 562.400000 566.000000
486.566501 562.400000 566.000000
487.618283 562.400000 573.600000
488.621377 562.400000 566.000000
489.632370 562.400000 566.000000
490.659384 562.400000 566.000000
491.663727 562.400000 566.000000
492.677988 562.400000 573.600000
493.722508 562.400000 568.000000
494.725512 562.400000 568.000000
495.786108 562.400000 568.000000
496.788611 562.400000 584.800000
497.810351 562.400000 564.400000
498.810360 562.400000 562.400000
499.874401 562.400000 562.400000
500.889827 562.400000 562.400000
501.962269 562.400000 568.000000
502.988321 562.400000 566.000000
504.019860 562.400000 566.000000
505.036390 562.400000 566.000000
506.065035 562.400000 566.000000
507.114323 562.400000 579.200000
508.183818 562.400000 568.000000
509.218277 562.400000 568.000000
510.238563 562.400000 566.000000
511.274469 562.400000 566.000000
512.344183 562.400000 566.000000
513.347372 562.400000 566.000000
514.366253 562.400000 564.400000
515.367418 562.400000 564.400000
516.408325 562.400000 564.400000
517.413501 562.400000 568.000000
518.464464 562.400000 564.400000
519.473655 562.400000 562.400000
520.523406 562.400000 562.400000
521.529880 562.400000 562.400000
522.545873 562.400000 562.400000
523.566860 562.400000 566.000000
524.572453 562.400000 566.000000
525.577522 562.400000 566.000000
526.597554 562.400000 566.000000
527.628142 562.400000 568.000000
528.643336 562.400000 566.000000
529.699777 562.400000 566.000000
530.706086 562.400000 566.000000
531.716853 562.400000 573.600000
532.744841 562.400000 566.000000
533.809086 562.400000 566.000000
534.809286 562.400000 566.000000
535.860885 562.400000 566.000000
536.910473 562.400000 568.000000
537.965313 562.400000 564.400000
538.966548 562.400000 564.400000
539.972861 562.400000 564.400000
541.030602 562.400000 564.400000
542.043074 562.400000 568.000000
543.047982 562.400000 562.400000
544.061831 562.400000 562.400000
545.063930 562.400000 562.400000
546.073691 562.400000 562.400000
547.089437 562.400000 573.600000
548.122317 562.400000 564.400000
549.131668 562.400000 564.400000
550.146267 562.400000 564.400000
551.197001 562.400000 568.000000
552.201850 562.400000 566.000000
553.218835 562.400000 566.000000
554.228810 562.400000 566.000000
555.242713 562.400000 573.600000
556.261576 562.400000 566.000000
557.269789 562.400000 562.400000
558.293083 562.400000 562.400000
559.295498 562.400000 562.400000
560.303112 562.400000 568.000000
561.306396 562.400000 566.000000
562.331397 562.400000 566.000000
563.334733 562.400000 566.000000
564.369628 562.400000 570.000000
565.378969 562.400000 566.000000
566.415070 562.400000 566.000000
567.427019 562.400000 566.000000
568.433957 562.400000 568.000000
569.444155 562.400000 564.400000
570.491206 562.400000 564.400000
571.491390 562.400000 564.400000
572.500649 562.400000 571.600000
573.537803 562.400000 568.000000
574.579830 562.400000 568.000000
575.606694 562.400000 568.000000
576.609247 562.400000 568.000000
577.616834 562.400000 568.000000
578.621500 562.400000 566.000000
579.633753 562.400000 566.000000
580.669169 562.400000 566.000000
581.677559 562.400000 566.000000
582.683028 562.400000 566.000000
583.738060 562.400000 568.000000
584.738650 562.400000 568.000000
585.786129 562.400000 568.000000
586.797640 562.400000 568.000000
587.840808 562.400000 566.000000
588.861067 562.400000 566.000000
589.882576 562.400000 566.000000
590.901054 562.400000 566.000000
592.047539 562.400000 579.200000
593.112338 562.400000 562.400000
594.132133 562.400000 562.400000
595.138470 562.400000 562.400000
596.186283 562.400000 573.600000
597.226957 562.400000 566.000000
598.235569 562.400000 566.000000
599.261911 562.400000 566.000000
600.264089 562.400000 562.400000
601.286512 562.400000 562.400000
602.295395 562.400000 562.400000
603.297714 562.400000 568.000000
604.314266 562.400000 566.000000
605.318228 562.400000 566.000000
606.333884 562.400000 566.000000
607.381383 562.400000 568.000000
608.393049 562.400000 566.000000
609.410539 562.400000 566.000000
610.411578 562.400000 562.400000
611.452685 562.400000 562.400000
612.501306 562.400000 568.000000
613.516084 562.400000 562.400000
614.529400 562.400000 562.400000
615.537669 562.400000 562.400000
616.543398 562.400000 573.600000
617.563252 562.400000 564.400000
618.564626 562.400000 562.400000
619.594164 562.400000 562.400000
620.596859 562.400000 562.400000
621.648839 562.400000 562.400000
622.655226 562.400000 571.600000
623.659589 562.400000 568.000000
624.667748 562.400000 568.000000
625.707345 562.400000 568.000000
626.840541 562.400000 581.200000
627.875408 562.400000 568.000000
628.907958 562.400000 568.000000
629.966248 562.400000 568.000000
631.022899 562.400000 566.000000
632.027601 562.400000 566.000000
633.090149 562.400000 566.000000
634.095391 562.400000 573.600000
635.113284 562.400000 568.000000
636.128135 562.400000 568.000000
637.137437 562.400000 568.000000
638.207179 562.400000 596.000000
639.221301 562.400000 568.000000
640.246985 562.400000 568.000000
641.254351 562.400000 568.000000
642.313525 562.400000 568.000000
643.317273 562.400000 562.400000
644.317987 562.400000 562.400000
645.318747 562.400000 562.400000
646.363961 562.400000 562.400000
647.418091 562.400000 568.000000
648.426291 562.400000 566.000000
649.429350 562.400000 566.000000
650.439728 562.400000 566.000000
651.536455 562.400000 579.200000
652.582308 562.400000 568.000000
653.630626 562.400000 566.000000
654.651602 562.400000 566.000000
655.661738 562.400000 566.000000
656.685857 562.400000 571.600000
657.723953 562.400000 566.000000
658.725324 562.400000 566.000000
659.731739 562.400000 566.000000
660.736741 562.400000 566.000000
661.795930 562.400000 573.600000
662.826854 562.400000 568.000000
663.842816 562.400000 562.400000
664.878003 562.400000 562.400000
665.899565 562.400000 562.400000
666.951068 562.400000 562.400000
667.951462 562.400000 573.600000
668.958437 562.400000 568.000000
670.016666 562.400000 568.000000
671.049398 562.400000 568.000000
672.053261 562.400000 568.000000
673.092357 562.400000 570.000000
674.116458 562.400000 568.000000
675.130052 562.400000 568.000000
676.130651 562.400000 568.000000
677.333655 562.400000 568.000000
678.350426 562.400000 568.000000
679.357276 562.400000 566.000000
680.359522 562.400000 566.000000
681.372633 562.400000 566.000000
682.404240 562.400000 568.000000
683.412436 562.400000 566.000000
684.416816 562.400000 566.000000
685.436047 562.400000 566.000000
686.450386 562.400000 579.200000
687.465405 562.400000 568.000000
688.486132 562.400000 568.000000
689.496004 562.400000 568.000000
690.739084 562.400000 581.200000
691.780304 562.400000 564.400000
692.796792 562.400000 562.400000
693.810272 562.400000 562.400000
694.836258 562.400000 562.400000
695.856709 562.400000 568.000000
696.906205 562.400000 562.400000
697.909247 562.400000 562.400000
698.934983 562.400000 562.400000
699.962154 562.400000 562.400000
700.991406 562.400000 571.600000
701.995034 562.400000 566.000000
703.002121 562.400000 566.000000
704.002638 562.400000 566.000000
705.249311 562.400000 579.200000
706.264779 562.400000 566.000000
707.268025 562.400000 566.000000
708.290858 562.400000 566.000000
709.310897 562.400000 566.000000
710.341695 562.400000 571.600000
711.355599 562.400000 566.000000
712.362405 562.400000 562.400000
713.404961 562.400000 562.400000
714.416240 562.400000 562.400000
715.427511 562.400000 562.400000
716.445391 562.400000 568.000000
717.450592 562.400000 568.000000
718.482208 562.400000 568.000000
719.517707 562.400000 568.000000
720.521774 562.400000 573.600000
721.543157 562.400000 568.000000
722.564354 562.400000 566.000000
723.615535 562.400000 566.000000
724.678986 562.400000 566.000000
725.699336 562.400000 568.000000
726.756295 562.400000 568.000000
727.769460 562.400000 568.000000
728.886967 562.400000 579.200000
729.899931 562.400000 568.000000
730.916555 562.400000 562.400000
731.967721 562.400000 562.400000
732.979573 562.400000 562.400000
734.046364 562.400000 579.200000
735.069461 562.400000 564.400000
736.083052 562.400000 562.400000
737.085939 562.400000 562.400000
738.097727 562.400000 562.400000
739.107038 562.400000 562.400000
740.122565 562.400000 562.400000
741.122782 562.400000 562.400000
742.138865 562.400000 579.200000
743.143571 562.400000 568.000000
744.152344 562.400000 568.000000
745.191425 562.400000 575.600000
746.212406 562.400000 568.000000
747.244226 562.400000 566.000000
748.260744 562.400000 566.000000
749.319063 562.400000 566.000000
750.322336 562.400000 573.600000
751.324278 562.400000 568.000000
752.329049 562.400000 568.000000
753.383750 562.400000 568.000000
754.429183 562.400000 570.000000
755.430622 562.400000 562.400000
756.437759 562.400000 562.400000
757.470644 562.400000 562.400000
758.503599 562.400000 573.600000
759.514214 562.400000 568.000000
760.520165 562.400000 566.000000
761.571067 562.400000 566.000000
762.580475 562.400000 579.200000
763.620426 562.400000 568.000000
764.680678 562.400000 568.000000
765.698094 562.400000 568.000000
766.705228 562.400000 573.600000
767.716690 562.400000 564.400000
768.737812 562.400000 562.400000
769.764929 562.400000 562.400000
770.768476 562.400000 562.400000
771.798229 562.400000 562.400000
772.803129 562.400000 568.000000
773.851294 562.400000 566.000000
774.892170 562.400000 566.000000
775.953925 562.400000 566.000000
776.967960 562.400000 586.800000
777.989203 562.400000 568.000000
779.031828 562.400000 568.000000
780.042894 562.400000 564.400000
781.104047 562.400000 564.400000
782.110385 562.400000 564.400000
783.121202 562.400000 564.400000
784.129951 562.400000 568.000000
785.139526 562.400000 564.400000
786.143289 562.400000 564.400000
787.150430 562.400000 564.400000
788.158004 562.400000 564.400000
789.264602 562.400000 584.800000
790.296344 562.400000 568.000000
791.326207 562.400000 568.000000
792.348594 562.400000 568.000000
793.533910 562.400000 590.400000
794.535578 562.400000 566.000000
795.546349 562.400000 566.000000
796.553846 562.400000 566.000000
797.591777 562.400000 566.000000
798.598514 562.400000 573.600000
799.635753 562.400000 568.000000
