0.234669 573.600000 573.600000
1.270021 566.000000 566.000000
2.287774 566.000000 566.000000
3.290184 564.400000 564.400000
4.310298 564.400000 564.400000
5.311121 564.400000 568.000000
6.342549 564.400000 568.000000
7.344016 564.400000 566.000000
8.357348 564.400000 566.000000
9.392442 564.400000 566.000000
10.397417 562.400000 562.400000
11.399896 562.400000 562.400000
12.418780 562.400000 562.400000
13.426376 562.400000 562.400000
14.437389 562.400000 562.400000
15.487495 562.400000 562.400000
16.536042 562.400000 566.000000
17.544842 562.400000 562.400000
18.576356 562.400000 562.400000
19.629720 562.400000 579.200000
20.676925 562.400000 564.400000
21.681793 562.400000 564.400000
22.686851 562.400000 562.400000
23.735818 562.400000 562.400000
24.747205 562.400000 562.400000
25.760636 562.400000 568.000000
26.767567 562.400000 564.400000
27.767791 562.400000 564.400000
28.994113 562.400000 584.800000
30.000762 562.400000 566.000000
31.007405 562.400000 562.400000
32.009436 562.400000 562.400000
33.012113 562.400000 575.600000
34.034169 562.400000 566.000000
35.105394 562.400000 564.400000
36.139742 562.400000 564.400000
37.193324 562.400000 571.600000
38.232559 562.400000 568.000000
39.233554 562.400000 568.000000
40.252700 562.400000 568.000000
41.256882 562.400000 564.400000
42.274910 562.400000 564.400000
43.276203 562.400000 564.400000
44.326882 562.400000 573.600000
45.328545 562.400000 564.400000
46.397239 562.400000 564.400000
47.435237 562.400000 564.400000
48.454315 562.400000 564.400000
49.472774 562.400000 575.600000
50.482778 562.400000 566.000000
51.499861 562.400000 566.000000
52.535402 562.400000 566.000000
53.555228 562.400000 566.000000
54.581469 562.400000 566.000000
55.591480 562.400000 573.600000
56.634192 562.400000 566.000000
57.673113 562.400000 562.400000
58.738340 562.400000 562.400000
59.776911 562.400000 562.400000
60.799172 562.400000 568.000000
61.821408 562.400000 568.000000
62.823248 562.400000 568.000000
63.848552 562.400000 568.000000
64.855581 562.400000 566.000000
65.903217 562.400000 562.400000
66.913296 562.400000 562.400000
67.941816 562.400000 562.400000
68.990199 562.400000 581.200000
70.036587 562.400000 568.000000
71.045478 562.400000 562.400000
72.098818 562.400000 562.400000
73.100856 562.400000 562.400000
74.113120 562.400000 562.400000
75.163447 562.400000 566.000000
76.173821 562.400000 566.000000
77.229296 562.400000 566.000000
78.236230 562.400000 566.000000
79.243161 562.400000 568.000000
80.261113 562.400000 568.000000
81.314674 562.400000 568.000000
82.368884 562.400000 568.000000
83.429622 562.400000 568.000000
84.493029 562.400000 568.000000
85.499356 562.400000 566.000000
86.524221 562.400000 566.000000
87.552973 562.400000 570.000000
88.562900 562.400000 562.400000
89.607797 562.400000 562.400000
90.612539 562.400000 562.400000
91.616329 562.400000 570.000000
92.617416 562.400000 562.400000
93.641482 562.400000 562.400000
94.692519 562.400000 562.400000
95.716019 562.400000 568.000000
96.719299 562.400000 566.000000
97.722587 562.400000 566.000000
98.724614 562.400000 566.000000
99.727915 562.400000 564.400000
100.731744 562.400000 564.400000
101.747039 562.400000 564.400000
102.923052 562.400000 579.200000
103.974685 562.400000 566.000000
104.980412 562.400000 562.400000
105.987711 562.400000 562.400000
107.000642 562.400000 562.400000
108.055058 562.400000 579.200000
109.072795 562.400000 568.000000
110.078727 562.400000 564.400000
111.093063 562.400000 564.400000
112.157922 562.400000 568.000000
113.158054 562.400000 568.000000
114.182538 562.400000 568.000000
115.190352 562.400000 568.000000
116.195277 562.400000 566.000000
117.211463 562.400000 566.000000
118.213492 562.400000 566.000000
119.213838 562.400000 568.000000
120.273290 562.400000 568.000000
121.327456 562.400000 568.000000
122.349611 562.400000 568.000000
123.366309 562.400000 568.000000
124.373888 562.400000 564.400000
125.392082 562.400000 562.400000
126.454578 562.400000 562.400000
127.465217 562.400000 562.400000
128.482270 562.400000 570.000000
129.497766 562.400000 562.400000
130.497862 562.400000 562.400000
131.508905 562.400000 573.600000
132.518946 562.400000 562.400000
133.554649 562.400000 562.400000
134.614968 562.400000 562.400000
135.659340 562.400000 573.600000
136.668415 562.400000 566.000000
137.672135 562.400000 566.000000
138.675359 562.400000 573.600000
139.685270 562.400000 568.000000
140.689674 562.400000 568.000000
141.700312 562.400000 568.000000
142.716582 562.400000 570.000000
143.767022 562.400000 562.400000
144.772872 562.400000 562.400000
145.824414 562.400000 562.400000
146.870399 562.400000 573.600000
147.886443 562.400000 566.000000
148.899670 562.400000 566.000000
150.033107 562.400000 579.200000
151.098613 562.400000 562.400000
152.098914 562.400000 562.400000
153.103982 562.400000 562.400000
154.110948 562.400000 573.600000
155.128818 562.400000 564.400000
156.129328 562.400000 564.400000
157.319907 562.400000 573.600000
158.326579 562.400000 564.400000
159.391206 562.400000 562.400000
160.392784 562.400000 562.400000
161.441028 562.400000 568.000000
162.448575 562.400000 568.000000
163.459910 562.400000 568.000000
164.461364 562.400000 568.000000
165.468232 562.400000 566.000000
166.491993 562.400000 566.000000
167.496936 562.400000 566.000000
168.682139 562.400000 584.800000
169.687221 562.400000 568.000000
170.701542 562.400000 562.400000
171.731192 562.400000 562.400000
172.733260 562.400000 562.400000
173.851178 562.400000 590.400000
174.864759 562.400000 568.000000
175.870874 562.400000 564.400000
176.877488 562.400000 564.400000
177.894873 562.400000 564.400000
178.942183 562.400000 568.000000
179.960256 562.400000 564.400000
180.964016 562.400000 564.400000
182.018837 562.400000 568.000000
183.026843 562.400000 566.000000
184.066860 562.400000 566.000000
185.073877 562.400000 566.000000
186.118124 562.400000 575.600000
187.170098 562.400000 568.000000
188.177992 562.400000 568.000000
189.194131 562.400000 568.000000
190.249056 562.400000 573.600000
191.249485 562.400000 566.000000
192.299823 562.400000 566.000000
193.359934 562.400000 566.000000
194.381091 562.400000 573.600000
195.429733 562.400000 564.400000
196.491581 562.400000 564.400000
197.531678 562.400000 564.400000
198.583452 562.400000 573.600000
199.591686 562.400000 566.000000
200.642108 562.400000 566.000000
201.683081 562.400000 566.000000
202.698711 562.400000 571.600000
203.722947 562.400000 562.400000
204.767032 562.400000 562.400000
205.774049 562.400000 562.400000
206.822296 562.400000 579.200000
207.826650 562.400000 568.000000
208.885714 562.400000 568.000000
209.915174 562.400000 568.000000
210.966656 562.400000 564.400000
211.985422 562.400000 564.400000
213.000735 562.400000 564.400000
214.030677 562.400000 564.400000
215.040153 562.400000 568.000000
216.094749 562.400000 566.000000
217.106369 562.400000 566.000000
218.109201 562.400000 566.000000
219.177958 562.400000 573.600000
220.202950 562.400000 566.000000
221.253108 562.400000 564.400000
222.258599 562.400000 562.400000
223.324179 562.400000 562.400000
224.534287 562.400000 579.200000
225.550693 562.400000 568.000000
226.598647 562.400000 568.000000
227.601772 562.400000 568.000000
228.638979 562.400000 568.000000
229.663567 562.400000 568.000000
230.677533 562.400000 566.000000
231.724600 562.400000 566.000000
232.748914 562.400000 564.400000
233.757735 562.400000 564.400000
234.760002 562.400000 564.400000
235.824429 562.400000 564.400000
236.871273 562.400000 573.600000
237.900798 562.400000 564.400000
238.952396 562.400000 564.400000
239.957744 562.400000 562.400000
240.967801 562.400000 562.400000
241.981855 562.400000 562.400000
242.990083 562.400000 562.400000
243.996669 562.400000 568.000000
245.014690 562.400000 568.000000
246.023444 562.400000 566.000000
247.054937 562.400000 566.000000
248.229520 562.400000 581.200000
249.300489 562.400000 564.400000
250.304002 562.400000 562.400000
251.332293 562.400000 562.400000
252.354526 562.400000 562.400000
253.361897 562.400000 566.000000
254.431266 562.400000 562.400000
255.486645 562.400000 562.400000
256.524944 562.400000 562.400000
257.536984 562.400000 573.600000
258.581483 562.400000 566.000000
259.595909 562.400000 566.000000
260.614521 562.400000 566.000000
261.633237 562.400000 564.400000
262.663387 562.400000 564.400000
263.668212 562.400000 562.400000
264.668335 562.400000 562.400000
265.672371 562.400000 562.400000
266.682462 562.400000 579.200000
267.691061 562.400000 566.000000
268.756158 562.400000 566.000000
269.767720 562.400000 566.000000
271.010052 562.400000 579.200000
272.025949 562.400000 564.400000
273.033521 562.400000 562.400000
274.047977 562.400000 562.400000
275.071340 562.400000 562.400000
276.097014 562.400000 562.400000
277.114058 562.400000 568.000000
278.179722 562.400000 562.400000
279.199778 562.400000 562.400000
280.228063 562.400000 562.400000
281.259913 562.400000 575.600000
282.269528 562.400000 568.000000
283.314850 562.400000 566.000000
284.378486 562.400000 566.000000
285.378748 562.400000 562.400000
286.400019 562.400000 562.400000
287.402334 562.400000 562.400000
288.472176 562.400000 562.400000
289.481612 562.400000 568.000000
290.498902 562.400000 568.000000
291.529692 562.400000 568.000000
292.532086 562.400000 568.000000
293.565320 562.400000 579.200000
294.603854 562.400000 564.400000
295.604276 562.400000 564.400000
296.674120 562.400000 564.400000
297.729050 562.400000 584.800000
298.755757 562.400000 566.000000
299.763291 562.400000 566.000000
300.812226 562.400000 562.400000
301.835192 562.400000 562.400000
302.898348 562.400000 562.400000
303.958216 562.400000 573.600000
304.990063 562.400000 562.400000
306.013914 562.400000 562.400000
307.031729 562.400000 562.400000
308.037141 562.400000 562.400000
309.045192 562.400000 568.000000
310.045885 562.400000 566.000000
311.066495 562.400000 566.000000
312.081493 562.400000 566.000000
313.138125 562.400000 566.000000
314.152199 562.400000 568.000000
315.161644 562.400000 568.000000
316.177178 562.400000 568.000000
317.222382 562.400000 568.000000
318.270018 562.400000 573.600000
319.306910 562.400000 568.000000
320.348467 562.400000 568.000000
321.350635 562.400000 566.000000
322.353996 562.400000 566.000000
323.380144 562.400000 566.000000
324.389560 562.400000 566.000000
325.448354 562.400000 581.200000
326.483553 562.400000 564.400000
327.489484 562.400000 562.400000
328.521169 562.400000 562.400000
329.523647 562.400000 562.400000
330.566251 562.400000 562.400000
331.578750 562.400000 573.600000
332.580285 562.400000 568.000000
333.617091 562.400000 568.000000
334.641415 562.400000 568.000000
335.650375 562.400000 584.800000
336.658532 562.400000 566.000000
337.676334 562.400000 566.000000
338.727100 562.400000 566.000000
339.740635 562.400000 573.600000
340.753913 562.400000 566.000000
341.780409 562.400000 566.000000
342.781552 562.400000 566.000000
343.788337 562.400000 566.000000
344.836644 562.400000 573.600000
345.849039 562.400000 568.000000
346.904963 562.400000 568.000000
347.906700 562.400000 568.000000
348.915054 562.400000 568.000000
349.922163 562.400000 566.000000
350.981474 562.400000 566.000000
352.004212 562.400000 566.000000
353.020040 562.400000 579.200000
354.073583 562.400000 568.000000
355.074263 562.400000 564.400000
356.085330 562.400000 564.400000
357.244547 562.400000 584.800000
358.267117 562.400000 564.400000
359.280091 562.400000 562.400000
360.286129 562.400000 562.400000
361.343297 562.400000 562.400000
362.374305 562.400000 573.600000
363.419610 562.400000 562.400000
364.435667 562.400000 562.400000
365.437849 562.400000 562.400000
366.667971 562.400000 579.200000
367.675027 562.400000 562.400000
368.690792 562.400000 562.400000
369.751998 562.400000 562.400000
370.801356 562.400000 562.400000
371.811943 562.400000 570.000000
372.818325 562.400000 566.000000
373.820788 562.400000 566.000000
374.820896 562.400000 566.000000
375.823761 562.400000 568.000000
376.824591 562.400000 566.000000
377.839039 562.400000 566.000000
378.856173 562.400000 566.000000
379.874547 562.400000 566.000000
380.908527 562.400000 568.000000
381.918148 562.400000 568.000000
382.957520 562.400000 568.000000
383.972293 562.400000 568.000000
384.982239 562.400000 568.000000
385.983178 562.400000 568.000000
387.046551 562.400000 568.000000
388.060811 562.400000 568.000000
389.074321 562.400000 568.000000
390.087192 562.400000 568.000000
391.109827 562.400000 568.000000
392.160615 562.400000 566.000000
393.177257 562.400000 566.000000
394.187648 562.400000 566.000000
395.280918 562.400000 579.200000
396.307607 562.400000 568.000000
397.372571 562.400000 566.000000
398.394533 562.400000 566.000000
399.405524 562.400000 566.000000
400.421488 562.400000 566.000000
401.438976 562.400000 573.600000
402.486086 562.400000 562.400000
403.544404 562.400000 562.400000
404.555792 562.400000 562.400000
405.557588 562.400000 562.400000
406.568117 562.400000 573.600000
407.591169 562.400000 566.000000
408.597453 562.400000 566.000000
409.605634 562.400000 562.400000
410.608841 562.400000 562.400000
411.612334 562.400000 562.400000
412.639507 562.400000 562.400000
413.903001 562.400000 575.600000
414.918167 562.400000 562.400000
415.934015 562.400000 562.400000
416.990491 562.400000 562.400000
418.210032 562.400000 584.800000
419.221067 562.400000 566.000000
420.230784 562.400000 566.000000
421.275489 562.400000 566.000000
422.285309 562.400000 566.000000
423.286381 562.400000 573.600000
424.323587 562.400000 566.000000
425.334758 562.400000 562.400000
426.349147 562.400000 562.400000
427.416185 562.400000 562.400000
428.419391 562.400000 562.400000
429.435356 562.400000 568.000000
430.437978 562.400000 566.000000
431.495347 562.400000 566.000000
432.508488 562.400000 566.000000
433.509286 562.400000 566.000000
434.517806 562.400000 573.600000
435.562344 562.400000 566.000000
436.566590 562.400000 566.000000
437.628084 562.400000 566.000000
438.783567 562.400000 581.200000
439.785835 562.400000 568.000000
440.840911 562.400000 566.000000
441.859533 562.400000 562.400000
442.927315 562.400000 562.400000
443.928212 562.400000 562.400000
444.949474 562.400000 562.400000
445.949604 562.400000 573.600000
446.972526 562.400000 570.000000
447.998770 562.400000 568.000000
449.022022 562.400000 568.000000
450.164851 562.400000 573.600000
451.165615 562.400000 568.000000
452.168324 562.400000 568.000000
453.176542 562.400000 568.000000
454.462473 562.400000 579.200000
455.501286 562.400000 568.000000
456.520776 562.400000 566.000000
457.521612 562.400000 566.000000
458.529587 562.400000 566.000000
459.539489 562.400000 607.200000
460.548902 562.400000 568.000000
461.616051 562.400000 562.400000
462.625480 562.400000 562.400000
463.731018 562.400000 579.200000
464.774783 562.400000 566.000000
465.786519 562.400000 566.000000
466.802718 562.400000 566.000000
467.863206 562.400000 566.000000
468.869461 562.400000 566.000000
469.902274 562.400000 573.600000
470.953702 562.400000 566.000000
471.956556 562.400000 566.000000
472.957087 562.400000 566.000000
474.008440 562.400000 566.000000
475.028959 562.400000 566.000000
476.159377 562.400000 575.600000
477.174883 562.400000 564.400000
478.204039 562.400000 564.400000
479.214343 562.400000 564.400000
480.239597 562.400000 564.400000
481.250776 562.400000 568.000000
482.295001 562.400000 568.000000
483.312261 562.400000 568.000000
484.318435 562.400000 568.000000
485.345227 562.400000 584.800000
486.356438 562.400000 568.000000
487.412234 562.400000 568.000000
488.431080 562.400000 568.000000
489.472889 562.400000 568.000000
490.491132 562.400000 568.000000
491.541576 562.400000 566.000000
492.546629 562.400000 566.000000
493.553942 562.400000 566.000000
494.619314 562.400000 566.000000
495.637727 562.400000 568.000000
496.642595 562.400000 568.000000
497.652211 562.400000 568.000000
498.679203 562.400000 568.000000
499.885120 562.400000 584.800000
500.886159 562.400000 568.000000
501.918290 562.400000 568.000000
502.976181 562.400000 568.000000
504.162505 562.400000 579.200000
505.171058 562.400000 566.000000
506.193009 562.400000 564.400000
507.195026 562.400000 564.400000
508.263617 562.400000 564.400000
509.264108 562.400000 568.000000
510.275563 562.400000 562.400000
511.281938 562.400000 562.400000
512.352282 562.400000 562.400000
513.397662 562.400000 562.400000
514.462692 562.400000 562.400000
515.486120 562.400000 562.400000
516.510459 562.400000 562.400000
517.550754 562.400000 573.600000
518.601264 562.400000 562.400000
519.602015 562.400000 562.400000
520.662998 562.400000 562.400000
521.697626 562.400000 573.600000
522.703722 562.400000 568.000000
523.751282 562.400000 562.400000
524.759964 562.400000 562.400000
525.817784 562.400000 562.400000
526.826686 562.400000 562.400000
527.867638 562.400000 568.000000
528.879723 562.400000 568.000000
529.950522 562.400000 568.000000
530.953093 562.400000 566.000000
531.967479 562.400000 566.000000
532.980642 562.400000 566.000000
533.982845 562.400000 566.000000
535.040846 562.400000 573.600000
536.083684 562.400000 568.000000
537.089326 562.400000 568.000000
538.112672 562.400000 568.000000
539.155456 562.400000 568.000000
540.195821 562.400000 570.000000
541.199884 562.400000 568.000000
542.207305 562.400000 568.000000
543.214428 562.400000 568.000000
544.254887 562.400000 573.600000
545.313984 562.400000 568.000000
546.350152 562.400000 566.000000
547.363478 562.400000 566.000000
548.393438 562.400000 566.000000
549.398039 562.400000 568.000000
550.411904 562.400000 568.000000
551.435381 562.400000 568.000000
552.437060 562.400000 568.000000
553.580851 562.400000 579.200000
554.643345 562.400000 566.000000
555.663239 562.400000 564.400000
556.671741 562.400000 564.400000
557.696077 562.400000 564.400000
558.726356 562.400000 564.400000
559.786619 562.400000 575.600000
560.796258 562.400000 568.000000
561.814244 562.400000 568.000000
562.819746 562.400000 568.000000
563.996555 562.400000 579.200000
565.002390 562.400000 564.400000
566.002827 562.400000 562.400000
567.021445 562.400000 562.400000
568.031168 562.400000 562.400000
569.051946 562.400000 562.400000
570.057493 562.400000 566.000000
571.079746 562.400000 562.400000
572.107146 562.400000 562.400000
573.145877 562.400000 562.400000
574.152560 562.400000 562.400000
575.248816 562.400000 568.000000
576.270559 562.400000 568.000000
577.276367 562.400000 568.000000
578.300805 562.400000 568.000000
579.310241 562.400000 568.000000
580.380985 562.400000 564.400000
581.408867 562.400000 562.400000
582.437016 562.400000 562.400000
583.461558 562.400000 562.400000
584.516363 562.400000 601.600000
585.540997 562.400000 566.000000
586.548276 562.400000 562.400000
587.560821 562.400000 562.400000
588.615000 562.400000 562.400000
589.630130 562.400000 562.400000
590.675666 562.400000 573.600000
591.684770 562.400000 568.000000
592.691751 562.400000 568.000000
593.706433 562.400000 568.000000
594.714227 562.400000 568.000000
595.716024 562.400000 568.000000
596.728369 562.400000 568.000000
597.743142 562.400000 568.000000
598.756860 562.400000 568.000000
599.771180 562.400000 568.000000
600.772784 562.400000 568.000000
601.810937 562.400000 568.000000
602.846522 562.400000 568.000000
603.853067 562.400000 573.600000
604.865636 562.400000 566.000000
605.892835 562.400000 566.000000
606.932913 562.400000 566.000000
607.951932 562.400000 566.000000
608.953268 562.400000 575.600000
609.992228 562.400000 564.400000
611.001068 562.400000 564.400000
612.017671 562.400000 564.400000
613.077910 562.400000 564.400000
614.114136 562.400000 568.000000
615.145164 562.400000 562.400000
616.163917 562.400000 562.400000
617.182026 562.400000 562.400000
618.210912 562.400000 568.000000
619.214905 562.400000 566.000000
620.220013 562.400000 566.000000
621.221503 562.400000 573.600000
622.229356 562.400000 566.000000
623.243924 562.400000 566.000000
624.296891 562.400000 566.000000
625.297664 562.400000 566.000000
626.374361 562.400000 573.600000
627.375569 562.400000 568.000000
628.376372 562.400000 564.400000
629.400027 562.400000 564.400000
630.500671 562.400000 570.000000
631.563112 562.400000 564.400000
632.594151 562.400000 564.400000
633.628171 562.400000 562.400000
634.663695 562.400000 562.400000
635.717008 562.400000 562.400000
636.784430 562.400000 562.400000
637.784544 562.400000 579.200000
638.792016 562.400000 568.000000
639.856108 562.400000 566.000000
640.859005 562.400000 566.000000
641.859016 562.400000 573.600000
642.889320 562.400000 568.000000
643.905214 562.400000 568.000000
644.916227 562.400000 568.000000
646.031030 562.400000 579.200000
647.085564 562.400000 566.000000
648.091740 562.400000 562.400000
649.112318 562.400000 562.400000
650.133546 562.400000 562.400000
651.138256 562.400000 562.400000
652.161274 562.400000 573.600000
653.178583 562.400000 566.000000
654.225711 562.400000 566.000000
655.235053 562.400000 566.000000
656.263600 562.400000 579.200000
657.271597 562.400000 566.000000
658.285248 562.400000 566.000000
659.354573 562.400000 566.000000
660.360377 562.400000 566.000000
661.401989 562.400000 566.000000
662.430854 562.400000 562.400000
663.435419 562.400000 562.400000
664.440420 562.400000 562.400000
665.664294 562.400000 584.800000
666.755133 562.400000 568.000000
667.768000 562.400000 568.000000
668.779021 562.400000 568.000000
669.802445 562.400000 568.000000
670.809008 562.400000 573.600000
671.810862 562.400000 568.000000
672.815858 562.400000 568.000000
673.829816 562.400000 568.000000
674.834280 562.400000 573.600000
675.838749 562.400000 566.000000
676.869193 562.400000 566.000000
677.888134 562.400000 562.400000
678.892173 562.400000 562.400000
679.902234 562.400000 562.400000
680.932536 562.400000 573.600000
681.950788 562.400000 568.000000
682.953057 562.400000 568.000000
683.972431 562.400000 568.000000
684.972557 562.400000 566.000000
686.009599 562.400000 562.400000
687.013699 562.400000 562.400000
688.025313 562.400000 562.400000
689.056708 562.400000 575.600000
690.108362 562.400000 566.000000
691.151649 562.400000 566.000000
692.151904 562.400000 566.000000
693.186476 562.400000 566.000000
694.203457 562.400000 566.000000
695.230496 562.400000 566.000000
696.260611 562.400000 566.000000
697.294982 562.400000 566.000000
698.456199 562.400000 573.600000
699.469334 562.400000 564.400000
700.498567 562.400000 564.400000
701.538106 562.400000 562.400000
702.554744 562.400000 562.400000
703.589253 562.400000 562.400000
704.602771 562.400000 562.400000
705.618405 562.400000 568.000000
706.624659 562.400000 568.000000
707.626446 562.400000 568.000000
708.632757 562.400000 568.000000
709.649479 562.400000 568.000000
710.661200 562.400000 568.000000
711.711455 562.400000 566.000000
712.728094 562.400000 566.000000
713.747052 562.400000 566.000000
714.798061 562.400000 579.200000
715.810789 562.400000 566.000000
716.841660 562.400000 564.400000
717.863561 562.400000 564.400000
718.875085 562.400000 564.400000
719.889897 562.400000 573.600000
720.896583 562.400000 568.000000
721.917717 562.400000 568.000000
722.934311 562.400000 566.000000
723.936220 562.400000 566.000000
724.973134 562.400000 566.000000
725.992757 562.400000 566.000000
727.002759 562.400000 573.600000
728.022244 562.400000 562.400000
729.042589 562.400000 562.400000
730.053419 562.400000 562.400000
731.092901 562.400000 573.600000
732.102679 562.400000 568.000000
733.105873 562.400000 568.000000
734.130969 562.400000 568.000000
735.275031 562.400000 579.200000
736.290029 562.400000 570.000000
737.308559 562.400000 568.000000
738.318193 562.400000 568.000000
739.334928 562.400000 568.000000
740.386832 562.400000 568.000000
741.390021 562.400000 573.600000
742.467542 562.400000 564.400000
743.483135 562.400000 562.400000
744.529162 562.400000 562.400000
745.598388 562.400000 562.400000
746.657735 562.400000 568.000000
747.666761 562.400000 566.000000
748.674143 562.400000 566.000000
749.679495 562.400000 564.400000
750.688084 562.400000 564.400000
751.708152 562.400000 564.400000
752.723416 562.400000 564.400000
753.724614 562.400000 573.600000
754.727720 562.400000 568.000000
755.776892 562.400000 566.000000
756.816091 562.400000 566.000000
757.882417 562.400000 566.000000
758.931088 562.400000 568.000000
759.963485 562.400000 566.000000
760.981159 562.400000 564.400000
761.981300 562.400000 562.400000
762.987749 562.400000 562.400000
763.997322 562.400000 562.400000
765.011444 562.400000 568.000000
766.012185 562.400000 566.000000
767.039688 562.400000 566.000000
768.049388 562.400000 564.400000
769.071937 562.400000 564.400000
770.115319 562.400000 564.400000
771.142041 562.400000 568.000000
772.188943 562.400000 566.000000
773.196349 562.400000 564.400000
774.197703 562.400000 564.400000
775.207643 562.400000 564.400000
776.217153 562.400000 564.400000
777.228025 562.400000 568.000000
778.229914 562.400000 568.000000
779.271392 562.400000 568.000000
780.282514 562.400000 568.000000
781.288250 562.400000 575.600000
782.307838 562.400000 568.000000
783.360566 562.400000 568.000000
784.392531 562.400000 568.000000
785.592510 562.400000 579.200000
786.605391 562.400000 568.000000
787.615032 562.400000 568.000000
788.630093 562.400000 568.000000
789.638100 562.400000 566.000000
790.645551 562.400000 566.000000
791.664338 562.400000 566.000000
792.720748 562.400000 584.800000
793.724263 562.400000 568.000000
794.775396 562.400000 568.000000
795.791517 562.400000 568.000000
796.796845 562.400000 568.000000
797.830313 562.400000 568.000000
798.834795 562.400000 568.000000
799.862049 562.400000 568.000000
