0 579.2 0.244873 300 0
0 573.6 0.294398 0
0 570 0.389254 0
0 568 0.620342 6
0 568 2.63599 300 81
0 562.4 3.048 81
0 562.4 4.71023 300 81
0 562.4 7.77033 300 85
0 562.4 10.6 300 85
0 562.4 13.9434 300 85
0 562.4 18.9887 300 85
0 562.4 24.6491 300 85
0 562.4 28.5298 300 85
0 562.4 31.7779 300 85
0 562.4 35.8092 300 85
0 562.4 42.4926 300 85
0 562.4 47.3031 300 85
0 562.4 53.0338 300 85
0 562.4 58.3657 300 85
0 562.4 66.3436 300 85
0 562.4 71.3058 300 85
0 562.4 76.5235 300 85
0 562.4 81.5337 300 85
0 562.4 84.4743 300 85
0 562.4 88.583 300 85
0 562.4 92.5549 300 85
0 562.4 95.2825 300 85
0 562.4 101.026 300 89
0 562.4 107.766 300 89
0 562.4 112.264 300 89
0 562.4 115.949 300 89
0 562.4 121.042 300 89
0 562.4 124.699 300 89
0 562.4 129.543 300 89
0 562.4 132.54 300 89
0 562.4 135.014 300 89
0 562.4 137.656 300 89
0 562.4 140.955 300 89
0 562.4 145.734 300 89
0 562.4 148.681 300 89
0 562.4 152.009 300 89
0 562.4 154.617 300 89
0 562.4 157.736 300 89
0 562.4 161.489 300 89
0 562.4 164.205 300 89
0 562.4 167.04 300 89
0 562.4 170.156 300 89
0 562.4 173.151 300 89
0 562.4 175.239 300 89
0 562.4 178.543 300 89
0 562.4 181.62 300 89
0 562.4 186.011 300 89
0 562.4 190.309 300 89
0 562.4 193.639 300 89
0 562.4 198.95 300 89
0 562.4 204.024 300 89
0 562.4 207.983 300 89
0 562.4 210.433 300 89
0 562.4 214.245 300 89
0 562.4 218.237 300 89
0 562.4 221.739 300 89
0 562.4 225.303 300 89
0 562.4 229.746 300 89
0 562.4 233.733 300 89
0 562.4 238.53 300 89
0 562.4 242.167 300 89
0 562.4 245.63 300 89
0 562.4 248.331 300 89
0 562.4 250.262 300 89
0 562.4 252.768 300 89
0 562.4 256.607 300 89
0 562.4 261.256 300 89
0 562.4 264.771 300 89
0 562.4 268.564 300 89
0 562.4 272.178 300 89
0 562.4 276.218 300 89
0 562.4 280.578 300 89
0 562.4 286.663 300 89
0 562.4 291.567 300 89
0 562.4 297.342 300 89
0 562.4 302.508 300 89
0 562.4 309.028 300 89
0 562.4 314.469 300 89
0 562.4 318.878 300 89
0 562.4 324.333 300 89
0 562.4 330.161 300 89
0 562.4 334.455 300 89
0 562.4 339.596 300 89
0 562.4 344.143 300 89
0 562.4 349.113 300 89
0 562.4 353.678 300 89
0 562.4 358.668 300 89
0 562.4 363.684 300 89
0 562.4 368.759 300 89
0 562.4 373.53 300 89
0 562.4 378.444 300 89
0 562.4 383.434 300 89
0 562.4 389.242 300 89
0 562.4 394.129 300 89
0 562.4 400.084 300 89
0 562.4 404.017 300 89
0 562.4 410.026 300 89
0 562.4 415.62 300 89
0 562.4 421.297 300 89
0 562.4 425.473 300 89
0 562.4 429.721 300 89
0 562.4 434.838 300 89
0 562.4 438.412 300 89
0 562.4 442.211 300 89
0 562.4 445.879 300 89
0 562.4 450.314 300 89
0 562.4 454.577 300 89
0 562.4 460.007 300 89
0 562.4 463.317 300 89
0 562.4 466.894 300 89
0 562.4 473.111 300 89
0 562.4 476.883 300 89
0 562.4 480.671 300 89
0 562.4 486.079 300 89
0 562.4 491.308 300 89
0 562.4 497.486 300 89
0 562.4 501.075 300 89
0 562.4 504.936 300 89
0 562.4 509.061 300 89
0 562.4 512.901 300 89
0 562.4 517.663 300 89
0 562.4 521.723 300 89
0 562.4 525.738 300 89
0 562.4 529.243 300 89
0 562.4 534.079 300 89
0 562.4 538.835 300 89
0 562.4 543.203 300 89
0 562.4 547.593 300 89
0 562.4 553.462 300 89
0 562.4 558.199 300 89
0 562.4 563.748 300 89
0 562.4 568.325 300 89
0 562.4 572.812 300 89
0 562.4 578.108 300 89
0 562.4 582.454 300 89
0 562.4 587.722 300 89
0 562.4 592.499 300 89
0 562.4 596.639 300 89
0 562.4 600.444 300 89
0 562.4 604.364 300 89
0 562.4 610.254 300 89
0 562.4 616.046 300 89
0 562.4 619.767 300 89
0 562.4 626.247 300 89
0 562.4 630.039 300 89
0 562.4 634.575 300 89
0 562.4 639.364 300 89
0 562.4 644.274 300 89
0 562.4 648.777 300 89
0 562.4 653.043 300 89
0 562.4 657.924 300 89
0 562.4 662.377 300 89
0 562.4 666.956 300 89
0 562.4 671.368 300 89
0 562.4 675.479 300 89
0 562.4 681.049 300 89
0 562.4 685.054 300 89
0 562.4 690.572 300 89
0 562.4 696.16 300 89
0 562.4 700.794 300 89
0 562.4 704.68 300 89
0 562.4 708.643 300 89
0 562.4 712.695 300 89
0 562.4 716.599 300 89
0 562.4 721.228 300 89
0 562.4 724.495 300 89
0 562.4 728.524 300 89
0 562.4 732.755 300 89
0 562.4 737.345 300 89
0 562.4 742.107 300 89
0 562.4 747.241 300 89
0 562.4 751.566 300 89
0 562.4 755.959 300 89
0 562.4 760.121 300 89
0 562.4 764.751 300 89
0 562.4 772.355 300 89
0 562.4 776.998 300 89
0 562.4 781.019 300 89
0 562.4 786.383 300 89
0 562.4 790.901 300 89
0 562.4 797.676 300 89
