0 696.8 0.219388 300 0
0 579.2 0.269265 0
0 568 0.426536 6
0 564.4 0.639793 6
0 562.4 1.0763 18
0 562.4 3.01582 300 85
0 562.4 5.15344 300 85
0 562.4 7.15568 300 85
0 562.4 9.23194 300 85
0 562.4 13.7133 300 85
0 562.4 17.4213 300 85
0 562.4 20.1323 300 85
0 562.4 24.8819 300 85
0 562.4 28.8474 300 85
0 562.4 34.0438 300 85
0 562.4 38.5358 300 85
0 562.4 43.4974 300 85
0 562.4 50.1472 300 85
0 562.4 55.1081 300 85
0 562.4 61.2644 300 85
0 562.4 65.7282 300 85
0 562.4 70.0559 300 85
0 562.4 74.8653 300 85
0 562.4 78.558 300 85
0 562.4 82.9785 300 85
0 562.4 89.3578 300 85
0 562.4 95.3778 300 85
0 562.4 98.9712 300 85
0 562.4 103.361 300 85
0 562.4 107.551 300 85
0 562.4 112.879 300 85
0 562.4 118.367 300 85
0 562.4 126.558 300 85
0 562.4 131.003 300 85
0 562.4 138.191 300 85
0 562.4 143.84 300 85
0 562.4 148.504 300 85
0 562.4 153.882 300 85
0 562.4 158.776 300 85
0 562.4 163.769 300 85
0 562.4 170.165 300 85
0 562.4 175.233 300 85
0 562.4 180.348 300 85
0 562.4 187.177 300 85
0 562.4 191.549 300 85
0 562.4 196.458 300 85
0 562.4 201.164 300 85
0 562.4 205.649 300 85
0 562.4 209.891 300 85
0 562.4 213.897 300 86
0 562.4 219.059 300 86
0 562.4 224.327 300 86
0 562.4 228.944 300 86
0 562.4 234.503 300 86
0 562.4 240.752 300 86
0 562.4 245.574 300 86
0 562.4 250.952 300 86
0 562.4 256.551 300 86
0 562.4 262.666 300 86
0 562.4 267.475 300 86
0 562.4 272.547 300 86
0 562.4 277.694 300 86
0 562.4 281.8 300 86
0 562.4 286.286 300 86
0 562.4 291.801 300 86
0 562.4 298.241 300 86
0 562.4 303.885 300 86
0 562.4 308.933 300 86
0 562.4 314.077 300 86
0 562.4 318.679 300 86
0 562.4 324.124 300 86
0 562.4 328.706 300 86
0 562.4 334.871 300 88
0 562.4 341.644 300 89
0 562.4 346.136 300 89
0 562.4 351.027 300 89
0 562.4 355.165 300 89
0 562.4 360.075 300 89
0 562.4 366.36 300 89
0 562.4 372.668 300 89
0 562.4 377.74 300 89
0 562.4 382.997 300 89
0 562.4 388.313 300 89
0 562.4 393.148 300 89
0 562.4 399.238 300 89
0 562.4 406.886 300 89
0 562.4 413.207 300 89
0 562.4 417.944 300 89
0 562.4 422.638 300 89
0 562.4 427.191 300 89
0 562.4 431.736 300 89
0 562.4 436.72 300 89
0 562.4 441.795 300 89
0 562.4 445.843 300 89
0 562.4 449.89 300 89
0 562.4 454.696 300 89
0 562.4 459.118 300 89
0 562.4 465.73 300 89
0 562.4 472.024 300 89
0 562.4 476.737 300 89
0 562.4 481.556 300 89
0 562.4 486.598 300 89
0 562.4 491.593 300 89
0 562.4 499.667 300 89
0 562.4 504.685 300 89
0 562.4 509.295 300 89
0 562.4 515.457 300 89
0 562.4 520.694 300 89
0 562.4 525.867 300 89
0 562.4 530.074 300 89
0 562.4 533.873 300 89
0 562.4 541.518 300 89
0 562.4 546.666 300 89
0 562.4 554.342 300 89
0 562.4 559.079 300 89
0 562.4 564.772 300 89
0 562.4 569.91 300 89
0 562.4 574.693 300 89
0 562.4 579.534 300 89
0 562.4 584.522 300 89
0 562.4 590.016 300 89
0 562.4 596.039 300 89
0 562.4 603.248 300 89
0 562.4 609.38 300 89
0 562.4 613.12 300 89
0 562.4 617.999 300 89
0 562.4 624.26 300 89
0 562.4 629.189 300 89
0 562.4 634.488 300 89
0 562.4 637.987 300 89
0 562.4 642.513 300 89
0 562.4 647.328 300 89
0 562.4 652.442 300 89
0 562.4 656.921 300 89
0 562.4 661.759 300 89
0 562.4 667.181 300 89
0 562.4 671.907 300 89
0 562.4 676.782 300 89
0 562.4 681.298 300 89
0 562.4 685.795 300 89
0 562.4 690.18 300 89
0 562.4 694.809 300 89
0 562.4 699.603 300 89
0 562.4 704.344 300 89
0 562.4 709.926 300 89
0 562.4 714.983 300 89
0 562.4 719.685 300 89
0 562.4 725.947 300 89
0 562.4 730.278 300 89
0 562.4 738.047 300 89
0 562.4 745.81 300 89
0 562.4 750.937 300 89
0 562.4 755.697 300 89
0 562.4 761.364 300 89
0 562.4 766.035 300 89
0 562.4 770.58 300 89
0 562.4 776.1 300 89
0 562.4 780.593 300 89
0 562.4 784.699 300 89
0 562.4 788.888 300 89
0 562.4 793.492 300 89
0 562.4 800.281 300 89
