33.775554 504.400000 504.400000
35.402145 504.400000 504.400000
37.157690 409.200000 409.200000
39.088780 409.200000 409.200000
40.749348 403.600000 403.600000
42.682789 403.600000 403.600000
43.814324 403.600000 398.000000
44.838921 398.000000 398.000000
46.418683 398.000000 398.000000
47.431216 398.000000 398.000000
48.755193 398.000000 398.000000
50.521219 398.000000 398.000000
51.852180 398.000000 398.000000
53.404799 398.000000 398.000000
55.200808 398.000000 398.000000
57.024965 398.000000 398.000000
58.777197 398.000000 398.000000
59.867559 398.000000 398.000000
61.180740 398.000000 398.000000
63.119628 398.000000 398.000000
64.178630 398.000000 398.000000
65.236575 398.000000 398.000000
66.671999 398.000000 398.000000
68.419847 398.000000 398.000000
70.198910 398.000000 398.000000
71.262205 398.000000 398.000000
72.832645 398.000000 398.000000
74.968133 398.000000 398.000000
76.702025 398.000000 398.000000
78.448483 398.000000 398.000000
80.662414 398.000000 398.000000
82.406782 398.000000 398.000000
83.462565 398.000000 398.000000
84.782349 398.000000 398.000000
86.521320 398.000000 398.000000
87.914426 398.000000 398.000000
89.468461 398.000000 398.000000
91.605605 398.000000 398.000000
93.390998 398.000000 398.000000
95.461982 398.000000 398.000000
97.237694 398.000000 398.000000
98.321606 398.000000 398.000000
99.704884 398.000000 398.000000
101.453449 398.000000 398.000000
103.716996 398.000000 398.000000
105.814816 398.000000 398.000000
107.223821 398.000000 398.000000
108.850576 398.000000 398.000000
110.171996 398.000000 398.000000
112.109125 398.000000 398.000000
113.801865 398.000000 398.000000
115.914635 398.000000 398.000000
117.317984 398.000000 398.000000
119.206278 398.000000 398.000000
121.470938 398.000000 398.000000
123.482537 398.000000 398.000000
125.198398 398.000000 398.000000
127.421829 398.000000 398.000000
129.093943 398.000000 398.000000
130.851481 398.000000 398.000000
132.537454 398.000000 398.000000
163.302581 398.000000 476.400000
165.353834 398.000000 476.400000
166.528237 398.000000 411.200000
168.199594 398.000000 411.200000
169.437033 398.000000 403.600000
170.623904 398.000000 403.600000
172.003892 398.000000 403.600000
173.874893 398.000000 403.600000
175.750653 398.000000 403.600000
177.018850 398.000000 403.600000
178.359200 398.000000 403.600000
179.635182 398.000000 398.000000
181.225348 398.000000 398.000000
182.251427 398.000000 398.000000
183.633886 398.000000 398.000000
185.772159 398.000000 398.000000
187.802023 398.000000 398.000000
188.905490 398.000000 398.000000
190.238633 398.000000 398.000000
192.037738 398.000000 398.000000
193.841195 398.000000 398.000000
195.170605 398.000000 398.000000
196.768923 398.000000 398.000000
198.860740 398.000000 398.000000
200.635621 398.000000 398.000000
202.296606 398.000000 398.000000
204.464216 398.000000 398.000000
205.508478 398.000000 398.000000
206.934995 398.000000 398.000000
209.096454 398.000000 398.000000
210.896390 398.000000 398.000000
212.894156 398.000000 398.000000
214.868297 398.000000 398.000000
215.934777 398.000000 398.000000
217.402717 398.000000 398.000000
218.472089 398.000000 398.000000
219.813213 398.000000 398.000000
222.173553 398.000000 398.000000
223.341842 398.000000 398.000000
225.400311 398.000000 398.000000
227.772406 398.000000 398.000000
228.976879 398.000000 398.000000
230.630755 398.000000 398.000000
232.460586 398.000000 398.000000
233.521914 398.000000 398.000000
234.978301 398.000000 398.000000
236.809987 398.000000 398.000000
238.686653 398.000000 398.000000
240.475781 398.000000 398.000000
242.015474 398.000000 398.000000
243.609409 398.000000 398.000000
244.751725 398.000000 398.000000
246.111592 398.000000 398.000000
247.854336 398.000000 398.000000
249.776416 398.000000 398.000000
251.503058 398.000000 398.000000
253.834342 398.000000 398.000000
285.763800 398.000000 504.400000
287.725873 398.000000 504.400000
288.777427 398.000000 403.600000
290.029915 398.000000 403.600000
291.828470 398.000000 403.600000
294.011081 398.000000 403.600000
295.127200 398.000000 398.000000
297.120193 398.000000 398.000000
299.115101 398.000000 398.000000
300.134549 398.000000 398.000000
302.000188 398.000000 398.000000
303.872115 398.000000 398.000000
305.726397 398.000000 398.000000
307.857581 398.000000 398.000000
309.164802 398.000000 398.000000
311.200147 398.000000 398.000000
312.847099 398.000000 398.000000
315.021146 398.000000 398.000000
317.261492 398.000000 398.000000
318.337608 398.000000 398.000000
320.079023 398.000000 398.000000
322.335836 398.000000 398.000000
324.482366 398.000000 398.000000
325.669907 398.000000 398.000000
327.232350 398.000000 398.000000
328.481050 398.000000 398.000000
330.428184 398.000000 398.000000
331.763221 398.000000 398.000000
332.974816 398.000000 398.000000
334.289170 398.000000 398.000000
336.434560 398.000000 398.000000
337.520248 398.000000 398.000000
339.013394 398.000000 398.000000
340.155313 398.000000 398.000000
341.498911 398.000000 398.000000
342.601680 398.000000 398.000000
344.153434 398.000000 398.000000
346.249577 398.000000 398.000000
348.521174 398.000000 398.000000
349.875452 398.000000 398.000000
351.837784 398.000000 398.000000
353.965138 398.000000 398.000000
356.224236 398.000000 398.000000
357.899902 398.000000 398.000000
388.576726 398.000000 498.800000
390.273160 398.000000 498.800000
391.279602 398.000000 403.600000
392.943093 398.000000 403.600000
394.794440 398.000000 403.600000
396.792037 398.000000 403.600000
397.878243 398.000000 398.000000
398.968092 398.000000 398.000000
400.434786 398.000000 398.000000
401.524660 398.000000 398.000000
403.033823 398.000000 398.000000
404.899901 398.000000 398.000000
406.123272 398.000000 398.000000
407.778706 398.000000 398.000000
409.616002 398.000000 398.000000
411.681610 398.000000 398.000000
413.749384 398.000000 398.000000
416.064772 398.000000 398.000000
417.922207 398.000000 398.000000
419.760935 398.000000 398.000000
421.960426 398.000000 398.000000
424.359721 398.000000 398.000000
425.419411 398.000000 398.000000
427.117406 398.000000 398.000000
428.173111 398.000000 398.000000
429.298940 398.000000 398.000000
430.779353 398.000000 398.000000
432.638890 398.000000 398.000000
433.854079 398.000000 398.000000
435.283036 398.000000 398.000000
437.544894 398.000000 398.000000
438.618456 398.000000 398.000000
440.048103 398.000000 398.000000
441.095386 398.000000 398.000000
442.728604 398.000000 398.000000
444.645155 398.000000 398.000000
446.621976 398.000000 398.000000
448.782435 398.000000 398.000000
450.765624 398.000000 398.000000
451.850333 398.000000 398.000000
453.542228 398.000000 398.000000
455.575957 398.000000 398.000000
457.965204 398.000000 398.000000
459.572927 398.000000 398.000000
461.378744 398.000000 398.000000
463.250305 398.000000 398.000000
464.566579 398.000000 398.000000
466.259520 398.000000 398.000000
468.217905 398.000000 398.000000
469.324272 398.000000 398.000000
470.690656 398.000000 398.000000
471.968892 398.000000 398.000000
474.133698 398.000000 398.000000
476.494620 398.000000 398.000000
477.547343 398.000000 398.000000
479.010043 398.000000 398.000000
480.108125 398.000000 398.000000
481.633013 398.000000 398.000000
513.836811 398.000000 493.200000
515.768687 398.000000 493.200000
517.005767 398.000000 405.600000
518.740947 398.000000 405.600000
520.703383 398.000000 403.600000
522.429460 398.000000 400.000000
524.443291 398.000000 400.000000
525.479443 398.000000 398.000000
526.766085 398.000000 398.000000
528.078626 398.000000 398.000000
529.530772 398.000000 398.000000
531.398056 398.000000 398.000000
532.641759 398.000000 398.000000
534.730497 398.000000 398.000000
536.490734 398.000000 398.000000
537.646191 398.000000 398.000000
539.104470 398.000000 398.000000
540.145812 398.000000 398.000000
541.736832 398.000000 398.000000
543.024502 398.000000 398.000000
544.599359 398.000000 398.000000
546.757181 398.000000 398.000000
548.515941 398.000000 398.000000
550.221819 398.000000 398.000000
551.616367 398.000000 398.000000
552.918204 398.000000 398.000000
554.466441 398.000000 398.000000
556.575788 398.000000 398.000000
557.922424 398.000000 398.000000
558.967363 398.000000 398.000000
560.473687 398.000000 398.000000
561.978565 398.000000 398.000000
564.140299 398.000000 398.000000
565.891699 398.000000 398.000000
567.653723 398.000000 398.000000
569.829066 398.000000 398.000000
571.132803 398.000000 398.000000
572.143974 398.000000 398.000000
573.745996 398.000000 398.000000
575.887100 398.000000 398.000000
577.993348 398.000000 398.000000
580.120974 398.000000 398.000000
582.200006 398.000000 398.000000
583.996370 398.000000 398.000000
585.794504 398.000000 398.000000
587.940521 398.000000 398.000000
589.722881 398.000000 398.000000
591.528891 398.000000 398.000000
592.751673 398.000000 398.000000
594.002584 398.000000 398.000000
595.183666 398.000000 398.000000
596.874921 398.000000 398.000000
598.584921 398.000000 398.000000
600.338035 398.000000 398.000000
638.586159 398.000000 482.000000
640.580036 398.000000 482.000000
641.633753 398.000000 403.600000
643.920199 398.000000 403.600000
646.205158 398.000000 403.600000
648.047871 398.000000 403.600000
649.187284 398.000000 398.000000
650.876015 398.000000 398.000000
652.943840 398.000000 398.000000
653.963248 398.000000 398.000000
655.071582 398.000000 398.000000
656.903367 398.000000 398.000000
659.372742 398.000000 398.000000
660.485354 398.000000 398.000000
661.500551 398.000000 398.000000
663.504727 398.000000 398.000000
665.554628 398.000000 398.000000
667.678430 398.000000 398.000000
669.004502 398.000000 398.000000
670.854417 398.000000 398.000000
672.892052 398.000000 398.000000
674.179045 398.000000 398.000000
676.132611 398.000000 398.000000
677.312707 398.000000 398.000000
678.482834 398.000000 398.000000
680.028329 398.000000 398.000000
682.523661 398.000000 398.000000
684.439051 398.000000 398.000000
686.515094 398.000000 398.000000
687.911670 398.000000 398.000000
689.650571 398.000000 398.000000
690.787436 398.000000 398.000000
692.559680 398.000000 398.000000
693.665188 398.000000 398.000000
695.039394 398.000000 398.000000
696.330328 398.000000 398.000000
698.110669 398.000000 398.000000
699.301438 398.000000 398.000000
701.079251 398.000000 398.000000
702.264222 398.000000 398.000000
703.710113 398.000000 398.000000
705.001611 398.000000 398.000000
706.679254 398.000000 398.000000
707.965351 398.000000 398.000000
709.294075 398.000000 398.000000
710.333592 398.000000 398.000000
712.026053 398.000000 398.000000
714.356016 398.000000 398.000000
715.426389 398.000000 398.000000
716.513506 398.000000 398.000000
717.839775 398.000000 398.000000
750.366676 398.000000 470.800000
751.767365 398.000000 465.200000
753.112270 398.000000 465.200000
754.812851 398.000000 465.200000
755.904635 398.000000 403.600000
757.373235 398.000000 400.000000
758.994853 398.000000 400.000000
760.225274 398.000000 400.000000
761.264152 398.000000 400.000000
762.388009 398.000000 400.000000
763.869437 398.000000 400.000000
766.362855 398.000000 400.000000
767.612119 398.000000 398.000000
769.319982 398.000000 398.000000
770.507541 398.000000 398.000000
772.229932 398.000000 398.000000
773.352395 398.000000 398.000000
774.792753 398.000000 398.000000
777.036894 398.000000 398.000000
778.170957 398.000000 398.000000
780.384891 398.000000 398.000000
782.243566 398.000000 398.000000
783.613948 398.000000 398.000000
785.236200 398.000000 398.000000
786.946755 398.000000 398.000000
788.265848 398.000000 398.000000
789.629407 398.000000 398.000000
790.718605 398.000000 398.000000
791.882993 398.000000 398.000000
793.200103 398.000000 398.000000
794.242774 398.000000 398.000000
795.756325 398.000000 398.000000
797.206794 398.000000 398.000000
798.567657 398.000000 398.000000
799.694255 398.000000 398.000000
800.788113 398.000000 398.000000
