0.015412 773.200000 773.200000
1.016688 655.600000 734.000000
2.016870 655.600000 661.200000
3.017060 655.600000 666.800000
4.017108 655.600000 661.200000
5.017431 655.600000 666.800000
6.017772 655.600000 661.200000
7.018045 655.600000 666.800000
8.018093 655.600000 672.400000
9.018978 655.600000 666.800000
10.019821 655.600000 666.800000
11.019869 655.600000 666.800000
12.019877 655.600000 661.200000
13.020165 655.600000 778.800000
14.020370 655.600000 661.200000
15.020857 655.600000 672.400000
16.021756 655.600000 666.800000
17.022009 655.600000 666.800000
18.022053 655.600000 666.800000
19.022323 655.600000 661.200000
20.022822 655.600000 666.800000
21.029996 655.600000 750.800000
22.030294 655.600000 661.200000
23.030393 655.600000 661.200000
24.030853 655.600000 666.800000
25.031110 655.600000 666.800000
26.031316 655.600000 666.800000
27.031662 655.600000 672.400000
28.031938 655.600000 661.200000
29.032285 655.600000 661.200000
30.036597 655.600000 773.200000
31.041518 655.600000 756.400000
32.041782 655.600000 666.800000
33.043404 655.600000 678.000000
34.043945 655.600000 661.200000
35.043992 655.600000 666.800000
36.044017 650.000000 666.800000
37.045134 650.000000 773.200000
38.045961 650.000000 666.800000
39.046001 650.000000 666.800000
40.046953 650.000000 767.600000
41.047745 650.000000 661.200000
42.048286 650.000000 672.400000
43.048832 650.000000 661.200000
44.049068 650.000000 655.600000
45.049097 650.000000 661.200000
46.049823 650.000000 661.200000
47.050015 650.000000 666.800000
48.050912 650.000000 666.800000
49.051608 650.000000 666.800000
50.051872 650.000000 661.200000
51.055310 650.000000 767.600000
52.055438 650.000000 661.200000
53.055588 650.000000 666.800000
54.055948 650.000000 666.800000
55.055997 650.000000 666.800000
56.056262 650.000000 661.200000
57.061023 650.000000 745.200000
58.061519 650.000000 666.800000
59.061625 650.000000 672.400000
60.061861 650.000000 666.800000
61.061973 650.000000 666.800000
62.062189 650.000000 666.800000
63.062560 650.000000 661.200000
64.062695 650.000000 666.800000
65.063161 650.000000 661.200000
66.063404 650.000000 661.200000
67.063404 650.000000 661.200000
68.063868 650.000000 661.200000
69.064589 650.000000 773.200000
70.065068 650.000000 672.400000
71.065681 650.000000 678.000000
72.068611 650.000000 762.000000
73.068709 650.000000 661.200000
74.068845 650.000000 666.800000
75.069596 650.000000 661.200000
76.069618 650.000000 672.400000
77.069635 650.000000 666.800000
78.069818 650.000000 666.800000
79.070452 650.000000 661.200000
80.070556 650.000000 661.200000
81.070693 650.000000 666.800000
82.070757 650.000000 672.400000
83.070765 650.000000 661.200000
84.070991 650.000000 661.200000
85.071092 650.000000 666.800000
86.071092 650.000000 661.200000
87.071221 650.000000 661.200000
88.071940 650.000000 661.200000
89.072187 650.000000 661.200000
90.072807 650.000000 678.000000
91.073265 650.000000 661.200000
92.073458 650.000000 661.200000
93.073571 650.000000 661.200000
94.073781 650.000000 666.800000
95.074875 650.000000 655.600000
96.075135 650.000000 661.200000
97.075500 650.000000 666.800000
98.075721 650.000000 666.800000
99.079075 650.000000 773.200000
100.079627 650.000000 672.400000
101.079779 650.000000 661.200000
102.079919 650.000000 672.400000
103.080107 650.000000 655.600000
104.080782 650.000000 767.600000
105.081029 650.000000 661.200000
106.081141 650.000000 661.200000
107.088104 650.000000 767.600000
108.088413 650.000000 666.800000
109.088658 650.000000 672.400000
110.088727 650.000000 672.400000
111.089198 650.000000 661.200000
112.089420 650.000000 661.200000
113.089757 650.000000 661.200000
114.089897 650.000000 655.600000
115.090715 650.000000 672.400000
116.090807 650.000000 655.600000
117.091759 650.000000 661.200000
118.092207 650.000000 672.400000
119.092242 650.000000 655.600000
120.092452 650.000000 666.800000
121.093106 650.000000 672.400000
122.093242 650.000000 666.800000
123.093558 650.000000 655.600000
124.093711 650.000000 661.200000
125.097000 650.000000 778.800000
126.097019 650.000000 672.400000
127.097164 650.000000 666.800000
128.097394 650.000000 672.400000
129.098171 650.000000 666.800000
130.100580 650.000000 773.200000
131.100584 650.000000 661.200000
132.100699 650.000000 655.600000
133.100731 650.000000 661.200000
134.100775 650.000000 661.200000
135.100822 650.000000 666.800000
136.101057 650.000000 661.200000
137.101616 650.000000 661.200000
138.103259 650.000000 767.600000
139.104080 650.000000 661.200000
140.104505 650.000000 661.200000
141.104891 650.000000 666.800000
142.105460 650.000000 666.800000
143.105806 650.000000 661.200000
144.105917 650.000000 672.400000
145.108309 650.000000 661.200000
146.108546 650.000000 661.200000
147.109016 650.000000 661.200000
148.109580 650.000000 661.200000
149.109845 650.000000 661.200000
150.110479 650.000000 661.200000
151.111295 650.000000 666.800000
152.111382 650.000000 666.800000
153.112107 650.000000 672.400000
154.112465 650.000000 661.200000
155.112662 650.000000 666.800000
156.112668 650.000000 666.800000
157.112775 650.000000 666.800000
158.112902 650.000000 767.600000
159.113281 650.000000 773.200000
160.113876 650.000000 661.200000
161.114126 650.000000 666.800000
162.114127 650.000000 666.800000
163.114903 650.000000 672.400000
164.117221 650.000000 773.200000
165.117309 650.000000 666.800000
166.117645 650.000000 661.200000
167.117660 650.000000 666.800000
168.117824 650.000000 655.600000
169.118216 650.000000 666.800000
170.118543 650.000000 666.800000
171.118564 650.000000 672.400000
172.119233 650.000000 666.800000
173.119330 650.000000 666.800000
174.119918 650.000000 661.200000
175.120045 650.000000 655.600000
176.120217 650.000000 666.800000
177.120471 650.000000 661.200000
178.120701 650.000000 661.200000
179.120701 650.000000 672.400000
180.120819 650.000000 666.800000
181.121471 650.000000 672.400000
182.122055 650.000000 672.400000
183.128565 650.000000 767.600000
184.129081 650.000000 678.000000
185.129245 650.000000 661.200000
186.129642 650.000000 661.200000
187.129716 650.000000 661.200000
188.130111 650.000000 661.200000
189.130628 650.000000 661.200000
190.130791 650.000000 661.200000
191.131405 650.000000 666.800000
192.131749 650.000000 661.200000
193.132336 650.000000 661.200000
194.133636 650.000000 767.600000
195.134158 650.000000 661.200000
196.134341 650.000000 666.800000
197.134703 650.000000 666.800000
198.134859 650.000000 672.400000
199.135593 650.000000 661.200000
200.135683 650.000000 661.200000
201.135693 650.000000 672.400000
202.136463 650.000000 678.000000
203.136580 650.000000 661.200000
204.136731 650.000000 666.800000
205.137109 650.000000 767.600000
206.144624 650.000000 756.400000
207.145292 650.000000 678.000000
208.146008 650.000000 661.200000
209.146131 650.000000 661.200000
210.146818 650.000000 773.200000
211.147324 650.000000 666.800000
212.147575 650.000000 661.200000
213.148090 650.000000 661.200000
214.148129 650.000000 666.800000
215.148593 650.000000 661.200000
216.148721 650.000000 672.400000
217.156613 650.000000 767.600000
218.157261 650.000000 666.800000
219.157545 650.000000 661.200000
220.158368 650.000000 661.200000
221.158947 650.000000 678.000000
222.158999 650.000000 655.600000
223.159223 650.000000 666.800000
224.159243 650.000000 666.800000
225.159466 650.000000 666.800000
226.159686 650.000000 672.400000
227.160362 650.000000 661.200000
228.160925 650.000000 661.200000
229.161284 650.000000 683.600000
230.167354 650.000000 773.200000
231.167447 650.000000 678.000000
232.167667 650.000000 661.200000
233.167881 650.000000 672.400000
234.168162 650.000000 661.200000
235.168737 650.000000 655.600000
236.168861 650.000000 773.200000
237.168971 650.000000 678.000000
238.169295 650.000000 655.600000
239.169743 650.000000 666.800000
240.173938 650.000000 778.800000
241.174270 650.000000 666.800000
242.174836 650.000000 661.200000
243.174907 650.000000 666.800000
244.176755 650.000000 655.600000
245.176959 650.000000 666.800000
246.177864 650.000000 655.600000
247.178345 650.000000 666.800000
248.178615 650.000000 666.800000
249.178886 650.000000 661.200000
250.179371 650.000000 672.400000
251.179906 650.000000 666.800000
252.180510 650.000000 661.200000
253.180979 650.000000 661.200000
254.181217 650.000000 666.800000
255.181406 650.000000 666.800000
256.181499 650.000000 661.200000
257.181713 650.000000 655.600000
258.185420 650.000000 767.600000
259.185594 650.000000 655.600000
260.185831 650.000000 672.400000
261.186037 650.000000 666.800000
262.186490 650.000000 661.200000
263.186793 650.000000 661.200000
264.187033 650.000000 672.400000
265.187623 650.000000 672.400000
266.188037 650.000000 661.200000
267.188361 650.000000 661.200000
268.188667 650.000000 767.600000
269.189840 650.000000 773.200000
270.190961 650.000000 666.800000
271.194838 650.000000 773.200000
272.194892 650.000000 722.800000
273.195580 650.000000 661.200000
274.195654 650.000000 661.200000
275.195675 650.000000 672.400000
276.195770 650.000000 666.800000
277.195787 650.000000 672.400000
278.195881 650.000000 666.800000
279.196019 650.000000 672.400000
280.196247 650.000000 666.800000
281.196610 650.000000 666.800000
282.196967 650.000000 750.800000
283.197019 650.000000 661.200000
284.197132 650.000000 661.200000
285.197310 650.000000 666.800000
286.197359 650.000000 666.800000
287.197838 650.000000 672.400000
288.198018 650.000000 666.800000
289.198096 650.000000 672.400000
290.202115 650.000000 767.600000
291.202776 650.000000 661.200000
292.203641 650.000000 666.800000
293.203847 650.000000 661.200000
294.208500 650.000000 762.000000
295.208748 650.000000 672.400000
296.208997 650.000000 672.400000
297.209170 650.000000 666.800000
298.209249 650.000000 666.800000
299.209659 650.000000 661.200000
300.211553 650.000000 773.200000
301.214268 650.000000 767.600000
302.215021 650.000000 655.600000
303.215134 650.000000 661.200000
304.215860 650.000000 666.800000
305.216348 650.000000 666.800000
306.216357 650.000000 672.400000
307.216607 650.000000 655.600000
308.216811 650.000000 661.200000
309.217229 650.000000 678.000000
310.217326 650.000000 661.200000
311.217410 650.000000 666.800000
312.217609 650.000000 672.400000
313.218065 650.000000 666.800000
314.218207 650.000000 672.400000
315.218406 650.000000 672.400000
316.218507 650.000000 661.200000
317.218634 650.000000 672.400000
318.218784 650.000000 672.400000
319.218976 650.000000 666.800000
320.219303 650.000000 666.800000
321.222617 650.000000 762.000000
322.223207 650.000000 666.800000
323.223561 650.000000 661.200000
324.223582 650.000000 661.200000
325.223776 650.000000 666.800000
326.224076 650.000000 672.400000
327.224118 650.000000 666.800000
328.224315 650.000000 661.200000
329.224382 650.000000 672.400000
330.225036 650.000000 661.200000
331.225604 650.000000 666.800000
332.225779 650.000000 655.600000
333.227086 650.000000 773.200000
334.227269 650.000000 666.800000
335.227499 650.000000 678.000000
336.228539 650.000000 767.600000
337.228676 650.000000 661.200000
338.228939 650.000000 666.800000
339.229720 650.000000 666.800000
340.229777 650.000000 661.200000
341.230352 650.000000 762.000000
342.231098 650.000000 661.200000
343.231352 650.000000 672.400000
344.231570 650.000000 661.200000
345.231607 650.000000 666.800000
346.232253 650.000000 666.800000
347.236202 650.000000 767.600000
348.236231 650.000000 666.800000
349.236899 650.000000 672.400000
350.237395 650.000000 661.200000
351.237506 650.000000 666.800000
352.237813 650.000000 666.800000
353.238094 650.000000 661.200000
354.238307 650.000000 661.200000
355.238333 650.000000 672.400000
356.238347 650.000000 666.800000
357.238620 650.000000 655.600000
358.238880 650.000000 672.400000
359.239457 650.000000 661.200000
360.239932 650.000000 661.200000
361.240047 650.000000 661.200000
362.240501 650.000000 661.200000
363.240861 650.000000 666.800000
364.240874 650.000000 666.800000
365.240998 650.000000 661.200000
366.241718 650.000000 666.800000
367.242019 650.000000 666.800000
368.242075 650.000000 661.200000
369.242493 650.000000 661.200000
370.242660 650.000000 666.800000
371.242956 650.000000 655.600000
372.242962 650.000000 655.600000
373.243388 650.000000 672.400000
374.243533 650.000000 661.200000
375.243943 650.000000 661.200000
376.244034 650.000000 767.600000
377.247962 650.000000 773.200000
378.248764 650.000000 683.600000
379.249143 650.000000 661.200000
380.249785 650.000000 661.200000
381.250491 650.000000 666.800000
382.250753 650.000000 661.200000
383.250769 650.000000 666.800000
384.251380 650.000000 661.200000
385.251751 650.000000 666.800000
386.252016 650.000000 672.400000
387.252175 650.000000 666.800000
388.252254 650.000000 666.800000
389.252466 650.000000 655.600000
390.252568 650.000000 661.200000
391.257741 650.000000 773.200000
392.258131 650.000000 661.200000
393.258229 650.000000 661.200000
394.258291 650.000000 661.200000
395.258291 650.000000 666.800000
396.258502 650.000000 672.400000
397.258723 650.000000 666.800000
398.258728 650.000000 661.200000
399.258884 650.000000 767.600000
400.258972 650.000000 672.400000
401.259505 650.000000 678.000000
402.260333 650.000000 672.400000
403.260544 650.000000 661.200000
404.261150 650.000000 661.200000
405.261545 650.000000 666.800000
406.262003 650.000000 666.800000
407.267630 650.000000 773.200000
408.267799 650.000000 666.800000
409.267993 650.000000 678.000000
410.268190 650.000000 661.200000
411.268335 650.000000 655.600000
412.275133 650.000000 778.800000
413.275175 650.000000 666.800000
414.275665 650.000000 661.200000
415.276074 650.000000 661.200000
416.276274 650.000000 661.200000
417.276561 650.000000 666.800000
418.277165 650.000000 767.600000
419.277367 650.000000 666.800000
420.277915 650.000000 672.400000
421.278131 650.000000 661.200000
422.278350 650.000000 661.200000
423.278558 650.000000 672.400000
424.280578 650.000000 745.200000
425.280708 650.000000 672.400000
426.281434 650.000000 666.800000
427.284445 650.000000 773.200000
428.284796 650.000000 672.400000
429.292047 650.000000 773.200000
430.292273 650.000000 666.800000
431.293036 650.000000 661.200000
432.293541 650.000000 661.200000
433.293773 650.000000 666.800000
434.294165 650.000000 666.800000
435.294850 650.000000 666.800000
436.301145 650.000000 773.200000
437.301232 650.000000 672.400000
438.301276 650.000000 655.600000
439.301471 650.000000 655.600000
440.301912 650.000000 666.800000
441.301924 650.000000 661.200000
442.302268 650.000000 666.800000
443.302700 650.000000 666.800000
444.307813 650.000000 767.600000
445.308302 650.000000 666.800000
446.309048 650.000000 672.400000
447.309465 650.000000 655.600000
448.310066 650.000000 661.200000
449.310606 650.000000 661.200000
450.310966 650.000000 678.000000
451.311002 650.000000 661.200000
452.311520 650.000000 767.600000
453.311641 650.000000 672.400000
454.311873 650.000000 661.200000
455.311986 650.000000 655.600000
456.312129 650.000000 661.200000
457.312246 650.000000 661.200000
458.313071 650.000000 773.200000
459.313269 650.000000 672.400000
460.313349 650.000000 666.800000
461.316675 650.000000 773.200000
462.317522 650.000000 666.800000
463.317680 650.000000 666.800000
464.317919 650.000000 661.200000
465.318310 650.000000 661.200000
466.318744 650.000000 666.800000
467.318799 650.000000 661.200000
468.319040 650.000000 655.600000
469.321140 650.000000 666.800000
470.321378 650.000000 672.400000
471.321820 650.000000 661.200000
472.322146 650.000000 672.400000
473.322310 650.000000 661.200000
474.322830 650.000000 666.800000
475.323002 650.000000 661.200000
476.323043 650.000000 672.400000
477.323156 650.000000 655.600000
478.323285 650.000000 661.200000
479.326889 650.000000 773.200000
480.329722 650.000000 767.600000
481.330499 650.000000 666.800000
482.330925 650.000000 666.800000
483.331042 650.000000 666.800000
484.331702 650.000000 655.600000
485.331709 650.000000 666.800000
486.332260 650.000000 672.400000
487.332611 650.000000 678.000000
488.333517 650.000000 672.400000
489.333625 650.000000 666.800000
490.334126 650.000000 734.000000
491.334478 650.000000 661.200000
492.334732 650.000000 661.200000
493.335065 650.000000 661.200000
494.335601 650.000000 661.200000
495.335791 650.000000 661.200000
496.336079 650.000000 773.200000
497.336098 650.000000 666.800000
498.336646 650.000000 666.800000
499.336786 650.000000 661.200000
500.336960 650.000000 666.800000
501.337071 650.000000 666.800000
502.337529 650.000000 672.400000
503.337668 650.000000 661.200000
504.337720 650.000000 666.800000
505.337789 650.000000 666.800000
506.343517 650.000000 767.600000
507.343777 650.000000 655.600000
508.344608 650.000000 661.200000
509.344842 650.000000 666.800000
510.344988 650.000000 661.200000
511.345523 650.000000 666.800000
512.345830 650.000000 672.400000
513.346101 650.000000 672.400000
514.346500 650.000000 661.200000
515.346547 650.000000 655.600000
516.346757 650.000000 666.800000
517.347258 650.000000 661.200000
518.347814 650.000000 661.200000
519.348329 650.000000 672.400000
520.348366 650.000000 661.200000
521.348913 650.000000 666.800000
522.349032 650.000000 672.400000
523.349677 650.000000 666.800000
524.349835 650.000000 672.400000
525.350451 650.000000 672.400000
526.351333 650.000000 666.800000
527.351483 650.000000 661.200000
528.352235 650.000000 672.400000
529.352245 650.000000 661.200000
530.352760 650.000000 666.800000
531.353374 650.000000 672.400000
532.354384 650.000000 666.800000
533.357131 650.000000 762.000000
534.357474 650.000000 666.800000
535.357583 650.000000 661.200000
536.358233 650.000000 666.800000
537.358464 650.000000 666.800000
538.359226 650.000000 661.200000
539.359644 650.000000 672.400000
540.359871 650.000000 672.400000
541.359956 650.000000 661.200000
542.363031 650.000000 773.200000
543.363069 650.000000 655.600000
544.363119 650.000000 661.200000
545.363326 650.000000 661.200000
546.363718 650.000000 655.600000
547.363814 650.000000 666.800000
548.366841 650.000000 672.400000
549.366883 650.000000 666.800000
550.366903 650.000000 661.200000
551.366932 650.000000 661.200000
552.369625 650.000000 778.800000
553.370324 650.000000 655.600000
554.371146 650.000000 661.200000
555.371339 650.000000 666.800000
556.371798 650.000000 661.200000
557.372099 650.000000 655.600000
558.372303 650.000000 661.200000
559.372515 650.000000 666.800000
560.373050 650.000000 666.800000
561.373277 650.000000 655.600000
562.373294 650.000000 672.400000
563.373397 650.000000 661.200000
564.373556 650.000000 661.200000
565.374231 650.000000 666.800000
566.374420 650.000000 661.200000
567.374677 650.000000 666.800000
568.374971 650.000000 655.600000
569.375062 650.000000 661.200000
570.375381 650.000000 661.200000
571.376043 650.000000 666.800000
572.376195 650.000000 672.400000
573.376561 650.000000 666.800000
574.376869 650.000000 655.600000
575.377478 650.000000 666.800000
576.378174 650.000000 655.600000
577.378327 650.000000 678.000000
578.378627 650.000000 661.200000
579.378709 650.000000 672.400000
580.378868 650.000000 661.200000
581.379327 650.000000 655.600000
582.379802 650.000000 661.200000
583.380058 650.000000 666.800000
584.380624 650.000000 661.200000
585.380700 650.000000 666.800000
586.381078 650.000000 672.400000
587.381230 650.000000 672.400000
588.381410 650.000000 666.800000
589.382042 650.000000 661.200000
590.382317 650.000000 672.400000
591.382568 650.000000 661.200000
592.382715 650.000000 666.800000
593.382944 650.000000 661.200000
594.383293 650.000000 666.800000
595.384022 650.000000 666.800000
596.384076 650.000000 661.200000
597.384550 650.000000 661.200000
598.385064 650.000000 666.800000
599.385602 650.000000 672.400000
600.385615 650.000000 661.200000
601.386239 650.000000 661.200000
602.387051 650.000000 666.800000
603.387422 650.000000 650.000000
604.387685 650.000000 661.200000
605.387710 650.000000 661.200000
606.387948 650.000000 661.200000
607.388502 650.000000 666.800000
608.389005 650.000000 678.000000
609.389638 650.000000 672.400000
610.390000 650.000000 672.400000
611.390095 650.000000 773.200000
612.390805 650.000000 661.200000
613.390957 650.000000 666.800000
614.391212 650.000000 666.800000
615.391350 650.000000 700.400000
616.391878 650.000000 672.400000
617.392112 650.000000 666.800000
618.392218 650.000000 661.200000
619.392354 650.000000 773.200000
620.393026 650.000000 661.200000
621.393091 650.000000 661.200000
622.398109 650.000000 762.000000
623.398316 650.000000 666.800000
624.398549 650.000000 672.400000
625.398663 650.000000 661.200000
626.399104 650.000000 672.400000
627.399932 650.000000 661.200000
628.400233 650.000000 661.200000
629.400786 650.000000 666.800000
630.406679 650.000000 745.200000
631.406828 650.000000 678.000000
632.407301 650.000000 666.800000
633.407723 650.000000 661.200000
634.408103 650.000000 666.800000
635.408341 650.000000 661.200000
636.408437 650.000000 655.600000
637.408812 650.000000 666.800000
638.409566 650.000000 678.000000
639.409854 650.000000 655.600000
640.410252 650.000000 672.400000
641.410393 650.000000 678.000000
642.410786 650.000000 666.800000
643.410821 650.000000 678.000000
644.411053 650.000000 661.200000
645.411224 650.000000 661.200000
646.411280 650.000000 655.600000
647.411754 650.000000 666.800000
648.411860 650.000000 672.400000
649.412301 650.000000 672.400000
650.412763 650.000000 666.800000
651.412841 650.000000 672.400000
652.413379 650.000000 661.200000
653.413713 650.000000 666.800000
654.414013 650.000000 655.600000
655.414127 650.000000 655.600000
656.414888 650.000000 773.200000
657.415167 650.000000 661.200000
658.415615 650.000000 672.400000
659.415804 650.000000 661.200000
660.416471 650.000000 661.200000
661.416571 650.000000 655.600000
662.417133 650.000000 655.600000
663.417930 650.000000 666.800000
664.418378 650.000000 672.400000
665.419487 650.000000 666.800000
666.419736 650.000000 666.800000
667.419775 650.000000 661.200000
668.419959 650.000000 666.800000
669.420077 650.000000 661.200000
670.420861 650.000000 678.000000
671.420988 650.000000 672.400000
672.421016 650.000000 655.600000
673.421058 650.000000 666.800000
674.421286 650.000000 661.200000
675.421378 650.000000 666.800000
676.421790 650.000000 666.800000
677.422565 650.000000 666.800000
678.422621 650.000000 678.000000
679.423192 650.000000 661.200000
680.423380 650.000000 773.200000
681.423453 650.000000 666.800000
682.423619 650.000000 661.200000
683.423896 650.000000 650.000000
684.424424 650.000000 661.200000
685.424527 650.000000 666.800000
686.424642 650.000000 666.800000
687.424860 650.000000 666.800000
688.425317 650.000000 661.200000
689.425365 650.000000 661.200000
690.425365 650.000000 672.400000
691.425557 650.000000 661.200000
692.427765 650.000000 773.200000
693.427801 650.000000 666.800000
694.427959 650.000000 661.200000
695.428698 650.000000 666.800000
696.428772 650.000000 661.200000
697.428902 650.000000 666.800000
698.429365 650.000000 672.400000
699.429407 650.000000 661.200000
700.429903 650.000000 666.800000
701.430046 650.000000 655.600000
702.430727 650.000000 661.200000
703.430769 650.000000 655.600000
704.431181 650.000000 672.400000
705.431911 650.000000 661.200000
706.431999 650.000000 661.200000
707.432282 650.000000 661.200000
708.432511 650.000000 666.800000
709.433289 650.000000 661.200000
710.433553 650.000000 678.000000
711.433770 650.000000 666.800000
712.433996 650.000000 666.800000
713.434732 650.000000 655.600000
714.434912 650.000000 655.600000
715.436255 650.000000 666.800000
716.436902 650.000000 661.200000
717.437649 650.000000 666.800000
718.437855 650.000000 661.200000
719.438212 650.000000 672.400000
720.438761 650.000000 666.800000
721.439131 650.000000 672.400000
722.445451 650.000000 778.800000
723.445627 650.000000 666.800000
724.446262 650.000000 773.200000
725.446532 650.000000 666.800000
726.447379 650.000000 661.200000
727.447646 650.000000 661.200000
728.447782 650.000000 666.800000
729.447864 650.000000 661.200000
730.448205 650.000000 666.800000
731.448463 650.000000 666.800000
732.448974 650.000000 762.000000
733.449413 650.000000 750.800000
734.449537 650.000000 655.600000
735.449715 650.000000 661.200000
736.450152 650.000000 661.200000
737.450214 650.000000 661.200000
738.450493 650.000000 666.800000
739.450965 650.000000 666.800000
740.450965 650.000000 672.400000
741.451217 650.000000 672.400000
742.451472 650.000000 672.400000
743.452160 650.000000 666.800000
744.452217 650.000000 661.200000
745.452777 650.000000 666.800000
746.453171 650.000000 661.200000
747.453702 650.000000 666.800000
748.457900 650.000000 778.800000
749.458180 650.000000 672.400000
750.459030 650.000000 672.400000
751.459109 650.000000 666.800000
752.459257 650.000000 672.400000
753.459288 650.000000 666.800000
754.459457 650.000000 655.600000
755.459808 650.000000 661.200000
756.459844 650.000000 661.200000
757.460588 650.000000 666.800000
758.460834 650.000000 661.200000
759.462873 650.000000 773.200000
760.463398 650.000000 661.200000
761.463460 650.000000 666.800000
762.463712 650.000000 661.200000
763.470530 650.000000 767.600000
764.470899 650.000000 666.800000
765.471255 650.000000 672.400000
766.471475 650.000000 666.800000
767.471764 650.000000 666.800000
768.471962 650.000000 666.800000
769.476013 650.000000 767.600000
770.476321 650.000000 666.800000
771.476857 650.000000 661.200000
772.476857 650.000000 661.200000
773.476862 650.000000 661.200000
774.476934 650.000000 666.800000
775.477159 650.000000 655.600000
776.477537 650.000000 655.600000
777.477620 650.000000 666.800000
778.477838 650.000000 666.800000
779.478111 650.000000 655.600000
780.478193 650.000000 655.600000
781.478551 650.000000 661.200000
782.482148 650.000000 778.800000
783.482463 650.000000 773.200000
784.482725 650.000000 666.800000
785.483181 650.000000 666.800000
786.483830 650.000000 666.800000
787.484263 650.000000 672.400000
788.484627 650.000000 672.400000
789.485353 650.000000 661.200000
790.485822 650.000000 666.800000
791.486945 650.000000 666.800000
792.487195 650.000000 666.800000
793.487356 650.000000 661.200000
794.487828 650.000000 661.200000
795.488349 650.000000 672.400000
796.488554 650.000000 661.200000
797.488671 650.000000 666.800000
798.491239 650.000000 773.200000
799.491385 650.000000 672.400000
