0.000463 71.200000 71.200000
1.000466 71.200000 71.200000
2.000467 71.200000 71.200000
3.000473 71.200000 71.200000
4.000474 71.200000 71.200000
5.000474 71.200000 71.200000
6.000477 71.200000 71.200000
7.000477 71.200000 71.200000
8.000477 71.200000 71.200000
9.000479 71.200000 71.200000
10.000481 71.200000 71.200000
11.000534 71.200000 71.200000
12.000534 71.200000 71.200000
13.000545 71.200000 71.200000
14.000547 71.200000 71.200000
15.000547 71.200000 71.200000
16.000554 71.200000 71.200000
17.000555 71.200000 71.200000
18.000577 71.200000 71.200000
19.000581 71.200000 71.200000
20.000582 71.200000 71.200000
21.000584 71.200000 71.200000
22.000584 71.200000 71.200000
23.000596 71.200000 71.200000
24.000596 71.200000 71.200000
25.000600 71.200000 71.200000
26.000601 71.200000 71.200000
27.000609 71.200000 71.200000
28.000611 71.200000 71.200000
29.000620 71.200000 71.200000
30.000623 71.200000 71.200000
31.000623 71.200000 71.200000
32.000629 71.200000 71.200000
33.000646 71.200000 71.200000
34.000649 71.200000 71.200000
35.000650 71.200000 71.200000
36.000653 71.200000 71.200000
37.000656 71.200000 71.200000
38.000656 71.200000 71.200000
39.000660 71.200000 71.200000
40.000662 71.200000 71.200000
41.000665 71.200000 71.200000
42.000666 71.200000 71.200000
43.000667 71.200000 71.200000
44.000675 71.200000 71.200000
45.000715 71.200000 71.200000
46.000716 71.200000 71.200000
47.000717 71.200000 71.200000
48.000717 71.200000 71.200000
49.000717 71.200000 71.200000
50.000722 71.200000 71.200000
51.000732 71.200000 71.200000
52.000741 71.200000 71.200000
53.000747 71.200000 71.200000
54.000748 71.200000 71.200000
55.000751 71.200000 71.200000
56.000751 71.200000 71.200000
57.000755 71.200000 71.200000
58.000755 71.200000 71.200000
59.000756 71.200000 71.200000
60.000757 71.200000 71.200000
61.000762 71.200000 71.200000
62.000762 71.200000 71.200000
63.000766 71.200000 71.200000
64.000773 71.200000 71.200000
65.000784 71.200000 71.200000
66.000785 71.200000 71.200000
67.000786 71.200000 71.200000
68.000789 71.200000 71.200000
69.000793 71.200000 71.200000
70.000793 71.200000 71.200000
71.000802 71.200000 71.200000
72.000844 71.200000 71.200000
73.000861 71.200000 71.200000
74.000867 71.200000 71.200000
75.000869 71.200000 71.200000
76.000874 71.200000 71.200000
77.000877 71.200000 71.200000
78.000894 71.200000 71.200000
79.000900 71.200000 71.200000
80.000902 71.200000 71.200000
81.000911 71.200000 71.200000
82.000920 71.200000 71.200000
83.000922 71.200000 71.200000
84.000932 71.200000 71.200000
85.000932 71.200000 71.200000
86.000934 71.200000 71.200000
87.000936 71.200000 71.200000
88.000945 71.200000 71.200000
89.000963 71.200000 71.200000
90.000963 71.200000 71.200000
91.000984 71.200000 71.200000
92.000993 71.200000 71.200000
93.000996 71.200000 71.200000
94.001001 71.200000 71.200000
95.001004 71.200000 71.200000
96.001006 71.200000 71.200000
97.001007 71.200000 71.200000
98.001007 71.200000 71.200000
99.001008 71.200000 71.200000
100.001017 71.200000 71.200000
101.001023 71.200000 71.200000
102.001034 71.200000 71.200000
103.001043 71.200000 71.200000
104.001046 71.200000 71.200000
105.001050 71.200000 71.200000
106.001051 71.200000 71.200000
107.001055 71.200000 71.200000
108.001060 71.200000 71.200000
109.001061 71.200000 71.200000
110.001062 71.200000 71.200000
111.001063 71.200000 71.200000
112.001074 71.200000 71.200000
113.001104 71.200000 71.200000
114.001107 71.200000 71.200000
115.001107 71.200000 71.200000
116.001107 71.200000 71.200000
117.001136 71.200000 71.200000
118.001147 71.200000 71.200000
119.001148 71.200000 71.200000
120.001151 71.200000 71.200000
121.001153 71.200000 71.200000
122.001158 71.200000 71.200000
123.001158 71.200000 71.200000
124.001165 71.200000 71.200000
125.001165 71.200000 71.200000
126.001165 71.200000 71.200000
127.001172 71.200000 71.200000
128.001175 71.200000 71.200000
129.001182 71.200000 71.200000
130.001190 71.200000 71.200000
131.001192 71.200000 71.200000
132.001193 71.200000 71.200000
133.001200 71.200000 71.200000
134.001206 71.200000 71.200000
135.001206 71.200000 71.200000
136.001212 71.200000 71.200000
137.001212 71.200000 71.200000
138.001272 71.200000 71.200000
139.001273 71.200000 71.200000
140.001280 71.200000 71.200000
141.001282 71.200000 71.200000
142.001284 71.200000 71.200000
143.001307 71.200000 71.200000
144.001309 71.200000 71.200000
145.001309 71.200000 71.200000
146.001309 71.200000 71.200000
147.001315 71.200000 71.200000
148.001315 71.200000 71.200000
149.001317 71.200000 71.200000
150.001318 71.200000 71.200000
151.001320 71.200000 71.200000
152.001320 71.200000 71.200000
153.001327 71.200000 71.200000
154.001327 71.200000 71.200000
155.001328 71.200000 71.200000
156.001329 71.200000 71.200000
157.001335 71.200000 71.200000
158.001335 71.200000 71.200000
159.001336 71.200000 71.200000
160.001337 71.200000 71.200000
161.001340 71.200000 71.200000
162.001340 71.200000 71.200000
163.001344 71.200000 71.200000
164.001374 71.200000 71.200000
165.001376 71.200000 71.200000
166.001387 71.200000 71.200000
167.001396 71.200000 71.200000
168.001399 71.200000 71.200000
169.001399 71.200000 71.200000
170.001402 71.200000 71.200000
171.001402 71.200000 71.200000
172.001407 71.200000 71.200000
173.001407 71.200000 71.200000
174.001410 71.200000 71.200000
175.001411 71.200000 71.200000
176.001412 71.200000 71.200000
177.001418 71.200000 71.200000
178.001422 71.200000 71.200000
179.001423 71.200000 71.200000
180.001426 71.200000 71.200000
181.001448 71.200000 71.200000
182.001455 71.200000 71.200000
183.001466 71.200000 71.200000
184.001475 71.200000 71.200000
185.001480 71.200000 71.200000
186.001481 71.200000 71.200000
187.001488 71.200000 71.200000
188.001488 71.200000 71.200000
189.001492 71.200000 71.200000
190.001494 71.200000 71.200000
191.001501 71.200000 71.200000
192.001503 71.200000 71.200000
193.001504 71.200000 71.200000
194.001505 71.200000 71.200000
195.001509 71.200000 71.200000
196.001510 71.200000 71.200000
197.001510 71.200000 71.200000
198.001511 71.200000 71.200000
199.001511 71.200000 71.200000
200.001511 71.200000 71.200000
201.001512 71.200000 71.200000
202.001526 71.200000 71.200000
203.001592 71.200000 71.200000
204.001595 71.200000 71.200000
205.001595 71.200000 71.200000
206.001608 71.200000 71.200000
207.001610 71.200000 71.200000
208.001611 71.200000 71.200000
209.001633 71.200000 71.200000
210.001633 71.200000 71.200000
211.001634 71.200000 71.200000
212.001635 71.200000 71.200000
213.001703 71.200000 71.200000
214.001705 71.200000 71.200000
215.001707 71.200000 71.200000
216.001717 71.200000 71.200000
217.001724 71.200000 71.200000
218.001727 71.200000 71.200000
219.001763 71.200000 71.200000
220.001771 71.200000 71.200000
221.001774 71.200000 71.200000
222.001777 71.200000 71.200000
223.001777 71.200000 71.200000
224.001777 71.200000 71.200000
225.001785 71.200000 71.200000
226.001812 71.200000 71.200000
227.001818 71.200000 71.200000
228.001818 71.200000 71.200000
229.001825 71.200000 71.200000
230.001825 71.200000 71.200000
231.001827 71.200000 71.200000
232.001868 71.200000 71.200000
233.001879 71.200000 71.200000
234.001882 71.200000 71.200000
235.001883 71.200000 71.200000
236.001884 71.200000 71.200000
237.001890 71.200000 71.200000
238.001899 71.200000 71.200000
239.001910 71.200000 71.200000
240.001911 71.200000 71.200000
241.001926 71.200000 71.200000
242.001927 71.200000 71.200000
243.001939 71.200000 71.200000
244.001939 71.200000 71.200000
245.001939 71.200000 71.200000
246.001941 71.200000 71.200000
247.001943 71.200000 71.200000
248.001957 71.200000 71.200000
249.001957 71.200000 71.200000
250.001968 71.200000 71.200000
251.001971 71.200000 71.200000
252.001977 71.200000 71.200000
253.001981 71.200000 71.200000
254.001988 71.200000 71.200000
255.001992 71.200000 71.200000
256.001993 71.200000 71.200000
257.001998 71.200000 71.200000
258.001998 71.200000 71.200000
259.002009 71.200000 71.200000
260.002011 71.200000 71.200000
261.002061 71.200000 71.200000
262.002061 71.200000 71.200000
263.002064 71.200000 71.200000
264.002098 71.200000 71.200000
265.002098 71.200000 71.200000
266.002107 71.200000 71.200000
267.002108 71.200000 71.200000
268.002122 71.200000 71.200000
269.002126 71.200000 71.200000
270.002128 71.200000 71.200000
271.002130 71.200000 71.200000
272.002136 71.200000 71.200000
273.002138 71.200000 71.200000
274.002138 71.200000 71.200000
275.002138 71.200000 71.200000
276.002138 71.200000 71.200000
277.002138 71.200000 71.200000
278.002145 71.200000 71.200000
279.002172 71.200000 71.200000
280.002172 71.200000 71.200000
281.002173 71.200000 71.200000
282.002174 71.200000 71.200000
283.002175 71.200000 71.200000
284.002177 71.200000 71.200000
285.002177 71.200000 71.200000
286.002184 71.200000 71.200000
287.002184 71.200000 71.200000
288.002184 71.200000 71.200000
289.002184 71.200000 71.200000
290.002186 71.200000 71.200000
291.002186 71.200000 71.200000
292.002186 71.200000 71.200000
293.002192 71.200000 71.200000
294.002201 71.200000 71.200000
295.002209 71.200000 71.200000
296.002218 71.200000 71.200000
297.002218 71.200000 71.200000
298.002219 71.200000 71.200000
299.002252 71.200000 71.200000
300.002253 71.200000 71.200000
301.002253 71.200000 71.200000
302.002256 71.200000 71.200000
303.002256 71.200000 71.200000
304.002257 71.200000 71.200000
305.002260 71.200000 71.200000
306.002260 71.200000 71.200000
307.002271 71.200000 71.200000
308.002274 71.200000 71.200000
309.002275 71.200000 71.200000
310.002284 71.200000 71.200000
311.002284 71.200000 71.200000
312.002284 71.200000 71.200000
313.002286 71.200000 71.200000
314.002307 71.200000 71.200000
315.002311 71.200000 71.200000
316.002311 71.200000 71.200000
317.002312 71.200000 71.200000
318.002315 71.200000 71.200000
319.002316 71.200000 71.200000
320.002318 71.200000 71.200000
321.002325 71.200000 71.200000
322.002326 71.200000 71.200000
323.002332 71.200000 71.200000
324.002332 71.200000 71.200000
325.002335 71.200000 71.200000
326.002338 71.200000 71.200000
327.002338 71.200000 71.200000
328.002340 71.200000 71.200000
329.002379 71.200000 71.200000
330.002385 71.200000 71.200000
331.002388 71.200000 71.200000
332.002389 71.200000 71.200000
333.002389 71.200000 71.200000
334.002392 71.200000 71.200000
335.002396 71.200000 71.200000
336.002397 71.200000 71.200000
337.002398 71.200000 71.200000
338.002401 71.200000 71.200000
339.002401 71.200000 71.200000
340.002402 71.200000 71.200000
341.002404 71.200000 71.200000
342.002404 71.200000 71.200000
343.002415 71.200000 71.200000
344.002422 71.200000 71.200000
345.002424 71.200000 71.200000
346.002424 71.200000 71.200000
347.002430 71.200000 71.200000
348.002431 71.200000 71.200000
349.002443 71.200000 71.200000
350.002451 71.200000 71.200000
351.002460 71.200000 71.200000
352.002460 71.200000 71.200000
353.002470 71.200000 71.200000
354.002471 71.200000 71.200000
355.002472 71.200000 71.200000
356.002501 71.200000 71.200000
357.002502 71.200000 71.200000
358.002502 71.200000 71.200000
359.002510 71.200000 71.200000
360.002520 71.200000 71.200000
361.002520 71.200000 71.200000
362.002520 71.200000 71.200000
363.002530 71.200000 71.200000
364.002532 71.200000 71.200000
365.002543 71.200000 71.200000
366.002547 71.200000 71.200000
367.002549 71.200000 71.200000
368.002551 71.200000 71.200000
369.002558 71.200000 71.200000
370.002604 71.200000 71.200000
371.002611 71.200000 71.200000
372.002611 71.200000 71.200000
373.002621 71.200000 71.200000
374.002634 71.200000 71.200000
375.002663 71.200000 71.200000
376.002667 71.200000 71.200000
377.002667 71.200000 71.200000
378.002671 71.200000 71.200000
379.002677 71.200000 71.200000
380.002677 71.200000 71.200000
381.002680 71.200000 71.200000
382.002683 71.200000 71.200000
383.002696 71.200000 71.200000
384.002723 71.200000 71.200000
385.002724 71.200000 71.200000
386.002760 71.200000 71.200000
387.002761 71.200000 71.200000
388.002762 71.200000 71.200000
389.002762 71.200000 71.200000
390.002775 71.200000 71.200000
391.002775 71.200000 71.200000
392.002776 71.200000 71.200000
393.002801 71.200000 71.200000
394.002807 71.200000 71.200000
395.002808 71.200000 71.200000
396.002808 71.200000 71.200000
397.002858 71.200000 71.200000
398.002860 71.200000 71.200000
399.002868 71.200000 71.200000
400.002869 71.200000 71.200000
401.002904 71.200000 71.200000
402.002906 71.200000 71.200000
403.002913 71.200000 71.200000
404.002918 71.200000 71.200000
405.002920 71.200000 71.200000
406.002920 71.200000 71.200000
407.002922 71.200000 71.200000
408.002927 71.200000 71.200000
409.002927 71.200000 71.200000
410.002928 71.200000 71.200000
411.002937 71.200000 71.200000
412.002948 71.200000 71.200000
413.002950 71.200000 71.200000
414.002989 71.200000 71.200000
415.002991 71.200000 71.200000
416.002999 71.200000 71.200000
417.003000 71.200000 71.200000
418.003004 71.200000 71.200000
419.003008 71.200000 71.200000
420.003008 71.200000 71.200000
421.003008 71.200000 71.200000
422.003014 71.200000 71.200000
423.003017 71.200000 71.200000
424.003018 71.200000 71.200000
425.003019 71.200000 71.200000
426.003020 71.200000 71.200000
427.003021 71.200000 71.200000
428.003025 71.200000 71.200000
429.003025 71.200000 71.200000
430.003026 71.200000 71.200000
431.003026 71.200000 71.200000
432.003033 71.200000 71.200000
433.003034 71.200000 71.200000
434.003034 71.200000 71.200000
435.003038 71.200000 71.200000
436.003040 71.200000 71.200000
437.003042 71.200000 71.200000
438.003043 71.200000 71.200000
439.003043 71.200000 71.200000
440.003048 71.200000 71.200000
441.003050 71.200000 71.200000
442.003072 71.200000 71.200000
443.003072 71.200000 71.200000
444.003078 71.200000 71.200000
445.003079 71.200000 71.200000
446.003080 71.200000 71.200000
447.003080 71.200000 71.200000
448.003081 71.200000 71.200000
449.003083 71.200000 71.200000
450.003089 71.200000 71.200000
451.003140 71.200000 71.200000
452.003143 71.200000 71.200000
453.003146 71.200000 71.200000
454.003155 71.200000 71.200000
455.003189 71.200000 71.200000
456.003192 71.200000 71.200000
457.003192 71.200000 71.200000
458.003192 71.200000 71.200000
459.003192 71.200000 71.200000
460.003193 71.200000 71.200000
461.003196 71.200000 71.200000
462.003196 71.200000 71.200000
463.003217 71.200000 71.200000
464.003221 71.200000 71.200000
465.003227 71.200000 71.200000
466.003275 71.200000 71.200000
467.003275 71.200000 71.200000
468.003294 71.200000 71.200000
469.003295 71.200000 71.200000
470.003295 71.200000 71.200000
471.003307 71.200000 71.200000
472.003307 71.200000 71.200000
473.003308 71.200000 71.200000
474.003353 71.200000 71.200000
475.003360 71.200000 71.200000
476.003397 71.200000 71.200000
477.003408 71.200000 71.200000
478.003416 71.200000 71.200000
479.003416 71.200000 71.200000
480.003416 71.200000 71.200000
481.003426 71.200000 71.200000
482.003428 71.200000 71.200000
483.003429 71.200000 71.200000
484.003432 71.200000 71.200000
485.003434 71.200000 71.200000
486.003435 71.200000 71.200000
487.003438 71.200000 71.200000
488.003473 71.200000 71.200000
489.003482 71.200000 71.200000
490.003482 71.200000 71.200000
491.003502 71.200000 71.200000
492.003505 71.200000 71.200000
493.003507 71.200000 71.200000
494.003511 71.200000 71.200000
495.003516 71.200000 71.200000
496.003516 71.200000 71.200000
497.003517 71.200000 71.200000
498.003518 71.200000 71.200000
499.003522 71.200000 71.200000
500.003522 71.200000 71.200000
501.003523 71.200000 71.200000
502.003532 71.200000 71.200000
503.003534 71.200000 71.200000
504.003537 71.200000 71.200000
505.003542 71.200000 71.200000
506.003542 71.200000 71.200000
507.003542 71.200000 71.200000
508.003542 71.200000 71.200000
509.003542 71.200000 71.200000
510.003544 71.200000 71.200000
511.003548 71.200000 71.200000
512.003550 71.200000 71.200000
513.003552 71.200000 71.200000
514.003554 71.200000 71.200000
515.003560 71.200000 71.200000
516.003562 71.200000 71.200000
517.003569 71.200000 71.200000
518.003573 71.200000 71.200000
519.003581 71.200000 71.200000
520.003582 71.200000 71.200000
521.003600 71.200000 71.200000
522.003600 71.200000 71.200000
523.003603 71.200000 71.200000
524.003608 71.200000 71.200000
525.003610 71.200000 71.200000
526.003613 71.200000 71.200000
527.003619 71.200000 71.200000
528.003619 71.200000 71.200000
529.003620 71.200000 71.200000
530.003632 71.200000 71.200000
531.003633 71.200000 71.200000
532.003634 71.200000 71.200000
533.003634 71.200000 71.200000
534.003638 71.200000 71.200000
535.003647 71.200000 71.200000
536.003649 71.200000 71.200000
537.003655 71.200000 71.200000
538.003658 71.200000 71.200000
539.003658 71.200000 71.200000
540.003662 71.200000 71.200000
541.003671 71.200000 71.200000
542.003671 71.200000 71.200000
543.003672 71.200000 71.200000
544.003676 71.200000 71.200000
545.003676 71.200000 71.200000
546.003688 71.200000 71.200000
547.003699 71.200000 71.200000
548.003705 71.200000 71.200000
549.003710 71.200000 71.200000
550.003710 71.200000 71.200000
551.003723 71.200000 71.200000
552.003726 71.200000 71.200000
553.003729 71.200000 71.200000
554.003735 71.200000 71.200000
555.003745 71.200000 71.200000
556.003747 71.200000 71.200000
557.003756 71.200000 71.200000
558.003756 71.200000 71.200000
559.003762 71.200000 71.200000
560.003762 71.200000 71.200000
561.003765 71.200000 71.200000
562.003769 71.200000 71.200000
563.003771 71.200000 71.200000
564.003772 71.200000 71.200000
565.003776 71.200000 71.200000
566.003785 71.200000 71.200000
567.003786 71.200000 71.200000
568.003791 71.200000 71.200000
569.003792 71.200000 71.200000
570.003793 71.200000 71.200000
571.003795 71.200000 71.200000
572.003797 71.200000 71.200000
573.003797 71.200000 71.200000
574.003798 71.200000 71.200000
575.003809 71.200000 71.200000
576.003809 71.200000 71.200000
577.003816 71.200000 71.200000
578.003819 71.200000 71.200000
579.003819 71.200000 71.200000
580.003822 71.200000 71.200000
581.003833 71.200000 71.200000
582.003838 71.200000 71.200000
583.003847 71.200000 71.200000
584.003852 71.200000 71.200000
585.003854 71.200000 71.200000
586.003855 71.200000 71.200000
587.003856 71.200000 71.200000
588.003865 71.200000 71.200000
589.003866 71.200000 71.200000
590.003869 71.200000 71.200000
591.003872 71.200000 71.200000
592.003872 71.200000 71.200000
593.003883 71.200000 71.200000
594.003884 71.200000 71.200000
595.003884 71.200000 71.200000
596.003887 71.200000 71.200000
597.003889 71.200000 71.200000
598.003890 71.200000 71.200000
599.003901 71.200000 71.200000
600.003911 71.200000 71.200000
601.003911 71.200000 71.200000
602.003911 71.200000 71.200000
603.003939 71.200000 71.200000
604.003945 71.200000 71.200000
605.003951 71.200000 71.200000
606.003956 71.200000 71.200000
607.003957 71.200000 71.200000
608.003960 71.200000 71.200000
609.003963 71.200000 71.200000
610.003971 71.200000 71.200000
611.003997 71.200000 71.200000
612.003999 71.200000 71.200000
613.003999 71.200000 71.200000
614.004011 71.200000 71.200000
615.004013 71.200000 71.200000
616.004022 71.200000 71.200000
617.004024 71.200000 71.200000
618.004031 71.200000 71.200000
619.004043 71.200000 71.200000
620.004046 71.200000 71.200000
621.004048 71.200000 71.200000
622.004058 71.200000 71.200000
623.004069 71.200000 71.200000
624.004082 71.200000 71.200000
625.004090 71.200000 71.200000
626.004095 71.200000 71.200000
627.004129 71.200000 71.200000
628.004167 71.200000 71.200000
629.004167 71.200000 71.200000
630.004176 71.200000 71.200000
631.004210 71.200000 71.200000
632.004210 71.200000 71.200000
633.004214 71.200000 71.200000
634.004214 71.200000 71.200000
635.004223 71.200000 71.200000
636.004224 71.200000 71.200000
637.004245 71.200000 71.200000
638.004246 71.200000 71.200000
639.004258 71.200000 71.200000
640.004258 71.200000 71.200000
641.004262 71.200000 71.200000
642.004264 71.200000 71.200000
643.004268 71.200000 71.200000
644.004268 71.200000 71.200000
645.004268 71.200000 71.200000
646.004276 71.200000 71.200000
647.004280 71.200000 71.200000
648.004284 71.200000 71.200000
649.004284 71.200000 71.200000
650.004340 71.200000 71.200000
651.004343 71.200000 71.200000
652.004347 71.200000 71.200000
653.004350 71.200000 71.200000
654.004350 71.200000 71.200000
655.004352 71.200000 71.200000
656.004352 71.200000 71.200000
657.004355 71.200000 71.200000
658.004365 71.200000 71.200000
659.004370 71.200000 71.200000
660.004373 71.200000 71.200000
661.004375 71.200000 71.200000
662.004375 71.200000 71.200000
663.004378 71.200000 71.200000
664.004378 71.200000 71.200000
665.004379 71.200000 71.200000
666.004385 71.200000 71.200000
667.004386 71.200000 71.200000
668.004391 71.200000 71.200000
669.004450 71.200000 71.200000
670.004452 71.200000 71.200000
671.004453 71.200000 71.200000
672.004453 71.200000 71.200000
673.004454 71.200000 71.200000
674.004458 71.200000 71.200000
675.004458 71.200000 71.200000
676.004466 71.200000 71.200000
677.004471 71.200000 71.200000
678.004530 71.200000 71.200000
679.004530 71.200000 71.200000
680.004533 71.200000 71.200000
681.004541 71.200000 71.200000
682.004542 71.200000 71.200000
683.004542 71.200000 71.200000
684.004543 71.200000 71.200000
685.004549 71.200000 71.200000
686.004550 71.200000 71.200000
687.004554 71.200000 71.200000
688.004558 71.200000 71.200000
689.004565 71.200000 71.200000
690.004566 71.200000 71.200000
691.004576 71.200000 71.200000
692.004587 71.200000 71.200000
693.004589 71.200000 71.200000
694.004596 71.200000 71.200000
695.004604 71.200000 71.200000
696.004606 71.200000 71.200000
697.004607 71.200000 71.200000
698.004607 71.200000 71.200000
699.004607 71.200000 71.200000
700.004613 71.200000 71.200000
701.004617 71.200000 71.200000
702.004622 71.200000 71.200000
703.004625 71.200000 71.200000
704.004626 71.200000 71.200000
705.004626 71.200000 71.200000
706.004627 71.200000 71.200000
707.004635 71.200000 71.200000
708.004635 71.200000 71.200000
709.004641 71.200000 71.200000
710.004642 71.200000 71.200000
711.004679 71.200000 71.200000
712.004680 71.200000 71.200000
713.004681 71.200000 71.200000
714.004681 71.200000 71.200000
715.004684 71.200000 71.200000
716.004715 71.200000 71.200000
717.004716 71.200000 71.200000
718.004717 71.200000 71.200000
719.004718 71.200000 71.200000
720.004718 71.200000 71.200000
721.004719 71.200000 71.200000
722.004719 71.200000 71.200000
723.004719 71.200000 71.200000
724.004723 71.200000 71.200000
725.004728 71.200000 71.200000
726.004728 71.200000 71.200000
727.004730 71.200000 71.200000
728.004731 71.200000 71.200000
729.004734 71.200000 71.200000
730.004744 71.200000 71.200000
731.004781 71.200000 71.200000
732.004784 71.200000 71.200000
733.004784 71.200000 71.200000
734.004786 71.200000 71.200000
735.004793 71.200000 71.200000
736.004798 71.200000 71.200000
737.004800 71.200000 71.200000
738.004804 71.200000 71.200000
739.004815 71.200000 71.200000
740.004855 71.200000 71.200000
741.004855 71.200000 71.200000
742.004860 71.200000 71.200000
743.004870 71.200000 71.200000
744.004877 71.200000 71.200000
745.004882 71.200000 71.200000
746.004885 71.200000 71.200000
747.004896 71.200000 71.200000
748.004896 71.200000 71.200000
749.004896 71.200000 71.200000
750.004910 71.200000 71.200000
751.004918 71.200000 71.200000
752.004922 71.200000 71.200000
753.004929 71.200000 71.200000
754.004929 71.200000 71.200000
755.004929 71.200000 71.200000
756.004937 71.200000 71.200000
757.004946 71.200000 71.200000
758.004946 71.200000 71.200000
759.004957 71.200000 71.200000
760.004961 71.200000 71.200000
761.004963 71.200000 71.200000
762.004964 71.200000 71.200000
763.004964 71.200000 71.200000
764.004968 71.200000 71.200000
765.004968 71.200000 71.200000
766.004968 71.200000 71.200000
767.004976 71.200000 71.200000
768.004978 71.200000 71.200000
769.004987 71.200000 71.200000
770.004991 71.200000 71.200000
771.004992 71.200000 71.200000
772.004994 71.200000 71.200000
773.004997 71.200000 71.200000
774.004997 71.200000 71.200000
775.004999 71.200000 71.200000
776.005002 71.200000 71.200000
777.005006 71.200000 71.200000
778.005010 71.200000 71.200000
779.005010 71.200000 71.200000
780.005015 71.200000 71.200000
781.005020 71.200000 71.200000
782.005023 71.200000 71.200000
783.005034 71.200000 71.200000
784.005043 71.200000 71.200000
785.005043 71.200000 71.200000
786.005043 71.200000 71.200000
787.005096 71.200000 71.200000
788.005098 71.200000 71.200000
789.005102 71.200000 71.200000
790.005104 71.200000 71.200000
791.005108 71.200000 71.200000
792.005200 71.200000 71.200000
793.005200 71.200000 71.200000
794.005201 71.200000 71.200000
795.005202 71.200000 71.200000
796.005203 71.200000 71.200000
797.005203 71.200000 71.200000
798.005204 71.200000 71.200000
799.005204 71.200000 71.200000
