0.000423 71.200000 71.200000
1.000425 71.200000 71.200000
2.000431 71.200000 71.200000
3.000435 71.200000 71.200000
4.000435 71.200000 71.200000
5.000435 71.200000 71.200000
6.000435 71.200000 71.200000
7.000443 71.200000 71.200000
8.000444 71.200000 71.200000
9.000444 71.200000 71.200000
10.000445 71.200000 71.200000
11.000457 71.200000 71.200000
12.000469 71.200000 71.200000
13.000578 71.200000 71.200000
14.000592 71.200000 71.200000
15.000609 71.200000 71.200000
16.000615 71.200000 71.200000
17.000637 71.200000 71.200000
18.000655 71.200000 71.200000
19.000656 71.200000 71.200000
20.000672 71.200000 71.200000
21.000681 71.200000 71.200000
22.000692 71.200000 71.200000
23.000700 71.200000 71.200000
24.000704 71.200000 71.200000
25.000708 71.200000 71.200000
26.000710 71.200000 71.200000
27.000753 71.200000 71.200000
28.000754 71.200000 71.200000
29.000756 71.200000 71.200000
30.000759 71.200000 71.200000
31.000760 71.200000 71.200000
32.000768 71.200000 71.200000
33.000775 71.200000 71.200000
34.000784 71.200000 71.200000
35.000785 71.200000 71.200000
36.000786 71.200000 71.200000
37.000787 71.200000 71.200000
38.000792 71.200000 71.200000
39.000801 71.200000 71.200000
40.000803 71.200000 71.200000
41.000805 71.200000 71.200000
42.000811 71.200000 71.200000
43.000811 71.200000 71.200000
44.000812 71.200000 71.200000
45.000813 71.200000 71.200000
46.000817 71.200000 71.200000
47.000821 71.200000 71.200000
48.000821 71.200000 71.200000
49.000823 71.200000 71.200000
50.000823 71.200000 71.200000
51.000823 71.200000 71.200000
52.000836 71.200000 71.200000
53.000836 71.200000 71.200000
54.000837 71.200000 71.200000
55.000844 71.200000 71.200000
56.000844 71.200000 71.200000
57.000844 71.200000 71.200000
58.000844 71.200000 71.200000
59.000849 71.200000 71.200000
60.000858 71.200000 71.200000
61.000859 71.200000 71.200000
62.000859 71.200000 71.200000
63.000859 71.200000 71.200000
64.000865 71.200000 71.200000
65.000867 71.200000 71.200000
66.000867 71.200000 71.200000
67.000876 71.200000 71.200000
68.000879 71.200000 71.200000
69.000879 71.200000 71.200000
70.000895 71.200000 71.200000
71.000895 71.200000 71.200000
72.000898 71.200000 71.200000
73.000899 71.200000 71.200000
74.000899 71.200000 71.200000
75.000900 71.200000 71.200000
76.000903 71.200000 71.200000
77.000903 71.200000 71.200000
78.000908 71.200000 71.200000
79.000909 71.200000 71.200000
80.000909 71.200000 71.200000
81.000909 71.200000 71.200000
82.000912 71.200000 71.200000
83.000915 71.200000 71.200000
84.000916 71.200000 71.200000
85.000916 71.200000 71.200000
86.000918 71.200000 71.200000
87.000918 71.200000 71.200000
88.000924 71.200000 71.200000
89.000926 71.200000 71.200000
90.000930 71.200000 71.200000
91.000932 71.200000 71.200000
92.000932 71.200000 71.200000
93.000934 71.200000 71.200000
94.000935 71.200000 71.200000
95.000937 71.200000 71.200000
96.000941 71.200000 71.200000
97.000942 71.200000 71.200000
98.000948 71.200000 71.200000
99.000956 71.200000 71.200000
100.001000 71.200000 71.200000
101.001000 71.200000 71.200000
102.001001 71.200000 71.200000
103.001007 71.200000 71.200000
104.001010 71.200000 71.200000
105.001011 71.200000 71.200000
106.001013 71.200000 71.200000
107.001013 71.200000 71.200000
108.001013 71.200000 71.200000
109.001013 71.200000 71.200000
110.001016 71.200000 71.200000
111.001016 71.200000 71.200000
112.001018 71.200000 71.200000
113.001018 71.200000 71.200000
114.001064 71.200000 71.200000
115.001073 71.200000 71.200000
116.001078 71.200000 71.200000
117.001087 71.200000 71.200000
118.001087 71.200000 71.200000
119.001088 71.200000 71.200000
120.001096 71.200000 71.200000
121.001098 71.200000 71.200000
122.001102 71.200000 71.200000
123.001109 71.200000 71.200000
124.001113 71.200000 71.200000
125.001121 71.200000 71.200000
126.001125 71.200000 71.200000
127.001155 71.200000 71.200000
128.001163 71.200000 71.200000
129.001163 71.200000 71.200000
130.001163 71.200000 71.200000
131.001167 71.200000 71.200000
132.001194 71.200000 71.200000
133.001195 71.200000 71.200000
134.001195 71.200000 71.200000
135.001196 71.200000 71.200000
136.001201 71.200000 71.200000
137.001201 71.200000 71.200000
138.001209 71.200000 71.200000
139.001209 71.200000 71.200000
140.001212 71.200000 71.200000
141.001257 71.200000 71.200000
142.001263 71.200000 71.200000
143.001274 71.200000 71.200000
144.001276 71.200000 71.200000
145.001277 71.200000 71.200000
146.001279 71.200000 71.200000
147.001281 71.200000 71.200000
148.001285 71.200000 71.200000
149.001289 71.200000 71.200000
150.001316 71.200000 71.200000
151.001318 71.200000 71.200000
152.001322 71.200000 71.200000
153.001322 71.200000 71.200000
154.001323 71.200000 71.200000
155.001323 71.200000 71.200000
156.001326 71.200000 71.200000
157.001333 71.200000 71.200000
158.001373 71.200000 71.200000
159.001378 71.200000 71.200000
160.001383 71.200000 71.200000
161.001384 71.200000 71.200000
162.001410 71.200000 71.200000
163.001414 71.200000 71.200000
164.001425 71.200000 71.200000
165.001470 71.200000 71.200000
166.001471 71.200000 71.200000
167.001471 71.200000 71.200000
168.001478 71.200000 71.200000
169.001478 71.200000 71.200000
170.001483 71.200000 71.200000
171.001483 71.200000 71.200000
172.001521 71.200000 71.200000
173.001529 71.200000 71.200000
174.001531 71.200000 71.200000
175.001531 71.200000 71.200000
176.001536 71.200000 71.200000
177.001536 71.200000 71.200000
178.001543 71.200000 71.200000
179.001545 71.200000 71.200000
180.001547 71.200000 71.200000
181.001547 71.200000 71.200000
182.001561 71.200000 71.200000
183.001584 71.200000 71.200000
184.001584 71.200000 71.200000
185.001646 71.200000 71.200000
186.001655 71.200000 71.200000
187.001662 71.200000 71.200000
188.001667 71.200000 71.200000
189.001670 71.200000 71.200000
190.001670 71.200000 71.200000
191.001674 71.200000 71.200000
192.001678 71.200000 71.200000
193.001706 71.200000 71.200000
194.001707 71.200000 71.200000
195.001709 71.200000 71.200000
196.001731 71.200000 71.200000
197.001733 71.200000 71.200000
198.001733 71.200000 71.200000
199.001733 71.200000 71.200000
200.001733 71.200000 71.200000
201.001741 71.200000 71.200000
202.001741 71.200000 71.200000
203.001777 71.200000 71.200000
204.001777 71.200000 71.200000
205.001777 71.200000 71.200000
206.001778 71.200000 71.200000
207.001785 71.200000 71.200000
208.001826 71.200000 71.200000
209.001827 71.200000 71.200000
210.001831 71.200000 71.200000
211.001843 71.200000 71.200000
212.001846 71.200000 71.200000
213.001847 71.200000 71.200000
214.001848 71.200000 71.200000
215.001850 71.200000 71.200000
216.001850 71.200000 71.200000
217.001856 71.200000 71.200000
218.001868 71.200000 71.200000
219.001871 71.200000 71.200000
220.001875 71.200000 71.200000
221.001880 71.200000 71.200000
222.001880 71.200000 71.200000
223.001883 71.200000 71.200000
224.001888 71.200000 71.200000
225.001890 71.200000 71.200000
226.001891 71.200000 71.200000
227.001891 71.200000 71.200000
228.001899 71.200000 71.200000
229.001911 71.200000 71.200000
230.001917 71.200000 71.200000
231.001920 71.200000 71.200000
232.001924 71.200000 71.200000
233.001930 71.200000 71.200000
234.001962 71.200000 71.200000
235.001971 71.200000 71.200000
236.001971 71.200000 71.200000
237.001972 71.200000 71.200000
238.002015 71.200000 71.200000
239.002015 71.200000 71.200000
240.002018 71.200000 71.200000
241.002018 71.200000 71.200000
242.002021 71.200000 71.200000
243.002023 71.200000 71.200000
244.002025 71.200000 71.200000
245.002026 71.200000 71.200000
246.002061 71.200000 71.200000
247.002061 71.200000 71.200000
248.002062 71.200000 71.200000
249.002071 71.200000 71.200000
250.002072 71.200000 71.200000
251.002074 71.200000 71.200000
252.002079 71.200000 71.200000
253.002124 71.200000 71.200000
254.002135 71.200000 71.200000
255.002137 71.200000 71.200000
256.002141 71.200000 71.200000
257.002141 71.200000 71.200000
258.002178 71.200000 71.200000
259.002187 71.200000 71.200000
260.002194 71.200000 71.200000
261.002196 71.200000 71.200000
262.002197 71.200000 71.200000
263.002206 71.200000 71.200000
264.002207 71.200000 71.200000
265.002215 71.200000 71.200000
266.002223 71.200000 71.200000
267.002223 71.200000 71.200000
268.002231 71.200000 71.200000
269.002235 71.200000 71.200000
270.002238 71.200000 71.200000
271.002240 71.200000 71.200000
272.002240 71.200000 71.200000
273.002242 71.200000 71.200000
274.002242 71.200000 71.200000
275.002243 71.200000 71.200000
276.002243 71.200000 71.200000
277.002300 71.200000 71.200000
278.002300 71.200000 71.200000
279.002303 71.200000 71.200000
280.002314 71.200000 71.200000
281.002321 71.200000 71.200000
282.002331 71.200000 71.200000
283.002341 71.200000 71.200000
284.002342 71.200000 71.200000
285.002354 71.200000 71.200000
286.002359 71.200000 71.200000
287.002361 71.200000 71.200000
288.002363 71.200000 71.200000
289.002372 71.200000 71.200000
290.002377 71.200000 71.200000
291.002380 71.200000 71.200000
292.002380 71.200000 71.200000
293.002383 71.200000 71.200000
294.002385 71.200000 71.200000
295.002392 71.200000 71.200000
296.002402 71.200000 71.200000
297.002407 71.200000 71.200000
298.002408 71.200000 71.200000
299.002456 71.200000 71.200000
300.002456 71.200000 71.200000
301.002458 71.200000 71.200000
302.002462 71.200000 71.200000
303.002463 71.200000 71.200000
304.002465 71.200000 71.200000
305.002466 71.200000 71.200000
306.002466 71.200000 71.200000
307.002466 71.200000 71.200000
308.002469 71.200000 71.200000
309.002472 71.200000 71.200000
310.002578 71.200000 71.200000
311.002590 71.200000 71.200000
312.002592 71.200000 71.200000
313.002603 71.200000 71.200000
314.002604 71.200000 71.200000
315.002606 71.200000 71.200000
316.002615 71.200000 71.200000
317.002625 71.200000 71.200000
318.002628 71.200000 71.200000
319.002628 71.200000 71.200000
320.002628 71.200000 71.200000
321.002635 71.200000 71.200000
322.002636 71.200000 71.200000
323.002694 71.200000 71.200000
324.002694 71.200000 71.200000
325.002698 71.200000 71.200000
326.002715 71.200000 71.200000
327.002716 71.200000 71.200000
328.002719 71.200000 71.200000
329.002719 71.200000 71.200000
330.002723 71.200000 71.200000
331.002733 71.200000 71.200000
332.002735 71.200000 71.200000
333.002738 71.200000 71.200000
334.002742 71.200000 71.200000
335.002750 71.200000 71.200000
336.002751 71.200000 71.200000
337.002755 71.200000 71.200000
338.002767 71.200000 71.200000
339.002767 71.200000 71.200000
340.002768 71.200000 71.200000
341.002771 71.200000 71.200000
342.002772 71.200000 71.200000
343.002776 71.200000 71.200000
344.002786 71.200000 71.200000
345.002787 71.200000 71.200000
346.002799 71.200000 71.200000
347.002800 71.200000 71.200000
348.002804 71.200000 71.200000
349.002808 71.200000 71.200000
350.002811 71.200000 71.200000
351.002823 71.200000 71.200000
352.002825 71.200000 71.200000
353.002829 71.200000 71.200000
354.002829 71.200000 71.200000
355.002830 71.200000 71.200000
356.002833 71.200000 71.200000
357.002842 71.200000 71.200000
358.002852 71.200000 71.200000
359.002853 71.200000 71.200000
360.002858 71.200000 71.200000
361.002869 71.200000 71.200000
362.002874 71.200000 71.200000
363.002879 71.200000 71.200000
364.002881 71.200000 71.200000
365.002882 71.200000 71.200000
366.002884 71.200000 71.200000
367.002889 71.200000 71.200000
368.002896 71.200000 71.200000
369.002896 71.200000 71.200000
370.002899 71.200000 71.200000
371.002903 71.200000 71.200000
372.002908 71.200000 71.200000
373.002917 71.200000 71.200000
374.002917 71.200000 71.200000
375.002918 71.200000 71.200000
376.002919 71.200000 71.200000
377.002920 71.200000 71.200000
378.002920 71.200000 71.200000
379.002920 71.200000 71.200000
380.002932 71.200000 71.200000
381.002936 71.200000 71.200000
382.002936 71.200000 71.200000
383.002939 71.200000 71.200000
384.002939 71.200000 71.200000
385.002942 71.200000 71.200000
386.002943 71.200000 71.200000
387.002943 71.200000 71.200000
388.002943 71.200000 71.200000
389.002948 71.200000 71.200000
390.002950 71.200000 71.200000
391.002984 71.200000 71.200000
392.002997 71.200000 71.200000
393.002998 71.200000 71.200000
394.002998 71.200000 71.200000
395.003000 71.200000 71.200000
396.003004 71.200000 71.200000
397.003005 71.200000 71.200000
398.003008 71.200000 71.200000
399.003009 71.200000 71.200000
400.003014 71.200000 71.200000
401.003020 71.200000 71.200000
402.003021 71.200000 71.200000
403.003021 71.200000 71.200000
404.003024 71.200000 71.200000
405.003024 71.200000 71.200000
406.003024 71.200000 71.200000
407.003024 71.200000 71.200000
408.003024 71.200000 71.200000
409.003032 71.200000 71.200000
410.003036 71.200000 71.200000
411.003038 71.200000 71.200000
412.003040 71.200000 71.200000
413.003065 71.200000 71.200000
414.003077 71.200000 71.200000
415.003077 71.200000 71.200000
416.003077 71.200000 71.200000
417.003080 71.200000 71.200000
418.003081 71.200000 71.200000
419.003083 71.200000 71.200000
420.003101 71.200000 71.200000
421.003101 71.200000 71.200000
422.003105 71.200000 71.200000
423.003107 71.200000 71.200000
424.003108 71.200000 71.200000
425.003149 71.200000 71.200000
426.003149 71.200000 71.200000
427.003150 71.200000 71.200000
428.003151 71.200000 71.200000
429.003156 71.200000 71.200000
430.003164 71.200000 71.200000
431.003165 71.200000 71.200000
432.003171 71.200000 71.200000
433.003172 71.200000 71.200000
434.003182 71.200000 71.200000
435.003186 71.200000 71.200000
436.003232 71.200000 71.200000
437.003232 71.200000 71.200000
438.003232 71.200000 71.200000
439.003232 71.200000 71.200000
440.003238 71.200000 71.200000
441.003239 71.200000 71.200000
442.003239 71.200000 71.200000
443.003243 71.200000 71.200000
444.003243 71.200000 71.200000
445.003243 71.200000 71.200000
446.003264 71.200000 71.200000
447.003272 71.200000 71.200000
448.003274 71.200000 71.200000
449.003279 71.200000 71.200000
450.003285 71.200000 71.200000
451.003292 71.200000 71.200000
452.003293 71.200000 71.200000
453.003303 71.200000 71.200000
454.003305 71.200000 71.200000
455.003310 71.200000 71.200000
456.003310 71.200000 71.200000
457.003352 71.200000 71.200000
458.003357 71.200000 71.200000
459.003359 71.200000 71.200000
460.003363 71.200000 71.200000
461.003370 71.200000 71.200000
462.003377 71.200000 71.200000
463.003378 71.200000 71.200000
464.003383 71.200000 71.200000
465.003385 71.200000 71.200000
466.003388 71.200000 71.200000
467.003392 71.200000 71.200000
468.003393 71.200000 71.200000
469.003397 71.200000 71.200000
470.003411 71.200000 71.200000
471.003411 71.200000 71.200000
472.003415 71.200000 71.200000
473.003417 71.200000 71.200000
474.003425 71.200000 71.200000
475.003432 71.200000 71.200000
476.003436 71.200000 71.200000
477.003438 71.200000 71.200000
478.003472 71.200000 71.200000
479.003474 71.200000 71.200000
480.003485 71.200000 71.200000
481.003488 71.200000 71.200000
482.003488 71.200000 71.200000
483.003488 71.200000 71.200000
484.003491 71.200000 71.200000
485.003499 71.200000 71.200000
486.003501 71.200000 71.200000
487.003502 71.200000 71.200000
488.003504 71.200000 71.200000
489.003508 71.200000 71.200000
490.003513 71.200000 71.200000
491.003514 71.200000 71.200000
492.003567 71.200000 71.200000
493.003570 71.200000 71.200000
494.003577 71.200000 71.200000
495.003583 71.200000 71.200000
496.003585 71.200000 71.200000
497.003612 71.200000 71.200000
498.003620 71.200000 71.200000
499.003623 71.200000 71.200000
500.003632 71.200000 71.200000
501.003640 71.200000 71.200000
502.003641 71.200000 71.200000
503.003686 71.200000 71.200000
504.003687 71.200000 71.200000
505.003688 71.200000 71.200000
506.003695 71.200000 71.200000
507.003697 71.200000 71.200000
508.003702 71.200000 71.200000
509.003702 71.200000 71.200000
510.003703 71.200000 71.200000
511.003703 71.200000 71.200000
512.003713 71.200000 71.200000
513.003727 71.200000 71.200000
514.003729 71.200000 71.200000
515.003730 71.200000 71.200000
516.003732 71.200000 71.200000
517.003734 71.200000 71.200000
518.003736 71.200000 71.200000
519.003738 71.200000 71.200000
520.003747 71.200000 71.200000
521.003748 71.200000 71.200000
522.003748 71.200000 71.200000
523.003754 71.200000 71.200000
524.003754 71.200000 71.200000
525.003755 71.200000 71.200000
526.003761 71.200000 71.200000
527.003764 71.200000 71.200000
528.003768 71.200000 71.200000
529.003768 71.200000 71.200000
530.003775 71.200000 71.200000
531.003775 71.200000 71.200000
532.003776 71.200000 71.200000
533.003777 71.200000 71.200000
534.003778 71.200000 71.200000
535.003780 71.200000 71.200000
536.003782 71.200000 71.200000
537.003783 71.200000 71.200000
538.003786 71.200000 71.200000
539.003789 71.200000 71.200000
540.003796 71.200000 71.200000
541.003800 71.200000 71.200000
542.003800 71.200000 71.200000
543.003815 71.200000 71.200000
544.003817 71.200000 71.200000
545.003854 71.200000 71.200000
546.003862 71.200000 71.200000
547.003863 71.200000 71.200000
548.003864 71.200000 71.200000
549.003878 71.200000 71.200000
550.003881 71.200000 71.200000
551.003881 71.200000 71.200000
552.003881 71.200000 71.200000
553.003884 71.200000 71.200000
554.003893 71.200000 71.200000
555.003895 71.200000 71.200000
556.003895 71.200000 71.200000
557.003897 71.200000 71.200000
558.003911 71.200000 71.200000
559.003921 71.200000 71.200000
560.003927 71.200000 71.200000
561.003938 71.200000 71.200000
562.003941 71.200000 71.200000
563.003943 71.200000 71.200000
564.003944 71.200000 71.200000
565.003945 71.200000 71.200000
566.003948 71.200000 71.200000
567.003958 71.200000 71.200000
568.003958 71.200000 71.200000
569.003966 71.200000 71.200000
570.003968 71.200000 71.200000
571.003968 71.200000 71.200000
572.003972 71.200000 71.200000
573.003982 71.200000 71.200000
574.003984 71.200000 71.200000
575.003994 71.200000 71.200000
576.004004 71.200000 71.200000
577.004004 71.200000 71.200000
578.004004 71.200000 71.200000
579.004013 71.200000 71.200000
580.004015 71.200000 71.200000
581.004015 71.200000 71.200000
582.004021 71.200000 71.200000
583.004022 71.200000 71.200000
584.004034 71.200000 71.200000
585.004042 71.200000 71.200000
586.004042 71.200000 71.200000
587.004048 71.200000 71.200000
588.004048 71.200000 71.200000
589.004067 71.200000 71.200000
590.004067 71.200000 71.200000
591.004077 71.200000 71.200000
592.004077 71.200000 71.200000
593.004087 71.200000 71.200000
594.004090 71.200000 71.200000
595.004095 71.200000 71.200000
596.004113 71.200000 71.200000
597.004126 71.200000 71.200000
598.004135 71.200000 71.200000
599.004136 71.200000 71.200000
600.004142 71.200000 71.200000
601.004142 71.200000 71.200000
602.004143 71.200000 71.200000
603.004144 71.200000 71.200000
604.004144 71.200000 71.200000
605.004144 71.200000 71.200000
606.004147 71.200000 71.200000
607.004151 71.200000 71.200000
608.004151 71.200000 71.200000
609.004154 71.200000 71.200000
610.004159 71.200000 71.200000
611.004160 71.200000 71.200000
612.004193 71.200000 71.200000
613.004200 71.200000 71.200000
614.004201 71.200000 71.200000
615.004227 71.200000 71.200000
616.004235 71.200000 71.200000
617.004237 71.200000 71.200000
618.004237 71.200000 71.200000
619.004239 71.200000 71.200000
620.004251 71.200000 71.200000
621.004260 71.200000 71.200000
622.004262 71.200000 71.200000
623.004266 71.200000 71.200000
624.004267 71.200000 71.200000
625.004268 71.200000 71.200000
626.004273 71.200000 71.200000
627.004284 71.200000 71.200000
628.004287 71.200000 71.200000
629.004292 71.200000 71.200000
630.004317 71.200000 71.200000
631.004324 71.200000 71.200000
632.004344 71.200000 71.200000
633.004344 71.200000 71.200000
634.004344 71.200000 71.200000
635.004347 71.200000 71.200000
636.004351 71.200000 71.200000
637.004365 71.200000 71.200000
638.004370 71.200000 71.200000
639.004372 71.200000 71.200000
640.004372 71.200000 71.200000
641.004376 71.200000 71.200000
642.004380 71.200000 71.200000
643.004380 71.200000 71.200000
644.004384 71.200000 71.200000
645.004394 71.200000 71.200000
646.004402 71.200000 71.200000
647.004425 71.200000 71.200000
648.004425 71.200000 71.200000
649.004431 71.200000 71.200000
650.004434 71.200000 71.200000
651.004442 71.200000 71.200000
652.004498 71.200000 71.200000
653.004500 71.200000 71.200000
654.004505 71.200000 71.200000
655.004507 71.200000 71.200000
656.004508 71.200000 71.200000
657.004512 71.200000 71.200000
658.004519 71.200000 71.200000
659.004521 71.200000 71.200000
660.004526 71.200000 71.200000
661.004526 71.200000 71.200000
662.004536 71.200000 71.200000
663.004580 71.200000 71.200000
664.004592 71.200000 71.200000
665.004643 71.200000 71.200000
666.004646 71.200000 71.200000
667.004652 71.200000 71.200000
668.004655 71.200000 71.200000
669.004667 71.200000 71.200000
670.004671 71.200000 71.200000
671.004680 71.200000 71.200000
672.004680 71.200000 71.200000
673.004691 71.200000 71.200000
674.004695 71.200000 71.200000
675.004703 71.200000 71.200000
676.004706 71.200000 71.200000
677.004706 71.200000 71.200000
678.004706 71.200000 71.200000
679.004706 71.200000 71.200000
680.004712 71.200000 71.200000
681.004714 71.200000 71.200000
682.004720 71.200000 71.200000
683.004731 71.200000 71.200000
684.004734 71.200000 71.200000
685.004737 71.200000 71.200000
686.004738 71.200000 71.200000
687.004738 71.200000 71.200000
688.004738 71.200000 71.200000
689.004785 71.200000 71.200000
690.004787 71.200000 71.200000
691.004791 71.200000 71.200000
692.004801 71.200000 71.200000
693.004838 71.200000 71.200000
694.004846 71.200000 71.200000
695.004848 71.200000 71.200000
696.004848 71.200000 71.200000
697.004849 71.200000 71.200000
698.004852 71.200000 71.200000
699.004853 71.200000 71.200000
700.004856 71.200000 71.200000
701.004859 71.200000 71.200000
702.004863 71.200000 71.200000
703.004870 71.200000 71.200000
704.004870 71.200000 71.200000
705.004871 71.200000 71.200000
706.004871 71.200000 71.200000
707.004871 71.200000 71.200000
708.004871 71.200000 71.200000
709.004872 71.200000 71.200000
710.004872 71.200000 71.200000
711.004874 71.200000 71.200000
712.004874 71.200000 71.200000
713.004874 71.200000 71.200000
714.004877 71.200000 71.200000
715.004879 71.200000 71.200000
716.004882 71.200000 71.200000
717.004883 71.200000 71.200000
718.004942 71.200000 71.200000
719.004949 71.200000 71.200000
720.004949 71.200000 71.200000
721.004958 71.200000 71.200000
722.004960 71.200000 71.200000
723.004968 71.200000 71.200000
724.004971 71.200000 71.200000
725.004984 71.200000 71.200000
726.004994 71.200000 71.200000
727.004995 71.200000 71.200000
728.005026 71.200000 71.200000
729.005028 71.200000 71.200000
730.005029 71.200000 71.200000
731.005039 71.200000 71.200000
732.005041 71.200000 71.200000
733.005048 71.200000 71.200000
734.005048 71.200000 71.200000
735.005048 71.200000 71.200000
736.005049 71.200000 71.200000
737.005054 71.200000 71.200000
738.005054 71.200000 71.200000
739.005065 71.200000 71.200000
740.005067 71.200000 71.200000
741.005075 71.200000 71.200000
742.005076 71.200000 71.200000
743.005086 71.200000 71.200000
744.005086 71.200000 71.200000
745.005090 71.200000 71.200000
746.005091 71.200000 71.200000
747.005093 71.200000 71.200000
748.005098 71.200000 71.200000
749.005101 71.200000 71.200000
750.005106 71.200000 71.200000
751.005110 71.200000 71.200000
752.005111 71.200000 71.200000
753.005115 71.200000 71.200000
754.005115 71.200000 71.200000
755.005123 71.200000 71.200000
756.005128 71.200000 71.200000
757.005136 71.200000 71.200000
758.005139 71.200000 71.200000
759.005139 71.200000 71.200000
760.005139 71.200000 71.200000
761.005143 71.200000 71.200000
762.005143 71.200000 71.200000
763.005144 71.200000 71.200000
764.005151 71.200000 71.200000
765.005158 71.200000 71.200000
766.005162 71.200000 71.200000
767.005164 71.200000 71.200000
768.005174 71.200000 71.200000
769.005191 71.200000 71.200000
770.005193 71.200000 71.200000
771.005195 71.200000 71.200000
772.005204 71.200000 71.200000
773.005246 71.200000 71.200000
774.005250 71.200000 71.200000
775.005250 71.200000 71.200000
776.005251 71.200000 71.200000
777.005259 71.200000 71.200000
778.005259 71.200000 71.200000
779.005262 71.200000 71.200000
780.005268 71.200000 71.200000
781.005269 71.200000 71.200000
782.005271 71.200000 71.200000
783.005271 71.200000 71.200000
784.005271 71.200000 71.200000
785.005277 71.200000 71.200000
786.005280 71.200000 71.200000
787.005326 71.200000 71.200000
788.005328 71.200000 71.200000
789.005333 71.200000 71.200000
790.005333 71.200000 71.200000
791.005333 71.200000 71.200000
792.005335 71.200000 71.200000
793.005338 71.200000 71.200000
794.005341 71.200000 71.200000
795.005343 71.200000 71.200000
796.005353 71.200000 71.200000
797.005355 71.200000 71.200000
798.005356 71.200000 71.200000
799.005362 71.200000 71.200000
