0.000439 71.200000 71.200000
1.000439 71.200000 71.200000
2.000442 71.200000 71.200000
3.000445 71.200000 71.200000
4.000446 71.200000 71.200000
5.000446 71.200000 71.200000
6.000446 71.200000 71.200000
7.000446 71.200000 71.200000
8.000455 71.200000 71.200000
9.000457 71.200000 71.200000
10.000459 71.200000 71.200000
11.000507 71.200000 71.200000
12.000513 71.200000 71.200000
13.000523 71.200000 71.200000
14.000526 71.200000 71.200000
15.000526 71.200000 71.200000
16.000526 71.200000 71.200000
17.000526 71.200000 71.200000
18.000527 71.200000 71.200000
19.000527 71.200000 71.200000
20.000527 71.200000 71.200000
21.000535 71.200000 71.200000
22.000571 71.200000 71.200000
23.000575 71.200000 71.200000
24.000578 71.200000 71.200000
25.000580 71.200000 71.200000
26.000581 71.200000 71.200000
27.000581 71.200000 71.200000
28.000584 71.200000 71.200000
29.000600 71.200000 71.200000
30.000606 71.200000 71.200000
31.000606 71.200000 71.200000
32.000609 71.200000 71.200000
33.000622 71.200000 71.200000
34.000628 71.200000 71.200000
35.000643 71.200000 71.200000
36.000724 71.200000 71.200000
37.000729 71.200000 71.200000
38.000736 71.200000 71.200000
39.000741 71.200000 71.200000
40.000742 71.200000 71.200000
41.000743 71.200000 71.200000
42.000743 71.200000 71.200000
43.000747 71.200000 71.200000
44.000753 71.200000 71.200000
45.000753 71.200000 71.200000
46.000753 71.200000 71.200000
47.000755 71.200000 71.200000
48.000762 71.200000 71.200000
49.000777 71.200000 71.200000
50.000786 71.200000 71.200000
51.000790 71.200000 71.200000
52.000792 71.200000 71.200000
53.000797 71.200000 71.200000
54.000804 71.200000 71.200000
55.000806 71.200000 71.200000
56.000808 71.200000 71.200000
57.000810 71.200000 71.200000
58.000813 71.200000 71.200000
59.000827 71.200000 71.200000
60.000835 71.200000 71.200000
61.000838 71.200000 71.200000
62.000838 71.200000 71.200000
63.000840 71.200000 71.200000
64.000840 71.200000 71.200000
65.000867 71.200000 71.200000
66.000868 71.200000 71.200000
67.000869 71.200000 71.200000
68.000870 71.200000 71.200000
69.000870 71.200000 71.200000
70.000876 71.200000 71.200000
71.000876 71.200000 71.200000
72.000876 71.200000 71.200000
73.000878 71.200000 71.200000
74.000879 71.200000 71.200000
75.000879 71.200000 71.200000
76.000883 71.200000 71.200000
77.000884 71.200000 71.200000
78.000885 71.200000 71.200000
79.000895 71.200000 71.200000
80.000903 71.200000 71.200000
81.000903 71.200000 71.200000
82.000903 71.200000 71.200000
83.000907 71.200000 71.200000
84.000907 71.200000 71.200000
85.000914 71.200000 71.200000
86.000924 71.200000 71.200000
87.000925 71.200000 71.200000
88.000926 71.200000 71.200000
89.000929 71.200000 71.200000
90.000931 71.200000 71.200000
91.000934 71.200000 71.200000
92.000934 71.200000 71.200000
93.000937 71.200000 71.200000
94.000969 71.200000 71.200000
95.000970 71.200000 71.200000
96.000972 71.200000 71.200000
97.000976 71.200000 71.200000
98.000979 71.200000 71.200000
99.000985 71.200000 71.200000
100.001026 71.200000 71.200000
101.001033 71.200000 71.200000
102.001038 71.200000 71.200000
103.001044 71.200000 71.200000
104.001044 71.200000 71.200000
105.001046 71.200000 71.200000
106.001047 71.200000 71.200000
107.001057 71.200000 71.200000
108.001066 71.200000 71.200000
109.001066 71.200000 71.200000
110.001066 71.200000 71.200000
111.001067 71.200000 71.200000
112.001071 71.200000 71.200000
113.001071 71.200000 71.200000
114.001071 71.200000 71.200000
115.001072 71.200000 71.200000
116.001075 71.200000 71.200000
117.001112 71.200000 71.200000
118.001119 71.200000 71.200000
119.001119 71.200000 71.200000
120.001119 71.200000 71.200000
121.001119 71.200000 71.200000
122.001127 71.200000 71.200000
123.001134 71.200000 71.200000
124.001143 71.200000 71.200000
125.001151 71.200000 71.200000
126.001151 71.200000 71.200000
127.001153 71.200000 71.200000
128.001156 71.200000 71.200000
129.001180 71.200000 71.200000
130.001183 71.200000 71.200000
131.001187 71.200000 71.200000
132.001188 71.200000 71.200000
133.001196 71.200000 71.200000
134.001201 71.200000 71.200000
135.001203 71.200000 71.200000
136.001210 71.200000 71.200000
137.001211 71.200000 71.200000
138.001260 71.200000 71.200000
139.001262 71.200000 71.200000
140.001263 71.200000 71.200000
141.001264 71.200000 71.200000
142.001268 71.200000 71.200000
143.001268 71.200000 71.200000
144.001279 71.200000 71.200000
145.001283 71.200000 71.200000
146.001283 71.200000 71.200000
147.001289 71.200000 71.200000
148.001291 71.200000 71.200000
149.001291 71.200000 71.200000
150.001293 71.200000 71.200000
151.001303 71.200000 71.200000
152.001303 71.200000 71.200000
153.001303 71.200000 71.200000
154.001303 71.200000 71.200000
155.001350 71.200000 71.200000
156.001362 71.200000 71.200000
157.001366 71.200000 71.200000
158.001369 71.200000 71.200000
159.001376 71.200000 71.200000
160.001376 71.200000 71.200000
161.001378 71.200000 71.200000
162.001381 71.200000 71.200000
163.001384 71.200000 71.200000
164.001389 71.200000 71.200000
165.001419 71.200000 71.200000
166.001428 71.200000 71.200000
167.001428 71.200000 71.200000
168.001428 71.200000 71.200000
169.001429 71.200000 71.200000
170.001429 71.200000 71.200000
171.001431 71.200000 71.200000
172.001448 71.200000 71.200000
173.001450 71.200000 71.200000
174.001450 71.200000 71.200000
175.001451 71.200000 71.200000
176.001454 71.200000 71.200000
177.001454 71.200000 71.200000
178.001458 71.200000 71.200000
179.001461 71.200000 71.200000
180.001473 71.200000 71.200000
181.001473 71.200000 71.200000
182.001476 71.200000 71.200000
183.001504 71.200000 71.200000
184.001504 71.200000 71.200000
185.001505 71.200000 71.200000
186.001511 71.200000 71.200000
187.001516 71.200000 71.200000
188.001519 71.200000 71.200000
189.001520 71.200000 71.200000
190.001527 71.200000 71.200000
191.001537 71.200000 71.200000
192.001547 71.200000 71.200000
193.001557 71.200000 71.200000
194.001566 71.200000 71.200000
195.001567 71.200000 71.200000
196.001567 71.200000 71.200000
197.001572 71.200000 71.200000
198.001572 71.200000 71.200000
199.001579 71.200000 71.200000
200.001579 71.200000 71.200000
201.001634 71.200000 71.200000
202.001635 71.200000 71.200000
203.001640 71.200000 71.200000
204.001649 71.200000 71.200000
205.001651 71.200000 71.200000
206.001662 71.200000 71.200000
207.001668 71.200000 71.200000
208.001670 71.200000 71.200000
209.001680 71.200000 71.200000
210.001682 71.200000 71.200000
211.001693 71.200000 71.200000
212.001700 71.200000 71.200000
213.001704 71.200000 71.200000
214.001707 71.200000 71.200000
215.001757 71.200000 71.200000
216.001815 71.200000 71.200000
217.001819 71.200000 71.200000
218.001821 71.200000 71.200000
219.001827 71.200000 71.200000
220.001834 71.200000 71.200000
221.001877 71.200000 71.200000
222.001877 71.200000 71.200000
223.001878 71.200000 71.200000
224.001882 71.200000 71.200000
225.001882 71.200000 71.200000
226.001883 71.200000 71.200000
227.001918 71.200000 71.200000
228.001918 71.200000 71.200000
229.001918 71.200000 71.200000
230.001919 71.200000 71.200000
231.001921 71.200000 71.200000
232.001932 71.200000 71.200000
233.001933 71.200000 71.200000
234.001941 71.200000 71.200000
235.001943 71.200000 71.200000
236.001953 71.200000 71.200000
237.001954 71.200000 71.200000
238.001955 71.200000 71.200000
239.001958 71.200000 71.200000
240.001961 71.200000 71.200000
241.001963 71.200000 71.200000
242.001963 71.200000 71.200000
243.001974 71.200000 71.200000
244.001979 71.200000 71.200000
245.001985 71.200000 71.200000
246.001999 71.200000 71.200000
247.002000 71.200000 71.200000
248.002000 71.200000 71.200000
249.002017 71.200000 71.200000
250.002044 71.200000 71.200000
251.002055 71.200000 71.200000
252.002059 71.200000 71.200000
253.002062 71.200000 71.200000
254.002067 71.200000 71.200000
255.002067 71.200000 71.200000
256.002068 71.200000 71.200000
257.002077 71.200000 71.200000
258.002077 71.200000 71.200000
259.002081 71.200000 71.200000
260.002081 71.200000 71.200000
261.002084 71.200000 71.200000
262.002094 71.200000 71.200000
263.002095 71.200000 71.200000
264.002097 71.200000 71.200000
265.002099 71.200000 71.200000
266.002102 71.200000 71.200000
267.002104 71.200000 71.200000
268.002112 71.200000 71.200000
269.002113 71.200000 71.200000
270.002122 71.200000 71.200000
271.002123 71.200000 71.200000
272.002152 71.200000 71.200000
273.002163 71.200000 71.200000
274.002173 71.200000 71.200000
275.002178 71.200000 71.200000
276.002183 71.200000 71.200000
277.002192 71.200000 71.200000
278.002196 71.200000 71.200000
279.002206 71.200000 71.200000
280.002215 71.200000 71.200000
281.002234 71.200000 71.200000
282.002236 71.200000 71.200000
283.002239 71.200000 71.200000
284.002245 71.200000 71.200000
285.002249 71.200000 71.200000
286.002251 71.200000 71.200000
287.002262 71.200000 71.200000
288.002262 71.200000 71.200000
289.002266 71.200000 71.200000
290.002277 71.200000 71.200000
291.002323 71.200000 71.200000
292.002326 71.200000 71.200000
293.002330 71.200000 71.200000
294.002336 71.200000 71.200000
295.002344 71.200000 71.200000
296.002380 71.200000 71.200000
297.002380 71.200000 71.200000
298.002381 71.200000 71.200000
299.002384 71.200000 71.200000
300.002390 71.200000 71.200000
301.002390 71.200000 71.200000
302.002394 71.200000 71.200000
303.002403 71.200000 71.200000
304.002415 71.200000 71.200000
305.002417 71.200000 71.200000
306.002418 71.200000 71.200000
307.002419 71.200000 71.200000
308.002422 71.200000 71.200000
309.002433 71.200000 71.200000
310.002437 71.200000 71.200000
311.002479 71.200000 71.200000
312.002482 71.200000 71.200000
313.002483 71.200000 71.200000
314.002483 71.200000 71.200000
315.002483 71.200000 71.200000
316.002483 71.200000 71.200000
317.002516 71.200000 71.200000
318.002521 71.200000 71.200000
319.002527 71.200000 71.200000
320.002531 71.200000 71.200000
321.002538 71.200000 71.200000
322.002538 71.200000 71.200000
323.002540 71.200000 71.200000
324.002542 71.200000 71.200000
325.002542 71.200000 71.200000
326.002545 71.200000 71.200000
327.002552 71.200000 71.200000
328.002553 71.200000 71.200000
329.002573 71.200000 71.200000
330.002584 71.200000 71.200000
331.002584 71.200000 71.200000
332.002584 71.200000 71.200000
333.002615 71.200000 71.200000
334.002659 71.200000 71.200000
335.002659 71.200000 71.200000
336.002664 71.200000 71.200000
337.002668 71.200000 71.200000
338.002672 71.200000 71.200000
339.002672 71.200000 71.200000
340.002672 71.200000 71.200000
341.002683 71.200000 71.200000
342.002683 71.200000 71.200000
343.002690 71.200000 71.200000
344.002722 71.200000 71.200000
345.002732 71.200000 71.200000
346.002738 71.200000 71.200000
347.002749 71.200000 71.200000
348.002749 71.200000 71.200000
349.002786 71.200000 71.200000
350.002792 71.200000 71.200000
351.002796 71.200000 71.200000
352.002800 71.200000 71.200000
353.002806 71.200000 71.200000
354.002808 71.200000 71.200000
355.002812 71.200000 71.200000
356.002817 71.200000 71.200000
357.002817 71.200000 71.200000
358.002825 71.200000 71.200000
359.002828 71.200000 71.200000
360.002831 71.200000 71.200000
361.002837 71.200000 71.200000
362.002846 71.200000 71.200000
363.002855 71.200000 71.200000
364.002855 71.200000 71.200000
365.002858 71.200000 71.200000
366.002861 71.200000 71.200000
367.002863 71.200000 71.200000
368.002873 71.200000 71.200000
369.002876 71.200000 71.200000
370.002876 71.200000 71.200000
371.002878 71.200000 71.200000
372.002884 71.200000 71.200000
373.002884 71.200000 71.200000
374.002892 71.200000 71.200000
375.002893 71.200000 71.200000
376.002897 71.200000 71.200000
377.002897 71.200000 71.200000
378.002897 71.200000 71.200000
379.002910 71.200000 71.200000
380.002910 71.200000 71.200000
381.002911 71.200000 71.200000
382.002917 71.200000 71.200000
383.002919 71.200000 71.200000
384.002921 71.200000 71.200000
385.002968 71.200000 71.200000
386.002971 71.200000 71.200000
387.002972 71.200000 71.200000
388.002972 71.200000 71.200000
389.002983 71.200000 71.200000
390.002991 71.200000 71.200000
391.002999 71.200000 71.200000
392.003002 71.200000 71.200000
393.003041 71.200000 71.200000
394.003054 71.200000 71.200000
395.003056 71.200000 71.200000
396.003057 71.200000 71.200000
397.003059 71.200000 71.200000
398.003061 71.200000 71.200000
399.003062 71.200000 71.200000
400.003068 71.200000 71.200000
401.003071 71.200000 71.200000
402.003079 71.200000 71.200000
403.003081 71.200000 71.200000
404.003089 71.200000 71.200000
405.003090 71.200000 71.200000
406.003099 71.200000 71.200000
407.003099 71.200000 71.200000
408.003100 71.200000 71.200000
409.003105 71.200000 71.200000
410.003105 71.200000 71.200000
411.003107 71.200000 71.200000
412.003107 71.200000 71.200000
413.003117 71.200000 71.200000
414.003118 71.200000 71.200000
415.003120 71.200000 71.200000
416.003123 71.200000 71.200000
417.003128 71.200000 71.200000
418.003131 71.200000 71.200000
419.003132 71.200000 71.200000
420.003135 71.200000 71.200000
421.003139 71.200000 71.200000
422.003148 71.200000 71.200000
423.003148 71.200000 71.200000
424.003150 71.200000 71.200000
425.003150 71.200000 71.200000
426.003151 71.200000 71.200000
427.003153 71.200000 71.200000
428.003160 71.200000 71.200000
429.003199 71.200000 71.200000
430.003200 71.200000 71.200000
431.003220 71.200000 71.200000
432.003221 71.200000 71.200000
433.003221 71.200000 71.200000
434.003221 71.200000 71.200000
435.003230 71.200000 71.200000
436.003234 71.200000 71.200000
437.003238 71.200000 71.200000
438.003239 71.200000 71.200000
439.003241 71.200000 71.200000
440.003251 71.200000 71.200000
441.003253 71.200000 71.200000
442.003253 71.200000 71.200000
443.003253 71.200000 71.200000
444.003254 71.200000 71.200000
445.003255 71.200000 71.200000
446.003258 71.200000 71.200000
447.003263 71.200000 71.200000
448.003269 71.200000 71.200000
449.003276 71.200000 71.200000
450.003278 71.200000 71.200000
451.003284 71.200000 71.200000
452.003287 71.200000 71.200000
453.003287 71.200000 71.200000
454.003300 71.200000 71.200000
455.003304 71.200000 71.200000
456.003308 71.200000 71.200000
457.003321 71.200000 71.200000
458.003330 71.200000 71.200000
459.003400 71.200000 71.200000
460.003406 71.200000 71.200000
461.003409 71.200000 71.200000
462.003409 71.200000 71.200000
463.003409 71.200000 71.200000
464.003416 71.200000 71.200000
465.003424 71.200000 71.200000
466.003428 71.200000 71.200000
467.003430 71.200000 71.200000
468.003434 71.200000 71.200000
469.003437 71.200000 71.200000
470.003437 71.200000 71.200000
471.003438 71.200000 71.200000
472.003441 71.200000 71.200000
473.003441 71.200000 71.200000
474.003444 71.200000 71.200000
475.003452 71.200000 71.200000
476.003454 71.200000 71.200000
477.003454 71.200000 71.200000
478.003454 71.200000 71.200000
479.003465 71.200000 71.200000
480.003465 71.200000 71.200000
481.003467 71.200000 71.200000
482.003469 71.200000 71.200000
483.003474 71.200000 71.200000
484.003477 71.200000 71.200000
485.003481 71.200000 71.200000
486.003483 71.200000 71.200000
487.003487 71.200000 71.200000
488.003487 71.200000 71.200000
489.003495 71.200000 71.200000
490.003496 71.200000 71.200000
491.003496 71.200000 71.200000
492.003501 71.200000 71.200000
493.003502 71.200000 71.200000
494.003512 71.200000 71.200000
495.003555 71.200000 71.200000
496.003578 71.200000 71.200000
497.003585 71.200000 71.200000
498.003588 71.200000 71.200000
499.003588 71.200000 71.200000
500.003589 71.200000 71.200000
501.003589 71.200000 71.200000
502.003591 71.200000 71.200000
503.003591 71.200000 71.200000
504.003600 71.200000 71.200000
505.003626 71.200000 71.200000
506.003626 71.200000 71.200000
507.003631 71.200000 71.200000
508.003631 71.200000 71.200000
509.003634 71.200000 71.200000
510.003642 71.200000 71.200000
511.003648 71.200000 71.200000
512.003656 71.200000 71.200000
513.003667 71.200000 71.200000
514.003668 71.200000 71.200000
515.003674 71.200000 71.200000
516.003675 71.200000 71.200000
517.003681 71.200000 71.200000
518.003681 71.200000 71.200000
519.003682 71.200000 71.200000
520.003687 71.200000 71.200000
521.003690 71.200000 71.200000
522.003695 71.200000 71.200000
523.003695 71.200000 71.200000
524.003697 71.200000 71.200000
525.003697 71.200000 71.200000
526.003699 71.200000 71.200000
527.003708 71.200000 71.200000
528.003762 71.200000 71.200000
529.003762 71.200000 71.200000
530.003762 71.200000 71.200000
531.003764 71.200000 71.200000
532.003768 71.200000 71.200000
533.003772 71.200000 71.200000
534.003777 71.200000 71.200000
535.003778 71.200000 71.200000
536.003790 71.200000 71.200000
537.003801 71.200000 71.200000
538.003803 71.200000 71.200000
539.003803 71.200000 71.200000
540.003807 71.200000 71.200000
541.003807 71.200000 71.200000
542.003807 71.200000 71.200000
543.003817 71.200000 71.200000
544.003817 71.200000 71.200000
545.003818 71.200000 71.200000
546.003819 71.200000 71.200000
547.003827 71.200000 71.200000
548.003829 71.200000 71.200000
549.003835 71.200000 71.200000
550.003835 71.200000 71.200000
551.003841 71.200000 71.200000
552.003841 71.200000 71.200000
553.003846 71.200000 71.200000
554.003846 71.200000 71.200000
555.003846 71.200000 71.200000
556.003848 71.200000 71.200000
557.003853 71.200000 71.200000
558.003874 71.200000 71.200000
559.003878 71.200000 71.200000
560.003878 71.200000 71.200000
561.003888 71.200000 71.200000
562.003896 71.200000 71.200000
563.003896 71.200000 71.200000
564.003900 71.200000 71.200000
565.003900 71.200000 71.200000
566.003909 71.200000 71.200000
567.003919 71.200000 71.200000
568.003929 71.200000 71.200000
569.003966 71.200000 71.200000
570.003975 71.200000 71.200000
571.003984 71.200000 71.200000
572.003992 71.200000 71.200000
573.004003 71.200000 71.200000
574.004003 71.200000 71.200000
575.004012 71.200000 71.200000
576.004013 71.200000 71.200000
577.004014 71.200000 71.200000
578.004017 71.200000 71.200000
579.004018 71.200000 71.200000
580.004023 71.200000 71.200000
581.004025 71.200000 71.200000
582.004025 71.200000 71.200000
583.004027 71.200000 71.200000
584.004038 71.200000 71.200000
585.004039 71.200000 71.200000
586.004039 71.200000 71.200000
587.004039 71.200000 71.200000
588.004039 71.200000 71.200000
589.004041 71.200000 71.200000
590.004046 71.200000 71.200000
591.004046 71.200000 71.200000
592.004048 71.200000 71.200000
593.004050 71.200000 71.200000
594.004067 71.200000 71.200000
595.004072 71.200000 71.200000
596.004073 71.200000 71.200000
597.004084 71.200000 71.200000
598.004084 71.200000 71.200000
599.004089 71.200000 71.200000
600.004100 71.200000 71.200000
601.004114 71.200000 71.200000
602.004121 71.200000 71.200000
603.004124 71.200000 71.200000
604.004127 71.200000 71.200000
605.004137 71.200000 71.200000
606.004148 71.200000 71.200000
607.004209 71.200000 71.200000
608.004215 71.200000 71.200000
609.004217 71.200000 71.200000
610.004220 71.200000 71.200000
611.004227 71.200000 71.200000
612.004270 71.200000 71.200000
613.004287 71.200000 71.200000
614.004289 71.200000 71.200000
615.004290 71.200000 71.200000
616.004291 71.200000 71.200000
617.004295 71.200000 71.200000
618.004321 71.200000 71.200000
619.004321 71.200000 71.200000
620.004328 71.200000 71.200000
621.004331 71.200000 71.200000
622.004339 71.200000 71.200000
623.004349 71.200000 71.200000
624.004350 71.200000 71.200000
625.004382 71.200000 71.200000
626.004392 71.200000 71.200000
627.004394 71.200000 71.200000
628.004399 71.200000 71.200000
629.004433 71.200000 71.200000
630.004441 71.200000 71.200000
631.004443 71.200000 71.200000
632.004450 71.200000 71.200000
633.004451 71.200000 71.200000
634.004452 71.200000 71.200000
635.004452 71.200000 71.200000
636.004453 71.200000 71.200000
637.004454 71.200000 71.200000
638.004461 71.200000 71.200000
639.004472 71.200000 71.200000
640.004473 71.200000 71.200000
641.004473 71.200000 71.200000
642.004476 71.200000 71.200000
643.004493 71.200000 71.200000
644.004497 71.200000 71.200000
645.004507 71.200000 71.200000
646.004509 71.200000 71.200000
647.004517 71.200000 71.200000
648.004520 71.200000 71.200000
649.004521 71.200000 71.200000
650.004524 71.200000 71.200000
651.004559 71.200000 71.200000
652.004563 71.200000 71.200000
653.004564 71.200000 71.200000
654.004576 71.200000 71.200000
655.004576 71.200000 71.200000
656.004586 71.200000 71.200000
657.004587 71.200000 71.200000
658.004593 71.200000 71.200000
659.004596 71.200000 71.200000
660.004599 71.200000 71.200000
661.004608 71.200000 71.200000
662.004608 71.200000 71.200000
663.004611 71.200000 71.200000
664.004614 71.200000 71.200000
665.004617 71.200000 71.200000
666.004626 71.200000 71.200000
667.004628 71.200000 71.200000
668.004628 71.200000 71.200000
669.004628 71.200000 71.200000
670.004628 71.200000 71.200000
671.004632 71.200000 71.200000
672.004633 71.200000 71.200000
673.004633 71.200000 71.200000
674.004633 71.200000 71.200000
675.004633 71.200000 71.200000
676.004636 71.200000 71.200000
677.004641 71.200000 71.200000
678.004643 71.200000 71.200000
679.004654 71.200000 71.200000
680.004655 71.200000 71.200000
681.004657 71.200000 71.200000
682.004667 71.200000 71.200000
683.004670 71.200000 71.200000
684.004681 71.200000 71.200000
685.004681 71.200000 71.200000
686.004687 71.200000 71.200000
687.004687 71.200000 71.200000
688.004692 71.200000 71.200000
689.004692 71.200000 71.200000
690.004701 71.200000 71.200000
691.004706 71.200000 71.200000
692.004708 71.200000 71.200000
693.004710 71.200000 71.200000
694.004733 71.200000 71.200000
695.004737 71.200000 71.200000
696.004737 71.200000 71.200000
697.004739 71.200000 71.200000
698.004740 71.200000 71.200000
699.004750 71.200000 71.200000
700.004750 71.200000 71.200000
701.004757 71.200000 71.200000
702.004767 71.200000 71.200000
703.004776 71.200000 71.200000
704.004780 71.200000 71.200000
705.004788 71.200000 71.200000
706.004793 71.200000 71.200000
707.004795 71.200000 71.200000
708.004828 71.200000 71.200000
709.004829 71.200000 71.200000
710.004839 71.200000 71.200000
711.004848 71.200000 71.200000
712.004851 71.200000 71.200000
713.004852 71.200000 71.200000
714.004860 71.200000 71.200000
715.004861 71.200000 71.200000
716.004863 71.200000 71.200000
717.004869 71.200000 71.200000
718.004871 71.200000 71.200000
719.004876 71.200000 71.200000
720.004880 71.200000 71.200000
721.004881 71.200000 71.200000
722.004885 71.200000 71.200000
723.004893 71.200000 71.200000
724.004900 71.200000 71.200000
725.004900 71.200000 71.200000
726.004947 71.200000 71.200000
727.004951 71.200000 71.200000
728.004952 71.200000 71.200000
729.004994 71.200000 71.200000
730.004995 71.200000 71.200000
731.004995 71.200000 71.200000
732.004996 71.200000 71.200000
733.004996 71.200000 71.200000
734.005002 71.200000 71.200000
735.005002 71.200000 71.200000
736.005030 71.200000 71.200000
737.005031 71.200000 71.200000
738.005032 71.200000 71.200000
739.005033 71.200000 71.200000
740.005045 71.200000 71.200000
741.005045 71.200000 71.200000
742.005045 71.200000 71.200000
743.005050 71.200000 71.200000
744.005050 71.200000 71.200000
745.005051 71.200000 71.200000
746.005057 71.200000 71.200000
747.005059 71.200000 71.200000
748.005059 71.200000 71.200000
749.005062 71.200000 71.200000
750.005062 71.200000 71.200000
751.005100 71.200000 71.200000
752.005104 71.200000 71.200000
753.005105 71.200000 71.200000
754.005115 71.200000 71.200000
755.005123 71.200000 71.200000
756.005135 71.200000 71.200000
757.005137 71.200000 71.200000
758.005148 71.200000 71.200000
759.005150 71.200000 71.200000
760.005160 71.200000 71.200000
761.005175 71.200000 71.200000
762.005176 71.200000 71.200000
763.005180 71.200000 71.200000
764.005180 71.200000 71.200000
765.005182 71.200000 71.200000
766.005196 71.200000 71.200000
767.005196 71.200000 71.200000
768.005199 71.200000 71.200000
769.005205 71.200000 71.200000
770.005208 71.200000 71.200000
771.005208 71.200000 71.200000
772.005209 71.200000 71.200000
773.005209 71.200000 71.200000
774.005210 71.200000 71.200000
775.005211 71.200000 71.200000
776.005212 71.200000 71.200000
777.005213 71.200000 71.200000
778.005214 71.200000 71.200000
779.005214 71.200000 71.200000
780.005218 71.200000 71.200000
781.005230 71.200000 71.200000
782.005233 71.200000 71.200000
783.005233 71.200000 71.200000
784.005239 71.200000 71.200000
785.005241 71.200000 71.200000
786.005248 71.200000 71.200000
787.005248 71.200000 71.200000
788.005249 71.200000 71.200000
789.005250 71.200000 71.200000
790.005290 71.200000 71.200000
791.005307 71.200000 71.200000
792.005308 71.200000 71.200000
793.005320 71.200000 71.200000
794.005320 71.200000 71.200000
795.005326 71.200000 71.200000
796.005333 71.200000 71.200000
797.005391 71.200000 71.200000
798.005391 71.200000 71.200000
799.005392 71.200000 71.200000
