0.000461 71.200000 71.200000
1.000466 71.200000 71.200000
2.000472 71.200000 71.200000
3.000485 71.200000 71.200000
4.000485 71.200000 71.200000
5.000490 71.200000 71.200000
6.000490 71.200000 71.200000
7.000498 71.200000 71.200000
8.000498 71.200000 71.200000
9.000505 71.200000 71.200000
10.000505 71.200000 71.200000
11.000510 71.200000 71.200000
12.000536 71.200000 71.200000
13.000539 71.200000 71.200000
14.000541 71.200000 71.200000
15.000541 71.200000 71.200000
16.000543 71.200000 71.200000
17.000544 71.200000 71.200000
18.000544 71.200000 71.200000
19.000546 71.200000 71.200000
20.000553 71.200000 71.200000
21.000557 71.200000 71.200000
22.000559 71.200000 71.200000
23.000568 71.200000 71.200000
24.000599 71.200000 71.200000
25.000599 71.200000 71.200000
26.000602 71.200000 71.200000
27.000604 71.200000 71.200000
28.000616 71.200000 71.200000
29.000627 71.200000 71.200000
30.000627 71.200000 71.200000
31.000627 71.200000 71.200000
32.000632 71.200000 71.200000
33.000633 71.200000 71.200000
34.000634 71.200000 71.200000
35.000634 71.200000 71.200000
36.000634 71.200000 71.200000
37.000639 71.200000 71.200000
38.000644 71.200000 71.200000
39.000647 71.200000 71.200000
40.000657 71.200000 71.200000
41.000668 71.200000 71.200000
42.000668 71.200000 71.200000
43.000672 71.200000 71.200000
44.000718 71.200000 71.200000
45.000718 71.200000 71.200000
46.000727 71.200000 71.200000
47.000744 71.200000 71.200000
48.000744 71.200000 71.200000
49.000794 71.200000 71.200000
50.000799 71.200000 71.200000
51.000802 71.200000 71.200000
52.000812 71.200000 71.200000
53.000814 71.200000 71.200000
54.000816 71.200000 71.200000
55.000819 71.200000 71.200000
56.000820 71.200000 71.200000
57.000820 71.200000 71.200000
58.000821 71.200000 71.200000
59.000821 71.200000 71.200000
60.000824 71.200000 71.200000
61.000825 71.200000 71.200000
62.000838 71.200000 71.200000
63.000838 71.200000 71.200000
64.000839 71.200000 71.200000
65.000839 71.200000 71.200000
66.000842 71.200000 71.200000
67.000843 71.200000 71.200000
68.000850 71.200000 71.200000
69.000852 71.200000 71.200000
70.000856 71.200000 71.200000
71.000858 71.200000 71.200000
72.000867 71.200000 71.200000
73.000881 71.200000 71.200000
74.000886 71.200000 71.200000
75.000887 71.200000 71.200000
76.000887 71.200000 71.200000
77.000887 71.200000 71.200000
78.000889 71.200000 71.200000
79.000931 71.200000 71.200000
80.000932 71.200000 71.200000
81.000935 71.200000 71.200000
82.000935 71.200000 71.200000
83.000936 71.200000 71.200000
84.000991 71.200000 71.200000
85.000992 71.200000 71.200000
86.000994 71.200000 71.200000
87.000994 71.200000 71.200000
88.001004 71.200000 71.200000
89.001006 71.200000 71.200000
90.001010 71.200000 71.200000
91.001018 71.200000 71.200000
92.001018 71.200000 71.200000
93.001021 71.200000 71.200000
94.001026 71.200000 71.200000
95.001027 71.200000 71.200000
96.001027 71.200000 71.200000
97.001057 71.200000 71.200000
98.001063 71.200000 71.200000
99.001066 71.200000 71.200000
100.001067 71.200000 71.200000
101.001068 71.200000 71.200000
102.001075 71.200000 71.200000
103.001076 71.200000 71.200000
104.001082 71.200000 71.200000
105.001083 71.200000 71.200000
106.001083 71.200000 71.200000
107.001083 71.200000 71.200000
108.001091 71.200000 71.200000
109.001099 71.200000 71.200000
110.001103 71.200000 71.200000
111.001103 71.200000 71.200000
112.001104 71.200000 71.200000
113.001119 71.200000 71.200000
114.001120 71.200000 71.200000
115.001124 71.200000 71.200000
116.001125 71.200000 71.200000
117.001127 71.200000 71.200000
118.001138 71.200000 71.200000
119.001140 71.200000 71.200000
120.001178 71.200000 71.200000
121.001188 71.200000 71.200000
122.001192 71.200000 71.200000
123.001196 71.200000 71.200000
124.001199 71.200000 71.200000
125.001287 71.200000 71.200000
126.001287 71.200000 71.200000
127.001296 71.200000 71.200000
128.001296 71.200000 71.200000
129.001302 71.200000 71.200000
130.001304 71.200000 71.200000
131.001307 71.200000 71.200000
132.001308 71.200000 71.200000
133.001317 71.200000 71.200000
134.001334 71.200000 71.200000
135.001336 71.200000 71.200000
136.001337 71.200000 71.200000
137.001340 71.200000 71.200000
138.001347 71.200000 71.200000
139.001348 71.200000 71.200000
140.001360 71.200000 71.200000
141.001364 71.200000 71.200000
142.001364 71.200000 71.200000
143.001402 71.200000 71.200000
144.001410 71.200000 71.200000
145.001415 71.200000 71.200000
146.001427 71.200000 71.200000
147.001428 71.200000 71.200000
148.001479 71.200000 71.200000
149.001489 71.200000 71.200000
150.001490 71.200000 71.200000
151.001490 71.200000 71.200000
152.001508 71.200000 71.200000
153.001512 71.200000 71.200000
154.001516 71.200000 71.200000
155.001518 71.200000 71.200000
156.001525 71.200000 71.200000
157.001526 71.200000 71.200000
158.001526 71.200000 71.200000
159.001536 71.200000 71.200000
160.001584 71.200000 71.200000
161.001584 71.200000 71.200000
162.001592 71.200000 71.200000
163.001593 71.200000 71.200000
164.001595 71.200000 71.200000
165.001603 71.200000 71.200000
166.001604 71.200000 71.200000
167.001604 71.200000 71.200000
168.001609 71.200000 71.200000
169.001617 71.200000 71.200000
170.001617 71.200000 71.200000
171.001618 71.200000 71.200000
172.001644 71.200000 71.200000
173.001645 71.200000 71.200000
174.001653 71.200000 71.200000
175.001653 71.200000 71.200000
176.001662 71.200000 71.200000
177.001663 71.200000 71.200000
178.001663 71.200000 71.200000
179.001668 71.200000 71.200000
180.001668 71.200000 71.200000
181.001678 71.200000 71.200000
182.001680 71.200000 71.200000
183.001682 71.200000 71.200000
184.001684 71.200000 71.200000
185.001685 71.200000 71.200000
186.001700 71.200000 71.200000
187.001701 71.200000 71.200000
188.001701 71.200000 71.200000
189.001702 71.200000 71.200000
190.001702 71.200000 71.200000
191.001702 71.200000 71.200000
192.001703 71.200000 71.200000
193.001707 71.200000 71.200000
194.001707 71.200000 71.200000
195.001710 71.200000 71.200000
196.001720 71.200000 71.200000
197.001728 71.200000 71.200000
198.001728 71.200000 71.200000
199.001728 71.200000 71.200000
200.001731 71.200000 71.200000
201.001737 71.200000 71.200000
202.001739 71.200000 71.200000
203.001747 71.200000 71.200000
204.001748 71.200000 71.200000
205.001750 71.200000 71.200000
206.001751 71.200000 71.200000
207.001752 71.200000 71.200000
208.001762 71.200000 71.200000
209.001767 71.200000 71.200000
210.001769 71.200000 71.200000
211.001771 71.200000 71.200000
212.001774 71.200000 71.200000
213.001776 71.200000 71.200000
214.001786 71.200000 71.200000
215.001798 71.200000 71.200000
216.001800 71.200000 71.200000
217.001801 71.200000 71.200000
218.001802 71.200000 71.200000
219.001807 71.200000 71.200000
220.001817 71.200000 71.200000
221.001817 71.200000 71.200000
222.001819 71.200000 71.200000
223.001819 71.200000 71.200000
224.001829 71.200000 71.200000
225.001829 71.200000 71.200000
226.001834 71.200000 71.200000
227.001838 71.200000 71.200000
228.001838 71.200000 71.200000
229.001850 71.200000 71.200000
230.001851 71.200000 71.200000
231.001855 71.200000 71.200000
232.001855 71.200000 71.200000
233.001858 71.200000 71.200000
234.001867 71.200000 71.200000
235.001877 71.200000 71.200000
236.001880 71.200000 71.200000
237.001880 71.200000 71.200000
238.001880 71.200000 71.200000
239.001881 71.200000 71.200000
240.001883 71.200000 71.200000
241.001884 71.200000 71.200000
242.001888 71.200000 71.200000
243.001889 71.200000 71.200000
244.001889 71.200000 71.200000
245.001924 71.200000 71.200000
246.001932 71.200000 71.200000
247.001975 71.200000 71.200000
248.001975 71.200000 71.200000
249.001975 71.200000 71.200000
250.001975 71.200000 71.200000
251.001976 71.200000 71.200000
252.001984 71.200000 71.200000
253.002003 71.200000 71.200000
254.002005 71.200000 71.200000
255.002015 71.200000 71.200000
256.002026 71.200000 71.200000
257.002026 71.200000 71.200000
258.002026 71.200000 71.200000
259.002026 71.200000 71.200000
260.002027 71.200000 71.200000
261.002030 71.200000 71.200000
262.002037 71.200000 71.200000
263.002037 71.200000 71.200000
264.002041 71.200000 71.200000
265.002043 71.200000 71.200000
266.002046 71.200000 71.200000
267.002047 71.200000 71.200000
268.002048 71.200000 71.200000
269.002054 71.200000 71.200000
270.002055 71.200000 71.200000
271.002055 71.200000 71.200000
272.002063 71.200000 71.200000
273.002064 71.200000 71.200000
274.002094 71.200000 71.200000
275.002094 71.200000 71.200000
276.002099 71.200000 71.200000
277.002099 71.200000 71.200000
278.002105 71.200000 71.200000
279.002105 71.200000 71.200000
280.002115 71.200000 71.200000
281.002115 71.200000 71.200000
282.002128 71.200000 71.200000
283.002131 71.200000 71.200000
284.002142 71.200000 71.200000
285.002150 71.200000 71.200000
286.002160 71.200000 71.200000
287.002164 71.200000 71.200000
288.002173 71.200000 71.200000
289.002173 71.200000 71.200000
290.002175 71.200000 71.200000
291.002177 71.200000 71.200000
292.002183 71.200000 71.200000
293.002186 71.200000 71.200000
294.002212 71.200000 71.200000
295.002217 71.200000 71.200000
296.002218 71.200000 71.200000
297.002226 71.200000 71.200000
298.002234 71.200000 71.200000
299.002234 71.200000 71.200000
300.002236 71.200000 71.200000
301.002243 71.200000 71.200000
302.002243 71.200000 71.200000
303.002250 71.200000 71.200000
304.002253 71.200000 71.200000
305.002254 71.200000 71.200000
306.002258 71.200000 71.200000
307.002262 71.200000 71.200000
308.002280 71.200000 71.200000
309.002281 71.200000 71.200000
310.002290 71.200000 71.200000
311.002291 71.200000 71.200000
312.002297 71.200000 71.200000
313.002298 71.200000 71.200000
314.002324 71.200000 71.200000
315.002325 71.200000 71.200000
316.002325 71.200000 71.200000
317.002325 71.200000 71.200000
318.002328 71.200000 71.200000
319.002338 71.200000 71.200000
320.002338 71.200000 71.200000
321.002338 71.200000 71.200000
322.002379 71.200000 71.200000
323.002381 71.200000 71.200000
324.002391 71.200000 71.200000
325.002399 71.200000 71.200000
326.002400 71.200000 71.200000
327.002405 71.200000 71.200000
328.002439 71.200000 71.200000
329.002460 71.200000 71.200000
330.002460 71.200000 71.200000
331.002462 71.200000 71.200000
332.002465 71.200000 71.200000
333.002466 71.200000 71.200000
334.002472 71.200000 71.200000
335.002474 71.200000 71.200000
336.002481 71.200000 71.200000
337.002482 71.200000 71.200000
338.002524 71.200000 71.200000
339.002528 71.200000 71.200000
340.002528 71.200000 71.200000
341.002561 71.200000 71.200000
342.002571 71.200000 71.200000
343.002579 71.200000 71.200000
344.002579 71.200000 71.200000
345.002580 71.200000 71.200000
346.002580 71.200000 71.200000
347.002586 71.200000 71.200000
348.002600 71.200000 71.200000
349.002636 71.200000 71.200000
350.002637 71.200000 71.200000
351.002641 71.200000 71.200000
352.002652 71.200000 71.200000
353.002652 71.200000 71.200000
354.002656 71.200000 71.200000
355.002659 71.200000 71.200000
356.002660 71.200000 71.200000
357.002661 71.200000 71.200000
358.002675 71.200000 71.200000
359.002741 71.200000 71.200000
360.002743 71.200000 71.200000
361.002746 71.200000 71.200000
362.002756 71.200000 71.200000
363.002757 71.200000 71.200000
364.002768 71.200000 71.200000
365.002773 71.200000 71.200000
366.002774 71.200000 71.200000
367.002774 71.200000 71.200000
368.002786 71.200000 71.200000
369.002802 71.200000 71.200000
370.002802 71.200000 71.200000
371.002861 71.200000 71.200000
372.002861 71.200000 71.200000
373.002863 71.200000 71.200000
374.002864 71.200000 71.200000
375.002864 71.200000 71.200000
376.002866 71.200000 71.200000
377.002904 71.200000 71.200000
378.002906 71.200000 71.200000
379.002908 71.200000 71.200000
380.002920 71.200000 71.200000
381.002920 71.200000 71.200000
382.002925 71.200000 71.200000
383.002927 71.200000 71.200000
384.002929 71.200000 71.200000
385.002956 71.200000 71.200000
386.002960 71.200000 71.200000
387.002964 71.200000 71.200000
388.003047 71.200000 71.200000
389.003048 71.200000 71.200000
390.003057 71.200000 71.200000
391.003057 71.200000 71.200000
392.003061 71.200000 71.200000
393.003071 71.200000 71.200000
394.003093 71.200000 71.200000
395.003096 71.200000 71.200000
396.003102 71.200000 71.200000
397.003103 71.200000 71.200000
398.003109 71.200000 71.200000
399.003109 71.200000 71.200000
400.003110 71.200000 71.200000
401.003111 71.200000 71.200000
402.003117 71.200000 71.200000
403.003121 71.200000 71.200000
404.003121 71.200000 71.200000
405.003123 71.200000 71.200000
406.003125 71.200000 71.200000
407.003125 71.200000 71.200000
408.003129 71.200000 71.200000
409.003131 71.200000 71.200000
410.003133 71.200000 71.200000
411.003133 71.200000 71.200000
412.003136 71.200000 71.200000
413.003153 71.200000 71.200000
414.003177 71.200000 71.200000
415.003177 71.200000 71.200000
416.003177 71.200000 71.200000
417.003178 71.200000 71.200000
418.003185 71.200000 71.200000
419.003193 71.200000 71.200000
420.003193 71.200000 71.200000
421.003193 71.200000 71.200000
422.003193 71.200000 71.200000
423.003197 71.200000 71.200000
424.003198 71.200000 71.200000
425.003208 71.200000 71.200000
426.003209 71.200000 71.200000
427.003211 71.200000 71.200000
428.003211 71.200000 71.200000
429.003222 71.200000 71.200000
430.003227 71.200000 71.200000
431.003227 71.200000 71.200000
432.003228 71.200000 71.200000
433.003238 71.200000 71.200000
434.003240 71.200000 71.200000
435.003242 71.200000 71.200000
436.003246 71.200000 71.200000
437.003248 71.200000 71.200000
438.003259 71.200000 71.200000
439.003259 71.200000 71.200000
440.003259 71.200000 71.200000
441.003260 71.200000 71.200000
442.003265 71.200000 71.200000
443.003268 71.200000 71.200000
444.003268 71.200000 71.200000
445.003290 71.200000 71.200000
446.003290 71.200000 71.200000
447.003291 71.200000 71.200000
448.003298 71.200000 71.200000
449.003304 71.200000 71.200000
450.003307 71.200000 71.200000
451.003307 71.200000 71.200000
452.003310 71.200000 71.200000
453.003311 71.200000 71.200000
454.003318 71.200000 71.200000
455.003327 71.200000 71.200000
456.003331 71.200000 71.200000
457.003338 71.200000 71.200000
458.003338 71.200000 71.200000
459.003342 71.200000 71.200000
460.003342 71.200000 71.200000
461.003346 71.200000 71.200000
462.003357 71.200000 71.200000
463.003361 71.200000 71.200000
464.003368 71.200000 71.200000
465.003424 71.200000 71.200000
466.003427 71.200000 71.200000
467.003435 71.200000 71.200000
468.003435 71.200000 71.200000
469.003435 71.200000 71.200000
470.003435 71.200000 71.200000
471.003437 71.200000 71.200000
472.003439 71.200000 71.200000
473.003441 71.200000 71.200000
474.003442 71.200000 71.200000
475.003475 71.200000 71.200000
476.003504 71.200000 71.200000
477.003506 71.200000 71.200000
478.003508 71.200000 71.200000
479.003509 71.200000 71.200000
480.003510 71.200000 71.200000
481.003512 71.200000 71.200000
482.003515 71.200000 71.200000
483.003515 71.200000 71.200000
484.003521 71.200000 71.200000
485.003523 71.200000 71.200000
486.003526 71.200000 71.200000
487.003533 71.200000 71.200000
488.003536 71.200000 71.200000
489.003537 71.200000 71.200000
490.003541 71.200000 71.200000
491.003545 71.200000 71.200000
492.003552 71.200000 71.200000
493.003552 71.200000 71.200000
494.003574 71.200000 71.200000
495.003584 71.200000 71.200000
496.003585 71.200000 71.200000
497.003586 71.200000 71.200000
498.003588 71.200000 71.200000
499.003595 71.200000 71.200000
500.003597 71.200000 71.200000
501.003597 71.200000 71.200000
502.003607 71.200000 71.200000
503.003611 71.200000 71.200000
504.003614 71.200000 71.200000
505.003615 71.200000 71.200000
506.003616 71.200000 71.200000
507.003664 71.200000 71.200000
508.003666 71.200000 71.200000
509.003668 71.200000 71.200000
510.003668 71.200000 71.200000
511.003669 71.200000 71.200000
512.003681 71.200000 71.200000
513.003682 71.200000 71.200000
514.003688 71.200000 71.200000
515.003695 71.200000 71.200000
516.003702 71.200000 71.200000
517.003722 71.200000 71.200000
518.003724 71.200000 71.200000
519.003753 71.200000 71.200000
520.003790 71.200000 71.200000
521.003790 71.200000 71.200000
522.003832 71.200000 71.200000
523.003832 71.200000 71.200000
524.003835 71.200000 71.200000
525.003839 71.200000 71.200000
526.003883 71.200000 71.200000
527.003891 71.200000 71.200000
528.003897 71.200000 71.200000
529.003908 71.200000 71.200000
530.003910 71.200000 71.200000
531.003911 71.200000 71.200000
532.003911 71.200000 71.200000
533.003981 71.200000 71.200000
534.003982 71.200000 71.200000
535.003994 71.200000 71.200000
536.003999 71.200000 71.200000
537.004015 71.200000 71.200000
538.004016 71.200000 71.200000
539.004018 71.200000 71.200000
540.004021 71.200000 71.200000
541.004021 71.200000 71.200000
542.004024 71.200000 71.200000
543.004024 71.200000 71.200000
544.004031 71.200000 71.200000
545.004032 71.200000 71.200000
546.004038 71.200000 71.200000
547.004038 71.200000 71.200000
548.004062 71.200000 71.200000
549.004062 71.200000 71.200000
550.004062 71.200000 71.200000
551.004066 71.200000 71.200000
552.004106 71.200000 71.200000
553.004109 71.200000 71.200000
554.004109 71.200000 71.200000
555.004109 71.200000 71.200000
556.004109 71.200000 71.200000
557.004116 71.200000 71.200000
558.004124 71.200000 71.200000
559.004134 71.200000 71.200000
560.004134 71.200000 71.200000
561.004136 71.200000 71.200000
562.004136 71.200000 71.200000
563.004143 71.200000 71.200000
564.004146 71.200000 71.200000
565.004149 71.200000 71.200000
566.004151 71.200000 71.200000
567.004154 71.200000 71.200000
568.004156 71.200000 71.200000
569.004167 71.200000 71.200000
570.004175 71.200000 71.200000
571.004177 71.200000 71.200000
572.004185 71.200000 71.200000
573.004186 71.200000 71.200000
574.004189 71.200000 71.200000
575.004193 71.200000 71.200000
576.004198 71.200000 71.200000
577.004208 71.200000 71.200000
578.004208 71.200000 71.200000
579.004208 71.200000 71.200000
580.004215 71.200000 71.200000
581.004215 71.200000 71.200000
582.004215 71.200000 71.200000
583.004222 71.200000 71.200000
584.004225 71.200000 71.200000
585.004225 71.200000 71.200000
586.004229 71.200000 71.200000
587.004231 71.200000 71.200000
588.004246 71.200000 71.200000
589.004274 71.200000 71.200000
590.004277 71.200000 71.200000
591.004294 71.200000 71.200000
592.004295 71.200000 71.200000
593.004297 71.200000 71.200000
594.004299 71.200000 71.200000
595.004310 71.200000 71.200000
596.004310 71.200000 71.200000
597.004312 71.200000 71.200000
598.004320 71.200000 71.200000
599.004320 71.200000 71.200000
600.004325 71.200000 71.200000
601.004326 71.200000 71.200000
602.004326 71.200000 71.200000
603.004334 71.200000 71.200000
604.004335 71.200000 71.200000
605.004335 71.200000 71.200000
606.004337 71.200000 71.200000
607.004337 71.200000 71.200000
608.004338 71.200000 71.200000
609.004339 71.200000 71.200000
610.004343 71.200000 71.200000
611.004343 71.200000 71.200000
612.004343 71.200000 71.200000
613.004344 71.200000 71.200000
614.004353 71.200000 71.200000
615.004353 71.200000 71.200000
616.004356 71.200000 71.200000
617.004370 71.200000 71.200000
618.004372 71.200000 71.200000
619.004385 71.200000 71.200000
620.004393 71.200000 71.200000
621.004395 71.200000 71.200000
622.004399 71.200000 71.200000
623.004411 71.200000 71.200000
624.004412 71.200000 71.200000
625.004414 71.200000 71.200000
626.004426 71.200000 71.200000
627.004430 71.200000 71.200000
628.004436 71.200000 71.200000
629.004443 71.200000 71.200000
630.004443 71.200000 71.200000
631.004450 71.200000 71.200000
632.004450 71.200000 71.200000
633.004451 71.200000 71.200000
634.004451 71.200000 71.200000
635.004473 71.200000 71.200000
636.004476 71.200000 71.200000
637.004477 71.200000 71.200000
638.004479 71.200000 71.200000
639.004479 71.200000 71.200000
640.004480 71.200000 71.200000
641.004484 71.200000 71.200000
642.004488 71.200000 71.200000
643.004500 71.200000 71.200000
644.004502 71.200000 71.200000
645.004508 71.200000 71.200000
646.004519 71.200000 71.200000
647.004522 71.200000 71.200000
648.004522 71.200000 71.200000
649.004524 71.200000 71.200000
650.004526 71.200000 71.200000
651.004527 71.200000 71.200000
652.004527 71.200000 71.200000
653.004527 71.200000 71.200000
654.004530 71.200000 71.200000
655.004536 71.200000 71.200000
656.004537 71.200000 71.200000
657.004540 71.200000 71.200000
658.004544 71.200000 71.200000
659.004547 71.200000 71.200000
660.004549 71.200000 71.200000
661.004551 71.200000 71.200000
662.004554 71.200000 71.200000
663.004558 71.200000 71.200000
664.004559 71.200000 71.200000
665.004566 71.200000 71.200000
666.004566 71.200000 71.200000
667.004567 71.200000 71.200000
668.004574 71.200000 71.200000
669.004574 71.200000 71.200000
670.004582 71.200000 71.200000
671.004582 71.200000 71.200000
672.004584 71.200000 71.200000
673.004584 71.200000 71.200000
674.004592 71.200000 71.200000
675.004596 71.200000 71.200000
676.004596 71.200000 71.200000
677.004598 71.200000 71.200000
678.004605 71.200000 71.200000
679.004616 71.200000 71.200000
680.004663 71.200000 71.200000
681.004665 71.200000 71.200000
682.004670 71.200000 71.200000
683.004682 71.200000 71.200000
684.004687 71.200000 71.200000
685.004697 71.200000 71.200000
686.004701 71.200000 71.200000
687.004704 71.200000 71.200000
688.004704 71.200000 71.200000
689.004704 71.200000 71.200000
690.004704 71.200000 71.200000
691.004707 71.200000 71.200000
692.004718 71.200000 71.200000
693.004720 71.200000 71.200000
694.004721 71.200000 71.200000
695.004726 71.200000 71.200000
696.004726 71.200000 71.200000
697.004726 71.200000 71.200000
698.004730 71.200000 71.200000
699.004730 71.200000 71.200000
700.004732 71.200000 71.200000
701.004732 71.200000 71.200000
702.004734 71.200000 71.200000
703.004736 71.200000 71.200000
704.004742 71.200000 71.200000
705.004743 71.200000 71.200000
706.004743 71.200000 71.200000
707.004749 71.200000 71.200000
708.004751 71.200000 71.200000
709.004755 71.200000 71.200000
710.004756 71.200000 71.200000
711.004757 71.200000 71.200000
712.004757 71.200000 71.200000
713.004757 71.200000 71.200000
714.004759 71.200000 71.200000
715.004800 71.200000 71.200000
716.004810 71.200000 71.200000
717.004810 71.200000 71.200000
718.004818 71.200000 71.200000
719.004820 71.200000 71.200000
720.004822 71.200000 71.200000
721.004827 71.200000 71.200000
722.004832 71.200000 71.200000
723.004833 71.200000 71.200000
724.004881 71.200000 71.200000
725.004881 71.200000 71.200000
726.004882 71.200000 71.200000
727.004882 71.200000 71.200000
728.004882 71.200000 71.200000
729.004892 71.200000 71.200000
730.004893 71.200000 71.200000
731.004896 71.200000 71.200000
732.004905 71.200000 71.200000
733.004905 71.200000 71.200000
734.004909 71.200000 71.200000
735.004917 71.200000 71.200000
736.004922 71.200000 71.200000
737.004926 71.200000 71.200000
738.004933 71.200000 71.200000
739.004942 71.200000 71.200000
740.004942 71.200000 71.200000
741.004946 71.200000 71.200000
742.004947 71.200000 71.200000
743.004948 71.200000 71.200000
744.004949 71.200000 71.200000
745.004996 71.200000 71.200000
746.004996 71.200000 71.200000
747.005035 71.200000 71.200000
748.005038 71.200000 71.200000
749.005038 71.200000 71.200000
750.005040 71.200000 71.200000
751.005051 71.200000 71.200000
752.005054 71.200000 71.200000
753.005082 71.200000 71.200000
754.005085 71.200000 71.200000
755.005094 71.200000 71.200000
756.005098 71.200000 71.200000
757.005103 71.200000 71.200000
758.005103 71.200000 71.200000
759.005103 71.200000 71.200000
760.005103 71.200000 71.200000
761.005106 71.200000 71.200000
762.005143 71.200000 71.200000
763.005143 71.200000 71.200000
764.005146 71.200000 71.200000
765.005148 71.200000 71.200000
766.005153 71.200000 71.200000
767.005156 71.200000 71.200000
768.005159 71.200000 71.200000
769.005159 71.200000 71.200000
770.005159 71.200000 71.200000
771.005161 71.200000 71.200000
772.005162 71.200000 71.200000
773.005164 71.200000 71.200000
774.005170 71.200000 71.200000
775.005177 71.200000 71.200000
776.005184 71.200000 71.200000
777.005184 71.200000 71.200000
778.005229 71.200000 71.200000
779.005345 71.200000 71.200000
780.005348 71.200000 71.200000
781.005359 71.200000 71.200000
782.005386 71.200000 71.200000
783.005386 71.200000 71.200000
784.005389 71.200000 71.200000
785.005392 71.200000 71.200000
786.005401 71.200000 71.200000
787.005401 71.200000 71.200000
788.005405 71.200000 71.200000
789.005408 71.200000 71.200000
790.005410 71.200000 71.200000
791.005411 71.200000 71.200000
792.005411 71.200000 71.200000
793.005415 71.200000 71.200000
794.005416 71.200000 71.200000
795.005418 71.200000 71.200000
796.005429 71.200000 71.200000
797.005439 71.200000 71.200000
798.005446 71.200000 71.200000
799.005446 71.200000 71.200000
