0.219608 696.800000 696.800000
1.234806 562.400000 562.400000
2.236639 562.400000 562.400000
3.249615 562.400000 566.000000
4.257359 562.400000 562.400000
5.271044 562.400000 573.600000
6.271743 562.400000 566.000000
7.272280 562.400000 568.000000
8.281507 562.400000 568.000000
9.302291 562.400000 568.000000
10.314792 562.400000 562.400000
11.322331 562.400000 562.400000
12.334728 562.400000 562.400000
13.334953 562.400000 562.400000
14.353285 562.400000 568.000000
15.398684 562.400000 562.400000
16.401102 562.400000 562.400000
17.421489 562.400000 568.000000
18.429293 562.400000 568.000000
19.509135 562.400000 568.000000
20.511262 562.400000 568.000000
21.516249 562.400000 566.000000
22.538766 562.400000 566.000000
23.542895 562.400000 566.000000
24.613183 562.400000 566.000000
25.620140 562.400000 566.000000
26.627651 562.400000 566.000000
27.634900 562.400000 566.000000
28.847602 562.400000 579.200000
29.921816 562.400000 562.400000
30.934902 562.400000 562.400000
31.947104 562.400000 562.400000
32.952829 562.400000 562.400000
34.043949 562.400000 579.200000
35.077748 562.400000 562.400000
36.135848 562.400000 562.400000
37.139157 562.400000 562.400000
38.139561 562.400000 562.400000
39.144606 562.400000 566.000000
40.162343 562.400000 562.400000
41.237568 562.400000 562.400000
42.249492 562.400000 562.400000
43.497674 562.400000 579.200000
44.523472 562.400000 566.000000
45.525357 562.400000 566.000000
46.543490 562.400000 562.400000
47.546023 562.400000 562.400000
48.562764 562.400000 562.400000
49.578832 562.400000 562.400000
50.599536 562.400000 568.000000
51.607327 562.400000 566.000000
52.625572 562.400000 566.000000
53.630460 562.400000 566.000000
54.701902 562.400000 566.000000
55.759324 562.400000 573.600000
56.813971 562.400000 568.000000
57.831384 562.400000 568.000000
58.840266 562.400000 566.000000
59.890969 562.400000 566.000000
60.911231 562.400000 566.000000
61.954656 562.400000 566.000000
62.974446 562.400000 566.000000
63.983256 562.400000 566.000000
65.053151 562.400000 566.000000
66.057669 562.400000 568.000000
67.079525 562.400000 568.000000
68.102225 562.400000 568.000000
69.150844 562.400000 568.000000
70.204548 562.400000 573.600000
71.227693 562.400000 568.000000
72.275563 562.400000 568.000000
73.283630 562.400000 568.000000
74.287361 562.400000 568.000000
75.332559 562.400000 568.000000
76.337253 562.400000 566.000000
77.358823 562.400000 566.000000
78.558187 562.400000 596.000000
79.566080 562.400000 562.400000
80.580910 562.400000 562.400000
81.648827 562.400000 562.400000
82.697297 562.400000 562.400000
83.705192 562.400000 568.000000
84.711756 562.400000 568.000000
85.715710 562.400000 568.000000
86.724903 562.400000 562.400000
87.732279 562.400000 562.400000
88.736403 562.400000 562.400000
89.745313 562.400000 570.000000
90.760831 562.400000 568.000000
91.773800 562.400000 566.000000
92.783898 562.400000 566.000000
93.846566 562.400000 566.000000
94.885237 562.400000 566.000000
95.886154 562.400000 566.000000
96.908422 562.400000 562.400000
97.914634 562.400000 562.400000
98.971408 562.400000 579.200000
99.974100 562.400000 562.400000
100.974284 562.400000 562.400000
102.035819 562.400000 562.400000
103.047713 562.400000 562.400000
104.058567 562.400000 568.000000
105.061635 562.400000 568.000000
106.068978 562.400000 568.000000
107.132309 562.400000 568.000000
108.175990 562.400000 573.600000
109.215921 562.400000 566.000000
110.223137 562.400000 566.000000
111.260900 562.400000 566.000000
112.261549 562.400000 566.000000
113.277077 562.400000 568.000000
114.291208 562.400000 562.400000
115.317411 562.400000 562.400000
116.318010 562.400000 562.400000
117.339076 562.400000 562.400000
118.366726 562.400000 584.800000
119.373672 562.400000 568.000000
120.374209 562.400000 566.000000
121.381832 562.400000 566.000000
122.391383 562.400000 566.000000
123.393533 562.400000 564.400000
124.406596 562.400000 564.400000
125.424385 562.400000 564.400000
126.558080 562.400000 573.600000
127.568088 562.400000 566.000000
128.582595 562.400000 566.000000
129.604167 562.400000 566.000000
130.614553 562.400000 566.000000
131.630940 562.400000 568.000000
132.631820 562.400000 564.400000
133.685171 562.400000 562.400000
134.710209 562.400000 562.400000
135.743709 562.400000 562.400000
136.749748 562.400000 562.400000
137.766965 562.400000 562.400000
138.768419 562.400000 570.000000
139.774706 562.400000 566.000000
140.792809 562.400000 566.000000
141.836730 562.400000 566.000000
142.855269 562.400000 566.000000
143.867416 562.400000 590.400000
144.885873 562.400000 566.000000
145.902863 562.400000 566.000000
146.957170 562.400000 566.000000
147.980468 562.400000 566.000000
149.023571 562.400000 568.000000
150.053792 562.400000 566.000000
151.061285 562.400000 566.000000
152.069001 562.400000 566.000000
153.075114 562.400000 566.000000
154.139442 562.400000 573.600000
155.151730 562.400000 562.400000
156.185066 562.400000 562.400000
157.245413 562.400000 562.400000
158.259473 562.400000 562.400000
159.331639 562.400000 571.600000
160.371773 562.400000 564.400000
161.373402 562.400000 564.400000
162.417497 562.400000 564.400000
163.430209 562.400000 564.400000
164.448254 562.400000 568.000000
165.455882 562.400000 566.000000
166.466244 562.400000 564.400000
167.480291 562.400000 564.400000
168.491886 562.400000 564.400000
169.528079 562.400000 564.400000
170.540291 562.400000 573.600000
171.574824 562.400000 566.000000
172.581838 562.400000 566.000000
173.642581 562.400000 566.000000
174.654914 562.400000 566.000000
175.671322 562.400000 568.000000
176.680654 562.400000 566.000000
177.697921 562.400000 566.000000
178.718767 562.400000 566.000000
179.776979 562.400000 566.000000
180.790504 562.400000 573.600000
181.805181 562.400000 564.400000
182.821557 562.400000 562.400000
183.826306 562.400000 562.400000
184.877214 562.400000 562.400000
185.893101 562.400000 562.400000
186.896529 562.400000 562.400000
187.955929 562.400000 566.000000
188.996872 562.400000 566.000000
190.001490 562.400000 566.000000
191.044880 562.400000 566.000000
192.075869 562.400000 568.000000
193.129470 562.400000 566.000000
194.176758 562.400000 562.400000
195.185255 562.400000 562.400000
196.191195 562.400000 562.400000
197.210095 562.400000 566.000000
198.249376 562.400000 562.400000
199.284817 562.400000 562.400000
200.356252 562.400000 562.400000
201.404816 562.400000 568.000000
202.408418 562.400000 568.000000
203.411688 562.400000 568.000000
204.411865 562.400000 568.000000
205.422491 562.400000 568.000000
206.483416 562.400000 568.000000
207.484426 562.400000 568.000000
208.512526 562.400000 568.000000
209.555796 562.400000 568.000000
210.559753 562.400000 568.000000
211.560711 562.400000 568.000000
212.578131 562.400000 568.000000
213.623877 562.400000 568.000000
214.627939 562.400000 568.000000
215.683529 562.400000 568.000000
216.695719 562.400000 568.000000
217.696613 562.400000 568.000000
218.707670 562.400000 568.000000
219.768868 562.400000 568.000000
220.775061 562.400000 564.400000
221.795427 562.400000 564.400000
222.834965 562.400000 564.400000
223.875869 562.400000 564.400000
224.886185 562.400000 568.000000
225.961324 562.400000 564.400000
226.961624 562.400000 564.400000
227.983017 562.400000 564.400000
229.059237 562.400000 573.600000
230.071394 562.400000 568.000000
231.084671 562.400000 568.000000
232.096791 562.400000 568.000000
233.123397 562.400000 568.000000
234.170914 562.400000 568.000000
235.224034 562.400000 564.400000
236.234429 562.400000 564.400000
237.245920 562.400000 562.400000
238.313603 562.400000 562.400000
239.379885 562.400000 562.400000
240.442250 562.400000 562.400000
241.488515 562.400000 568.000000
242.539635 562.400000 564.400000
243.547445 562.400000 564.400000
244.569590 562.400000 564.400000
245.573926 562.400000 573.600000
246.592500 562.400000 568.000000
247.602271 562.400000 564.400000
248.618083 562.400000 564.400000
249.624333 562.400000 564.400000
250.953043 562.400000 590.400000
252.014027 562.400000 571.600000
253.079672 562.400000 566.000000
254.084185 562.400000 566.000000
255.121622 562.400000 566.000000
256.126054 562.400000 566.000000
257.130927 562.400000 573.600000
258.189867 562.400000 571.600000
259.239670 562.400000 566.000000
260.252296 562.400000 566.000000
261.292163 562.400000 566.000000
262.303279 562.400000 566.000000
263.311190 562.400000 568.000000
264.320146 562.400000 562.400000
265.324163 562.400000 562.400000
266.376786 562.400000 562.400000
267.474958 562.400000 652.000000
268.486747 562.400000 566.000000
269.488591 562.400000 564.400000
270.534995 562.400000 564.400000
271.576945 562.400000 564.400000
272.606642 562.400000 579.200000
273.610295 562.400000 564.400000
274.610805 562.400000 562.400000
275.651249 562.400000 562.400000
276.708563 562.400000 562.400000
277.727002 562.400000 579.200000
278.749146 562.400000 564.400000
279.755070 562.400000 564.400000
280.798522 562.400000 564.400000
281.800272 562.400000 590.400000
282.847086 562.400000 568.000000
283.878354 562.400000 564.400000
284.883702 562.400000 564.400000
285.886420 562.400000 564.400000
286.906726 562.400000 566.000000
287.927129 562.400000 566.000000
288.929224 562.400000 566.000000
289.997175 562.400000 566.000000
291.013931 562.400000 566.000000
292.090748 562.400000 573.600000
293.104550 562.400000 562.400000
294.106830 562.400000 562.400000
295.154036 562.400000 562.400000
296.225754 562.400000 562.400000
297.258651 562.400000 562.400000
298.273227 562.400000 579.200000
299.299328 562.400000 566.000000
300.309769 562.400000 566.000000
301.322622 562.400000 566.000000
302.340453 562.400000 566.000000
303.359226 562.400000 566.000000
304.369488 562.400000 568.000000
305.379909 562.400000 564.400000
306.386765 562.400000 564.400000
307.404011 562.400000 564.400000
308.422331 562.400000 564.400000
309.428036 562.400000 568.000000
310.429501 562.400000 562.400000
311.476941 562.400000 562.400000
312.484119 562.400000 562.400000
313.518552 562.400000 562.400000
314.535026 562.400000 568.000000
315.604626 562.400000 568.000000
316.616146 562.400000 568.000000
317.630925 562.400000 568.000000
318.679392 562.400000 607.200000
319.733202 562.400000 568.000000
320.742057 562.400000 566.000000
321.753956 562.400000 566.000000
322.766781 562.400000 566.000000
323.785781 562.400000 566.000000
324.804605 562.400000 568.000000
325.830695 562.400000 568.000000
326.860514 562.400000 568.000000
327.925521 562.400000 568.000000
328.967704 562.400000 573.600000
329.972898 562.400000 564.400000
330.995315 562.400000 562.400000
332.002019 562.400000 562.400000
333.010198 562.400000 562.400000
334.053270 562.400000 562.400000
335.103090 562.400000 573.600000
336.160229 562.400000 566.000000
337.224381 562.400000 564.400000
338.239272 562.400000 564.400000
339.251516 562.400000 564.400000
340.298877 562.400000 564.400000
341.303976 562.400000 564.400000
342.304028 562.400000 568.000000
343.343244 562.400000 568.000000
344.367950 562.400000 568.000000
345.431646 562.400000 568.000000
346.452543 562.400000 573.600000
347.459126 562.400000 566.000000
348.461885 562.400000 566.000000
349.516187 562.400000 566.000000
350.516284 562.400000 566.000000
351.582257 562.400000 566.000000
352.633479 562.400000 566.000000
353.636401 562.400000 566.000000
354.656911 562.400000 566.000000
355.688044 562.400000 568.000000
356.717885 562.400000 566.000000
357.719952 562.400000 566.000000
358.733103 562.400000 566.000000
359.788506 562.400000 566.000000
360.836507 562.400000 570.000000
361.850694 562.400000 564.400000
362.869848 562.400000 564.400000
363.905829 562.400000 562.400000
364.931389 562.400000 562.400000
365.981742 562.400000 562.400000
367.002544 562.400000 568.000000
368.022787 562.400000 566.000000
369.029584 562.400000 562.400000
370.036215 562.400000 562.400000
371.054447 562.400000 562.400000
372.058655 562.400000 562.400000
373.073025 562.400000 568.000000
374.139416 562.400000 568.000000
375.167177 562.400000 568.000000
376.221936 562.400000 568.000000
377.229465 562.400000 568.000000
378.235423 562.400000 573.600000
379.236016 562.400000 564.400000
380.248645 562.400000 564.400000
381.255933 562.400000 564.400000
382.260942 562.400000 564.400000
383.316389 562.400000 573.600000
384.340984 562.400000 562.400000
385.368056 562.400000 562.400000
386.384205 562.400000 562.400000
387.395739 562.400000 562.400000
388.404060 562.400000 579.200000
389.410348 562.400000 568.000000
390.411863 562.400000 566.000000
391.415051 562.400000 566.000000
392.422471 562.400000 566.000000
393.446311 562.400000 573.600000
394.446563 562.400000 566.000000
395.488959 562.400000 562.400000
396.551957 562.400000 562.400000
397.608339 562.400000 562.400000
398.656300 562.400000 562.400000
399.678052 562.400000 568.000000
400.701253 562.400000 566.000000
401.716319 562.400000 566.000000
402.717001 562.400000 562.400000
403.719989 562.400000 562.400000
404.737735 562.400000 562.400000
405.755449 562.400000 562.400000
406.886499 562.400000 579.200000
407.892923 562.400000 568.000000
408.917920 562.400000 568.000000
409.928842 562.400000 566.000000
410.950797 562.400000 566.000000
411.964921 562.400000 566.000000
413.207447 562.400000 573.600000
414.224229 562.400000 568.000000
415.231262 562.400000 568.000000
416.243319 562.400000 568.000000
417.294870 562.400000 568.000000
418.308324 562.400000 573.600000
419.327475 562.400000 562.400000
420.343468 562.400000 562.400000
421.347095 562.400000 562.400000
422.358056 562.400000 562.400000
423.423218 562.400000 562.400000
424.434443 562.400000 562.400000
425.473575 562.400000 562.400000
426.520560 562.400000 562.400000
427.527879 562.400000 570.000000
428.530311 562.400000 564.400000
429.539335 562.400000 564.400000
430.542445 562.400000 564.400000
431.735729 562.400000 581.200000
432.747978 562.400000 568.000000
433.778148 562.400000 566.000000
434.780301 562.400000 566.000000
435.821627 562.400000 566.000000
436.894825 562.400000 579.200000
437.896153 562.400000 566.000000
438.907077 562.400000 564.400000
439.923482 562.400000 562.400000
440.923644 562.400000 562.400000
441.926209 562.400000 579.200000
442.938702 562.400000 564.400000
443.953739 562.400000 564.400000
444.979973 562.400000 564.400000
445.983146 562.400000 579.200000
446.990529 562.400000 566.000000
448.049070 562.400000 566.000000
449.076911 562.400000 566.000000
450.089793 562.400000 579.200000
451.092097 562.400000 566.000000
452.109081 562.400000 566.000000
453.150475 562.400000 566.000000
454.177544 562.400000 566.000000
455.186819 562.400000 568.000000
456.194277 562.400000 562.400000
457.212265 562.400000 562.400000
458.215493 562.400000 562.400000
459.271142 562.400000 573.600000
460.273268 562.400000 568.000000
461.326832 562.400000 566.000000
462.365144 562.400000 566.000000
463.380688 562.400000 566.000000
464.392596 562.400000 566.000000
465.417280 562.400000 566.000000
466.467656 562.400000 564.400000
467.502248 562.400000 564.400000
468.518252 562.400000 562.400000
469.520047 562.400000 562.400000
470.520743 562.400000 562.400000
471.529247 562.400000 562.400000
472.540025 562.400000 566.000000
473.544890 562.400000 566.000000
474.566675 562.400000 566.000000
475.574671 562.400000 566.000000
476.737668 562.400000 579.200000
477.740234 562.400000 564.400000
478.799065 562.400000 564.400000
479.841893 562.400000 564.400000
480.862837 562.400000 564.400000
481.877452 562.400000 573.600000
482.908959 562.400000 568.000000
483.921008 562.400000 566.000000
484.941590 562.400000 566.000000
485.954851 562.400000 566.000000
486.997001 562.400000 570.000000
488.010045 562.400000 564.400000
489.019709 562.400000 564.400000
490.022093 562.400000 564.400000
491.035278 562.400000 564.400000
492.035997 562.400000 571.600000
493.046371 562.400000 568.000000
494.085740 562.400000 568.000000
495.121880 562.400000 566.000000
496.130517 562.400000 566.000000
497.181582 562.400000 562.400000
498.190871 562.400000 562.400000
499.202732 562.400000 562.400000
500.209407 562.400000 568.000000
501.216200 562.400000 568.000000
502.223697 562.400000 568.000000
503.231359 562.400000 568.000000
504.274095 562.400000 568.000000
505.305076 562.400000 570.000000
506.329367 562.400000 562.400000
507.341402 562.400000 562.400000
508.352965 562.400000 562.400000
509.405902 562.400000 568.000000
510.412688 562.400000 568.000000
511.415201 562.400000 566.000000
512.420088 562.400000 566.000000
513.425679 562.400000 566.000000
514.461767 562.400000 566.000000
515.472667 562.400000 579.200000
516.535736 562.400000 568.000000
517.546812 562.400000 564.400000
518.563694 562.400000 564.400000
519.566859 562.400000 564.400000
520.694853 562.400000 579.200000
521.697176 562.400000 562.400000
522.721675 562.400000 562.400000
523.737247 562.400000 562.400000
524.790386 562.400000 562.400000
525.867845 562.400000 584.800000
526.874656 562.400000 568.000000
527.876549 562.400000 568.000000
528.879840 562.400000 568.000000
530.073973 562.400000 590.400000
531.095423 562.400000 562.400000
532.098477 562.400000 562.400000
533.107541 562.400000 562.400000
534.143763 562.400000 573.600000
535.150790 562.400000 568.000000
536.164674 562.400000 568.000000
537.231864 562.400000 568.000000
538.236103 562.400000 566.000000
539.242314 562.400000 566.000000
540.256271 562.400000 566.000000
541.518147 562.400000 579.200000
542.526361 562.400000 562.400000
543.528085 562.400000 562.400000
544.561231 562.400000 562.400000
545.602087 562.400000 562.400000
546.666050 562.400000 579.200000
547.749982 562.400000 571.600000
548.759248 562.400000 568.000000
549.764141 562.400000 566.000000
550.768105 562.400000 562.400000
551.774664 562.400000 562.400000
552.776900 562.400000 562.400000
553.782626 562.400000 562.400000
554.786686 562.400000 568.000000
555.787402 562.400000 566.000000
556.817721 562.400000 566.000000
557.820710 562.400000 566.000000
559.079648 562.400000 573.600000
560.101911 562.400000 566.000000
561.117073 562.400000 566.000000
562.139311 562.400000 562.400000
563.147877 562.400000 562.400000
564.157331 562.400000 562.400000
565.228226 562.400000 570.000000
566.237731 562.400000 564.400000
567.253162 562.400000 564.400000
568.266204 562.400000 564.400000
569.277793 562.400000 564.400000
570.279284 562.400000 568.000000
571.299479 562.400000 562.400000
572.300449 562.400000 562.400000
573.342388 562.400000 562.400000
574.355286 562.400000 562.400000
575.392653 562.400000 568.000000
576.393899 562.400000 566.000000
577.414687 562.400000 566.000000
578.430638 562.400000 566.000000
579.534790 562.400000 573.600000
580.552706 562.400000 568.000000
581.561190 562.400000 568.000000
582.580973 562.400000 568.000000
583.581410 562.400000 568.000000
584.610352 562.400000 575.600000
585.634724 562.400000 568.000000
586.641659 562.400000 566.000000
587.645819 562.400000 566.000000
588.665009 562.400000 566.000000
589.723847 562.400000 566.000000
590.727445 562.400000 568.000000
591.739526 562.400000 568.000000
592.746990 562.400000 564.400000
593.763998 562.400000 564.400000
594.793293 562.400000 564.400000
596.039218 562.400000 579.200000
597.043093 562.400000 568.000000
598.121692 562.400000 562.400000
599.204380 562.400000 562.400000
600.237310 562.400000 562.400000
601.283681 562.400000 562.400000
602.294751 562.400000 562.400000
603.375161 562.400000 579.200000
604.397974 562.400000 564.400000
605.426457 562.400000 564.400000
606.429476 562.400000 564.400000
607.430897 562.400000 564.400000
608.446680 562.400000 564.400000
609.449960 562.400000 568.000000
610.457036 562.400000 568.000000
611.467834 562.400000 568.000000
612.468671 562.400000 568.000000
613.469168 562.400000 579.200000
614.550393 562.400000 562.400000
615.590261 562.400000 562.400000
616.634827 562.400000 562.400000
617.643066 562.400000 562.400000
618.658743 562.400000 568.000000
619.662250 562.400000 564.400000
620.664334 562.400000 564.400000
621.667200 562.400000 564.400000
622.669710 562.400000 564.400000
623.692870 562.400000 564.400000
624.697318 562.400000 573.600000
625.725997 562.400000 568.000000
626.727258 562.400000 568.000000
627.783175 562.400000 568.000000
628.797529 562.400000 568.000000
629.806863 562.400000 573.600000
630.817923 562.400000 564.400000
631.831709 562.400000 564.400000
632.863668 562.400000 564.400000
633.878047 562.400000 564.400000
634.906216 562.400000 568.000000
635.939066 562.400000 566.000000
636.943317 562.400000 566.000000
637.987162 562.400000 584.800000
638.994948 562.400000 566.000000
640.003618 562.400000 566.000000
641.027682 562.400000 566.000000
642.063777 562.400000 566.000000
643.088815 562.400000 564.400000
644.113854 562.400000 562.400000
645.137082 562.400000 562.400000
646.148217 562.400000 562.400000
647.328257 562.400000 575.600000
648.341210 562.400000 562.400000
649.345337 562.400000 562.400000
650.347015 562.400000 562.400000
651.370341 562.400000 562.400000
652.441753 562.400000 573.600000
653.460083 562.400000 568.000000
654.463750 562.400000 568.000000
655.477125 562.400000 568.000000
656.489471 562.400000 568.000000
657.520553 562.400000 568.000000
658.538598 562.400000 562.400000
659.572870 562.400000 562.400000
660.574125 562.400000 562.400000
661.759855 562.400000 640.800000
662.816582 562.400000 566.000000
663.824252 562.400000 562.400000
664.824665 562.400000 562.400000
665.889905 562.400000 562.400000
666.892304 562.400000 562.400000
667.917269 562.400000 562.400000
668.960939 562.400000 562.400000
669.969012 562.400000 562.400000
670.975144 562.400000 562.400000
671.977451 562.400000 573.600000
672.983480 562.400000 568.000000
673.988236 562.400000 568.000000
674.998042 562.400000 568.000000
676.010919 562.400000 568.000000
677.021460 562.400000 579.200000
678.026550 562.400000 564.400000
679.031467 562.400000 564.400000
680.061166 562.400000 564.400000
681.067404 562.400000 564.400000
682.098133 562.400000 568.000000
683.103231 562.400000 568.000000
684.114639 562.400000 568.000000
685.117080 562.400000 568.000000
686.125589 562.400000 568.000000
687.165438 562.400000 568.000000
688.171656 562.400000 568.000000
689.177836 562.400000 568.000000
690.180559 562.400000 575.600000
691.189277 562.400000 564.400000
692.213196 562.400000 564.400000
693.265545 562.400000 564.400000
694.308581 562.400000 564.400000
695.309730 562.400000 568.000000
696.318346 562.400000 566.000000
697.337033 562.400000 566.000000
698.360520 562.400000 566.000000
699.603075 562.400000 573.600000
700.634965 562.400000 566.000000
701.646193 562.400000 562.400000
702.655563 562.400000 562.400000
703.689747 562.400000 562.400000
704.754291 562.400000 573.600000
705.773572 562.400000 562.400000
706.779159 562.400000 562.400000
707.824521 562.400000 562.400000
708.862283 562.400000 562.400000
709.926712 562.400000 579.200000
710.930425 562.400000 566.000000
711.939246 562.400000 562.400000
712.940343 562.400000 562.400000
713.990044 562.400000 562.400000
715.069990 562.400000 575.600000
716.086651 562.400000 568.000000
717.096138 562.400000 566.000000
718.131447 562.400000 566.000000
719.135682 562.400000 566.000000
720.196276 562.400000 568.000000
721.212388 562.400000 568.000000
722.257878 562.400000 568.000000
723.258764 562.400000 566.000000
724.262425 562.400000 566.000000
725.294244 562.400000 566.000000
726.316817 562.400000 575.600000
727.330932 562.400000 566.000000
728.367121 562.400000 566.000000
729.381088 562.400000 566.000000
730.422546 562.400000 573.600000
731.429280 562.400000 566.000000
732.429355 562.400000 566.000000
733.497106 562.400000 566.000000
734.508706 562.400000 564.400000
735.558150 562.400000 564.400000
736.580011 562.400000 564.400000
737.610739 562.400000 564.400000
738.627723 562.400000 564.400000
739.649651 562.400000 564.400000
740.654681 562.400000 564.400000
741.667971 562.400000 564.400000
742.685158 562.400000 562.400000
743.715539 562.400000 562.400000
744.715768 562.400000 562.400000
745.810729 562.400000 596.000000
746.836056 562.400000 568.000000
747.846936 562.400000 568.000000
748.859868 562.400000 568.000000
749.884007 562.400000 568.000000
750.937379 562.400000 579.200000
751.939700 562.400000 562.400000
752.944473 562.400000 562.400000
753.977525 562.400000 562.400000
754.980324 562.400000 562.400000
755.983254 562.400000 568.000000
757.005572 562.400000 564.400000
758.021219 562.400000 562.400000
759.038704 562.400000 562.400000
760.046794 562.400000 562.400000
761.079773 562.400000 562.400000
762.115569 562.400000 571.600000
763.117843 562.400000 562.400000
764.123153 562.400000 562.400000
765.125959 562.400000 562.400000
766.186230 562.400000 573.600000
767.190603 562.400000 568.000000
768.258968 562.400000 568.000000
769.267087 562.400000 568.000000
770.270865 562.400000 568.000000
771.272364 562.400000 568.000000
772.273692 562.400000 566.000000
773.321129 562.400000 564.400000
774.327975 562.400000 564.400000
775.361065 562.400000 564.400000
776.378349 562.400000 573.600000
777.387064 562.400000 566.000000
778.426153 562.400000 566.000000
779.475493 562.400000 566.000000
780.593634 562.400000 584.800000
781.609668 562.400000 568.000000
782.675417 562.400000 566.000000
783.687575 562.400000 566.000000
784.699484 562.400000 573.600000
785.701162 562.400000 566.000000
786.726627 562.400000 566.000000
787.771988 562.400000 566.000000
788.888138 562.400000 573.600000
789.942153 562.400000 562.400000
791.007684 562.400000 562.400000
792.009708 562.400000 562.400000
793.027152 562.400000 562.400000
794.033875 562.400000 568.000000
795.046407 562.400000 568.000000
796.073988 562.400000 566.000000
797.121086 562.400000 566.000000
798.181074 562.400000 564.400000
799.216474 562.400000 564.400000
800.280756 562.400000 584.800000
