0 573.6 0.234488 300 0
0 568 0.432619 5
0 566 0.762752 10
0 566 2.6041 300 72
0 564.4 3.29008 72
0 564.4 4.80895 300 72
0 564.4 6.71955 300 84
0 564.4 9.14742 300 84
0 562.4 9.48927 84
0 562.4 11.5864 300 84
0 562.4 15.7737 300 84
0 562.4 19.6296 300 84
0 562.4 25.3296 300 84
0 562.4 28.9939 300 84
0 562.4 32.8624 300 84
0 562.4 36.816 300 84
0 562.4 40.4899 300 84
0 562.4 44.1939 300 84
0 562.4 49.3188 300 84
0 562.4 55.1596 300 84
0 562.4 60.2908 300 84
0 562.4 64.4006 300 87
0 562.4 68.99 300 87
0 562.4 74.3434 300 87
0 562.4 78.6566 300 87
0 562.4 83.6967 300 87
0 562.4 87.2522 300 87
0 562.4 91.1622 300 87
0 562.4 94.9717 300 87
0 562.4 98.8876 300 87
0 562.4 102.923 300 87
0 562.4 108.055 300 87
0 562.4 111.745 300 87
0 562.4 118.704 300 87
0 562.4 122.99 300 87
0 562.4 128.091 300 87
0 562.4 131.331 300 87
0 562.4 135.142 300 87
0 562.4 138.541 300 87
0 562.4 142.24 300 87
0 562.4 146.6 300 87
0 562.4 150.033 300 87
0 562.4 153.87 300 87
0 562.4 157.32 300 87
0 562.4 161.042 300 87
0 562.4 164.851 300 87
0 562.4 168.682 300 87
0 562.4 173.851 300 88
0 562.4 178.388 300 88
0 562.4 181.885 300 88
0 562.4 186.023 300 88
0 562.4 190.176 300 88
0 562.4 193.991 300 88
0 562.4 198.377 300 88
0 562.4 202.187 300 88
0 562.4 206.822 300 88
0 562.4 210.352 300 88
0 562.4 214.688 300 88
0 562.4 218.833 300 88
0 562.4 224.534 300 88
0 562.4 229.364 300 88
0 562.4 236.651 300 88
0 562.4 243.388 300 88
0 562.4 248.229 300 88
0 562.4 252.834 300 88
0 562.4 257.225 300 88
0 562.4 266.682 300 88
0 562.4 271.01 300 88
0 562.4 276.418 300 88
0 562.4 281.26 300 88
0 562.4 288.964 300 88
0 562.4 293.315 300 88
0 562.4 297.729 300 88
0 562.4 303.69 300 88
0 562.4 308.427 300 88
0 562.4 313.395 300 88
0 562.4 318.007 300 89
0 562.4 325.359 300 89
0 562.4 331.133 300 89
0 562.4 335.522 300 89
0 562.4 339.569 300 89
0 562.4 344.13 300 89
0 562.4 348.331 300 89
0 562.4 352.955 300 89
0 562.4 357.244 300 89
0 562.4 362.065 300 89
0 562.4 366.668 300 89
0 562.4 371.187 300 89
0 562.4 375.578 300 89
0 562.4 380.237 300 89
0 562.4 385.452 300 89
0 562.4 390.333 300 89
0 562.4 395.281 300 89
0 562.4 401.061 300 89
0 562.4 406.223 300 89
0 562.4 413.903 300 89
0 562.4 418.21 300 89
0 562.4 423.12 300 89
0 562.4 429.101 300 89
0 562.4 433.991 300 89
0 562.4 438.783 300 89
0 562.4 445.505 300 89
0 562.4 450.165 300 89
0 562.4 454.462 300 89
0 562.4 459.515 300 89
0 562.4 463.731 300 89
0 562.4 469.351 300 89
0 562.4 476.159 300 89
0 562.4 480.629 300 89
0 562.4 485.162 300 89
0 562.4 490.041 300 89
0 562.4 495.085 300 89
0 562.4 499.885 300 89
0 562.4 504.162 300 89
0 562.4 508.587 300 89
0 562.4 512.761 300 89
0 562.4 517.211 300 89
0 562.4 521.54 300 89
0 562.4 527.456 300 89
0 562.4 534.76 300 89
0 562.4 539.525 300 89
0 562.4 544.111 300 89
0 562.4 548.738 300 89
0 562.4 553.58 300 89
0 562.4 559.701 300 89
0 562.4 563.996 300 89
0 562.4 569.412 300 89
0 562.4 574.657 300 89
0 562.4 579.637 300 89
0 562.4 584.385 300 89
0 562.4 590.39 300 89
0 562.4 594.994 300 89
0 562.4 599.407 300 89
0 562.4 603.836 300 89
0 562.4 608.744 300 89
0 562.4 613.802 300 89
0 562.4 617.983 300 89
0 562.4 621.041 300 89
0 562.4 626.374 300 89
0 562.4 630.5 300 89
0 562.4 637.703 300 89
0 562.4 641.608 300 89
0 562.4 646.031 300 89
0 562.4 651.618 300 89
0 562.4 656.187 300 89
0 562.4 660.81 300 89
0 562.4 665.664 300 89
0 562.4 670.452 300 89
0 562.4 674.446 300 89
0 562.4 680.344 300 89
0 562.4 684.444 300 89
0 562.4 689.056 300 89
0 562.4 693.698 300 89
0 562.4 698.456 300 89
0 562.4 705.305 300 89
0 562.4 710.191 300 89
0 562.4 714.626 300 89
0 562.4 719.769 300 89
0 562.4 726.812 300 89
0 562.4 730.868 300 89
0 562.4 735.275 300 89
0 562.4 741.39 300 89
0 562.4 745.841 300 89
0 562.4 753.12 300 89
0 562.4 758.737 300 89
0 562.4 764.598 300 89
0 562.4 770.983 300 89
0 562.4 776.493 300 89
0 562.4 781.288 300 89
0 562.4 785.592 300 89
0 562.4 792.721 300 89
0 562.4 797.182 300 89
0 562.4 800.285 300 89
