0.000482 71.200000 71.200000
1.000482 71.200000 71.200000
2.000485 71.200000 71.200000
3.000485 71.200000 71.200000
4.000485 71.200000 71.200000
5.000487 71.200000 71.200000
6.000488 71.200000 71.200000
7.000499 71.200000 71.200000
8.000502 71.200000 71.200000
9.000504 71.200000 71.200000
10.000508 71.200000 71.200000
11.000523 71.200000 71.200000
12.000525 71.200000 71.200000
13.000533 71.200000 71.200000
14.000537 71.200000 71.200000
15.000552 71.200000 71.200000
16.000556 71.200000 71.200000
17.000563 71.200000 71.200000
18.000566 71.200000 71.200000
19.000603 71.200000 71.200000
20.000604 71.200000 71.200000
21.000638 71.200000 71.200000
22.000644 71.200000 71.200000
23.000647 71.200000 71.200000
24.000650 71.200000 71.200000
25.000662 71.200000 71.200000
26.000688 71.200000 71.200000
27.000688 71.200000 71.200000
28.000740 71.200000 71.200000
29.000752 71.200000 71.200000
30.000752 71.200000 71.200000
31.000752 71.200000 71.200000
32.000758 71.200000 71.200000
33.000759 71.200000 71.200000
34.000762 71.200000 71.200000
35.000763 71.200000 71.200000
36.000767 71.200000 71.200000
37.000768 71.200000 71.200000
38.000771 71.200000 71.200000
39.000782 71.200000 71.200000
40.000792 71.200000 71.200000
41.000801 71.200000 71.200000
42.000851 71.200000 71.200000
43.000851 71.200000 71.200000
44.000860 71.200000 71.200000
45.000861 71.200000 71.200000
46.000862 71.200000 71.200000
47.000863 71.200000 71.200000
48.000871 71.200000 71.200000
49.000873 71.200000 71.200000
50.000878 71.200000 71.200000
51.000883 71.200000 71.200000
52.000883 71.200000 71.200000
53.000884 71.200000 71.200000
54.000884 71.200000 71.200000
55.000894 71.200000 71.200000
56.000895 71.200000 71.200000
57.000895 71.200000 71.200000
58.000906 71.200000 71.200000
59.000956 71.200000 71.200000
60.000965 71.200000 71.200000
61.000973 71.200000 71.200000
62.000983 71.200000 71.200000
63.000991 71.200000 71.200000
64.000992 71.200000 71.200000
65.001002 71.200000 71.200000
66.001004 71.200000 71.200000
67.001011 71.200000 71.200000
68.001011 71.200000 71.200000
69.001015 71.200000 71.200000
70.001021 71.200000 71.200000
71.001061 71.200000 71.200000
72.001070 71.200000 71.200000
73.001070 71.200000 71.200000
74.001070 71.200000 71.200000
75.001070 71.200000 71.200000
76.001071 71.200000 71.200000
77.001282 71.200000 71.200000
78.001286 71.200000 71.200000
79.001290 71.200000 71.200000
80.001294 71.200000 71.200000
81.001329 71.200000 71.200000
82.001339 71.200000 71.200000
83.001347 71.200000 71.200000
84.001361 71.200000 71.200000
85.001369 71.200000 71.200000
86.001371 71.200000 71.200000
87.001384 71.200000 71.200000
88.001400 71.200000 71.200000
89.001402 71.200000 71.200000
90.001405 71.200000 71.200000
91.001406 71.200000 71.200000
92.001412 71.200000 71.200000
93.001417 71.200000 71.200000
94.001419 71.200000 71.200000
95.001420 71.200000 71.200000
96.001426 71.200000 71.200000
97.001438 71.200000 71.200000
98.001440 71.200000 71.200000
99.001440 71.200000 71.200000
100.001446 71.200000 71.200000
101.001488 71.200000 71.200000
102.001490 71.200000 71.200000
103.001493 71.200000 71.200000
104.001493 71.200000 71.200000
105.001493 71.200000 71.200000
106.001493 71.200000 71.200000
107.001502 71.200000 71.200000
108.001502 71.200000 71.200000
109.001503 71.200000 71.200000
110.001503 71.200000 71.200000
111.001503 71.200000 71.200000
112.001505 71.200000 71.200000
113.001507 71.200000 71.200000
114.001512 71.200000 71.200000
115.001513 71.200000 71.200000
116.001525 71.200000 71.200000
117.001525 71.200000 71.200000
118.001525 71.200000 71.200000
119.001528 71.200000 71.200000
120.001529 71.200000 71.200000
121.001537 71.200000 71.200000
122.001538 71.200000 71.200000
123.001538 71.200000 71.200000
124.001547 71.200000 71.200000
125.001550 71.200000 71.200000
126.001550 71.200000 71.200000
127.001553 71.200000 71.200000
128.001556 71.200000 71.200000
129.001560 71.200000 71.200000
130.001564 71.200000 71.200000
131.001601 71.200000 71.200000
132.001602 71.200000 71.200000
133.001612 71.200000 71.200000
134.001622 71.200000 71.200000
135.001622 71.200000 71.200000
136.001623 71.200000 71.200000
137.001623 71.200000 71.200000
138.001623 71.200000 71.200000
139.001627 71.200000 71.200000
140.001638 71.200000 71.200000
141.001641 71.200000 71.200000
142.001642 71.200000 71.200000
143.001649 71.200000 71.200000
144.001658 71.200000 71.200000
145.001660 71.200000 71.200000
146.001662 71.200000 71.200000
147.001663 71.200000 71.200000
148.001664 71.200000 71.200000
149.001664 71.200000 71.200000
150.001668 71.200000 71.200000
151.001673 71.200000 71.200000
152.001700 71.200000 71.200000
153.001709 71.200000 71.200000
154.001713 71.200000 71.200000
155.001714 71.200000 71.200000
156.001715 71.200000 71.200000
157.001720 71.200000 71.200000
158.001729 71.200000 71.200000
159.001732 71.200000 71.200000
160.001742 71.200000 71.200000
161.001747 71.200000 71.200000
162.001749 71.200000 71.200000
163.001759 71.200000 71.200000
164.001789 71.200000 71.200000
165.001808 71.200000 71.200000
166.001810 71.200000 71.200000
167.001817 71.200000 71.200000
168.001821 71.200000 71.200000
169.001848 71.200000 71.200000
170.001862 71.200000 71.200000
171.001871 71.200000 71.200000
172.001874 71.200000 71.200000
173.001878 71.200000 71.200000
174.001879 71.200000 71.200000
175.001879 71.200000 71.200000
176.001883 71.200000 71.200000
177.001919 71.200000 71.200000
178.001967 71.200000 71.200000
179.001967 71.200000 71.200000
180.001970 71.200000 71.200000
181.001986 71.200000 71.200000
182.001988 71.200000 71.200000
183.001992 71.200000 71.200000
184.001998 71.200000 71.200000
185.002000 71.200000 71.200000
186.002000 71.200000 71.200000
187.002004 71.200000 71.200000
188.002028 71.200000 71.200000
189.002028 71.200000 71.200000
190.002030 71.200000 71.200000
191.002030 71.200000 71.200000
192.002033 71.200000 71.200000
193.002035 71.200000 71.200000
194.002035 71.200000 71.200000
195.002036 71.200000 71.200000
196.002036 71.200000 71.200000
197.002047 71.200000 71.200000
198.002146 71.200000 71.200000
199.002157 71.200000 71.200000
200.002163 71.200000 71.200000
201.002167 71.200000 71.200000
202.002171 71.200000 71.200000
203.002178 71.200000 71.200000
204.002181 71.200000 71.200000
205.002186 71.200000 71.200000
206.002186 71.200000 71.200000
207.002187 71.200000 71.200000
208.002188 71.200000 71.200000
209.002189 71.200000 71.200000
210.002195 71.200000 71.200000
211.002195 71.200000 71.200000
212.002195 71.200000 71.200000
213.002201 71.200000 71.200000
214.002211 71.200000 71.200000
215.002212 71.200000 71.200000
216.002212 71.200000 71.200000
217.002212 71.200000 71.200000
218.002220 71.200000 71.200000
219.002220 71.200000 71.200000
220.002229 71.200000 71.200000
221.002233 71.200000 71.200000
222.002237 71.200000 71.200000
223.002243 71.200000 71.200000
224.002244 71.200000 71.200000
225.002244 71.200000 71.200000
226.002248 71.200000 71.200000
227.002255 71.200000 71.200000
228.002255 71.200000 71.200000
229.002259 71.200000 71.200000
230.002261 71.200000 71.200000
231.002264 71.200000 71.200000
232.002264 71.200000 71.200000
233.002266 71.200000 71.200000
234.002268 71.200000 71.200000
235.002290 71.200000 71.200000
236.002301 71.200000 71.200000
237.002314 71.200000 71.200000
238.002315 71.200000 71.200000
239.002317 71.200000 71.200000
240.002318 71.200000 71.200000
241.002326 71.200000 71.200000
242.002326 71.200000 71.200000
243.002376 71.200000 71.200000
244.002378 71.200000 71.200000
245.002378 71.200000 71.200000
246.002380 71.200000 71.200000
247.002387 71.200000 71.200000
248.002389 71.200000 71.200000
249.002389 71.200000 71.200000
250.002391 71.200000 71.200000
251.002402 71.200000 71.200000
252.002402 71.200000 71.200000
253.002413 71.200000 71.200000
254.002420 71.200000 71.200000
255.002424 71.200000 71.200000
256.002430 71.200000 71.200000
257.002430 71.200000 71.200000
258.002430 71.200000 71.200000
259.002433 71.200000 71.200000
260.002434 71.200000 71.200000
261.002471 71.200000 71.200000
262.002482 71.200000 71.200000
263.002485 71.200000 71.200000
264.002514 71.200000 71.200000
265.002529 71.200000 71.200000
266.002538 71.200000 71.200000
267.002540 71.200000 71.200000
268.002547 71.200000 71.200000
269.002547 71.200000 71.200000
270.002547 71.200000 71.200000
271.002548 71.200000 71.200000
272.002548 71.200000 71.200000
273.002549 71.200000 71.200000
274.002554 71.200000 71.200000
275.002563 71.200000 71.200000
276.002563 71.200000 71.200000
277.002563 71.200000 71.200000
278.002570 71.200000 71.200000
279.002570 71.200000 71.200000
280.002590 71.200000 71.200000
281.002592 71.200000 71.200000
282.002603 71.200000 71.200000
283.002610 71.200000 71.200000
284.002658 71.200000 71.200000
285.002658 71.200000 71.200000
286.002663 71.200000 71.200000
287.002671 71.200000 71.200000
288.002675 71.200000 71.200000
289.002857 71.200000 71.200000
290.002870 71.200000 71.200000
291.002874 71.200000 71.200000
292.002878 71.200000 71.200000
293.002887 71.200000 71.200000
294.002898 71.200000 71.200000
295.002902 71.200000 71.200000
296.002902 71.200000 71.200000
297.002902 71.200000 71.200000
298.002906 71.200000 71.200000
299.002906 71.200000 71.200000
300.002950 71.200000 71.200000
301.002951 71.200000 71.200000
302.002952 71.200000 71.200000
303.002952 71.200000 71.200000
304.002957 71.200000 71.200000
305.002958 71.200000 71.200000
306.003013 71.200000 71.200000
307.003014 71.200000 71.200000
308.003015 71.200000 71.200000
309.003021 71.200000 71.200000
310.003021 71.200000 71.200000
311.003039 71.200000 71.200000
312.003040 71.200000 71.200000
313.003051 71.200000 71.200000
314.003053 71.200000 71.200000
315.003059 71.200000 71.200000
316.003063 71.200000 71.200000
317.003065 71.200000 71.200000
318.003067 71.200000 71.200000
319.003106 71.200000 71.200000
320.003108 71.200000 71.200000
321.003108 71.200000 71.200000
322.003114 71.200000 71.200000
323.003116 71.200000 71.200000
324.003118 71.200000 71.200000
325.003128 71.200000 71.200000
326.003128 71.200000 71.200000
327.003135 71.200000 71.200000
328.003139 71.200000 71.200000
329.003140 71.200000 71.200000
330.003146 71.200000 71.200000
331.003147 71.200000 71.200000
332.003148 71.200000 71.200000
333.003171 71.200000 71.200000
334.003173 71.200000 71.200000
335.003175 71.200000 71.200000
336.003176 71.200000 71.200000
337.003218 71.200000 71.200000
338.003223 71.200000 71.200000
339.003224 71.200000 71.200000
340.003243 71.200000 71.200000
341.003243 71.200000 71.200000
342.003292 71.200000 71.200000
343.003303 71.200000 71.200000
344.003303 71.200000 71.200000
345.003303 71.200000 71.200000
346.003334 71.200000 71.200000
347.003335 71.200000 71.200000
348.003337 71.200000 71.200000
349.003338 71.200000 71.200000
350.003340 71.200000 71.200000
351.003345 71.200000 71.200000
352.003345 71.200000 71.200000
353.003346 71.200000 71.200000
354.003347 71.200000 71.200000
355.003348 71.200000 71.200000
356.003352 71.200000 71.200000
357.003353 71.200000 71.200000
358.003356 71.200000 71.200000
359.003361 71.200000 71.200000
360.003362 71.200000 71.200000
361.003362 71.200000 71.200000
362.003363 71.200000 71.200000
363.003368 71.200000 71.200000
364.003371 71.200000 71.200000
365.003372 71.200000 71.200000
366.003379 71.200000 71.200000
367.003399 71.200000 71.200000
368.003400 71.200000 71.200000
369.003400 71.200000 71.200000
370.003402 71.200000 71.200000
371.003406 71.200000 71.200000
372.003422 71.200000 71.200000
373.003425 71.200000 71.200000
374.003426 71.200000 71.200000
375.003427 71.200000 71.200000
376.003427 71.200000 71.200000
377.003435 71.200000 71.200000
378.003445 71.200000 71.200000
379.003446 71.200000 71.200000
380.003448 71.200000 71.200000
381.003450 71.200000 71.200000
382.003460 71.200000 71.200000
383.003465 71.200000 71.200000
384.003467 71.200000 71.200000
385.003475 71.200000 71.200000
386.003477 71.200000 71.200000
387.003479 71.200000 71.200000
388.003488 71.200000 71.200000
389.003489 71.200000 71.200000
390.003495 71.200000 71.200000
391.003502 71.200000 71.200000
392.003502 71.200000 71.200000
393.003503 71.200000 71.200000
394.003509 71.200000 71.200000
395.003510 71.200000 71.200000
396.003512 71.200000 71.200000
397.003513 71.200000 71.200000
398.003515 71.200000 71.200000
399.003515 71.200000 71.200000
400.003515 71.200000 71.200000
401.003525 71.200000 71.200000
402.003564 71.200000 71.200000
403.003564 71.200000 71.200000
404.003564 71.200000 71.200000
405.003564 71.200000 71.200000
406.003568 71.200000 71.200000
407.003568 71.200000 71.200000
408.003569 71.200000 71.200000
409.003571 71.200000 71.200000
410.003572 71.200000 71.200000
411.003575 71.200000 71.200000
412.003576 71.200000 71.200000
413.003582 71.200000 71.200000
414.003585 71.200000 71.200000
415.003586 71.200000 71.200000
416.003586 71.200000 71.200000
417.003586 71.200000 71.200000
418.003590 71.200000 71.200000
419.003596 71.200000 71.200000
420.003598 71.200000 71.200000
421.003600 71.200000 71.200000
422.003603 71.200000 71.200000
423.003608 71.200000 71.200000
424.003631 71.200000 71.200000
425.003661 71.200000 71.200000
426.003669 71.200000 71.200000
427.003671 71.200000 71.200000
428.003671 71.200000 71.200000
429.003671 71.200000 71.200000
430.003673 71.200000 71.200000
431.003693 71.200000 71.200000
432.003736 71.200000 71.200000
433.003738 71.200000 71.200000
434.003738 71.200000 71.200000
435.003739 71.200000 71.200000
436.003740 71.200000 71.200000
437.003740 71.200000 71.200000
438.003789 71.200000 71.200000
439.003792 71.200000 71.200000
440.003816 71.200000 71.200000
441.003816 71.200000 71.200000
442.003816 71.200000 71.200000
443.003818 71.200000 71.200000
444.003825 71.200000 71.200000
445.003827 71.200000 71.200000
446.003838 71.200000 71.200000
447.003838 71.200000 71.200000
448.003859 71.200000 71.200000
449.003865 71.200000 71.200000
450.003865 71.200000 71.200000
451.003869 71.200000 71.200000
452.003875 71.200000 71.200000
453.003882 71.200000 71.200000
454.003895 71.200000 71.200000
455.003897 71.200000 71.200000
456.003897 71.200000 71.200000
457.003897 71.200000 71.200000
458.003903 71.200000 71.200000
459.003912 71.200000 71.200000
460.003921 71.200000 71.200000
461.003921 71.200000 71.200000
462.003924 71.200000 71.200000
463.003924 71.200000 71.200000
464.003928 71.200000 71.200000
465.003929 71.200000 71.200000
466.003935 71.200000 71.200000
467.003936 71.200000 71.200000
468.003936 71.200000 71.200000
469.003958 71.200000 71.200000
470.003959 71.200000 71.200000
471.003970 71.200000 71.200000
472.003972 71.200000 71.200000
473.003973 71.200000 71.200000
474.003977 71.200000 71.200000
475.003979 71.200000 71.200000
476.003981 71.200000 71.200000
477.003981 71.200000 71.200000
478.003986 71.200000 71.200000
479.003989 71.200000 71.200000
480.004004 71.200000 71.200000
481.004005 71.200000 71.200000
482.004007 71.200000 71.200000
483.004013 71.200000 71.200000
484.004016 71.200000 71.200000
485.004020 71.200000 71.200000
486.004021 71.200000 71.200000
487.004022 71.200000 71.200000
488.004029 71.200000 71.200000
489.004030 71.200000 71.200000
490.004034 71.200000 71.200000
491.004042 71.200000 71.200000
492.004051 71.200000 71.200000
493.004062 71.200000 71.200000
494.004067 71.200000 71.200000
495.004075 71.200000 71.200000
496.004082 71.200000 71.200000
497.004082 71.200000 71.200000
498.004083 71.200000 71.200000
499.004093 71.200000 71.200000
500.004094 71.200000 71.200000
501.004095 71.200000 71.200000
502.004148 71.200000 71.200000
503.004154 71.200000 71.200000
504.004161 71.200000 71.200000
505.004161 71.200000 71.200000
506.004171 71.200000 71.200000
507.004172 71.200000 71.200000
508.004178 71.200000 71.200000
509.004183 71.200000 71.200000
510.004187 71.200000 71.200000
511.004188 71.200000 71.200000
512.004195 71.200000 71.200000
513.004199 71.200000 71.200000
514.004200 71.200000 71.200000
515.004200 71.200000 71.200000
516.004202 71.200000 71.200000
517.004202 71.200000 71.200000
518.004208 71.200000 71.200000
519.004220 71.200000 71.200000
520.004220 71.200000 71.200000
521.004229 71.200000 71.200000
522.004229 71.200000 71.200000
523.004233 71.200000 71.200000
524.004237 71.200000 71.200000
525.004249 71.200000 71.200000
526.004258 71.200000 71.200000
527.004260 71.200000 71.200000
528.004265 71.200000 71.200000
529.004266 71.200000 71.200000
530.004268 71.200000 71.200000
531.004270 71.200000 71.200000
532.004272 71.200000 71.200000
533.004274 71.200000 71.200000
534.004286 71.200000 71.200000
535.004287 71.200000 71.200000
536.004288 71.200000 71.200000
537.004322 71.200000 71.200000
538.004333 71.200000 71.200000
539.004340 71.200000 71.200000
540.004349 71.200000 71.200000
541.004355 71.200000 71.200000
542.004359 71.200000 71.200000
543.004365 71.200000 71.200000
544.004373 71.200000 71.200000
545.004384 71.200000 71.200000
546.004385 71.200000 71.200000
547.004427 71.200000 71.200000
548.004429 71.200000 71.200000
549.004437 71.200000 71.200000
550.004437 71.200000 71.200000
551.004443 71.200000 71.200000
552.004453 71.200000 71.200000
553.004506 71.200000 71.200000
554.004508 71.200000 71.200000
555.004512 71.200000 71.200000
556.004516 71.200000 71.200000
557.004516 71.200000 71.200000
558.004517 71.200000 71.200000
559.004528 71.200000 71.200000
560.004528 71.200000 71.200000
561.004533 71.200000 71.200000
562.004535 71.200000 71.200000
563.004535 71.200000 71.200000
564.004537 71.200000 71.200000
565.004549 71.200000 71.200000
566.004553 71.200000 71.200000
567.004555 71.200000 71.200000
568.004566 71.200000 71.200000
569.004566 71.200000 71.200000
570.004573 71.200000 71.200000
571.004581 71.200000 71.200000
572.004583 71.200000 71.200000
573.004592 71.200000 71.200000
574.004633 71.200000 71.200000
575.004633 71.200000 71.200000
576.004634 71.200000 71.200000
577.004637 71.200000 71.200000
578.004671 71.200000 71.200000
579.004671 71.200000 71.200000
580.004671 71.200000 71.200000
581.004673 71.200000 71.200000
582.004675 71.200000 71.200000
583.004675 71.200000 71.200000
584.004676 71.200000 71.200000
585.004679 71.200000 71.200000
586.004679 71.200000 71.200000
587.004688 71.200000 71.200000
588.004694 71.200000 71.200000
589.004698 71.200000 71.200000
590.004698 71.200000 71.200000
591.004702 71.200000 71.200000
592.004707 71.200000 71.200000
593.004727 71.200000 71.200000
594.004729 71.200000 71.200000
595.004733 71.200000 71.200000
596.004733 71.200000 71.200000
597.004734 71.200000 71.200000
598.004736 71.200000 71.200000
599.004737 71.200000 71.200000
600.004738 71.200000 71.200000
601.004738 71.200000 71.200000
602.004742 71.200000 71.200000
603.004747 71.200000 71.200000
604.004748 71.200000 71.200000
605.004751 71.200000 71.200000
606.004754 71.200000 71.200000
607.004755 71.200000 71.200000
608.004761 71.200000 71.200000
609.004764 71.200000 71.200000
610.004766 71.200000 71.200000
611.004766 71.200000 71.200000
612.004766 71.200000 71.200000
613.004768 71.200000 71.200000
614.004782 71.200000 71.200000
615.004786 71.200000 71.200000
616.004789 71.200000 71.200000
617.004791 71.200000 71.200000
618.004794 71.200000 71.200000
619.004794 71.200000 71.200000
620.004822 71.200000 71.200000
621.004835 71.200000 71.200000
622.004847 71.200000 71.200000
623.004850 71.200000 71.200000
624.004853 71.200000 71.200000
625.004864 71.200000 71.200000
626.004871 71.200000 71.200000
627.004878 71.200000 71.200000
628.004887 71.200000 71.200000
629.004896 71.200000 71.200000
630.004897 71.200000 71.200000
631.004897 71.200000 71.200000
632.004965 71.200000 71.200000
633.004973 71.200000 71.200000
634.004973 71.200000 71.200000
635.004973 71.200000 71.200000
636.004973 71.200000 71.200000
637.004984 71.200000 71.200000
638.004990 71.200000 71.200000
639.005005 71.200000 71.200000
640.005008 71.200000 71.200000
641.005008 71.200000 71.200000
642.005011 71.200000 71.200000
643.005012 71.200000 71.200000
644.005020 71.200000 71.200000
645.005022 71.200000 71.200000
646.005030 71.200000 71.200000
647.005037 71.200000 71.200000
648.005041 71.200000 71.200000
649.005047 71.200000 71.200000
650.005052 71.200000 71.200000
651.005054 71.200000 71.200000
652.005062 71.200000 71.200000
653.005063 71.200000 71.200000
654.005069 71.200000 71.200000
655.005070 71.200000 71.200000
656.005078 71.200000 71.200000
657.005080 71.200000 71.200000
658.005080 71.200000 71.200000
659.005084 71.200000 71.200000
660.005085 71.200000 71.200000
661.005096 71.200000 71.200000
662.005097 71.200000 71.200000
663.005097 71.200000 71.200000
664.005097 71.200000 71.200000
665.005097 71.200000 71.200000
666.005126 71.200000 71.200000
667.005126 71.200000 71.200000
668.005133 71.200000 71.200000
669.005138 71.200000 71.200000
670.005165 71.200000 71.200000
671.005172 71.200000 71.200000
672.005172 71.200000 71.200000
673.005175 71.200000 71.200000
674.005180 71.200000 71.200000
675.005180 71.200000 71.200000
676.005184 71.200000 71.200000
677.005185 71.200000 71.200000
678.005186 71.200000 71.200000
679.005188 71.200000 71.200000
680.005192 71.200000 71.200000
681.005196 71.200000 71.200000
682.005205 71.200000 71.200000
683.005206 71.200000 71.200000
684.005208 71.200000 71.200000
685.005210 71.200000 71.200000
686.005212 71.200000 71.200000
687.005215 71.200000 71.200000
688.005216 71.200000 71.200000
689.005216 71.200000 71.200000
690.005219 71.200000 71.200000
691.005224 71.200000 71.200000
692.005230 71.200000 71.200000
693.005230 71.200000 71.200000
694.005236 71.200000 71.200000
695.005236 71.200000 71.200000
696.005239 71.200000 71.200000
697.005239 71.200000 71.200000
698.005242 71.200000 71.200000
699.005242 71.200000 71.200000
700.005242 71.200000 71.200000
701.005255 71.200000 71.200000
702.005261 71.200000 71.200000
703.005265 71.200000 71.200000
704.005265 71.200000 71.200000
705.005440 71.200000 71.200000
706.005444 71.200000 71.200000
707.005444 71.200000 71.200000
708.005457 71.200000 71.200000
709.005457 71.200000 71.200000
710.005457 71.200000 71.200000
711.005457 71.200000 71.200000
712.005457 71.200000 71.200000
713.005458 71.200000 71.200000
714.005458 71.200000 71.200000
715.005481 71.200000 71.200000
716.005483 71.200000 71.200000
717.005494 71.200000 71.200000
718.005506 71.200000 71.200000
719.005507 71.200000 71.200000
720.005508 71.200000 71.200000
721.005510 71.200000 71.200000
722.005511 71.200000 71.200000
723.005511 71.200000 71.200000
724.005513 71.200000 71.200000
725.005515 71.200000 71.200000
726.005515 71.200000 71.200000
727.005518 71.200000 71.200000
728.005524 71.200000 71.200000
729.005525 71.200000 71.200000
730.005536 71.200000 71.200000
731.005537 71.200000 71.200000
732.005541 71.200000 71.200000
733.005544 71.200000 71.200000
734.005553 71.200000 71.200000
735.005555 71.200000 71.200000
736.005611 71.200000 71.200000
737.005614 71.200000 71.200000
738.005619 71.200000 71.200000
739.005620 71.200000 71.200000
740.005620 71.200000 71.200000
741.005622 71.200000 71.200000
742.005623 71.200000 71.200000
743.005633 71.200000 71.200000
744.005633 71.200000 71.200000
745.005639 71.200000 71.200000
746.005646 71.200000 71.200000
747.005654 71.200000 71.200000
748.005657 71.200000 71.200000
749.005667 71.200000 71.200000
750.005705 71.200000 71.200000
751.005715 71.200000 71.200000
752.005715 71.200000 71.200000
753.005720 71.200000 71.200000
754.005733 71.200000 71.200000
755.005733 71.200000 71.200000
756.005740 71.200000 71.200000
757.005745 71.200000 71.200000
758.005751 71.200000 71.200000
759.005752 71.200000 71.200000
760.005755 71.200000 71.200000
761.005792 71.200000 71.200000
762.005794 71.200000 71.200000
763.005794 71.200000 71.200000
764.005795 71.200000 71.200000
765.005844 71.200000 71.200000
766.005879 71.200000 71.200000
767.005884 71.200000 71.200000
768.005885 71.200000 71.200000
769.005895 71.200000 71.200000
770.005898 71.200000 71.200000
771.005906 71.200000 71.200000
772.005907 71.200000 71.200000
773.005915 71.200000 71.200000
774.005929 71.200000 71.200000
775.005936 71.200000 71.200000
776.005947 71.200000 71.200000
777.005947 71.200000 71.200000
778.005947 71.200000 71.200000
779.005948 71.200000 71.200000
780.005957 71.200000 71.200000
781.005963 71.200000 71.200000
782.005964 71.200000 71.200000
783.005972 71.200000 71.200000
784.005972 71.200000 71.200000
785.005974 71.200000 71.200000
786.005976 71.200000 71.200000
787.005985 71.200000 71.200000
788.005987 71.200000 71.200000
789.005987 71.200000 71.200000
790.005989 71.200000 71.200000
791.006050 71.200000 71.200000
792.006051 71.200000 71.200000
793.006052 71.200000 71.200000
794.006084 71.200000 71.200000
795.006088 71.200000 71.200000
796.006088 71.200000 71.200000
797.006117 71.200000 71.200000
798.006117 71.200000 71.200000
799.006117 71.200000 71.200000
