0.226218 581.200000 581.200000
1.244382 568.000000 568.000000
2.246393 568.000000 568.000000
3.249487 566.000000 566.000000
4.250076 566.000000 573.600000
5.266466 566.000000 566.000000
6.314458 566.000000 566.000000
7.322018 566.000000 568.000000
8.324152 566.000000 568.000000
9.376988 566.000000 568.000000
10.398382 566.000000 568.000000
11.404332 566.000000 568.000000
12.439045 566.000000 566.000000
13.460936 562.400000 562.400000
14.465150 562.400000 562.400000
15.539691 562.400000 562.400000
16.605854 562.400000 562.400000
17.674356 562.400000 562.400000
18.686809 562.400000 573.600000
19.742226 562.400000 562.400000
20.786624 562.400000 562.400000
21.875824 562.400000 562.400000
22.892609 562.400000 562.400000
23.912315 562.400000 568.000000
24.918790 562.400000 568.000000
25.933678 562.400000 568.000000
27.007754 562.400000 568.000000
28.015315 562.400000 568.000000
29.021620 562.400000 568.000000
30.088782 562.400000 568.000000
31.144000 562.400000 568.000000
32.216746 562.400000 568.000000
33.231044 562.400000 568.000000
34.241282 562.400000 568.000000
35.278411 562.400000 568.000000
36.288872 562.400000 568.000000
37.306462 562.400000 573.600000
38.322453 562.400000 568.000000
39.342616 562.400000 566.000000
40.366275 562.400000 566.000000
41.366839 562.400000 566.000000
42.385642 562.400000 562.400000
43.411030 562.400000 562.400000
44.413855 562.400000 562.400000
45.436694 562.400000 562.400000
46.442220 562.400000 570.000000
47.446520 562.400000 568.000000
48.466325 562.400000 568.000000
49.511443 562.400000 568.000000
50.520133 562.400000 568.000000
51.807474 562.400000 579.200000
52.838389 562.400000 568.000000
53.966854 562.400000 568.000000
54.973951 562.400000 564.400000
56.014952 562.400000 564.400000
57.057529 562.400000 564.400000
58.062323 562.400000 564.400000
59.077659 562.400000 573.600000
60.100025 562.400000 564.400000
61.104269 562.400000 562.400000
62.139090 562.400000 562.400000
63.155643 562.400000 562.400000
64.160346 562.400000 562.400000
65.233962 562.400000 568.000000
66.244143 562.400000 562.400000
67.282655 562.400000 562.400000
68.294562 562.400000 562.400000
69.308745 562.400000 562.400000
70.343761 562.400000 579.200000
71.367418 562.400000 566.000000
72.371917 562.400000 566.000000
73.421918 562.400000 566.000000
74.428100 562.400000 566.000000
75.464919 562.400000 566.000000
76.480546 562.400000 566.000000
77.481452 562.400000 564.400000
78.515009 562.400000 564.400000
79.522859 562.400000 564.400000
80.544144 562.400000 564.400000
81.548082 562.400000 573.600000
82.589563 562.400000 568.000000
83.634279 562.400000 566.000000
84.639523 562.400000 566.000000
85.666885 562.400000 566.000000
86.702115 562.400000 566.000000
87.706507 562.400000 568.000000
88.732944 562.400000 564.400000
89.742237 562.400000 564.400000
90.773185 562.400000 562.400000
91.795972 562.400000 562.400000
92.803817 562.400000 562.400000
93.813889 562.400000 562.400000
94.855689 562.400000 573.600000
95.906880 562.400000 568.000000
96.907024 562.400000 568.000000
97.921514 562.400000 568.000000
98.953046 562.400000 568.000000
99.955154 562.400000 566.000000
100.960206 562.400000 566.000000
101.972744 562.400000 566.000000
103.206628 562.400000 579.200000
104.212916 562.400000 568.000000
105.227183 562.400000 568.000000
106.252769 562.400000 566.000000
107.269648 562.400000 566.000000
108.274044 562.400000 566.000000
109.285911 562.400000 566.000000
110.345034 562.400000 573.600000
111.388116 562.400000 568.000000
112.396461 562.400000 568.000000
113.403641 562.400000 568.000000
114.437146 562.400000 568.000000
115.492074 562.400000 573.600000
116.543145 562.400000 568.000000
117.549063 562.400000 566.000000
118.588586 562.400000 566.000000
119.597809 562.400000 566.000000
120.603337 562.400000 573.600000
121.629792 562.400000 564.400000
122.634671 562.400000 564.400000
123.646863 562.400000 568.000000
124.701913 562.400000 568.000000
125.759993 562.400000 568.000000
126.827585 562.400000 568.000000
127.957269 562.400000 579.200000
128.992851 562.400000 566.000000
130.021675 562.400000 562.400000
131.034135 562.400000 562.400000
132.039197 562.400000 562.400000
133.091067 562.400000 568.000000
134.094578 562.400000 564.400000
135.110734 562.400000 564.400000
136.180529 562.400000 564.400000
137.391211 562.400000 573.600000
138.391461 562.400000 562.400000
139.419513 562.400000 562.400000
140.427333 562.400000 562.400000
141.439489 562.400000 562.400000
142.501058 562.400000 568.000000
143.514384 562.400000 562.400000
144.519652 562.400000 562.400000
145.523591 562.400000 562.400000
146.526899 562.400000 579.200000
147.531559 562.400000 568.000000
148.536455 562.400000 568.000000
149.537743 562.400000 568.000000
150.550838 562.400000 568.000000
151.559865 562.400000 568.000000
152.567035 562.400000 568.000000
153.588401 562.400000 568.000000
154.591508 562.400000 568.000000
155.598996 562.400000 584.800000
156.659160 562.400000 566.000000
157.668253 562.400000 566.000000
158.689491 562.400000 566.000000
159.705917 562.400000 568.000000
160.710526 562.400000 566.000000
161.718831 562.400000 566.000000
162.719429 562.400000 566.000000
163.727853 562.400000 568.000000
164.744568 562.400000 564.400000
165.773334 562.400000 562.400000
166.780243 562.400000 562.400000
167.802384 562.400000 562.400000
168.805183 562.400000 568.000000
169.820227 562.400000 566.000000
170.847239 562.400000 566.000000
171.858007 562.400000 566.000000
173.127227 562.400000 579.200000
174.131457 562.400000 568.000000
175.135720 562.400000 566.000000
176.193593 562.400000 566.000000
177.208521 562.400000 566.000000
178.242931 562.400000 573.600000
179.279464 562.400000 568.000000
180.291447 562.400000 568.000000
181.339341 562.400000 568.000000
182.353876 562.400000 573.600000
183.364247 562.400000 562.400000
184.407153 562.400000 562.400000
185.408660 562.400000 562.400000
186.465927 562.400000 562.400000
187.478146 562.400000 571.600000
188.504620 562.400000 568.000000
189.517344 562.400000 568.000000
190.557924 562.400000 568.000000
191.603777 562.400000 579.200000
192.660696 562.400000 568.000000
193.678502 562.400000 568.000000
194.694669 562.400000 568.000000
195.733710 562.400000 568.000000
196.736766 562.400000 575.600000
197.769363 562.400000 568.000000
198.832533 562.400000 568.000000
199.880869 562.400000 568.000000
200.904754 562.400000 568.000000
201.917937 562.400000 573.600000
202.938039 562.400000 568.000000
203.962573 562.400000 568.000000
204.976363 562.400000 568.000000
205.985973 562.400000 568.000000
206.996900 562.400000 562.400000
208.056353 562.400000 562.400000
209.077892 562.400000 562.400000
210.259059 562.400000 579.200000
211.262914 562.400000 566.000000
212.318311 562.400000 562.400000
213.318915 562.400000 562.400000
214.342432 562.400000 575.600000
215.346858 562.400000 566.000000
216.355007 562.400000 566.000000
217.359206 562.400000 566.000000
218.363238 562.400000 566.000000
219.404719 562.400000 564.400000
220.449137 562.400000 562.400000
221.468607 562.400000 562.400000
222.474535 562.400000 562.400000
223.535622 562.400000 562.400000
224.584981 562.400000 568.000000
225.586803 562.400000 568.000000
226.600765 562.400000 568.000000
227.636728 562.400000 568.000000
228.688362 562.400000 568.000000
229.695663 562.400000 564.400000
230.741874 562.400000 564.400000
231.794457 562.400000 564.400000
232.812086 562.400000 573.600000
233.813007 562.400000 566.000000
234.823696 562.400000 566.000000
235.874993 562.400000 566.000000
236.906253 562.400000 566.000000
237.953406 562.400000 564.400000
238.981055 562.400000 564.400000
239.988860 562.400000 564.400000
241.006204 562.400000 564.400000
242.046910 562.400000 568.000000
243.056677 562.400000 566.000000
244.056947 562.400000 562.400000
245.074530 562.400000 562.400000
246.117439 562.400000 562.400000
247.117638 562.400000 562.400000
248.126262 562.400000 568.000000
249.127008 562.400000 568.000000
250.137828 562.400000 568.000000
251.163970 562.400000 568.000000
252.164993 562.400000 568.000000
253.170078 562.400000 573.600000
254.173889 562.400000 568.000000
255.238693 562.400000 568.000000
256.258118 562.400000 568.000000
257.262231 562.400000 568.000000
258.264523 562.400000 566.000000
259.316318 562.400000 566.000000
260.346397 562.400000 566.000000
261.359196 562.400000 579.200000
262.401570 562.400000 564.400000
263.404607 562.400000 564.400000
264.435036 562.400000 564.400000
265.484349 562.400000 564.400000
266.495218 562.400000 562.400000
267.532113 562.400000 562.400000
268.578188 562.400000 566.000000
269.578834 562.400000 566.000000
270.625689 562.400000 562.400000
271.655338 562.400000 562.400000
272.658302 562.400000 562.400000
273.658954 562.400000 562.400000
274.685842 562.400000 573.600000
275.713143 562.400000 564.400000
276.724694 562.400000 564.400000
277.742481 562.400000 564.400000
278.752088 562.400000 564.400000
279.807829 562.400000 566.000000
280.852378 562.400000 566.000000
281.865166 562.400000 566.000000
282.921258 562.400000 566.000000
283.930525 562.400000 568.000000
284.934314 562.400000 562.400000
285.970865 562.400000 562.400000
286.973047 562.400000 562.400000
287.985413 562.400000 573.600000
288.994336 562.400000 568.000000
290.043450 562.400000 568.000000
291.056323 562.400000 568.000000
292.063751 562.400000 568.000000
293.070870 562.400000 568.000000
294.072840 562.400000 568.000000
295.131544 562.400000 568.000000
296.137633 562.400000 566.000000
297.195866 562.400000 564.400000
298.244497 562.400000 564.400000
299.251094 562.400000 564.400000
300.295310 562.400000 568.000000
301.299660 562.400000 562.400000
302.338152 562.400000 562.400000
303.338679 562.400000 562.400000
304.579361 562.400000 573.600000
305.580864 562.400000 568.000000
306.592970 562.400000 566.000000
307.614975 562.400000 562.400000
308.651289 562.400000 562.400000
309.653574 562.400000 562.400000
310.712994 562.400000 568.000000
311.718525 562.400000 568.000000
312.727921 562.400000 568.000000
313.733193 562.400000 568.000000
314.744334 562.400000 568.000000
315.744371 562.400000 566.000000
316.769447 562.400000 566.000000
317.786860 562.400000 566.000000
318.789390 562.400000 566.000000
319.817244 562.400000 568.000000
320.825141 562.400000 566.000000
321.829031 562.400000 566.000000
322.854972 562.400000 566.000000
323.879544 562.400000 573.600000
324.890809 562.400000 566.000000
325.898794 562.400000 566.000000
326.906821 562.400000 566.000000
327.963889 562.400000 566.000000
328.979499 562.400000 573.600000
329.990279 562.400000 562.400000
331.013594 562.400000 562.400000
332.071640 562.400000 562.400000
333.071776 562.400000 573.600000
334.090863 562.400000 566.000000
335.128926 562.400000 566.000000
336.136418 562.400000 566.000000
337.144645 562.400000 579.200000
338.184666 562.400000 566.000000
339.184885 562.400000 564.400000
340.201690 562.400000 564.400000
341.211573 562.400000 564.400000
342.388612 562.400000 635.200000
343.445823 562.400000 568.000000
344.448585 562.400000 568.000000
345.469619 562.400000 568.000000
346.471803 562.400000 568.000000
347.478219 562.400000 568.000000
348.489311 562.400000 566.000000
349.509451 562.400000 566.000000
350.560576 562.400000 566.000000
351.563756 562.400000 566.000000
352.747910 562.400000 573.600000
353.750924 562.400000 568.000000
354.801407 562.400000 568.000000
355.823539 562.400000 568.000000
356.883401 562.400000 562.400000
357.896471 562.400000 562.400000
358.907928 562.400000 562.400000
359.917508 562.400000 562.400000
360.961779 562.400000 573.600000
361.977379 562.400000 566.000000
362.977425 562.400000 566.000000
364.001701 562.400000 562.400000
365.015715 562.400000 562.400000
366.073940 562.400000 562.400000
367.080231 562.400000 562.400000
368.121446 562.400000 573.600000
369.140015 562.400000 568.000000
370.165658 562.400000 568.000000
371.206246 562.400000 568.000000
372.210403 562.400000 568.000000
373.228812 562.400000 568.000000
374.232350 562.400000 566.000000
375.235823 562.400000 566.000000
376.238608 562.400000 566.000000
377.277132 562.400000 568.000000
378.298073 562.400000 568.000000
379.306225 562.400000 568.000000
380.323996 562.400000 568.000000
381.333531 562.400000 575.600000
382.357627 562.400000 566.000000
383.399416 562.400000 564.400000
384.421063 562.400000 564.400000
385.426423 562.400000 564.400000
386.430632 562.400000 568.000000
387.433063 562.400000 568.000000
388.449802 562.400000 568.000000
389.462258 562.400000 568.000000
390.473888 562.400000 579.200000
391.483447 562.400000 566.000000
392.495899 562.400000 566.000000
393.512204 562.400000 566.000000
394.520290 562.400000 566.000000
395.529621 562.400000 568.000000
396.548995 562.400000 566.000000
397.560260 562.400000 566.000000
398.576669 562.400000 566.000000
399.579492 562.400000 575.600000
400.580294 562.400000 568.000000
401.584571 562.400000 568.000000
402.586210 562.400000 568.000000
403.589918 562.400000 579.200000
404.650239 562.400000 568.000000
405.671285 562.400000 568.000000
406.681027 562.400000 568.000000
407.690352 562.400000 575.600000
408.717514 562.400000 564.400000
409.769705 562.400000 562.400000
410.772668 562.400000 562.400000
411.794215 562.400000 562.400000
412.808758 562.400000 562.400000
413.892113 562.400000 568.000000
414.926011 562.400000 568.000000
415.950572 562.400000 568.000000
417.177777 562.400000 573.600000
418.202783 562.400000 564.400000
419.223928 562.400000 564.400000
420.268517 562.400000 562.400000
421.269118 562.400000 562.400000
422.325852 562.400000 562.400000
423.369669 562.400000 579.200000
424.419801 562.400000 564.400000
425.472539 562.400000 564.400000
426.528922 562.400000 564.400000
427.548827 562.400000 564.400000
428.551167 562.400000 568.000000
429.557219 562.400000 564.400000
430.613369 562.400000 564.400000
431.620802 562.400000 562.400000
432.672134 562.400000 562.400000
433.677308 562.400000 562.400000
434.714513 562.400000 562.400000
435.754648 562.400000 584.800000
436.784510 562.400000 566.000000
437.794281 562.400000 562.400000
438.816517 562.400000 562.400000
439.861195 562.400000 562.400000
440.880174 562.400000 562.400000
441.903126 562.400000 584.800000
442.916943 562.400000 566.000000
443.931151 562.400000 562.400000
444.935072 562.400000 562.400000
445.935128 562.400000 562.400000
446.996395 562.400000 568.000000
448.051235 562.400000 566.000000
449.060114 562.400000 566.000000
450.125813 562.400000 566.000000
451.170138 562.400000 566.000000
452.197954 562.400000 571.600000
453.200449 562.400000 562.400000
454.261202 562.400000 562.400000
455.281305 562.400000 562.400000
456.285763 562.400000 568.000000
457.350545 562.400000 562.400000
458.357111 562.400000 562.400000
459.401898 562.400000 562.400000
460.416900 562.400000 562.400000
461.477178 562.400000 581.200000
462.511523 562.400000 568.000000
463.519600 562.400000 566.000000
464.542321 562.400000 566.000000
465.569122 562.400000 566.000000
466.570013 562.400000 584.800000
467.580551 562.400000 566.000000
468.634880 562.400000 566.000000
469.637567 562.400000 566.000000
470.645999 562.400000 566.000000
471.649988 562.400000 573.600000
472.661368 562.400000 566.000000
473.683242 562.400000 566.000000
474.743881 562.400000 566.000000
475.802156 562.400000 568.000000
476.815192 562.400000 566.000000
477.841103 562.400000 562.400000
478.879192 562.400000 562.400000
479.882588 562.400000 562.400000
480.907905 562.400000 573.600000
481.908866 562.400000 562.400000
482.930953 562.400000 562.400000
483.942293 562.400000 562.400000
484.946560 562.400000 562.400000
485.991254 562.400000 568.000000
486.992750 562.400000 564.400000
487.993496 562.400000 564.400000
489.039927 562.400000 564.400000
490.044922 562.400000 568.000000
491.050893 562.400000 562.400000
492.057603 562.400000 562.400000
493.059276 562.400000 562.400000
494.061501 562.400000 562.400000
495.081164 562.400000 573.600000
496.139970 562.400000 568.000000
497.152435 562.400000 568.000000
498.199442 562.400000 566.000000
499.238672 562.400000 562.400000
500.252483 562.400000 562.400000
501.255191 562.400000 562.400000
502.278483 562.400000 601.600000
503.303850 562.400000 566.000000
504.307349 562.400000 566.000000
505.327121 562.400000 566.000000
506.577922 562.400000 573.600000
507.589485 562.400000 566.000000
508.593898 562.400000 562.400000
509.632412 562.400000 562.400000
510.643343 562.400000 562.400000
511.713657 562.400000 564.400000
512.736590 562.400000 562.400000
513.740234 562.400000 562.400000
514.744525 562.400000 562.400000
515.750997 562.400000 562.400000
516.757500 562.400000 568.000000
517.759881 562.400000 562.400000
518.802256 562.400000 562.400000
519.848283 562.400000 562.400000
520.874694 562.400000 573.600000
521.893885 562.400000 562.400000
522.898304 562.400000 562.400000
523.917267 562.400000 562.400000
524.944974 562.400000 579.200000
525.975955 562.400000 568.000000
527.021381 562.400000 568.000000
528.066564 562.400000 568.000000
529.068968 562.400000 573.600000
530.080300 562.400000 566.000000
531.130904 562.400000 566.000000
532.150634 562.400000 566.000000
533.244601 562.400000 579.200000
534.254673 562.400000 562.400000
535.302965 562.400000 562.400000
536.314665 562.400000 562.400000
537.541752 562.400000 590.400000
538.550549 562.400000 566.000000
539.577269 562.400000 564.400000
540.593765 562.400000 562.400000
541.615767 562.400000 562.400000
542.657493 562.400000 562.400000
543.663190 562.400000 566.000000
544.700811 562.400000 562.400000
545.772599 562.400000 562.400000
546.776347 562.400000 562.400000
547.817297 562.400000 562.400000
548.821542 562.400000 568.000000
549.863891 562.400000 568.000000
550.891359 562.400000 568.000000
551.896516 562.400000 568.000000
552.936466 562.400000 573.600000
553.958415 562.400000 566.000000
554.981435 562.400000 566.000000
555.999253 562.400000 562.400000
557.007129 562.400000 562.400000
558.015245 562.400000 562.400000
559.127246 562.400000 562.400000
560.130586 562.400000 573.600000
561.169678 562.400000 566.000000
562.263175 562.400000 562.400000
563.289796 562.400000 562.400000
564.317117 562.400000 562.400000
565.501451 562.400000 579.200000
566.511310 562.400000 568.000000
567.521698 562.400000 566.000000
568.527004 562.400000 566.000000
569.584889 562.400000 566.000000
570.609235 562.400000 573.600000
571.624891 562.400000 562.400000
572.663417 562.400000 562.400000
573.703504 562.400000 562.400000
574.720506 562.400000 562.400000
575.728493 562.400000 568.000000
576.733150 562.400000 566.000000
577.738059 562.400000 562.400000
578.746584 562.400000 562.400000
579.760542 562.400000 562.400000
580.791287 562.400000 579.200000
581.792657 562.400000 568.000000
582.838669 562.400000 568.000000
583.858567 562.400000 568.000000
584.875146 562.400000 568.000000
585.906832 562.400000 573.600000
586.925125 562.400000 568.000000
587.982692 562.400000 568.000000
588.992699 562.400000 568.000000
590.005902 562.400000 566.000000
591.009112 562.400000 562.400000
592.044668 562.400000 562.400000
593.052371 562.400000 562.400000
594.083718 562.400000 562.400000
595.128122 562.400000 573.600000
596.143875 562.400000 568.000000
597.201749 562.400000 568.000000
598.225881 562.400000 568.000000
599.258512 562.400000 573.600000
600.269062 562.400000 568.000000
601.270559 562.400000 568.000000
602.284955 562.400000 568.000000
603.285919 562.400000 568.000000
604.310105 562.400000 568.000000
605.375705 562.400000 562.400000
606.377230 562.400000 562.400000
607.438049 562.400000 562.400000
608.438157 562.400000 562.400000
609.487122 562.400000 562.400000
610.506680 562.400000 564.400000
611.511635 562.400000 562.400000
612.517219 562.400000 562.400000
613.522148 562.400000 562.400000
614.575930 562.400000 573.600000
615.612162 562.400000 564.400000
616.629307 562.400000 564.400000
617.664093 562.400000 562.400000
618.671507 562.400000 562.400000
619.680163 562.400000 562.400000
620.702780 562.400000 562.400000
621.710095 562.400000 573.600000
622.744318 562.400000 566.000000
623.767632 562.400000 566.000000
624.777672 562.400000 566.000000
625.837023 562.400000 566.000000
626.837823 562.400000 568.000000
627.859262 562.400000 566.000000
628.877109 562.400000 566.000000
629.921299 562.400000 566.000000
630.928313 562.400000 568.000000
631.964631 562.400000 568.000000
632.979883 562.400000 568.000000
634.021396 562.400000 568.000000
635.052298 562.400000 584.800000
636.070154 562.400000 570.000000
637.106460 562.400000 566.000000
638.173279 562.400000 566.000000
639.183910 562.400000 566.000000
640.230220 562.400000 566.000000
641.250871 562.400000 562.400000
642.266424 562.400000 562.400000
643.327776 562.400000 562.400000
644.328239 562.400000 562.400000
645.342101 562.400000 579.200000
646.346717 562.400000 564.400000
647.357962 562.400000 564.400000
648.367887 562.400000 564.400000
649.372941 562.400000 562.400000
650.430929 562.400000 562.400000
651.436243 562.400000 562.400000
652.437144 562.400000 562.400000
653.457151 562.400000 568.000000
654.461065 562.400000 568.000000
655.467792 562.400000 568.000000
656.481203 562.400000 568.000000
657.482515 562.400000 568.000000
658.498602 562.400000 568.000000
659.499886 562.400000 568.000000
660.522478 562.400000 566.000000
661.531175 562.400000 566.000000
662.780532 562.400000 584.800000
663.829197 562.400000 564.400000
664.840387 562.400000 562.400000
665.856176 562.400000 562.400000
666.870720 562.400000 562.400000
667.893784 562.400000 573.600000
668.914759 562.400000 562.400000
669.917264 562.400000 562.400000
670.941307 562.400000 562.400000
671.987152 562.400000 562.400000
672.989743 562.400000 573.600000
673.991118 562.400000 568.000000
675.049790 562.400000 568.000000
676.111715 562.400000 568.000000
677.297050 562.400000 575.600000
678.302914 562.400000 568.000000
679.317922 562.400000 564.400000
680.359201 562.400000 562.400000
681.362335 562.400000 562.400000
682.393024 562.400000 562.400000
683.395859 562.400000 562.400000
684.420767 562.400000 562.400000
685.464749 562.400000 568.000000
686.484465 562.400000 562.400000
687.486863 562.400000 562.400000
688.487479 562.400000 562.400000
689.548448 562.400000 562.400000
690.605971 562.400000 573.600000
691.621271 562.400000 564.400000
692.629429 562.400000 564.400000
693.631941 562.400000 562.400000
694.635550 562.400000 562.400000
695.703980 562.400000 562.400000
696.710413 562.400000 573.600000
697.727361 562.400000 564.400000
698.771864 562.400000 564.400000
699.773025 562.400000 564.400000
700.783878 562.400000 564.400000
701.785034 562.400000 573.600000
702.856857 562.400000 566.000000
703.863704 562.400000 566.000000
704.873987 562.400000 566.000000
705.899441 562.400000 566.000000
707.115656 562.400000 573.600000
708.116560 562.400000 568.000000
709.130985 562.400000 566.000000
710.133207 562.400000 566.000000
711.152637 562.400000 566.000000
712.182123 562.400000 566.000000
713.247185 562.400000 568.000000
714.249895 562.400000 562.400000
715.295378 562.400000 562.400000
716.360839 562.400000 562.400000
717.399749 562.400000 575.600000
718.423876 562.400000 568.000000
719.424939 562.400000 568.000000
720.480768 562.400000 568.000000
721.483800 562.400000 568.000000
722.514862 562.400000 584.800000
723.543540 562.400000 568.000000
724.607749 562.400000 568.000000
725.614598 562.400000 566.000000
726.617062 562.400000 566.000000
727.624217 562.400000 562.400000
728.632096 562.400000 562.400000
729.641761 562.400000 562.400000
730.666928 562.400000 573.600000
731.715198 562.400000 566.000000
732.735584 562.400000 562.400000
733.741122 562.400000 562.400000
734.747992 562.400000 562.400000
735.829918 562.400000 575.600000
736.830864 562.400000 566.000000
737.844906 562.400000 564.400000
738.849695 562.400000 564.400000
739.873164 562.400000 564.400000
741.041621 562.400000 573.600000
742.051337 562.400000 568.000000
743.051824 562.400000 566.000000
744.055547 562.400000 566.000000
745.077577 562.400000 566.000000
746.099166 562.400000 566.000000
747.181886 562.400000 568.000000
748.238000 562.400000 566.000000
749.244746 562.400000 564.400000
750.262897 562.400000 564.400000
751.265901 562.400000 564.400000
752.324595 562.400000 573.600000
753.332368 562.400000 568.000000
754.384786 562.400000 566.000000
755.391219 562.400000 566.000000
756.436296 562.400000 566.000000
757.637787 562.400000 601.600000
758.669027 562.400000 562.400000
759.683635 562.400000 562.400000
760.701605 562.400000 562.400000
761.806836 562.400000 579.200000
762.816104 562.400000 562.400000
763.819400 562.400000 562.400000
764.867951 562.400000 562.400000
765.910090 562.400000 568.000000
766.922301 562.400000 568.000000
768.002398 562.400000 568.000000
769.032853 562.400000 568.000000
770.073654 562.400000 568.000000
771.091211 562.400000 573.600000
772.153997 562.400000 564.400000
773.206435 562.400000 562.400000
774.223078 562.400000 562.400000
775.262783 562.400000 562.400000
776.319092 562.400000 562.400000
777.366363 562.400000 568.000000
778.380474 562.400000 562.400000
779.381030 562.400000 562.400000
780.418470 562.400000 562.400000
781.435064 562.400000 562.400000
782.511709 562.400000 573.600000
783.580512 562.400000 568.000000
784.593666 562.400000 568.000000
785.642703 562.400000 568.000000
786.643138 562.400000 568.000000
787.706324 562.400000 573.600000
788.719544 562.400000 566.000000
789.739840 562.400000 566.000000
790.740670 562.400000 562.400000
791.747853 562.400000 562.400000
792.759410 562.400000 562.400000
793.812165 562.400000 562.400000
794.820874 562.400000 579.200000
795.891431 562.400000 562.400000
796.909675 562.400000 562.400000
797.946511 562.400000 562.400000
798.968250 562.400000 562.400000
799.997319 562.400000 568.000000
