0 596 0.229343 300 0
0 579.2 0.314027 0
0 571.6 0.396596 0
0 568 0.493357 1
0 568 2.46448 300 85
0 564.4 2.71815 85
0 564.4 4.7503 300 85
0 564.4 7.7448 300 85
0 562.4 10.3798 85
0 562.4 12.5469 300 85
0 562.4 17.0103 300 86
0 562.4 20.8609 300 86
0 562.4 25.4402 300 86
0 562.4 29.9749 300 86
0 562.4 33.7862 300 86
0 562.4 40.2718 300 86
0 562.4 46.6242 300 86
0 562.4 51.2542 300 86
0 562.4 55.7104 300 86
0 562.4 59.9605 300 86
0 562.4 63.4626 300 86
0 562.4 66.482 300 86
0 562.4 70.0818 300 86
0 562.4 75.8825 300 88
0 562.4 79.5499 300 88
0 562.4 83.8013 300 88
0 562.4 88.8124 300 88
0 562.4 93.4453 300 88
0 562.4 97.8727 300 88
0 562.4 105.542 300 88
0 562.4 112.299 300 88
0 562.4 117.355 300 88
0 562.4 121.286 300 88
0 562.4 126.327 300 88
0 562.4 131.045 300 88
0 562.4 134.159 300 89
0 562.4 137.463 300 89
0 562.4 141.19 300 89
0 562.4 144.654 300 89
0 562.4 150.287 300 89
0 562.4 153.538 300 89
0 562.4 157.094 300 89
0 562.4 161.467 300 89
0 562.4 165.174 300 89
0 562.4 169.558 300 89
0 562.4 173.373 300 89
0 562.4 177.425 300 89
0 562.4 181.109 300 89
0 562.4 185.317 300 89
0 562.4 190.179 300 89
0 562.4 194.561 300 89
0 562.4 199.155 300 89
0 562.4 204.714 300 89
0 562.4 209.05 300 89
0 562.4 213.256 300 89
0 562.4 219.127 300 89
0 562.4 224.314 300 89
0 562.4 229.892 300 89
0 562.4 233.988 300 89
0 562.4 238.17 300 89
0 562.4 243.723 300 89
0 562.4 248.875 300 89
0 562.4 256.236 300 89
0 562.4 263.58 300 89
0 562.4 268.561 300 89
0 562.4 273.449 300 89
0 562.4 278.309 300 89
0 562.4 283.299 300 89
0 562.4 290.961 300 89
0 562.4 295.716 300 89
0 562.4 300.201 300 89
0 562.4 304.89 300 89
0 562.4 309.787 300 89
0 562.4 314.742 300 89
0 562.4 320.844 300 89
0 562.4 326.061 300 89
0 562.4 331.751 300 89
0 562.4 336.845 300 89
0 562.4 343.793 300 89
0 562.4 347.869 300 89
0 562.4 352.721 300 89
0 562.4 357.782 300 89
0 562.4 364.665 300 89
0 562.4 371.912 300 89
0 562.4 378.045 300 89
0 562.4 383.274 300 89
0 562.4 386.893 300 89
0 562.4 391.198 300 89
0 562.4 397.079 300 89
0 562.4 404.388 300 89
0 562.4 409.328 300 89
0 562.4 414.652 300 89
0 562.4 420.886 300 89
0 562.4 426.069 300 89
0 562.4 431.327 300 89
0 562.4 439.02 300 89
0 562.4 446.761 300 89
0 562.4 453.599 300 89
0 562.4 458.106 300 89
0 562.4 462.515 300 89
0 562.4 469.819 300 89
0 562.4 473.769 300 89
0 562.4 481.479 300 89
0 562.4 488.306 300 89
0 562.4 493.133 300 89
0 562.4 498.103 300 89
0 562.4 502.786 300 89
0 562.4 507.994 300 89
0 562.4 512.504 300 89
0 562.4 518.198 300 89
0 562.4 522.934 300 89
0 562.4 530.831 300 89
0 562.4 534.821 300 89
0 562.4 538.113 300 89
0 562.4 542.03 300 89
0 562.4 546.349 300 89
0 562.4 553.696 300 89
0 562.4 557.909 300 89
0 562.4 561.224 300 89
0 562.4 566.876 300 89
0 562.4 573.137 300 89
0 562.4 578.008 300 89
0 562.4 584.119 300 89
0 562.4 589.23 300 89
0 562.4 593.629 300 89
0 562.4 597.837 300 89
0 562.4 601.41 300 89
0 562.4 605.967 300 89
0 562.4 611.217 300 89
0 562.4 615.475 300 89
0 562.4 621.211 300 89
0 562.4 628.99 300 89
0 562.4 633.641 300 89
0 562.4 640.48 300 89
0 562.4 645.377 300 89
0 562.4 649.986 300 89
0 562.4 655.082 300 89
0 562.4 660.615 300 89
0 562.4 669.837 300 89
0 562.4 675.02 300 89
0 562.4 679.508 300 89
0 562.4 685.706 300 89
0 562.4 693.181 300 89
0 562.4 701.33 300 89
0 562.4 706.526 300 89
0 562.4 712.049 300 89
0 562.4 718.571 300 89
0 562.4 724.205 300 89
0 562.4 730.824 300 89
0 562.4 736.292 300 89
0 562.4 741.772 300 89
0 562.4 747.651 300 89
0 562.4 752.825 300 89
0 562.4 758.11 300 89
0 562.4 762.434 300 89
0 562.4 767.176 300 89
0 562.4 771.944 300 89
0 562.4 777.165 300 89
0 562.4 782.068 300 89
0 562.4 787.232 300 89
0 562.4 792.315 300 89
0 562.4 798.796 300 89
