0.000421 71.200000 71.200000
1.000435 71.200000 71.200000
2.000442 71.200000 71.200000
3.000443 71.200000 71.200000
4.000444 71.200000 71.200000
5.000444 71.200000 71.200000
6.000445 71.200000 71.200000
7.000448 71.200000 71.200000
8.000456 71.200000 71.200000
9.000456 71.200000 71.200000
10.000459 71.200000 71.200000
11.000467 71.200000 71.200000
12.000514 71.200000 71.200000
13.000514 71.200000 71.200000
14.000579 71.200000 71.200000
15.000594 71.200000 71.200000
16.000611 71.200000 71.200000
17.000611 71.200000 71.200000
18.000617 71.200000 71.200000
19.000618 71.200000 71.200000
20.000634 71.200000 71.200000
21.000640 71.200000 71.200000
22.000645 71.200000 71.200000
23.000645 71.200000 71.200000
24.000662 71.200000 71.200000
25.000667 71.200000 71.200000
26.000667 71.200000 71.200000
27.000706 71.200000 71.200000
28.000710 71.200000 71.200000
29.000711 71.200000 71.200000
30.000720 71.200000 71.200000
31.000724 71.200000 71.200000
32.000728 71.200000 71.200000
33.000731 71.200000 71.200000
34.000736 71.200000 71.200000
35.000739 71.200000 71.200000
36.000746 71.200000 71.200000
37.000746 71.200000 71.200000
38.000749 71.200000 71.200000
39.000753 71.200000 71.200000
40.000753 71.200000 71.200000
41.000757 71.200000 71.200000
42.000758 71.200000 71.200000
43.000759 71.200000 71.200000
44.000763 71.200000 71.200000
45.000768 71.200000 71.200000
46.000771 71.200000 71.200000
47.000777 71.200000 71.200000
48.000787 71.200000 71.200000
49.000791 71.200000 71.200000
50.000830 71.200000 71.200000
51.000840 71.200000 71.200000
52.000843 71.200000 71.200000
53.000846 71.200000 71.200000
54.000848 71.200000 71.200000
55.000849 71.200000 71.200000
56.000852 71.200000 71.200000
57.000890 71.200000 71.200000
58.000891 71.200000 71.200000
59.000894 71.200000 71.200000
60.000895 71.200000 71.200000
61.000897 71.200000 71.200000
62.000906 71.200000 71.200000
63.000908 71.200000 71.200000
64.000919 71.200000 71.200000
65.000949 71.200000 71.200000
66.000950 71.200000 71.200000
67.000951 71.200000 71.200000
68.000954 71.200000 71.200000
69.000958 71.200000 71.200000
70.000964 71.200000 71.200000
71.001140 71.200000 71.200000
72.001142 71.200000 71.200000
73.001161 71.200000 71.200000
74.001165 71.200000 71.200000
75.001175 71.200000 71.200000
76.001208 71.200000 71.200000
77.001211 71.200000 71.200000
78.001212 71.200000 71.200000
79.001222 71.200000 71.200000
80.001225 71.200000 71.200000
81.001225 71.200000 71.200000
82.001226 71.200000 71.200000
83.001227 71.200000 71.200000
84.001227 71.200000 71.200000
85.001228 71.200000 71.200000
86.001236 71.200000 71.200000
87.001238 71.200000 71.200000
88.001283 71.200000 71.200000
89.001284 71.200000 71.200000
90.001288 71.200000 71.200000
91.001291 71.200000 71.200000
92.001296 71.200000 71.200000
93.001296 71.200000 71.200000
94.001296 71.200000 71.200000
95.001300 71.200000 71.200000
96.001303 71.200000 71.200000
97.001303 71.200000 71.200000
98.001305 71.200000 71.200000
99.001306 71.200000 71.200000
100.001331 71.200000 71.200000
101.001331 71.200000 71.200000
102.001334 71.200000 71.200000
103.001338 71.200000 71.200000
104.001338 71.200000 71.200000
105.001338 71.200000 71.200000
106.001354 71.200000 71.200000
107.001356 71.200000 71.200000
108.001357 71.200000 71.200000
109.001364 71.200000 71.200000
110.001366 71.200000 71.200000
111.001366 71.200000 71.200000
112.001377 71.200000 71.200000
113.001418 71.200000 71.200000
114.001428 71.200000 71.200000
115.001439 71.200000 71.200000
116.001468 71.200000 71.200000
117.001477 71.200000 71.200000
118.001478 71.200000 71.200000
119.001479 71.200000 71.200000
120.001482 71.200000 71.200000
121.001483 71.200000 71.200000
122.001506 71.200000 71.200000
123.001518 71.200000 71.200000
124.001520 71.200000 71.200000
125.001522 71.200000 71.200000
126.001526 71.200000 71.200000
127.001542 71.200000 71.200000
128.001545 71.200000 71.200000
129.001549 71.200000 71.200000
130.001557 71.200000 71.200000
131.001591 71.200000 71.200000
132.001593 71.200000 71.200000
133.001595 71.200000 71.200000
134.001604 71.200000 71.200000
135.001615 71.200000 71.200000
136.001653 71.200000 71.200000
137.001664 71.200000 71.200000
138.001667 71.200000 71.200000
139.001673 71.200000 71.200000
140.001674 71.200000 71.200000
141.001680 71.200000 71.200000
142.001682 71.200000 71.200000
143.001682 71.200000 71.200000
144.001683 71.200000 71.200000
145.001683 71.200000 71.200000
146.001689 71.200000 71.200000
147.001689 71.200000 71.200000
148.001689 71.200000 71.200000
149.001694 71.200000 71.200000
150.001694 71.200000 71.200000
151.001699 71.200000 71.200000
152.001709 71.200000 71.200000
153.001720 71.200000 71.200000
154.001732 71.200000 71.200000
155.001732 71.200000 71.200000
156.001733 71.200000 71.200000
157.001734 71.200000 71.200000
158.001745 71.200000 71.200000
159.001746 71.200000 71.200000
160.001748 71.200000 71.200000
161.001757 71.200000 71.200000
162.001757 71.200000 71.200000
163.001761 71.200000 71.200000
164.001768 71.200000 71.200000
165.001768 71.200000 71.200000
166.001790 71.200000 71.200000
167.001802 71.200000 71.200000
168.001847 71.200000 71.200000
169.001854 71.200000 71.200000
170.001860 71.200000 71.200000
171.001869 71.200000 71.200000
172.001869 71.200000 71.200000
173.001869 71.200000 71.200000
174.001872 71.200000 71.200000
175.001872 71.200000 71.200000
176.001880 71.200000 71.200000
177.001883 71.200000 71.200000
178.001883 71.200000 71.200000
179.001884 71.200000 71.200000
180.001885 71.200000 71.200000
181.001885 71.200000 71.200000
182.001896 71.200000 71.200000
183.001900 71.200000 71.200000
184.001904 71.200000 71.200000
185.001905 71.200000 71.200000
186.001913 71.200000 71.200000
187.001913 71.200000 71.200000
188.001914 71.200000 71.200000
189.001916 71.200000 71.200000
190.001928 71.200000 71.200000
191.001931 71.200000 71.200000
192.001964 71.200000 71.200000
193.001972 71.200000 71.200000
194.001973 71.200000 71.200000
195.001975 71.200000 71.200000
196.001985 71.200000 71.200000
197.001988 71.200000 71.200000
198.001989 71.200000 71.200000
199.001991 71.200000 71.200000
200.002001 71.200000 71.200000
201.002004 71.200000 71.200000
202.002006 71.200000 71.200000
203.002016 71.200000 71.200000
204.002016 71.200000 71.200000
205.002017 71.200000 71.200000
206.002026 71.200000 71.200000
207.002029 71.200000 71.200000
208.002029 71.200000 71.200000
209.002029 71.200000 71.200000
210.002088 71.200000 71.200000
211.002096 71.200000 71.200000
212.002096 71.200000 71.200000
213.002108 71.200000 71.200000
214.002108 71.200000 71.200000
215.002112 71.200000 71.200000
216.002112 71.200000 71.200000
217.002125 71.200000 71.200000
218.002133 71.200000 71.200000
219.002134 71.200000 71.200000
220.002136 71.200000 71.200000
221.002137 71.200000 71.200000
222.002146 71.200000 71.200000
223.002152 71.200000 71.200000
224.002160 71.200000 71.200000
225.002173 71.200000 71.200000
226.002206 71.200000 71.200000
227.002210 71.200000 71.200000
228.002211 71.200000 71.200000
229.002212 71.200000 71.200000
230.002214 71.200000 71.200000
231.002220 71.200000 71.200000
232.002221 71.200000 71.200000
233.002221 71.200000 71.200000
234.002223 71.200000 71.200000
235.002225 71.200000 71.200000
236.002236 71.200000 71.200000
237.002240 71.200000 71.200000
238.002240 71.200000 71.200000
239.002241 71.200000 71.200000
240.002244 71.200000 71.200000
241.002286 71.200000 71.200000
242.002286 71.200000 71.200000
243.002289 71.200000 71.200000
244.002299 71.200000 71.200000
245.002303 71.200000 71.200000
246.002303 71.200000 71.200000
247.002303 71.200000 71.200000
248.002322 71.200000 71.200000
249.002332 71.200000 71.200000
250.002333 71.200000 71.200000
251.002340 71.200000 71.200000
252.002341 71.200000 71.200000
253.002401 71.200000 71.200000
254.002401 71.200000 71.200000
255.002448 71.200000 71.200000
256.002448 71.200000 71.200000
257.002460 71.200000 71.200000
258.002464 71.200000 71.200000
259.002465 71.200000 71.200000
260.002468 71.200000 71.200000
261.002479 71.200000 71.200000
262.002483 71.200000 71.200000
263.002485 71.200000 71.200000
264.002490 71.200000 71.200000
265.002490 71.200000 71.200000
266.002493 71.200000 71.200000
267.002547 71.200000 71.200000
268.002559 71.200000 71.200000
269.002566 71.200000 71.200000
270.002568 71.200000 71.200000
271.002571 71.200000 71.200000
272.002572 71.200000 71.200000
273.002583 71.200000 71.200000
274.002587 71.200000 71.200000
275.002600 71.200000 71.200000
276.002603 71.200000 71.200000
277.002604 71.200000 71.200000
278.002604 71.200000 71.200000
279.002607 71.200000 71.200000
280.002610 71.200000 71.200000
281.002611 71.200000 71.200000
282.002611 71.200000 71.200000
283.002614 71.200000 71.200000
284.002616 71.200000 71.200000
285.002618 71.200000 71.200000
286.002619 71.200000 71.200000
287.002628 71.200000 71.200000
288.002628 71.200000 71.200000
289.002636 71.200000 71.200000
290.002676 71.200000 71.200000
291.002676 71.200000 71.200000
292.002677 71.200000 71.200000
293.002681 71.200000 71.200000
294.002691 71.200000 71.200000
295.002691 71.200000 71.200000
296.002696 71.200000 71.200000
297.002705 71.200000 71.200000
298.002709 71.200000 71.200000
299.002713 71.200000 71.200000
300.002713 71.200000 71.200000
301.002724 71.200000 71.200000
302.002725 71.200000 71.200000
303.002725 71.200000 71.200000
304.002726 71.200000 71.200000
305.002730 71.200000 71.200000
306.002730 71.200000 71.200000
307.002736 71.200000 71.200000
308.002736 71.200000 71.200000
309.002738 71.200000 71.200000
310.002739 71.200000 71.200000
311.002742 71.200000 71.200000
312.002748 71.200000 71.200000
313.002752 71.200000 71.200000
314.002752 71.200000 71.200000
315.002753 71.200000 71.200000
316.002755 71.200000 71.200000
317.002756 71.200000 71.200000
318.002765 71.200000 71.200000
319.002771 71.200000 71.200000
320.002773 71.200000 71.200000
321.002773 71.200000 71.200000
322.002773 71.200000 71.200000
323.002780 71.200000 71.200000
324.002781 71.200000 71.200000
325.002794 71.200000 71.200000
326.002805 71.200000 71.200000
327.002814 71.200000 71.200000
328.002826 71.200000 71.200000
329.002837 71.200000 71.200000
330.002840 71.200000 71.200000
331.002841 71.200000 71.200000
332.002848 71.200000 71.200000
333.002856 71.200000 71.200000
334.002863 71.200000 71.200000
335.002865 71.200000 71.200000
336.002906 71.200000 71.200000
337.002906 71.200000 71.200000
338.002909 71.200000 71.200000
339.002910 71.200000 71.200000
340.002914 71.200000 71.200000
341.002915 71.200000 71.200000
342.002915 71.200000 71.200000
343.002919 71.200000 71.200000
344.002948 71.200000 71.200000
345.002958 71.200000 71.200000
346.002958 71.200000 71.200000
347.002960 71.200000 71.200000
348.002970 71.200000 71.200000
349.002972 71.200000 71.200000
350.002981 71.200000 71.200000
351.002981 71.200000 71.200000
352.002983 71.200000 71.200000
353.002984 71.200000 71.200000
354.002984 71.200000 71.200000
355.002984 71.200000 71.200000
356.002995 71.200000 71.200000
357.002995 71.200000 71.200000
358.003003 71.200000 71.200000
359.003003 71.200000 71.200000
360.003003 71.200000 71.200000
361.003006 71.200000 71.200000
362.003015 71.200000 71.200000
363.003020 71.200000 71.200000
364.003021 71.200000 71.200000
365.003023 71.200000 71.200000
366.003031 71.200000 71.200000
367.003031 71.200000 71.200000
368.003031 71.200000 71.200000
369.003033 71.200000 71.200000
370.003042 71.200000 71.200000
371.003044 71.200000 71.200000
372.003046 71.200000 71.200000
373.003054 71.200000 71.200000
374.003056 71.200000 71.200000
375.003065 71.200000 71.200000
376.003067 71.200000 71.200000
377.003067 71.200000 71.200000
378.003068 71.200000 71.200000
379.003075 71.200000 71.200000
380.003107 71.200000 71.200000
381.003160 71.200000 71.200000
382.003160 71.200000 71.200000
383.003167 71.200000 71.200000
384.003169 71.200000 71.200000
385.003180 71.200000 71.200000
386.003182 71.200000 71.200000
387.003185 71.200000 71.200000
388.003195 71.200000 71.200000
389.003204 71.200000 71.200000
390.003205 71.200000 71.200000
391.003207 71.200000 71.200000
392.003209 71.200000 71.200000
393.003220 71.200000 71.200000
394.003223 71.200000 71.200000
395.003224 71.200000 71.200000
396.003232 71.200000 71.200000
397.003242 71.200000 71.200000
398.003244 71.200000 71.200000
399.003246 71.200000 71.200000
400.003247 71.200000 71.200000
401.003248 71.200000 71.200000
402.003250 71.200000 71.200000
403.003252 71.200000 71.200000
404.003262 71.200000 71.200000
405.003263 71.200000 71.200000
406.003266 71.200000 71.200000
407.003266 71.200000 71.200000
408.003266 71.200000 71.200000
409.003266 71.200000 71.200000
410.003266 71.200000 71.200000
411.003274 71.200000 71.200000
412.003283 71.200000 71.200000
413.003291 71.200000 71.200000
414.003294 71.200000 71.200000
415.003314 71.200000 71.200000
416.003339 71.200000 71.200000
417.003341 71.200000 71.200000
418.003372 71.200000 71.200000
419.003391 71.200000 71.200000
420.003392 71.200000 71.200000
421.003392 71.200000 71.200000
422.003398 71.200000 71.200000
423.003400 71.200000 71.200000
424.003410 71.200000 71.200000
425.003450 71.200000 71.200000
426.003451 71.200000 71.200000
427.003452 71.200000 71.200000
428.003453 71.200000 71.200000
429.003464 71.200000 71.200000
430.003465 71.200000 71.200000
431.003481 71.200000 71.200000
432.003487 71.200000 71.200000
433.003495 71.200000 71.200000
434.003503 71.200000 71.200000
435.003504 71.200000 71.200000
436.003505 71.200000 71.200000
437.003520 71.200000 71.200000
438.003522 71.200000 71.200000
439.003558 71.200000 71.200000
440.003564 71.200000 71.200000
441.003565 71.200000 71.200000
442.003576 71.200000 71.200000
443.003582 71.200000 71.200000
444.003588 71.200000 71.200000
445.003597 71.200000 71.200000
446.003629 71.200000 71.200000
447.003637 71.200000 71.200000
448.003643 71.200000 71.200000
449.003645 71.200000 71.200000
450.003645 71.200000 71.200000
451.003653 71.200000 71.200000
452.003660 71.200000 71.200000
453.003668 71.200000 71.200000
454.003671 71.200000 71.200000
455.003671 71.200000 71.200000
456.003671 71.200000 71.200000
457.003671 71.200000 71.200000
458.003674 71.200000 71.200000
459.003690 71.200000 71.200000
460.003694 71.200000 71.200000
461.003695 71.200000 71.200000
462.003695 71.200000 71.200000
463.003703 71.200000 71.200000
464.003707 71.200000 71.200000
465.003710 71.200000 71.200000
466.003710 71.200000 71.200000
467.003712 71.200000 71.200000
468.003712 71.200000 71.200000
469.003715 71.200000 71.200000
470.003724 71.200000 71.200000
471.003724 71.200000 71.200000
472.003724 71.200000 71.200000
473.003725 71.200000 71.200000
474.003725 71.200000 71.200000
475.003729 71.200000 71.200000
476.003730 71.200000 71.200000
477.003733 71.200000 71.200000
478.003743 71.200000 71.200000
479.003755 71.200000 71.200000
480.003757 71.200000 71.200000
481.003760 71.200000 71.200000
482.003762 71.200000 71.200000
483.003763 71.200000 71.200000
484.003770 71.200000 71.200000
485.003773 71.200000 71.200000
486.003777 71.200000 71.200000
487.003784 71.200000 71.200000
488.003793 71.200000 71.200000
489.003794 71.200000 71.200000
490.003796 71.200000 71.200000
491.003805 71.200000 71.200000
492.003810 71.200000 71.200000
493.003810 71.200000 71.200000
494.003810 71.200000 71.200000
495.003818 71.200000 71.200000
496.003818 71.200000 71.200000
497.003821 71.200000 71.200000
498.003821 71.200000 71.200000
499.003828 71.200000 71.200000
500.003831 71.200000 71.200000
501.003837 71.200000 71.200000
502.003840 71.200000 71.200000
503.003840 71.200000 71.200000
504.003846 71.200000 71.200000
505.003848 71.200000 71.200000
506.003860 71.200000 71.200000
507.003869 71.200000 71.200000
508.003876 71.200000 71.200000
509.003877 71.200000 71.200000
510.003919 71.200000 71.200000
511.003922 71.200000 71.200000
512.003922 71.200000 71.200000
513.003928 71.200000 71.200000
514.003935 71.200000 71.200000
515.003947 71.200000 71.200000
516.003947 71.200000 71.200000
517.003947 71.200000 71.200000
518.003951 71.200000 71.200000
519.003952 71.200000 71.200000
520.003954 71.200000 71.200000
521.003954 71.200000 71.200000
522.003956 71.200000 71.200000
523.003956 71.200000 71.200000
524.003958 71.200000 71.200000
525.003959 71.200000 71.200000
526.003959 71.200000 71.200000
527.003959 71.200000 71.200000
528.003967 71.200000 71.200000
529.003968 71.200000 71.200000
530.003982 71.200000 71.200000
531.003989 71.200000 71.200000
532.003998 71.200000 71.200000
533.004006 71.200000 71.200000
534.004007 71.200000 71.200000
535.004007 71.200000 71.200000
536.004031 71.200000 71.200000
537.004034 71.200000 71.200000
538.004034 71.200000 71.200000
539.004055 71.200000 71.200000
540.004055 71.200000 71.200000
541.004057 71.200000 71.200000
542.004061 71.200000 71.200000
543.004062 71.200000 71.200000
544.004065 71.200000 71.200000
545.004066 71.200000 71.200000
546.004067 71.200000 71.200000
547.004071 71.200000 71.200000
548.004075 71.200000 71.200000
549.004078 71.200000 71.200000
550.004141 71.200000 71.200000
551.004141 71.200000 71.200000
552.004143 71.200000 71.200000
553.004149 71.200000 71.200000
554.004160 71.200000 71.200000
555.004162 71.200000 71.200000
556.004172 71.200000 71.200000
557.004173 71.200000 71.200000
558.004181 71.200000 71.200000
559.004209 71.200000 71.200000
560.004218 71.200000 71.200000
561.004228 71.200000 71.200000
562.004235 71.200000 71.200000
563.004243 71.200000 71.200000
564.004252 71.200000 71.200000
565.004259 71.200000 71.200000
566.004259 71.200000 71.200000
567.004259 71.200000 71.200000
568.004265 71.200000 71.200000
569.004274 71.200000 71.200000
570.004282 71.200000 71.200000
571.004284 71.200000 71.200000
572.004288 71.200000 71.200000
573.004290 71.200000 71.200000
574.004294 71.200000 71.200000
575.004296 71.200000 71.200000
576.004296 71.200000 71.200000
577.004299 71.200000 71.200000
578.004303 71.200000 71.200000
579.004304 71.200000 71.200000
580.004305 71.200000 71.200000
581.004307 71.200000 71.200000
582.004338 71.200000 71.200000
583.004347 71.200000 71.200000
584.004371 71.200000 71.200000
585.004374 71.200000 71.200000
586.004376 71.200000 71.200000
587.004377 71.200000 71.200000
588.004384 71.200000 71.200000
589.004393 71.200000 71.200000
590.004394 71.200000 71.200000
591.004394 71.200000 71.200000
592.004394 71.200000 71.200000
593.004397 71.200000 71.200000
594.004404 71.200000 71.200000
595.004404 71.200000 71.200000
596.004405 71.200000 71.200000
597.004406 71.200000 71.200000
598.004406 71.200000 71.200000
599.004412 71.200000 71.200000
600.004413 71.200000 71.200000
601.004422 71.200000 71.200000
602.004422 71.200000 71.200000
603.004424 71.200000 71.200000
604.004432 71.200000 71.200000
605.004433 71.200000 71.200000
606.004440 71.200000 71.200000
607.004447 71.200000 71.200000
608.004447 71.200000 71.200000
609.004451 71.200000 71.200000
610.004452 71.200000 71.200000
611.004453 71.200000 71.200000
612.004459 71.200000 71.200000
613.004464 71.200000 71.200000
614.004465 71.200000 71.200000
615.004469 71.200000 71.200000
616.004470 71.200000 71.200000
617.004471 71.200000 71.200000
618.004482 71.200000 71.200000
619.004484 71.200000 71.200000
620.004486 71.200000 71.200000
621.004495 71.200000 71.200000
622.004501 71.200000 71.200000
623.004504 71.200000 71.200000
624.004506 71.200000 71.200000
625.004513 71.200000 71.200000
626.004513 71.200000 71.200000
627.004521 71.200000 71.200000
628.004574 71.200000 71.200000
629.004574 71.200000 71.200000
630.004574 71.200000 71.200000
631.004575 71.200000 71.200000
632.004583 71.200000 71.200000
633.004583 71.200000 71.200000
634.004583 71.200000 71.200000
635.004588 71.200000 71.200000
636.004590 71.200000 71.200000
637.004598 71.200000 71.200000
638.004598 71.200000 71.200000
639.004601 71.200000 71.200000
640.004611 71.200000 71.200000
641.004611 71.200000 71.200000
642.004613 71.200000 71.200000
643.004622 71.200000 71.200000
644.004622 71.200000 71.200000
645.004629 71.200000 71.200000
646.004629 71.200000 71.200000
647.004662 71.200000 71.200000
648.004665 71.200000 71.200000
649.004667 71.200000 71.200000
650.004667 71.200000 71.200000
651.004667 71.200000 71.200000
652.004670 71.200000 71.200000
653.004673 71.200000 71.200000
654.004673 71.200000 71.200000
655.004675 71.200000 71.200000
656.004683 71.200000 71.200000
657.004731 71.200000 71.200000
658.004733 71.200000 71.200000
659.004733 71.200000 71.200000
660.004736 71.200000 71.200000
661.004736 71.200000 71.200000
662.004743 71.200000 71.200000
663.004746 71.200000 71.200000
664.004748 71.200000 71.200000
665.004795 71.200000 71.200000
666.004796 71.200000 71.200000
667.004797 71.200000 71.200000
668.004804 71.200000 71.200000
669.004813 71.200000 71.200000
670.004813 71.200000 71.200000
671.004820 71.200000 71.200000
672.004828 71.200000 71.200000
673.004828 71.200000 71.200000
674.004889 71.200000 71.200000
675.004893 71.200000 71.200000
676.004899 71.200000 71.200000
677.004932 71.200000 71.200000
678.004933 71.200000 71.200000
679.004933 71.200000 71.200000
680.004936 71.200000 71.200000
681.004946 71.200000 71.200000
682.004954 71.200000 71.200000
683.004955 71.200000 71.200000
684.004956 71.200000 71.200000
685.004956 71.200000 71.200000
686.004964 71.200000 71.200000
687.005001 71.200000 71.200000
688.005004 71.200000 71.200000
689.005007 71.200000 71.200000
690.005017 71.200000 71.200000
691.005023 71.200000 71.200000
692.005032 71.200000 71.200000
693.005032 71.200000 71.200000
694.005032 71.200000 71.200000
695.005038 71.200000 71.200000
696.005040 71.200000 71.200000
697.005040 71.200000 71.200000
698.005040 71.200000 71.200000
699.005051 71.200000 71.200000
700.005051 71.200000 71.200000
701.005051 71.200000 71.200000
702.005059 71.200000 71.200000
703.005063 71.200000 71.200000
704.005064 71.200000 71.200000
705.005064 71.200000 71.200000
706.005072 71.200000 71.200000
707.005072 71.200000 71.200000
708.005072 71.200000 71.200000
709.005072 71.200000 71.200000
710.005076 71.200000 71.200000
711.005082 71.200000 71.200000
712.005084 71.200000 71.200000
713.005126 71.200000 71.200000
714.005183 71.200000 71.200000
715.005186 71.200000 71.200000
716.005194 71.200000 71.200000
717.005198 71.200000 71.200000
718.005223 71.200000 71.200000
719.005232 71.200000 71.200000
720.005234 71.200000 71.200000
721.005258 71.200000 71.200000
722.005260 71.200000 71.200000
723.005260 71.200000 71.200000
724.005262 71.200000 71.200000
725.005268 71.200000 71.200000
726.005268 71.200000 71.200000
727.005271 71.200000 71.200000
728.005295 71.200000 71.200000
729.005298 71.200000 71.200000
730.005309 71.200000 71.200000
731.005359 71.200000 71.200000
732.005362 71.200000 71.200000
733.005442 71.200000 71.200000
734.005442 71.200000 71.200000
735.005444 71.200000 71.200000
736.005449 71.200000 71.200000
737.005453 71.200000 71.200000
738.005453 71.200000 71.200000
739.005454 71.200000 71.200000
740.005467 71.200000 71.200000
741.005470 71.200000 71.200000
742.005482 71.200000 71.200000
743.005484 71.200000 71.200000
744.005484 71.200000 71.200000
745.005486 71.200000 71.200000
746.005494 71.200000 71.200000
747.005500 71.200000 71.200000
748.005500 71.200000 71.200000
749.005501 71.200000 71.200000
750.005503 71.200000 71.200000
751.005512 71.200000 71.200000
752.005514 71.200000 71.200000
753.005516 71.200000 71.200000
754.005516 71.200000 71.200000
755.005528 71.200000 71.200000
756.005535 71.200000 71.200000
757.005540 71.200000 71.200000
758.005543 71.200000 71.200000
759.005550 71.200000 71.200000
760.005557 71.200000 71.200000
761.005566 71.200000 71.200000
762.005568 71.200000 71.200000
763.005568 71.200000 71.200000
764.005572 71.200000 71.200000
765.005572 71.200000 71.200000
766.005574 71.200000 71.200000
767.005575 71.200000 71.200000
768.005575 71.200000 71.200000
769.005583 71.200000 71.200000
770.005594 71.200000 71.200000
771.005604 71.200000 71.200000
772.005605 71.200000 71.200000
773.005605 71.200000 71.200000
774.005609 71.200000 71.200000
775.005612 71.200000 71.200000
776.005619 71.200000 71.200000
777.005623 71.200000 71.200000
778.005633 71.200000 71.200000
779.005637 71.200000 71.200000
780.005640 71.200000 71.200000
781.005643 71.200000 71.200000
782.005653 71.200000 71.200000
783.005655 71.200000 71.200000
784.005692 71.200000 71.200000
785.005701 71.200000 71.200000
786.005707 71.200000 71.200000
787.005744 71.200000 71.200000
788.005744 71.200000 71.200000
789.005769 71.200000 71.200000
790.005779 71.200000 71.200000
791.005784 71.200000 71.200000
792.005792 71.200000 71.200000
793.005796 71.200000 71.200000
794.005798 71.200000 71.200000
795.005802 71.200000 71.200000
796.005804 71.200000 71.200000
797.005805 71.200000 71.200000
798.005810 71.200000 71.200000
799.005816 71.200000 71.200000
