0 581.2 0.252016 300 0
0 573.6 0.348531 0
0 568 0.466541 0
0 568 2.63309 300 86
0 562.4 2.89086 86
0 562.4 4.80014 300 86
0 562.4 7.53819 300 86
0 562.4 10.3259 300 86
0 562.4 14.6377 300 86
0 562.4 19.2664 300 86
0 562.4 23.1942 300 86
0 562.4 27.0656 300 86
0 562.4 31.2052 300 86
0 562.4 35.5361 300 86
0 562.4 40.927 300 86
0 562.4 49.4694 300 86
0 562.4 54.3631 300 86
0 562.4 60.0311 300 86
0 562.4 65.0847 300 86
0 562.4 70.2931 300 86
0 562.4 75.2706 300 86
0 562.4 80.0468 300 86
0 562.4 85.6803 300 86
0 562.4 90.5771 300 86
0 562.4 96.881 300 86
0 562.4 102.597 300 86
0 562.4 107.54 300 86
0 562.4 112.164 300 86
0 562.4 116.832 300 86
0 562.4 121.569 300 86
0 562.4 126.227 300 86
0 562.4 130.593 300 86
0 562.4 134.628 300 86
0 562.4 138.575 300 86
0 562.4 142.582 300 86
0 562.4 147.098 300 86
0 562.4 151.547 300 86
0 562.4 155.565 300 86
0 562.4 159.558 300 86
0 562.4 164.302 300 86
0 562.4 168.632 300 86
0 562.4 172.484 300 86
0 562.4 178.954 300 86
0 562.4 184.838 300 86
0 562.4 193.339 300 86
0 562.4 199.397 300 86
0 562.4 206.539 300 86
0 562.4 210.588 300 86
0 562.4 214.761 300 86
0 562.4 219.469 300 86
0 562.4 224.78 300 86
0 562.4 229.33 300 86
0 562.4 233.756 300 86
0 562.4 238.799 300 86
0 562.4 243.228 300 86
0 562.4 247.64 300 86
0 562.4 253.345 300 86
0 562.4 261.793 300 87
0 562.4 266.794 300 87
0 562.4 271.673 300 87
0 562.4 275.083 300 87
0 562.4 280.451 300 87
0 562.4 285.29 300 87
0 562.4 290.109 300 87
0 562.4 294.525 300 87
0 562.4 301.071 300 87
0 562.4 305.056 300 87
0 562.4 309.722 300 87
0 562.4 314.825 300 87
0 562.4 320.823 300 87
0 562.4 325.761 300 87
0 562.4 330.881 300 87
0 562.4 334.412 300 87
0 562.4 339.338 300 87
0 562.4 343.781 300 87
0 562.4 348.272 300 87
0 562.4 356.072 300 87
0 562.4 360.778 300 87
0 562.4 365.962 300 87
0 562.4 371.064 300 87
0 562.4 376.046 300 87
0 562.4 379.599 300 87
0 562.4 388.07 300 87
0 562.4 393.045 300 88
0 562.4 398.794 300 88
0 562.4 403.354 300 88
0 562.4 408.344 300 88
0 562.4 412.888 300 88
0 562.4 420.782 300 88
0 562.4 424.607 300 88
0 562.4 427.581 300 88
0 562.4 433.076 300 88
0 562.4 437.256 300 88
0 562.4 441.39 300 88
0 562.4 447.27 300 89
0 562.4 452.339 300 89
0 562.4 456.982 300 89
0 562.4 461.595 300 89
0 562.4 466.162 300 89
0 562.4 471.069 300 89
0 562.4 475.381 300 89
0 562.4 480.226 300 89
0 562.4 485.276 300 89
0 562.4 489.834 300 89
0 562.4 495.81 300 89
0 562.4 502.232 300 89
0 562.4 506.445 300 89
0 562.4 510.807 300 89
0 562.4 518.098 300 89
0 562.4 523.324 300 89
0 562.4 527.637 300 89
0 562.4 531.961 300 89
0 562.4 536.204 300 89
0 562.4 539.981 300 89
0 562.4 546.002 300 89
0 562.4 550.022 300 89
0 562.4 554.39 300 89
0 562.4 558.815 300 89
0 562.4 563.547 300 89
0 562.4 568.183 300 89
0 562.4 572.679 300 89
0 562.4 576.893 300 89
0 562.4 583.136 300 89
0 562.4 587.304 300 89
0 562.4 591.952 300 89
0 562.4 596.18 300 89
0 562.4 602.125 300 89
0 562.4 607.117 300 89
0 562.4 612.15 300 89
0 562.4 616.775 300 89
0 562.4 620.817 300 89
0 562.4 625.218 300 89
0 562.4 629.299 300 89
0 562.4 634.101 300 89
0 562.4 638.851 300 89
0 562.4 643.085 300 89
0 562.4 647.794 300 89
0 562.4 651.893 300 89
0 562.4 657.733 300 89
0 562.4 662.131 300 89
0 562.4 665.377 300 89
0 562.4 668.676 300 89
0 562.4 672.473 300 89
0 562.4 676.976 300 89
0 562.4 681.414 300 89
0 562.4 688.328 300 89
0 562.4 693.086 300 89
0 562.4 698.053 300 89
0 562.4 702.798 300 89
0 562.4 707.341 300 89
0 562.4 711.357 300 89
0 562.4 716.27 300 89
0 562.4 721.211 300 89
0 562.4 726.007 300 89
0 562.4 731.054 300 89
0 562.4 735.432 300 89
0 562.4 741.994 300 89
0 562.4 747.933 300 89
0 562.4 754.362 300 89
0 562.4 759.567 300 89
0 562.4 764.314 300 89
0 562.4 770.415 300 89
0 562.4 774.709 300 89
0 562.4 779.863 300 89
0 562.4 785.047 300 89
0 562.4 791.484 300 89
0 562.4 797.488 300 89
