0.014939 773.200000 773.200000
1.015052 655.600000 666.800000
2.015697 655.600000 661.200000
3.018449 655.600000 750.800000
4.018948 655.600000 666.800000
5.019098 655.600000 661.200000
6.019109 655.600000 655.600000
7.019822 655.600000 655.600000
8.020487 655.600000 666.800000
9.020896 655.600000 672.400000
10.023747 655.600000 773.200000
11.024076 655.600000 672.400000
12.024359 655.600000 661.200000
13.024538 655.600000 661.200000
14.025259 655.600000 666.800000
15.025294 655.600000 666.800000
16.025763 655.600000 678.000000
17.026041 655.600000 672.400000
18.026817 655.600000 661.200000
19.027101 655.600000 666.800000
20.027872 655.600000 661.200000
21.027905 655.600000 661.200000
22.028184 655.600000 666.800000
23.028190 655.600000 666.800000
24.028297 655.600000 666.800000
25.032245 655.600000 773.200000
26.032361 655.600000 661.200000
27.032671 655.600000 661.200000
28.032770 655.600000 666.800000
29.033442 655.600000 666.800000
30.033780 655.600000 666.800000
31.034144 655.600000 661.200000
32.034268 655.600000 666.800000
33.034896 655.600000 666.800000
34.035080 655.600000 672.400000
35.035398 655.600000 672.400000
36.035500 655.600000 666.800000
37.036204 655.600000 661.200000
38.036966 655.600000 678.000000
39.037471 655.600000 666.800000
40.037865 655.600000 672.400000
41.039024 655.600000 678.000000
42.039318 655.600000 661.200000
43.039400 655.600000 666.800000
44.039802 655.600000 666.800000
45.047141 655.600000 767.600000
46.047403 655.600000 666.800000
47.047499 655.600000 767.600000
48.047717 655.600000 666.800000
49.048120 655.600000 666.800000
50.051385 655.600000 666.800000
51.051663 655.600000 672.400000
52.052274 655.600000 672.400000
53.052640 655.600000 762.000000
54.052653 655.600000 661.200000
55.052840 655.600000 762.000000
56.053067 655.600000 661.200000
57.053729 655.600000 672.400000
58.053736 655.600000 666.800000
59.054234 655.600000 666.800000
60.054361 655.600000 666.800000
61.054511 655.600000 655.600000
62.054524 655.600000 661.200000
63.054736 655.600000 678.000000
64.055309 655.600000 655.600000
65.055369 655.600000 661.200000
66.055555 655.600000 672.400000
67.055878 655.600000 661.200000
68.055941 655.600000 661.200000
69.056012 655.600000 666.800000
70.056241 655.600000 666.800000
71.056388 655.600000 661.200000
72.060164 655.600000 773.200000
73.060336 655.600000 655.600000
74.060594 655.600000 666.800000
75.060789 655.600000 661.200000
76.061228 655.600000 661.200000
77.061897 655.600000 661.200000
78.063603 655.600000 666.800000
79.063737 655.600000 672.400000
80.063886 655.600000 661.200000
81.064065 655.600000 661.200000
82.064135 655.600000 661.200000
83.064206 655.600000 666.800000
84.064228 655.600000 661.200000
85.064264 655.600000 661.200000
86.066017 655.600000 762.000000
87.066296 655.600000 672.400000
88.066431 655.600000 672.400000
89.066878 655.600000 666.800000
90.066960 655.600000 661.200000
91.067022 655.600000 666.800000
92.067713 655.600000 778.800000
93.068119 655.600000 666.800000
94.068615 655.600000 661.200000
95.069101 655.600000 666.800000
96.070182 655.600000 767.600000
97.070568 655.600000 661.200000
98.070968 655.600000 666.800000
99.071059 655.600000 672.400000
100.071502 655.600000 666.800000
101.077224 655.600000 778.800000
102.077399 655.600000 661.200000
103.077649 655.600000 661.200000
104.078597 655.600000 661.200000
105.079072 655.600000 666.800000
106.079261 655.600000 666.800000
107.082070 655.600000 762.000000
108.082261 655.600000 666.800000
109.082683 655.600000 661.200000
110.082794 655.600000 661.200000
111.082975 655.600000 661.200000
112.083073 655.600000 661.200000
113.083269 655.600000 655.600000
114.083485 655.600000 666.800000
115.084498 655.600000 661.200000
116.084751 655.600000 773.200000
117.085103 655.600000 666.800000
118.085583 655.600000 666.800000
119.085955 655.600000 661.200000
120.086034 655.600000 666.800000
121.086121 655.600000 661.200000
122.086729 655.600000 672.400000
123.087346 655.600000 666.800000
124.087622 650.000000 666.800000
125.087853 650.000000 666.800000
126.087912 650.000000 666.800000
127.088104 650.000000 666.800000
128.088642 650.000000 672.400000
129.088789 650.000000 672.400000
130.088941 650.000000 655.600000
131.089164 650.000000 661.200000
132.091113 650.000000 773.200000
133.091877 650.000000 666.800000
134.092621 650.000000 666.800000
135.093422 650.000000 661.200000
136.093765 650.000000 661.200000
137.094132 650.000000 661.200000
138.095040 650.000000 666.800000
139.095463 650.000000 661.200000
140.095585 650.000000 666.800000
141.095589 650.000000 655.600000
142.096244 650.000000 773.200000
143.096275 650.000000 666.800000
144.096459 650.000000 666.800000
145.096842 650.000000 661.200000
146.097220 650.000000 661.200000
147.097329 650.000000 666.800000
148.097481 650.000000 661.200000
149.097587 650.000000 672.400000
150.098107 650.000000 661.200000
151.098943 650.000000 661.200000
152.099112 650.000000 666.800000
153.099343 650.000000 666.800000
154.099514 650.000000 655.600000
155.099630 650.000000 666.800000
156.100182 650.000000 666.800000
157.100727 650.000000 655.600000
158.101160 650.000000 661.200000
159.101425 650.000000 666.800000
160.101591 650.000000 666.800000
161.101831 650.000000 661.200000
162.102600 650.000000 672.400000
163.103197 650.000000 672.400000
164.103512 650.000000 661.200000
165.103852 650.000000 773.200000
166.103879 650.000000 661.200000
167.106076 650.000000 666.800000
168.106600 650.000000 672.400000
169.107269 650.000000 655.600000
170.107407 650.000000 666.800000
171.107467 650.000000 666.800000
172.107638 650.000000 655.600000
173.107814 650.000000 666.800000
174.108257 650.000000 666.800000
175.108407 650.000000 672.400000
176.109038 650.000000 661.200000
177.109217 650.000000 666.800000
178.109234 650.000000 661.200000
179.109689 650.000000 666.800000
180.110106 650.000000 666.800000
181.114197 650.000000 762.000000
182.114639 650.000000 672.400000
183.114842 650.000000 661.200000
184.114867 650.000000 661.200000
185.115039 650.000000 666.800000
186.115794 650.000000 661.200000
187.116104 650.000000 672.400000
188.116630 650.000000 661.200000
189.116782 650.000000 767.600000
190.116814 650.000000 672.400000
191.116986 650.000000 661.200000
192.117159 650.000000 666.800000
193.117575 650.000000 672.400000
194.117666 650.000000 666.800000
195.117871 650.000000 661.200000
196.118070 650.000000 661.200000
197.118219 650.000000 666.800000
198.118777 650.000000 661.200000
199.119047 650.000000 661.200000
200.119512 650.000000 661.200000
201.119815 650.000000 661.200000
202.120054 650.000000 655.600000
203.120520 650.000000 661.200000
204.120797 650.000000 666.800000
205.121197 650.000000 661.200000
206.121984 650.000000 666.800000
207.122075 650.000000 661.200000
208.122567 650.000000 661.200000
209.122746 650.000000 666.800000
210.122775 650.000000 661.200000
211.122809 650.000000 666.800000
212.123203 650.000000 666.800000
213.123242 650.000000 666.800000
214.123257 650.000000 666.800000
215.123611 650.000000 666.800000
216.123881 650.000000 661.200000
217.124024 650.000000 666.800000
218.124385 650.000000 734.000000
219.126079 650.000000 767.600000
220.126637 650.000000 655.600000
221.128372 650.000000 767.600000
222.128409 650.000000 672.400000
223.129023 650.000000 661.200000
224.129247 650.000000 661.200000
225.129301 650.000000 672.400000
226.130058 650.000000 666.800000
227.130490 650.000000 666.800000
228.130809 650.000000 666.800000
229.130878 650.000000 661.200000
230.132069 650.000000 745.200000
231.140000 650.000000 767.600000
232.141177 650.000000 661.200000
233.141562 650.000000 666.800000
234.141643 650.000000 672.400000
235.141649 650.000000 661.200000
236.141681 650.000000 661.200000
237.142214 650.000000 666.800000
238.142293 650.000000 661.200000
239.142512 650.000000 666.800000
240.145197 650.000000 767.600000
241.145197 650.000000 655.600000
242.145398 650.000000 661.200000
243.145553 650.000000 661.200000
244.145996 650.000000 666.800000
245.146090 650.000000 661.200000
246.146833 650.000000 666.800000
247.146972 650.000000 661.200000
248.147326 650.000000 661.200000
249.148021 650.000000 666.800000
250.148274 650.000000 655.600000
251.148925 650.000000 672.400000
252.149142 650.000000 666.800000
253.149216 650.000000 661.200000
254.149370 650.000000 773.200000
255.154743 650.000000 773.200000
256.157429 650.000000 661.200000
257.157443 650.000000 666.800000
258.157680 650.000000 661.200000
259.157929 650.000000 666.800000
260.158113 650.000000 762.000000
261.158362 650.000000 666.800000
262.158943 650.000000 672.400000
263.160479 650.000000 694.800000
264.162936 650.000000 767.600000
265.163220 650.000000 672.400000
266.163353 650.000000 666.800000
267.163396 650.000000 661.200000
268.163764 650.000000 666.800000
269.164132 650.000000 666.800000
270.164432 650.000000 655.600000
271.165029 650.000000 778.800000
272.165813 650.000000 666.800000
273.176184 650.000000 773.200000
274.176441 650.000000 672.400000
275.176630 650.000000 672.400000
276.177420 650.000000 767.600000
277.177634 650.000000 666.800000
278.178005 650.000000 666.800000
279.178228 650.000000 666.800000
280.178642 650.000000 672.400000
281.178943 650.000000 672.400000
282.179143 650.000000 672.400000
283.179304 650.000000 661.200000
284.179544 650.000000 666.800000
285.179725 650.000000 666.800000
286.179860 650.000000 666.800000
287.179951 650.000000 666.800000
288.180654 650.000000 661.200000
289.180925 650.000000 661.200000
290.181342 650.000000 767.600000
291.181408 650.000000 672.400000
292.181564 650.000000 661.200000
293.181697 650.000000 672.400000
294.181805 650.000000 666.800000
295.182367 650.000000 672.400000
296.182675 650.000000 666.800000
297.190018 650.000000 773.200000
298.190857 650.000000 745.200000
299.191083 650.000000 666.800000
300.191540 650.000000 666.800000
301.191624 650.000000 666.800000
302.191768 650.000000 672.400000
303.191914 650.000000 672.400000
304.192322 650.000000 745.200000
305.192983 650.000000 672.400000
306.193784 650.000000 661.200000
307.194018 650.000000 655.600000
308.194457 650.000000 661.200000
309.194584 650.000000 661.200000
310.194906 650.000000 661.200000
311.195656 650.000000 666.800000
312.195685 650.000000 661.200000
313.196118 650.000000 666.800000
314.196137 650.000000 661.200000
315.196279 650.000000 666.800000
316.196712 650.000000 661.200000
317.196884 650.000000 672.400000
318.197123 650.000000 666.800000
319.197504 650.000000 666.800000
320.197602 650.000000 773.200000
321.197778 650.000000 666.800000
322.198191 650.000000 661.200000
323.198427 650.000000 661.200000
324.198799 650.000000 767.600000
325.198947 650.000000 661.200000
326.199243 650.000000 661.200000
327.199921 650.000000 666.800000
328.207210 650.000000 773.200000
329.207511 650.000000 666.800000
330.208047 650.000000 661.200000
331.208255 650.000000 666.800000
332.210348 650.000000 745.200000
333.210635 650.000000 661.200000
334.210673 650.000000 666.800000
335.211313 650.000000 666.800000
336.211597 650.000000 767.600000
337.211674 650.000000 661.200000
338.211701 650.000000 655.600000
339.212167 650.000000 661.200000
340.212460 650.000000 661.200000
341.212769 650.000000 655.600000
342.214174 650.000000 773.200000
343.214383 650.000000 666.800000
344.216534 650.000000 661.200000
345.216926 650.000000 661.200000
346.222900 650.000000 767.600000
347.223463 650.000000 672.400000
348.223560 650.000000 672.400000
349.223868 650.000000 661.200000
350.224048 650.000000 666.800000
351.224567 650.000000 666.800000
352.225290 650.000000 666.800000
353.225339 650.000000 661.200000
354.225705 650.000000 666.800000
355.225788 650.000000 661.200000
356.226245 650.000000 661.200000
357.226685 650.000000 672.400000
358.226790 650.000000 666.800000
359.227131 650.000000 672.400000
360.227369 650.000000 661.200000
361.227471 650.000000 661.200000
362.227576 650.000000 661.200000
363.228298 650.000000 666.800000
364.228820 650.000000 661.200000
365.229072 650.000000 666.800000
366.229311 650.000000 678.000000
367.229706 650.000000 661.200000
368.230212 650.000000 661.200000
369.234017 650.000000 778.800000
370.234230 650.000000 666.800000
371.234298 650.000000 678.000000
372.235153 650.000000 655.600000
373.235392 650.000000 661.200000
374.236283 650.000000 666.800000
375.236683 650.000000 661.200000
376.237000 650.000000 666.800000
377.237137 650.000000 672.400000
378.237704 650.000000 661.200000
379.238224 650.000000 661.200000
380.238908 650.000000 661.200000
381.239056 650.000000 666.800000
382.239353 650.000000 661.200000
383.241591 650.000000 773.200000
384.241858 650.000000 666.800000
385.242022 650.000000 666.800000
386.242161 650.000000 661.200000
387.249715 650.000000 739.600000
388.249797 650.000000 661.200000
389.250922 650.000000 778.800000
390.251334 650.000000 666.800000
391.251626 650.000000 661.200000
392.251860 650.000000 672.400000
393.252160 650.000000 672.400000
394.252291 650.000000 672.400000
395.252878 650.000000 661.200000
396.253653 650.000000 661.200000
397.253677 650.000000 666.800000
398.261324 650.000000 767.600000
399.262028 650.000000 666.800000
400.262093 650.000000 666.800000
401.262648 650.000000 661.200000
402.263097 650.000000 661.200000
403.263576 650.000000 661.200000
404.268121 650.000000 778.800000
405.268432 650.000000 672.400000
406.268842 650.000000 655.600000
407.269262 650.000000 773.200000
408.269792 650.000000 661.200000
409.270530 650.000000 739.600000
410.271202 650.000000 661.200000
411.271995 650.000000 655.600000
412.272903 650.000000 745.200000
413.272913 650.000000 661.200000
414.273302 650.000000 661.200000
415.273944 650.000000 661.200000
416.273975 650.000000 666.800000
417.274698 650.000000 666.800000
418.275280 650.000000 661.200000
419.275390 650.000000 655.600000
420.275749 650.000000 672.400000
421.276168 650.000000 661.200000
422.276681 650.000000 661.200000
423.276818 650.000000 666.800000
424.276950 650.000000 666.800000
425.277170 650.000000 666.800000
426.277177 650.000000 661.200000
427.277314 650.000000 666.800000
428.277316 650.000000 666.800000
429.277574 650.000000 672.400000
430.279113 650.000000 767.600000
431.279373 650.000000 666.800000
432.279852 650.000000 666.800000
433.279927 650.000000 661.200000
434.280644 650.000000 661.200000
435.280938 650.000000 666.800000
436.281130 650.000000 666.800000
437.281246 650.000000 661.200000
438.281292 650.000000 672.400000
439.285172 650.000000 767.600000
440.285681 650.000000 666.800000
441.285799 650.000000 672.400000
442.285883 650.000000 672.400000
443.288934 650.000000 756.400000
444.289063 650.000000 661.200000
445.289266 650.000000 666.800000
446.289864 650.000000 666.800000
447.290206 650.000000 672.400000
448.290647 650.000000 666.800000
449.290874 650.000000 666.800000
450.291417 650.000000 666.800000
451.291696 650.000000 661.200000
452.291796 650.000000 666.800000
453.292336 650.000000 661.200000
454.292371 650.000000 672.400000
455.292863 650.000000 666.800000
456.293024 650.000000 661.200000
457.293665 650.000000 678.000000
458.293780 650.000000 661.200000
459.293913 650.000000 672.400000
460.294011 650.000000 666.800000
461.294733 650.000000 666.800000
462.295580 650.000000 666.800000
463.295717 650.000000 661.200000
464.296110 650.000000 661.200000
465.296331 650.000000 661.200000
466.296527 650.000000 661.200000
467.296988 650.000000 666.800000
468.297290 650.000000 672.400000
469.297592 650.000000 655.600000
470.297928 650.000000 672.400000
471.297937 650.000000 672.400000
472.298043 650.000000 661.200000
473.298238 650.000000 661.200000
474.298670 650.000000 661.200000
475.298862 650.000000 666.800000
476.305147 650.000000 762.000000
477.305306 650.000000 661.200000
478.305393 650.000000 661.200000
479.305565 650.000000 661.200000
480.306039 650.000000 661.200000
481.306590 650.000000 750.800000
482.307232 650.000000 661.200000
483.307838 650.000000 666.800000
484.307976 650.000000 661.200000
485.308235 650.000000 661.200000
486.308898 650.000000 666.800000
487.309055 650.000000 661.200000
488.309906 650.000000 666.800000
489.310031 650.000000 661.200000
490.310219 650.000000 672.400000
491.310296 650.000000 666.800000
492.310750 650.000000 672.400000
493.316963 650.000000 767.600000
494.317537 650.000000 773.200000
495.317889 650.000000 666.800000
496.318276 650.000000 655.600000
497.318494 650.000000 694.800000
498.319192 650.000000 672.400000
499.320000 650.000000 661.200000
500.320220 650.000000 672.400000
501.320621 650.000000 661.200000
502.320660 650.000000 661.200000
503.320780 650.000000 661.200000
504.321833 650.000000 666.800000
505.328682 650.000000 767.600000
506.329583 650.000000 666.800000
507.329676 650.000000 666.800000
508.329715 650.000000 661.200000
509.330845 650.000000 666.800000
510.330962 650.000000 661.200000
511.331160 650.000000 666.800000
512.331466 650.000000 661.200000
513.337358 650.000000 762.000000
514.337720 650.000000 773.200000
515.337846 650.000000 661.200000
516.338066 650.000000 666.800000
517.338340 650.000000 778.800000
518.339162 650.000000 661.200000
519.344137 650.000000 767.600000
520.344829 650.000000 666.800000
521.344945 650.000000 661.200000
522.345006 650.000000 661.200000
523.345246 650.000000 666.800000
524.345491 650.000000 661.200000
525.346596 650.000000 778.800000
526.346688 650.000000 672.400000
527.347065 650.000000 655.600000
528.347151 650.000000 666.800000
529.347232 650.000000 661.200000
530.347408 650.000000 773.200000
531.347665 650.000000 666.800000
532.348328 650.000000 661.200000
533.348838 650.000000 666.800000
534.349000 650.000000 661.200000
535.349668 650.000000 661.200000
536.350394 650.000000 666.800000
537.350822 650.000000 661.200000
538.351531 650.000000 672.400000
539.352141 650.000000 661.200000
540.352351 650.000000 661.200000
541.352961 650.000000 666.800000
542.353191 650.000000 672.400000
543.353491 650.000000 661.200000
544.354323 650.000000 767.600000
545.354439 650.000000 666.800000
546.354932 650.000000 661.200000
547.355654 650.000000 666.800000
548.355665 650.000000 655.600000
549.356343 650.000000 672.400000
550.356860 650.000000 672.400000
551.357093 650.000000 672.400000
552.357316 650.000000 661.200000
553.357922 650.000000 661.200000
554.358076 650.000000 672.400000
555.358512 650.000000 678.000000
556.358699 650.000000 661.200000
557.358751 650.000000 661.200000
558.359475 650.000000 661.200000
559.359560 650.000000 666.800000
560.359820 650.000000 666.800000
561.360086 650.000000 661.200000
562.360307 650.000000 661.200000
563.361696 650.000000 672.400000
564.362329 650.000000 666.800000
565.362595 650.000000 661.200000
566.362717 650.000000 661.200000
567.363447 650.000000 666.800000
568.363927 650.000000 666.800000
569.364800 650.000000 773.200000
570.365391 650.000000 767.600000
571.365429 650.000000 672.400000
572.365524 650.000000 661.200000
573.367003 650.000000 745.200000
574.367233 650.000000 666.800000
575.367502 650.000000 672.400000
576.368182 650.000000 666.800000
577.368883 650.000000 661.200000
578.369261 650.000000 661.200000
579.369399 650.000000 661.200000
580.369878 650.000000 666.800000
581.370015 650.000000 666.800000
582.370015 650.000000 666.800000
583.370335 650.000000 655.600000
584.370354 650.000000 661.200000
585.376170 650.000000 767.600000
586.376421 650.000000 661.200000
587.380182 650.000000 767.600000
588.385292 650.000000 762.000000
589.386772 650.000000 666.800000
590.387052 650.000000 666.800000
591.387472 650.000000 767.600000
592.387667 650.000000 672.400000
593.387917 650.000000 672.400000
594.388373 650.000000 672.400000
595.389091 650.000000 666.800000
596.389458 650.000000 778.800000
597.389677 650.000000 661.200000
598.390116 650.000000 666.800000
599.390150 650.000000 661.200000
600.390547 650.000000 666.800000
601.390689 650.000000 666.800000
602.391511 650.000000 666.800000
603.391910 650.000000 666.800000
604.391925 650.000000 666.800000
605.391935 650.000000 661.200000
606.392713 650.000000 661.200000
607.393283 650.000000 672.400000
608.393724 650.000000 672.400000
609.393786 650.000000 661.200000
610.394056 650.000000 655.600000
611.396253 650.000000 745.200000
612.396785 650.000000 678.000000
613.397665 650.000000 661.200000
614.398403 650.000000 661.200000
615.398729 650.000000 672.400000
616.398963 650.000000 666.800000
617.399323 650.000000 661.200000
618.399337 650.000000 661.200000
619.400108 650.000000 661.200000
620.400412 650.000000 666.800000
621.400550 650.000000 666.800000
622.400776 650.000000 661.200000
623.400808 650.000000 672.400000
624.400810 650.000000 661.200000
625.401169 650.000000 661.200000
626.401343 650.000000 655.600000
627.401635 650.000000 650.000000
628.401825 650.000000 666.800000
629.403137 650.000000 773.200000
630.403331 650.000000 678.000000
631.403742 650.000000 666.800000
632.403852 650.000000 661.200000
633.404095 650.000000 666.800000
634.404106 650.000000 678.000000
635.409941 650.000000 773.200000
636.410250 650.000000 666.800000
637.410808 650.000000 661.200000
638.411056 650.000000 666.800000
639.411332 650.000000 661.200000
640.411384 650.000000 666.800000
641.411408 650.000000 678.000000
642.411692 650.000000 678.000000
643.411692 650.000000 666.800000
644.411953 650.000000 666.800000
645.412494 650.000000 661.200000
646.412673 650.000000 666.800000
647.413237 650.000000 661.200000
648.413498 650.000000 661.200000
649.413626 650.000000 666.800000
650.414143 650.000000 666.800000
651.419250 650.000000 778.800000
652.419294 650.000000 672.400000
653.419378 650.000000 666.800000
654.419431 650.000000 661.200000
655.420238 650.000000 666.800000
656.420539 650.000000 739.600000
657.421318 650.000000 672.400000
658.421377 650.000000 666.800000
659.421866 650.000000 666.800000
660.421898 650.000000 661.200000
661.422018 650.000000 666.800000
662.422659 650.000000 661.200000
663.423105 650.000000 666.800000
664.423156 650.000000 661.200000
665.423365 650.000000 672.400000
666.423656 650.000000 672.400000
667.424042 650.000000 672.400000
668.424224 650.000000 666.800000
669.424997 650.000000 666.800000
670.425132 650.000000 672.400000
671.425952 650.000000 745.200000
672.426512 650.000000 666.800000
673.426648 650.000000 773.200000
674.427071 650.000000 666.800000
675.427427 650.000000 666.800000
676.427478 650.000000 666.800000
677.427873 650.000000 767.600000
678.428006 650.000000 655.600000
679.428267 650.000000 661.200000
680.428772 650.000000 666.800000
681.429222 650.000000 666.800000
682.429406 650.000000 661.200000
683.429710 650.000000 661.200000
684.430336 650.000000 666.800000
685.430813 650.000000 661.200000
686.431051 650.000000 666.800000
687.431265 650.000000 661.200000
688.431306 650.000000 661.200000
689.431530 650.000000 661.200000
690.431755 650.000000 666.800000
691.432260 650.000000 672.400000
692.432696 650.000000 661.200000
693.433469 650.000000 661.200000
694.437003 650.000000 773.200000
695.440806 650.000000 767.600000
696.440888 650.000000 666.800000
697.441258 650.000000 666.800000
698.441641 650.000000 661.200000
699.441806 650.000000 655.600000
700.442009 650.000000 655.600000
701.442184 650.000000 666.800000
702.442225 650.000000 661.200000
703.442726 650.000000 661.200000
704.443326 650.000000 666.800000
705.443525 650.000000 666.800000
706.443999 650.000000 661.200000
707.444412 650.000000 666.800000
708.444589 650.000000 666.800000
709.445326 650.000000 666.800000
710.446029 650.000000 672.400000
711.446232 650.000000 666.800000
712.447076 650.000000 672.400000
713.447210 650.000000 661.200000
714.447222 650.000000 672.400000
715.447509 650.000000 672.400000
716.447915 650.000000 666.800000
717.448176 650.000000 666.800000
718.448184 650.000000 773.200000
719.448310 650.000000 661.200000
720.448701 650.000000 666.800000
721.448773 650.000000 666.800000
722.449421 650.000000 661.200000
723.449957 650.000000 661.200000
724.450766 650.000000 666.800000
725.450838 650.000000 672.400000
726.451030 650.000000 661.200000
727.451157 650.000000 666.800000
728.451824 650.000000 655.600000
729.451939 650.000000 661.200000
730.452815 650.000000 666.800000
731.453307 650.000000 666.800000
732.453374 650.000000 661.200000
733.459544 650.000000 767.600000
734.459606 650.000000 661.200000
735.460162 650.000000 655.600000
736.463548 650.000000 767.600000
737.463992 650.000000 661.200000
738.464061 650.000000 672.400000
739.464624 650.000000 661.200000
740.464756 650.000000 666.800000
741.464953 650.000000 661.200000
742.465585 650.000000 666.800000
743.465695 650.000000 672.400000
744.465882 650.000000 666.800000
745.466103 650.000000 661.200000
746.466645 650.000000 666.800000
747.466684 650.000000 678.000000
748.467402 650.000000 661.200000
749.467466 650.000000 672.400000
750.467714 650.000000 661.200000
751.467813 650.000000 666.800000
752.468162 650.000000 666.800000
753.468466 650.000000 666.800000
754.468861 650.000000 773.200000
755.469210 650.000000 666.800000
756.469630 650.000000 711.600000
757.469865 650.000000 655.600000
758.470222 650.000000 666.800000
759.470717 650.000000 672.400000
760.474582 650.000000 767.600000
761.474606 650.000000 666.800000
762.474689 650.000000 666.800000
763.474749 650.000000 666.800000
764.481205 650.000000 773.200000
765.481296 650.000000 672.400000
766.481350 650.000000 745.200000
767.481789 650.000000 661.200000
768.482083 650.000000 655.600000
769.482195 650.000000 773.200000
770.482529 650.000000 661.200000
771.482535 650.000000 661.200000
772.483103 650.000000 672.400000
773.483341 650.000000 672.400000
774.487615 650.000000 767.600000
775.491350 650.000000 778.800000
776.491798 650.000000 655.600000
777.492486 650.000000 678.000000
778.492770 650.000000 655.600000
779.494363 650.000000 672.400000
780.494591 650.000000 661.200000
781.495176 650.000000 661.200000
782.495286 650.000000 666.800000
783.495941 650.000000 655.600000
784.496313 650.000000 661.200000
785.496497 650.000000 672.400000
786.496847 650.000000 773.200000
787.504400 650.000000 773.200000
788.504560 650.000000 666.800000
789.504641 650.000000 661.200000
790.504748 650.000000 661.200000
791.505020 650.000000 678.000000
792.505261 650.000000 666.800000
793.505309 650.000000 666.800000
794.505410 650.000000 661.200000
795.506139 650.000000 678.000000
796.506448 650.000000 666.800000
797.506737 650.000000 672.400000
798.506817 650.000000 661.200000
799.506829 650.000000 666.800000
