0.015314 762.000000 762.000000
1.015346 655.600000 661.200000
2.015346 655.600000 672.400000
3.015405 655.600000 666.800000
4.015522 655.600000 666.800000
5.015969 655.600000 661.200000
6.016155 655.600000 666.800000
7.016508 650.000000 661.200000
8.016846 650.000000 666.800000
9.017777 650.000000 666.800000
10.018438 650.000000 661.200000
11.018803 650.000000 661.200000
12.019204 650.000000 773.200000
13.019421 650.000000 666.800000
14.019564 650.000000 678.000000
15.019610 650.000000 661.200000
16.019886 650.000000 666.800000
17.020354 650.000000 672.400000
18.020498 650.000000 661.200000
19.020539 650.000000 661.200000
20.021504 650.000000 666.800000
21.021871 650.000000 661.200000
22.022212 650.000000 661.200000
23.023132 650.000000 767.600000
24.023780 650.000000 661.200000
25.024234 650.000000 672.400000
26.024493 650.000000 661.200000
27.024544 650.000000 666.800000
28.025016 650.000000 666.800000
29.025145 650.000000 661.200000
30.025365 650.000000 661.200000
31.025962 650.000000 666.800000
32.026367 650.000000 661.200000
33.027135 650.000000 672.400000
34.027684 650.000000 661.200000
35.028047 650.000000 762.000000
36.028696 650.000000 666.800000
37.029105 650.000000 678.000000
38.029318 650.000000 666.800000
39.029366 650.000000 678.000000
40.029460 650.000000 666.800000
41.030269 650.000000 666.800000
42.031039 650.000000 666.800000
43.035143 650.000000 767.600000
44.035792 650.000000 672.400000
45.036315 650.000000 661.200000
46.036493 650.000000 666.800000
47.037279 650.000000 672.400000
48.038073 650.000000 661.200000
49.038316 650.000000 661.200000
50.038367 650.000000 773.200000
51.038627 650.000000 666.800000
52.038837 650.000000 672.400000
53.042846 650.000000 767.600000
54.043190 650.000000 661.200000
55.043422 650.000000 661.200000
56.043858 650.000000 666.800000
57.044212 650.000000 666.800000
58.044612 650.000000 661.200000
59.047715 650.000000 734.000000
60.048177 650.000000 672.400000
61.048935 650.000000 655.600000
62.049294 650.000000 666.800000
63.049552 650.000000 666.800000
64.050265 650.000000 666.800000
65.050390 650.000000 678.000000
66.051010 650.000000 666.800000
67.051261 650.000000 661.200000
68.051453 650.000000 661.200000
69.051684 650.000000 666.800000
70.051736 650.000000 666.800000
71.052110 650.000000 655.600000
72.052343 650.000000 666.800000
73.052559 650.000000 661.200000
74.053008 650.000000 672.400000
75.053415 650.000000 661.200000
76.053725 650.000000 655.600000
77.054248 650.000000 661.200000
78.056414 650.000000 778.800000
79.056941 650.000000 661.200000
80.057007 650.000000 661.200000
81.057320 650.000000 672.400000
82.057751 650.000000 661.200000
83.057851 650.000000 666.800000
84.058123 650.000000 661.200000
85.058742 650.000000 666.800000
86.065175 650.000000 700.400000
87.066268 650.000000 666.800000
88.066433 650.000000 661.200000
89.066480 650.000000 661.200000
90.072510 650.000000 778.800000
91.072874 650.000000 666.800000
92.077260 650.000000 762.000000
93.077566 650.000000 661.200000
94.077580 650.000000 655.600000
95.078225 650.000000 666.800000
96.084829 650.000000 773.200000
97.084898 650.000000 661.200000
98.090036 650.000000 739.600000
99.090173 650.000000 666.800000
100.090635 650.000000 661.200000
101.091036 650.000000 666.800000
102.091186 650.000000 661.200000
103.091205 650.000000 661.200000
104.091499 650.000000 666.800000
105.091615 650.000000 661.200000
106.092229 650.000000 666.800000
107.092248 650.000000 666.800000
108.092436 650.000000 672.400000
109.093171 650.000000 666.800000
110.093877 650.000000 666.800000
111.094141 650.000000 666.800000
112.094174 650.000000 666.800000
113.094298 650.000000 661.200000
114.094518 650.000000 661.200000
115.094696 650.000000 666.800000
116.094702 650.000000 661.200000
117.094831 650.000000 666.800000
118.094872 650.000000 661.200000
119.095633 650.000000 661.200000
120.095803 650.000000 661.200000
121.096046 650.000000 661.200000
122.096458 650.000000 666.800000
123.096599 650.000000 666.800000
124.096701 650.000000 661.200000
125.097318 650.000000 666.800000
126.097719 650.000000 672.400000
127.097750 650.000000 661.200000
128.097914 650.000000 666.800000
129.098237 650.000000 666.800000
130.099600 650.000000 666.800000
131.100394 650.000000 666.800000
132.102506 650.000000 661.200000
133.102931 650.000000 773.200000
134.103138 650.000000 661.200000
135.107033 650.000000 767.600000
136.107434 650.000000 666.800000
137.107555 650.000000 661.200000
138.108134 650.000000 666.800000
139.108699 650.000000 666.800000
140.108959 650.000000 672.400000
141.109514 650.000000 661.200000
142.109901 650.000000 661.200000
143.109951 650.000000 661.200000
144.111312 650.000000 767.600000
145.111426 650.000000 672.400000
146.111602 650.000000 683.600000
147.111722 650.000000 672.400000
148.112023 650.000000 666.800000
149.112534 650.000000 666.800000
150.112669 650.000000 666.800000
151.112830 650.000000 767.600000
152.113688 650.000000 666.800000
153.114081 650.000000 666.800000
154.115559 650.000000 706.000000
155.115732 650.000000 672.400000
156.115991 650.000000 655.600000
157.116271 650.000000 666.800000
158.116860 650.000000 666.800000
159.117005 650.000000 672.400000
160.117152 650.000000 672.400000
161.119003 650.000000 706.000000
162.119422 650.000000 666.800000
163.120220 650.000000 672.400000
164.127420 650.000000 773.200000
165.127628 650.000000 672.400000
166.127884 650.000000 655.600000
167.128078 650.000000 678.000000
168.128353 650.000000 678.000000
169.128509 650.000000 767.600000
170.133439 650.000000 773.200000
171.134308 650.000000 672.400000
172.134900 650.000000 666.800000
173.134996 650.000000 678.000000
174.135044 650.000000 661.200000
175.135301 650.000000 678.000000
176.135523 650.000000 666.800000
177.135552 650.000000 666.800000
178.136421 650.000000 666.800000
179.136688 650.000000 666.800000
180.136826 650.000000 672.400000
181.137042 650.000000 661.200000
182.137341 650.000000 661.200000
183.137399 650.000000 661.200000
184.142315 650.000000 773.200000
185.142326 650.000000 661.200000
186.142926 650.000000 666.800000
187.143041 650.000000 661.200000
188.143589 650.000000 666.800000
189.144004 650.000000 666.800000
190.144188 650.000000 666.800000
191.144974 650.000000 672.400000
192.145433 650.000000 767.600000
193.146239 650.000000 661.200000
194.146536 650.000000 666.800000
195.146705 650.000000 661.200000
196.146831 650.000000 661.200000
197.147041 650.000000 672.400000
198.156358 650.000000 778.800000
199.156611 650.000000 655.600000
200.157268 650.000000 666.800000
201.157684 650.000000 661.200000
202.158483 650.000000 666.800000
203.158767 650.000000 661.200000
204.159388 650.000000 672.400000
205.159605 650.000000 672.400000
206.159618 650.000000 666.800000
207.159897 650.000000 672.400000
208.160164 650.000000 666.800000
209.162403 650.000000 773.200000
210.162729 650.000000 672.400000
211.162775 650.000000 661.200000
212.162804 650.000000 672.400000
213.163078 650.000000 661.200000
214.163236 650.000000 666.800000
215.163642 650.000000 666.800000
216.165343 650.000000 666.800000
217.171813 650.000000 773.200000
218.171847 650.000000 661.200000
219.172418 650.000000 672.400000
220.173209 650.000000 672.400000
221.173497 650.000000 773.200000
222.173614 650.000000 666.800000
223.173956 650.000000 661.200000
224.174852 650.000000 666.800000
225.175137 650.000000 666.800000
226.175158 650.000000 666.800000
227.175289 650.000000 661.200000
228.175450 650.000000 666.800000
229.175674 650.000000 666.800000
230.177599 650.000000 672.400000
231.177740 650.000000 666.800000
232.178164 650.000000 655.600000
233.178619 650.000000 767.600000
234.179245 650.000000 661.200000
235.179348 650.000000 666.800000
236.179387 650.000000 666.800000
237.179503 650.000000 672.400000
238.180222 650.000000 666.800000
239.180333 650.000000 666.800000
240.180369 650.000000 666.800000
241.180420 650.000000 666.800000
242.180557 650.000000 661.200000
243.180937 650.000000 661.200000
244.181677 650.000000 661.200000
245.182386 650.000000 666.800000
246.182727 650.000000 666.800000
247.183242 650.000000 672.400000
248.183468 650.000000 661.200000
249.183513 650.000000 666.800000
250.187327 650.000000 767.600000
251.187546 650.000000 661.200000
252.187772 650.000000 678.000000
253.187812 650.000000 672.400000
254.187961 650.000000 666.800000
255.188235 650.000000 661.200000
256.188305 650.000000 773.200000
257.188539 650.000000 661.200000
258.189163 650.000000 666.800000
259.189221 650.000000 672.400000
260.189470 650.000000 666.800000
261.189899 650.000000 672.400000
262.195311 650.000000 773.200000
263.195895 650.000000 650.000000
264.196165 650.000000 655.600000
265.196320 650.000000 655.600000
266.197778 650.000000 773.200000
267.199255 650.000000 767.600000
268.199916 650.000000 666.800000
269.200040 650.000000 678.000000
270.200214 650.000000 661.200000
271.200737 650.000000 678.000000
272.201240 650.000000 666.800000
273.201578 650.000000 739.600000
274.202279 650.000000 661.200000
275.202960 650.000000 672.400000
276.203278 650.000000 666.800000
277.203405 650.000000 661.200000
278.203898 650.000000 655.600000
279.204366 650.000000 655.600000
280.204404 650.000000 678.000000
281.211578 650.000000 778.800000
282.211813 650.000000 661.200000
283.211817 650.000000 661.200000
284.212078 650.000000 666.800000
285.212386 650.000000 661.200000
286.212745 650.000000 666.800000
287.212770 650.000000 666.800000
288.213373 650.000000 666.800000
289.213579 650.000000 672.400000
290.213644 650.000000 666.800000
291.213853 650.000000 678.000000
292.214389 650.000000 666.800000
293.214402 650.000000 672.400000
294.215213 650.000000 666.800000
295.215338 650.000000 773.200000
296.215436 650.000000 661.200000
297.215706 650.000000 672.400000
298.215765 650.000000 666.800000
299.216531 650.000000 666.800000
300.216651 650.000000 661.200000
301.216661 650.000000 672.400000
302.217821 650.000000 767.600000
303.218167 650.000000 650.000000
304.218905 650.000000 666.800000
305.219250 650.000000 672.400000
306.219759 650.000000 655.600000
307.220323 650.000000 661.200000
308.220815 650.000000 666.800000
309.221089 650.000000 661.200000
310.221124 650.000000 678.000000
311.221907 650.000000 666.800000
312.222223 650.000000 661.200000
313.222632 650.000000 672.400000
314.223007 650.000000 655.600000
315.223465 650.000000 672.400000
316.223650 650.000000 661.200000
317.224232 650.000000 672.400000
318.224730 650.000000 661.200000
319.225233 650.000000 655.600000
320.225621 650.000000 661.200000
321.230825 650.000000 762.000000
322.231009 650.000000 666.800000
323.231122 650.000000 661.200000
324.231421 650.000000 773.200000
325.231704 650.000000 661.200000
326.232246 650.000000 666.800000
327.232564 650.000000 661.200000
328.232917 650.000000 750.800000
329.233414 650.000000 666.800000
330.233738 650.000000 666.800000
331.233823 650.000000 672.400000
332.234275 650.000000 672.400000
333.234415 650.000000 672.400000
334.234416 650.000000 672.400000
335.234720 650.000000 666.800000
336.235299 650.000000 661.200000
337.235423 650.000000 661.200000
338.235512 650.000000 666.800000
339.236284 650.000000 661.200000
340.236867 650.000000 661.200000
341.236896 650.000000 655.600000
342.237066 650.000000 773.200000
343.237489 650.000000 678.000000
344.237660 650.000000 767.600000
345.237794 650.000000 666.800000
346.237859 650.000000 666.800000
347.237944 650.000000 666.800000
348.238680 650.000000 666.800000
349.238764 650.000000 666.800000
350.238919 650.000000 666.800000
351.239639 650.000000 773.200000
352.239728 650.000000 666.800000
353.239940 650.000000 666.800000
354.240031 650.000000 661.200000
355.240300 650.000000 666.800000
356.240962 650.000000 666.800000
357.240963 650.000000 661.200000
358.241098 650.000000 672.400000
359.241303 650.000000 661.200000
360.241678 650.000000 661.200000
361.241986 650.000000 661.200000
362.247617 650.000000 762.000000
363.247690 650.000000 661.200000
364.248445 650.000000 666.800000
365.248949 650.000000 672.400000
366.249145 650.000000 655.600000
367.249595 650.000000 655.600000
368.255840 650.000000 778.800000
369.256272 650.000000 666.800000
370.256356 650.000000 661.200000
371.256468 650.000000 672.400000
372.256513 650.000000 661.200000
373.256757 650.000000 661.200000
374.257081 650.000000 661.200000
375.257236 650.000000 666.800000
376.257628 650.000000 678.000000
377.257784 650.000000 666.800000
378.257827 650.000000 661.200000
379.263105 650.000000 767.600000
380.264111 650.000000 672.400000
381.267036 650.000000 767.600000
382.267059 650.000000 661.200000
383.267682 650.000000 661.200000
384.268326 650.000000 666.800000
385.269305 650.000000 661.200000
386.269748 650.000000 666.800000
387.270058 650.000000 661.200000
388.270530 650.000000 666.800000
389.271501 650.000000 661.200000
390.271800 650.000000 672.400000
391.272524 650.000000 672.400000
392.272542 650.000000 672.400000
393.272649 650.000000 666.800000
394.272792 650.000000 661.200000
395.273277 650.000000 666.800000
396.273933 650.000000 666.800000
397.280544 650.000000 773.200000
398.281598 650.000000 773.200000
399.281793 650.000000 661.200000
400.281796 650.000000 661.200000
401.284429 650.000000 666.800000
402.284818 650.000000 666.800000
403.285160 650.000000 672.400000
404.285318 650.000000 661.200000
405.285382 650.000000 655.600000
406.285776 650.000000 672.400000
407.285790 650.000000 672.400000
408.286149 650.000000 661.200000
409.286202 650.000000 666.800000
410.286293 650.000000 666.800000
411.286344 650.000000 661.200000
412.293182 650.000000 773.200000
413.293257 650.000000 655.600000
414.293938 650.000000 661.200000
415.294119 650.000000 661.200000
416.294245 650.000000 666.800000
417.294838 650.000000 661.200000
418.295172 650.000000 666.800000
419.295755 650.000000 694.800000
420.295991 650.000000 661.200000
421.296058 650.000000 661.200000
422.296154 650.000000 661.200000
423.296243 650.000000 661.200000
424.296664 650.000000 661.200000
425.301752 650.000000 778.800000
426.302376 650.000000 655.600000
427.302462 650.000000 661.200000
428.302465 650.000000 666.800000
429.302529 650.000000 666.800000
430.302599 650.000000 661.200000
431.302854 650.000000 666.800000
432.303041 650.000000 661.200000
433.303131 650.000000 672.400000
434.303389 650.000000 672.400000
435.303426 650.000000 666.800000
436.303868 650.000000 661.200000
437.304627 650.000000 767.600000
438.305026 650.000000 666.800000
439.305136 650.000000 655.600000
440.305990 650.000000 666.800000
441.306108 650.000000 666.800000
442.306330 650.000000 678.000000
443.306997 650.000000 767.600000
444.307160 650.000000 666.800000
445.307217 650.000000 655.600000
446.307267 650.000000 661.200000
447.307351 650.000000 655.600000
448.307531 650.000000 666.800000
449.308259 650.000000 672.400000
450.308966 650.000000 666.800000
451.309233 650.000000 666.800000
452.309306 650.000000 672.400000
453.309315 650.000000 661.200000
454.310024 650.000000 666.800000
455.310905 650.000000 666.800000
456.311044 650.000000 655.600000
457.312946 650.000000 767.600000
458.314062 650.000000 661.200000
459.314565 650.000000 666.800000
460.314701 650.000000 672.400000
461.319584 650.000000 767.600000
462.319881 650.000000 778.800000
463.320989 650.000000 666.800000
464.321240 650.000000 773.200000
465.321405 650.000000 661.200000
466.322096 650.000000 661.200000
467.322290 650.000000 661.200000
468.322593 650.000000 672.400000
469.322647 650.000000 661.200000
470.322957 650.000000 666.800000
471.323175 650.000000 661.200000
472.323691 650.000000 666.800000
473.323839 650.000000 661.200000
474.324626 650.000000 655.600000
475.324939 650.000000 661.200000
476.325132 650.000000 661.200000
477.327236 650.000000 778.800000
478.327454 650.000000 661.200000
479.327620 650.000000 767.600000
480.327660 650.000000 683.600000
481.328349 650.000000 672.400000
482.328537 650.000000 661.200000
483.329231 650.000000 661.200000
484.329536 650.000000 672.400000
485.329778 650.000000 773.200000
486.330027 650.000000 672.400000
487.330426 650.000000 655.600000
488.330486 650.000000 672.400000
489.334745 650.000000 773.200000
490.335017 650.000000 666.800000
491.335078 650.000000 666.800000
492.338322 650.000000 773.200000
493.338743 650.000000 661.200000
494.339312 650.000000 666.800000
495.339790 650.000000 666.800000
496.339914 650.000000 661.200000
497.340461 650.000000 666.800000
498.340980 650.000000 661.200000
499.341044 650.000000 700.400000
500.341228 650.000000 661.200000
501.341392 650.000000 655.600000
502.341395 650.000000 666.800000
503.341898 650.000000 661.200000
504.342021 650.000000 661.200000
505.342247 650.000000 666.800000
506.342434 650.000000 661.200000
507.343024 650.000000 672.400000
508.343795 650.000000 661.200000
509.344020 650.000000 661.200000
510.344525 650.000000 666.800000
511.344979 650.000000 661.200000
512.345643 650.000000 767.600000
513.346202 650.000000 666.800000
514.346826 650.000000 672.400000
515.347073 650.000000 666.800000
516.347320 650.000000 666.800000
517.347448 650.000000 666.800000
518.348088 650.000000 666.800000
519.348767 650.000000 666.800000
520.348848 650.000000 666.800000
521.349429 650.000000 773.200000
522.349634 650.000000 661.200000
523.350343 650.000000 672.400000
524.350565 650.000000 666.800000
525.350854 650.000000 666.800000
526.351129 650.000000 661.200000
527.351714 650.000000 661.200000
528.351796 650.000000 666.800000
529.352077 650.000000 666.800000
530.352503 650.000000 661.200000
531.353252 650.000000 666.800000
532.353482 650.000000 784.400000
533.353493 650.000000 661.200000
534.354050 650.000000 672.400000
535.354449 650.000000 661.200000
536.354674 650.000000 672.400000
537.355276 650.000000 661.200000
538.355288 650.000000 666.800000
539.355758 650.000000 666.800000
540.355784 650.000000 672.400000
541.355988 650.000000 661.200000
542.356235 650.000000 655.600000
543.356757 650.000000 666.800000
544.357393 650.000000 672.400000
545.357534 650.000000 661.200000
546.357597 650.000000 678.000000
547.357858 650.000000 734.000000
548.357991 650.000000 661.200000
549.358233 650.000000 655.600000
550.358247 650.000000 661.200000
551.358501 650.000000 666.800000
552.359128 650.000000 666.800000
553.359970 650.000000 661.200000
554.360288 650.000000 661.200000
555.360491 650.000000 655.600000
556.360563 650.000000 678.000000
557.360844 650.000000 661.200000
558.361050 650.000000 678.000000
559.361386 650.000000 666.800000
560.362040 650.000000 666.800000
561.362252 650.000000 661.200000
562.362627 650.000000 672.400000
563.362750 650.000000 773.200000
564.362897 650.000000 661.200000
565.363346 650.000000 666.800000
566.364095 650.000000 661.200000
567.364571 650.000000 666.800000
568.365170 650.000000 661.200000
569.365340 650.000000 661.200000
570.365527 650.000000 661.200000
571.365736 650.000000 666.800000
572.366347 650.000000 666.800000
573.368303 650.000000 661.200000
574.368596 650.000000 666.800000
575.369336 650.000000 661.200000
576.369901 650.000000 672.400000
577.370059 650.000000 661.200000
578.370302 650.000000 661.200000
579.370672 650.000000 661.200000
580.372149 650.000000 661.200000
581.372936 650.000000 655.600000
582.373450 650.000000 666.800000
583.373908 650.000000 661.200000
584.374209 650.000000 672.400000
585.374517 650.000000 678.000000
586.374699 650.000000 666.800000
587.375197 650.000000 661.200000
588.375367 650.000000 672.400000
589.375407 650.000000 666.800000
590.375906 650.000000 661.200000
591.376095 650.000000 661.200000
592.376673 650.000000 666.800000
593.377188 650.000000 672.400000
594.377654 650.000000 666.800000
595.377869 650.000000 678.000000
596.378100 650.000000 666.800000
597.378191 650.000000 661.200000
598.378402 650.000000 672.400000
599.378696 650.000000 661.200000
600.379494 650.000000 778.800000
601.379722 650.000000 661.200000
602.379837 650.000000 672.400000
603.380446 650.000000 655.600000
604.380860 650.000000 778.800000
605.381509 650.000000 666.800000
606.381915 650.000000 661.200000
607.387176 650.000000 762.000000
608.387725 650.000000 655.600000
609.387847 650.000000 678.000000
610.388319 650.000000 672.400000
611.388676 650.000000 666.800000
612.388897 650.000000 661.200000
613.389736 650.000000 666.800000
614.390115 650.000000 666.800000
615.390380 650.000000 655.600000
616.390615 650.000000 672.400000
617.391399 650.000000 672.400000
618.391554 650.000000 661.200000
619.391858 650.000000 678.000000
620.392527 650.000000 666.800000
621.392710 650.000000 655.600000
622.392777 650.000000 661.200000
623.392904 650.000000 666.800000
624.393611 650.000000 666.800000
625.393683 650.000000 661.200000
626.393776 650.000000 661.200000
627.394264 650.000000 661.200000
628.394596 650.000000 661.200000
629.394878 650.000000 661.200000
630.395771 650.000000 661.200000
631.395845 650.000000 661.200000
632.395932 650.000000 666.800000
633.396128 650.000000 666.800000
634.396642 650.000000 672.400000
635.397106 650.000000 661.200000
636.397147 650.000000 666.800000
637.397194 650.000000 666.800000
638.397290 650.000000 666.800000
639.397853 650.000000 672.400000
640.398319 650.000000 666.800000
641.400612 650.000000 672.400000
642.400938 650.000000 661.200000
643.401145 650.000000 661.200000
644.401952 650.000000 666.800000
645.402048 650.000000 666.800000
646.402122 650.000000 666.800000
647.402298 650.000000 666.800000
648.402336 650.000000 661.200000
649.402487 650.000000 661.200000
650.403897 650.000000 767.600000
651.404918 650.000000 762.000000
652.405156 650.000000 666.800000
653.405862 650.000000 661.200000
654.406649 650.000000 661.200000
655.406840 650.000000 661.200000
656.407584 650.000000 666.800000
657.408150 650.000000 666.800000
658.408489 650.000000 666.800000
659.408890 650.000000 666.800000
660.409180 650.000000 666.800000
661.409675 650.000000 661.200000
662.409953 650.000000 661.200000
663.410199 650.000000 672.400000
664.410361 650.000000 661.200000
665.410509 650.000000 661.200000
666.410747 650.000000 666.800000
667.410777 650.000000 666.800000
668.411026 650.000000 773.200000
669.411684 650.000000 661.200000
670.412058 650.000000 672.400000
671.412503 650.000000 661.200000
672.412618 650.000000 666.800000
673.412719 650.000000 666.800000
674.412761 650.000000 666.800000
675.412988 650.000000 678.000000
676.413853 650.000000 767.600000
677.414330 650.000000 672.400000
678.414947 650.000000 666.800000
679.415654 650.000000 672.400000
680.416147 650.000000 666.800000
681.416774 650.000000 655.600000
682.417235 650.000000 655.600000
683.417238 650.000000 666.800000
684.417883 650.000000 762.000000
685.418690 650.000000 661.200000
686.419144 650.000000 666.800000
687.419163 650.000000 666.800000
688.419870 650.000000 661.200000
689.420189 650.000000 661.200000
690.420387 650.000000 661.200000
691.421541 650.000000 773.200000
692.422211 650.000000 661.200000
693.422270 650.000000 661.200000
694.422309 650.000000 666.800000
695.422597 650.000000 666.800000
696.423193 650.000000 672.400000
697.423437 650.000000 666.800000
698.423558 650.000000 678.000000
699.423882 650.000000 655.600000
700.424175 650.000000 666.800000
701.424187 650.000000 661.200000
702.426365 650.000000 666.800000
703.426597 650.000000 666.800000
704.426882 650.000000 666.800000
705.426954 650.000000 661.200000
706.427160 650.000000 672.400000
707.427669 650.000000 672.400000
708.427843 650.000000 655.600000
709.427982 650.000000 661.200000
710.428711 650.000000 661.200000
711.429052 650.000000 666.800000
712.429348 650.000000 661.200000
713.429471 650.000000 661.200000
714.429689 650.000000 661.200000
715.429703 650.000000 672.400000
716.430234 650.000000 661.200000
717.430759 650.000000 655.600000
718.431073 650.000000 773.200000
719.431473 650.000000 661.200000
720.431842 650.000000 661.200000
721.431931 650.000000 661.200000
722.431935 650.000000 661.200000
723.432673 650.000000 672.400000
724.433494 650.000000 666.800000
725.433687 650.000000 661.200000
726.434158 650.000000 661.200000
727.434314 650.000000 672.400000
728.435024 650.000000 672.400000
729.435155 650.000000 672.400000
730.435295 650.000000 661.200000
731.436088 650.000000 666.800000
732.436675 650.000000 672.400000
733.436823 650.000000 661.200000
734.437378 650.000000 678.000000
735.437860 650.000000 672.400000
736.438327 650.000000 666.800000
737.438491 650.000000 672.400000
738.439027 650.000000 666.800000
739.439169 650.000000 767.600000
740.439384 650.000000 661.200000
741.439573 650.000000 672.400000
742.440013 650.000000 666.800000
743.440732 650.000000 666.800000
744.442018 650.000000 773.200000
745.442033 650.000000 661.200000
746.442127 650.000000 672.400000
747.442232 650.000000 672.400000
748.442400 650.000000 672.400000
749.442853 650.000000 661.200000
750.443081 650.000000 661.200000
751.443266 650.000000 655.600000
752.443696 650.000000 773.200000
753.443755 650.000000 661.200000
754.444044 650.000000 661.200000
755.444192 650.000000 661.200000
756.444933 650.000000 655.600000
757.445278 650.000000 666.800000
758.445862 650.000000 672.400000
759.445951 650.000000 666.800000
760.452246 650.000000 734.000000
761.452976 650.000000 655.600000
762.452980 650.000000 672.400000
763.453384 650.000000 661.200000
764.453633 650.000000 661.200000
765.454397 650.000000 661.200000
766.454519 650.000000 661.200000
767.455052 650.000000 661.200000
768.455448 650.000000 734.000000
769.455570 650.000000 661.200000
770.456079 650.000000 661.200000
771.456713 650.000000 666.800000
772.461489 650.000000 773.200000
773.461673 650.000000 666.800000
774.461795 650.000000 661.200000
775.461888 650.000000 666.800000
776.461956 650.000000 661.200000
777.462260 650.000000 672.400000
778.462302 650.000000 661.200000
779.462492 650.000000 666.800000
780.462570 650.000000 666.800000
781.463361 650.000000 666.800000
782.463541 650.000000 666.800000
783.463667 650.000000 661.200000
784.463729 650.000000 661.200000
785.464004 650.000000 661.200000
786.464483 650.000000 661.200000
787.468056 650.000000 773.200000
788.468130 650.000000 666.800000
789.468750 650.000000 666.800000
790.469433 650.000000 666.800000
791.469591 650.000000 666.800000
792.469808 650.000000 666.800000
793.469981 650.000000 661.200000
794.470430 650.000000 661.200000
795.470569 650.000000 661.200000
796.471278 650.000000 672.400000
797.471596 650.000000 666.800000
798.471918 650.000000 666.800000
799.472276 650.000000 661.200000
