0 573.6 0.245306 300 0
0 568 0.340188 0
0 566 0.571603 6
0 564.4 0.978841 14
0 564.4 3.06427 300 66
0 562.4 3.66277 66
0 562.4 7.12996 300 71
0 562.4 11.6888 300 71
0 562.4 15.9161 300 74
0 562.4 20.4342 300 74
0 562.4 25.4528 300 75
0 562.4 32.8336 300 88
0 562.4 38.6977 300 88
0 562.4 49.0565 300 88
0 562.4 54.4008 300 88
0 562.4 59.5394 300 88
0 562.4 65.3235 300 88
0 562.4 70.3835 300 88
0 562.4 79.3272 300 88
0 562.4 84.4729 300 88
0 562.4 89.1012 300 88
0 562.4 94.3941 300 88
0 562.4 99.1103 300 88
0 562.4 104.735 300 88
0 562.4 109.358 300 88
0 562.4 114.7 300 88
0 562.4 119.342 300 88
0 562.4 124.448 300 88
0 562.4 129.476 300 88
0 562.4 136.018 300 88
0 562.4 140.929 300 88
0 562.4 146 300 88
0 562.4 150.437 300 88
0 562.4 156.846 300 88
0 562.4 161.273 300 88
0 562.4 165.655 300 88
0 562.4 170.449 300 88
0 562.4 175.206 300 88
0 562.4 179.79 300 88
0 562.4 184.264 300 88
0 562.4 188.672 300 88
0 562.4 196.258 300 88
0 562.4 201.646 300 88
0 562.4 206.029 300 88
0 562.4 212.181 300 88
0 562.4 216.743 300 88
0 562.4 221.402 300 88
0 562.4 226.981 300 88
0 562.4 231.481 300 88
0 562.4 235.922 300 88
0 562.4 240.404 300 88
0 562.4 245.047 300 88
0 562.4 253.658 300 88
0 562.4 258.719 300 88
0 562.4 263.402 300 88
0 562.4 267.972 300 88
0 562.4 273.327 300 88
0 562.4 278.036 300 88
0 562.4 283.7 300 88
0 562.4 287.427 300 88
0 562.4 291.317 300 88
0 562.4 300.427 300 88
0 562.4 304.755 300 88
0 562.4 310.931 300 88
0 562.4 316.661 300 88
0 562.4 323.321 300 88
0 562.4 329.099 300 88
0 562.4 335.375 300 88
0 562.4 340.965 300 88
0 562.4 347.44 300 88
0 562.4 352.114 300 88
0 562.4 356.991 300 88
0 562.4 362.729 300 88
0 562.4 367.323 300 88
0 562.4 372.664 300 88
0 562.4 377.209 300 88
0 562.4 381.926 300 88
0 562.4 386.863 300 88
0 562.4 392.102 300 88
0 562.4 399.035 300 89
0 562.4 403.61 300 89
0 562.4 408.989 300 89
0 562.4 413.738 300 89
0 562.4 418.307 300 89
0 562.4 423.172 300 89
0 562.4 428.501 300 89
0 562.4 433.135 300 89
0 562.4 437.496 300 89
0 562.4 443.35 300 89
0 562.4 448.18 300 89
0 562.4 452.087 300 89
0 562.4 456.118 300 89
0 562.4 462.322 300 89
0 562.4 467.078 300 89
0 562.4 472.6 300 89
0 562.4 477.209 300 89
0 562.4 481.411 300 89
0 562.4 485.645 300 89
0 562.4 490.185 300 89
0 562.4 494.285 300 89
0 562.4 498.61 300 89
0 562.4 506.147 300 89
0 562.4 512.45 300 89
0 562.4 516.625 300 89
0 562.4 520.3 300 89
0 562.4 526.131 300 89
0 562.4 530.606 300 89
0 562.4 534.757 300 89
0 562.4 539.215 300 89
0 562.4 544.552 300 89
0 562.4 549.107 300 89
0 562.4 553.735 300 89
0 562.4 558.272 300 89
0 562.4 562.955 300 89
0 562.4 567.198 300 89
0 562.4 574.947 300 89
0 562.4 579.529 300 89
0 562.4 583.196 300 89
0 562.4 586.505 300 89
0 562.4 589.888 300 89
0 562.4 594.055 300 89
0 562.4 601.154 300 89
0 562.4 605.187 300 89
0 562.4 609.958 300 89
0 562.4 615.16 300 89
0 562.4 619.241 300 89
0 562.4 623.071 300 89
0 562.4 625.133 300 89
0 562.4 629.975 300 89
0 562.4 634.354 300 89
0 562.4 638.651 300 89
0 562.4 646.269 300 89
0 562.4 651.677 300 89
0 562.4 656.577 300 89
0 562.4 660.413 300 89
0 562.4 664.093 300 89
0 562.4 668.934 300 89
0 562.4 672.636 300 89
0 562.4 677.032 300 89
0 562.4 681.631 300 89
0 562.4 686.04 300 89
0 562.4 690.029 300 89
0 562.4 694.75 300 89
0 562.4 698.36 300 89
0 562.4 702.265 300 89
0 562.4 706.614 300 89
0 562.4 711.035 300 89
0 562.4 715.912 300 89
0 562.4 719.836 300 89
0 562.4 726.51 300 89
0 562.4 730.867 300 89
0 562.4 736.872 300 89
0 562.4 741.19 300 89
0 562.4 745.59 300 89
0 562.4 751.88 300 89
0 562.4 756.675 300 89
0 562.4 761.152 300 89
0 562.4 765.427 300 89
0 562.4 769.779 300 89
0 562.4 773.736 300 89
0 562.4 778.327 300 89
0 562.4 781.325 300 89
0 562.4 784.751 300 89
0 562.4 787.413 300 89
0 562.4 794.169 300 89
0 562.4 797.495 300 89
