0.000436 71.200000 71.200000
1.000436 71.200000 71.200000
2.000436 71.200000 71.200000
3.000437 71.200000 71.200000
4.000453 71.200000 71.200000
5.000457 71.200000 71.200000
6.000476 71.200000 71.200000
7.000478 71.200000 71.200000
8.000484 71.200000 71.200000
9.000484 71.200000 71.200000
10.000490 71.200000 71.200000
11.000495 71.200000 71.200000
12.000505 71.200000 71.200000
13.000508 71.200000 71.200000
14.000511 71.200000 71.200000
15.000522 71.200000 71.200000
16.000527 71.200000 71.200000
17.000527 71.200000 71.200000
18.000527 71.200000 71.200000
19.000528 71.200000 71.200000
20.000538 71.200000 71.200000
21.000608 71.200000 71.200000
22.000645 71.200000 71.200000
23.000647 71.200000 71.200000
24.000648 71.200000 71.200000
25.000648 71.200000 71.200000
26.000648 71.200000 71.200000
27.000652 71.200000 71.200000
28.000655 71.200000 71.200000
29.000676 71.200000 71.200000
30.000681 71.200000 71.200000
31.000682 71.200000 71.200000
32.000690 71.200000 71.200000
33.000693 71.200000 71.200000
34.000694 71.200000 71.200000
35.000694 71.200000 71.200000
36.000695 71.200000 71.200000
37.000695 71.200000 71.200000
38.000707 71.200000 71.200000
39.000709 71.200000 71.200000
40.000709 71.200000 71.200000
41.000753 71.200000 71.200000
42.000754 71.200000 71.200000
43.000760 71.200000 71.200000
44.000760 71.200000 71.200000
45.000760 71.200000 71.200000
46.000763 71.200000 71.200000
47.000765 71.200000 71.200000
48.000783 71.200000 71.200000
49.000787 71.200000 71.200000
50.000788 71.200000 71.200000
51.000788 71.200000 71.200000
52.000792 71.200000 71.200000
53.000792 71.200000 71.200000
54.000793 71.200000 71.200000
55.000795 71.200000 71.200000
56.000795 71.200000 71.200000
57.000795 71.200000 71.200000
58.000800 71.200000 71.200000
59.000802 71.200000 71.200000
60.000802 71.200000 71.200000
61.000802 71.200000 71.200000
62.000806 71.200000 71.200000
63.000808 71.200000 71.200000
64.000808 71.200000 71.200000
65.000820 71.200000 71.200000
66.000821 71.200000 71.200000
67.000821 71.200000 71.200000
68.000822 71.200000 71.200000
69.000823 71.200000 71.200000
70.000833 71.200000 71.200000
71.000842 71.200000 71.200000
72.000842 71.200000 71.200000
73.000855 71.200000 71.200000
74.000855 71.200000 71.200000
75.000860 71.200000 71.200000
76.000863 71.200000 71.200000
77.000867 71.200000 71.200000
78.000940 71.200000 71.200000
79.000940 71.200000 71.200000
80.000940 71.200000 71.200000
81.000940 71.200000 71.200000
82.000978 71.200000 71.200000
83.000980 71.200000 71.200000
84.000985 71.200000 71.200000
85.000985 71.200000 71.200000
86.000988 71.200000 71.200000
87.000997 71.200000 71.200000
88.001006 71.200000 71.200000
89.001011 71.200000 71.200000
90.001025 71.200000 71.200000
91.001025 71.200000 71.200000
92.001030 71.200000 71.200000
93.001042 71.200000 71.200000
94.001042 71.200000 71.200000
95.001044 71.200000 71.200000
96.001074 71.200000 71.200000
97.001076 71.200000 71.200000
98.001080 71.200000 71.200000
99.001086 71.200000 71.200000
100.001087 71.200000 71.200000
101.001088 71.200000 71.200000
102.001096 71.200000 71.200000
103.001097 71.200000 71.200000
104.001105 71.200000 71.200000
105.001107 71.200000 71.200000
106.001117 71.200000 71.200000
107.001118 71.200000 71.200000
108.001126 71.200000 71.200000
109.001127 71.200000 71.200000
110.001127 71.200000 71.200000
111.001147 71.200000 71.200000
112.001148 71.200000 71.200000
113.001158 71.200000 71.200000
114.001161 71.200000 71.200000
115.001161 71.200000 71.200000
116.001163 71.200000 71.200000
117.001167 71.200000 71.200000
118.001177 71.200000 71.200000
119.001177 71.200000 71.200000
120.001178 71.200000 71.200000
121.001181 71.200000 71.200000
122.001181 71.200000 71.200000
123.001189 71.200000 71.200000
124.001212 71.200000 71.200000
125.001214 71.200000 71.200000
126.001219 71.200000 71.200000
127.001223 71.200000 71.200000
128.001229 71.200000 71.200000
129.001229 71.200000 71.200000
130.001236 71.200000 71.200000
131.001236 71.200000 71.200000
132.001236 71.200000 71.200000
133.001239 71.200000 71.200000
134.001249 71.200000 71.200000
135.001250 71.200000 71.200000
136.001250 71.200000 71.200000
137.001259 71.200000 71.200000
138.001259 71.200000 71.200000
139.001262 71.200000 71.200000
140.001262 71.200000 71.200000
141.001268 71.200000 71.200000
142.001269 71.200000 71.200000
143.001276 71.200000 71.200000
144.001284 71.200000 71.200000
145.001288 71.200000 71.200000
146.001298 71.200000 71.200000
147.001298 71.200000 71.200000
148.001299 71.200000 71.200000
149.001299 71.200000 71.200000
150.001300 71.200000 71.200000
151.001301 71.200000 71.200000
152.001314 71.200000 71.200000
153.001315 71.200000 71.200000
154.001322 71.200000 71.200000
155.001334 71.200000 71.200000
156.001335 71.200000 71.200000
157.001364 71.200000 71.200000
158.001364 71.200000 71.200000
159.001371 71.200000 71.200000
160.001380 71.200000 71.200000
161.001380 71.200000 71.200000
162.001387 71.200000 71.200000
163.001393 71.200000 71.200000
164.001416 71.200000 71.200000
165.001416 71.200000 71.200000
166.001425 71.200000 71.200000
167.001433 71.200000 71.200000
168.001441 71.200000 71.200000
169.001441 71.200000 71.200000
170.001441 71.200000 71.200000
171.001468 71.200000 71.200000
172.001472 71.200000 71.200000
173.001473 71.200000 71.200000
174.001474 71.200000 71.200000
175.001481 71.200000 71.200000
176.001484 71.200000 71.200000
177.001488 71.200000 71.200000
178.001496 71.200000 71.200000
179.001501 71.200000 71.200000
180.001501 71.200000 71.200000
181.001509 71.200000 71.200000
182.001510 71.200000 71.200000
183.001543 71.200000 71.200000
184.001546 71.200000 71.200000
185.001552 71.200000 71.200000
186.001554 71.200000 71.200000
187.001556 71.200000 71.200000
188.001556 71.200000 71.200000
189.001558 71.200000 71.200000
190.001559 71.200000 71.200000
191.001560 71.200000 71.200000
192.001569 71.200000 71.200000
193.001605 71.200000 71.200000
194.001609 71.200000 71.200000
195.001617 71.200000 71.200000
196.001617 71.200000 71.200000
197.001619 71.200000 71.200000
198.001622 71.200000 71.200000
199.001683 71.200000 71.200000
200.001687 71.200000 71.200000
201.001687 71.200000 71.200000
202.001693 71.200000 71.200000
203.001702 71.200000 71.200000
204.001703 71.200000 71.200000
205.001710 71.200000 71.200000
206.001719 71.200000 71.200000
207.001719 71.200000 71.200000
208.001720 71.200000 71.200000
209.001722 71.200000 71.200000
210.001729 71.200000 71.200000
211.001732 71.200000 71.200000
212.001732 71.200000 71.200000
213.001732 71.200000 71.200000
214.001732 71.200000 71.200000
215.001738 71.200000 71.200000
216.001738 71.200000 71.200000
217.001743 71.200000 71.200000
218.001746 71.200000 71.200000
219.001816 71.200000 71.200000
220.001818 71.200000 71.200000
221.001821 71.200000 71.200000
222.001834 71.200000 71.200000
223.001836 71.200000 71.200000
224.001839 71.200000 71.200000
225.001843 71.200000 71.200000
226.001854 71.200000 71.200000
227.001866 71.200000 71.200000
228.001866 71.200000 71.200000
229.001874 71.200000 71.200000
230.001875 71.200000 71.200000
231.001877 71.200000 71.200000
232.001877 71.200000 71.200000
233.001879 71.200000 71.200000
234.001884 71.200000 71.200000
235.001888 71.200000 71.200000
236.001931 71.200000 71.200000
237.001940 71.200000 71.200000
238.001944 71.200000 71.200000
239.001946 71.200000 71.200000
240.001957 71.200000 71.200000
241.001957 71.200000 71.200000
242.001960 71.200000 71.200000
243.001964 71.200000 71.200000
244.001975 71.200000 71.200000
245.001975 71.200000 71.200000
246.001977 71.200000 71.200000
247.001977 71.200000 71.200000
248.001978 71.200000 71.200000
249.001981 71.200000 71.200000
250.001981 71.200000 71.200000
251.001981 71.200000 71.200000
252.001982 71.200000 71.200000
253.001986 71.200000 71.200000
254.001988 71.200000 71.200000
255.001989 71.200000 71.200000
256.001990 71.200000 71.200000
257.001990 71.200000 71.200000
258.001990 71.200000 71.200000
259.001994 71.200000 71.200000
260.001996 71.200000 71.200000
261.002006 71.200000 71.200000
262.002017 71.200000 71.200000
263.002023 71.200000 71.200000
264.002023 71.200000 71.200000
265.002026 71.200000 71.200000
266.002026 71.200000 71.200000
267.002042 71.200000 71.200000
268.002052 71.200000 71.200000
269.002055 71.200000 71.200000
270.002056 71.200000 71.200000
271.002056 71.200000 71.200000
272.002057 71.200000 71.200000
273.002058 71.200000 71.200000
274.002062 71.200000 71.200000
275.002062 71.200000 71.200000
276.002071 71.200000 71.200000
277.002071 71.200000 71.200000
278.002123 71.200000 71.200000
279.002123 71.200000 71.200000
280.002130 71.200000 71.200000
281.002138 71.200000 71.200000
282.002138 71.200000 71.200000
283.002145 71.200000 71.200000
284.002189 71.200000 71.200000
285.002195 71.200000 71.200000
286.002196 71.200000 71.200000
287.002196 71.200000 71.200000
288.002199 71.200000 71.200000
289.002199 71.200000 71.200000
290.002210 71.200000 71.200000
291.002212 71.200000 71.200000
292.002214 71.200000 71.200000
293.002215 71.200000 71.200000
294.002222 71.200000 71.200000
295.002222 71.200000 71.200000
296.002222 71.200000 71.200000
297.002225 71.200000 71.200000
298.002227 71.200000 71.200000
299.002230 71.200000 71.200000
300.002237 71.200000 71.200000
301.002240 71.200000 71.200000
302.002250 71.200000 71.200000
303.002256 71.200000 71.200000
304.002264 71.200000 71.200000
305.002318 71.200000 71.200000
306.002320 71.200000 71.200000
307.002322 71.200000 71.200000
308.002332 71.200000 71.200000
309.002340 71.200000 71.200000
310.002340 71.200000 71.200000
311.002390 71.200000 71.200000
312.002415 71.200000 71.200000
313.002422 71.200000 71.200000
314.002457 71.200000 71.200000
315.002464 71.200000 71.200000
316.002475 71.200000 71.200000
317.002483 71.200000 71.200000
318.002484 71.200000 71.200000
319.002491 71.200000 71.200000
320.002491 71.200000 71.200000
321.002493 71.200000 71.200000
322.002493 71.200000 71.200000
323.002504 71.200000 71.200000
324.002505 71.200000 71.200000
325.002511 71.200000 71.200000
326.002511 71.200000 71.200000
327.002511 71.200000 71.200000
328.002518 71.200000 71.200000
329.002522 71.200000 71.200000
330.002523 71.200000 71.200000
331.002523 71.200000 71.200000
332.002525 71.200000 71.200000
333.002525 71.200000 71.200000
334.002585 71.200000 71.200000
335.002585 71.200000 71.200000
336.002591 71.200000 71.200000
337.002598 71.200000 71.200000
338.002599 71.200000 71.200000
339.002600 71.200000 71.200000
340.002600 71.200000 71.200000
341.002601 71.200000 71.200000
342.002610 71.200000 71.200000
343.002611 71.200000 71.200000
344.002614 71.200000 71.200000
345.002614 71.200000 71.200000
346.002615 71.200000 71.200000
347.002619 71.200000 71.200000
348.002635 71.200000 71.200000
349.002637 71.200000 71.200000
350.002638 71.200000 71.200000
351.002638 71.200000 71.200000
352.002644 71.200000 71.200000
353.002661 71.200000 71.200000
354.002668 71.200000 71.200000
355.002727 71.200000 71.200000
356.002729 71.200000 71.200000
357.002735 71.200000 71.200000
358.002736 71.200000 71.200000
359.002736 71.200000 71.200000
360.002744 71.200000 71.200000
361.002756 71.200000 71.200000
362.002761 71.200000 71.200000
363.002767 71.200000 71.200000
364.002768 71.200000 71.200000
365.002771 71.200000 71.200000
366.002776 71.200000 71.200000
367.002777 71.200000 71.200000
368.002788 71.200000 71.200000
369.002791 71.200000 71.200000
370.002793 71.200000 71.200000
371.002793 71.200000 71.200000
372.002793 71.200000 71.200000
373.002800 71.200000 71.200000
374.002802 71.200000 71.200000
375.002802 71.200000 71.200000
376.002811 71.200000 71.200000
377.002814 71.200000 71.200000
378.002817 71.200000 71.200000
379.002817 71.200000 71.200000
380.002819 71.200000 71.200000
381.002819 71.200000 71.200000
382.002821 71.200000 71.200000
383.002821 71.200000 71.200000
384.002825 71.200000 71.200000
385.002825 71.200000 71.200000
386.002830 71.200000 71.200000
387.002831 71.200000 71.200000
388.002836 71.200000 71.200000
389.002838 71.200000 71.200000
390.002838 71.200000 71.200000
391.002838 71.200000 71.200000
392.002848 71.200000 71.200000
393.002873 71.200000 71.200000
394.002873 71.200000 71.200000
395.002884 71.200000 71.200000
396.002886 71.200000 71.200000
397.002887 71.200000 71.200000
398.002888 71.200000 71.200000
399.002893 71.200000 71.200000
400.002894 71.200000 71.200000
401.002894 71.200000 71.200000
402.002894 71.200000 71.200000
403.002896 71.200000 71.200000
404.002904 71.200000 71.200000
405.002907 71.200000 71.200000
406.002910 71.200000 71.200000
407.002912 71.200000 71.200000
408.002915 71.200000 71.200000
409.002923 71.200000 71.200000
410.002943 71.200000 71.200000
411.002944 71.200000 71.200000
412.002956 71.200000 71.200000
413.002964 71.200000 71.200000
414.002974 71.200000 71.200000
415.002974 71.200000 71.200000
416.002975 71.200000 71.200000
417.002985 71.200000 71.200000
418.002995 71.200000 71.200000
419.003044 71.200000 71.200000
420.003046 71.200000 71.200000
421.003046 71.200000 71.200000
422.003046 71.200000 71.200000
423.003049 71.200000 71.200000
424.003057 71.200000 71.200000
425.003063 71.200000 71.200000
426.003063 71.200000 71.200000
427.003066 71.200000 71.200000
428.003068 71.200000 71.200000
429.003155 71.200000 71.200000
430.003160 71.200000 71.200000
431.003160 71.200000 71.200000
432.003166 71.200000 71.200000
433.003171 71.200000 71.200000
434.003171 71.200000 71.200000
435.003173 71.200000 71.200000
436.003174 71.200000 71.200000
437.003181 71.200000 71.200000
438.003186 71.200000 71.200000
439.003194 71.200000 71.200000
440.003194 71.200000 71.200000
441.003233 71.200000 71.200000
442.003233 71.200000 71.200000
443.003233 71.200000 71.200000
444.003234 71.200000 71.200000
445.003234 71.200000 71.200000
446.003242 71.200000 71.200000
447.003245 71.200000 71.200000
448.003248 71.200000 71.200000
449.003250 71.200000 71.200000
450.003252 71.200000 71.200000
451.003262 71.200000 71.200000
452.003264 71.200000 71.200000
453.003270 71.200000 71.200000
454.003270 71.200000 71.200000
455.003272 71.200000 71.200000
456.003324 71.200000 71.200000
457.003325 71.200000 71.200000
458.003333 71.200000 71.200000
459.003339 71.200000 71.200000
460.003341 71.200000 71.200000
461.003381 71.200000 71.200000
462.003381 71.200000 71.200000
463.003422 71.200000 71.200000
464.003453 71.200000 71.200000
465.003453 71.200000 71.200000
466.003460 71.200000 71.200000
467.003473 71.200000 71.200000
468.003474 71.200000 71.200000
469.003481 71.200000 71.200000
470.003481 71.200000 71.200000
471.003483 71.200000 71.200000
472.003484 71.200000 71.200000
473.003484 71.200000 71.200000
474.003566 71.200000 71.200000
475.003569 71.200000 71.200000
476.003569 71.200000 71.200000
477.003569 71.200000 71.200000
478.003571 71.200000 71.200000
479.003575 71.200000 71.200000
480.003578 71.200000 71.200000
481.003598 71.200000 71.200000
482.003602 71.200000 71.200000
483.003603 71.200000 71.200000
484.003604 71.200000 71.200000
485.003607 71.200000 71.200000
486.003611 71.200000 71.200000
487.003613 71.200000 71.200000
488.003614 71.200000 71.200000
489.003617 71.200000 71.200000
490.003621 71.200000 71.200000
491.003621 71.200000 71.200000
492.003630 71.200000 71.200000
493.003636 71.200000 71.200000
494.003638 71.200000 71.200000
495.003640 71.200000 71.200000
496.003640 71.200000 71.200000
497.003641 71.200000 71.200000
498.003652 71.200000 71.200000
499.003652 71.200000 71.200000
500.003656 71.200000 71.200000
501.003656 71.200000 71.200000
502.003656 71.200000 71.200000
503.003657 71.200000 71.200000
504.003696 71.200000 71.200000
505.003700 71.200000 71.200000
506.003700 71.200000 71.200000
507.003701 71.200000 71.200000
508.003747 71.200000 71.200000
509.003754 71.200000 71.200000
510.003794 71.200000 71.200000
511.003830 71.200000 71.200000
512.003835 71.200000 71.200000
513.003835 71.200000 71.200000
514.003836 71.200000 71.200000
515.003838 71.200000 71.200000
516.003841 71.200000 71.200000
517.003851 71.200000 71.200000
518.003855 71.200000 71.200000
519.003855 71.200000 71.200000
520.003857 71.200000 71.200000
521.003858 71.200000 71.200000
522.003859 71.200000 71.200000
523.003871 71.200000 71.200000
524.003871 71.200000 71.200000
525.003874 71.200000 71.200000
526.003874 71.200000 71.200000
527.003880 71.200000 71.200000
528.003884 71.200000 71.200000
529.003884 71.200000 71.200000
530.003888 71.200000 71.200000
531.003890 71.200000 71.200000
532.003933 71.200000 71.200000
533.003933 71.200000 71.200000
534.003944 71.200000 71.200000
535.003949 71.200000 71.200000
536.003959 71.200000 71.200000
537.003961 71.200000 71.200000
538.003961 71.200000 71.200000
539.003961 71.200000 71.200000
540.003963 71.200000 71.200000
541.003963 71.200000 71.200000
542.003965 71.200000 71.200000
543.003970 71.200000 71.200000
544.003975 71.200000 71.200000
545.003987 71.200000 71.200000
546.003991 71.200000 71.200000
547.004017 71.200000 71.200000
548.004024 71.200000 71.200000
549.004027 71.200000 71.200000
550.004029 71.200000 71.200000
551.004032 71.200000 71.200000
552.004032 71.200000 71.200000
553.004032 71.200000 71.200000
554.004033 71.200000 71.200000
555.004038 71.200000 71.200000
556.004038 71.200000 71.200000
557.004050 71.200000 71.200000
558.004053 71.200000 71.200000
559.004060 71.200000 71.200000
560.004071 71.200000 71.200000
561.004071 71.200000 71.200000
562.004074 71.200000 71.200000
563.004077 71.200000 71.200000
564.004078 71.200000 71.200000
565.004081 71.200000 71.200000
566.004081 71.200000 71.200000
567.004085 71.200000 71.200000
568.004085 71.200000 71.200000
569.004089 71.200000 71.200000
570.004090 71.200000 71.200000
571.004123 71.200000 71.200000
572.004132 71.200000 71.200000
573.004189 71.200000 71.200000
574.004191 71.200000 71.200000
575.004200 71.200000 71.200000
576.004200 71.200000 71.200000
577.004224 71.200000 71.200000
578.004251 71.200000 71.200000
579.004251 71.200000 71.200000
580.004290 71.200000 71.200000
581.004291 71.200000 71.200000
582.004291 71.200000 71.200000
583.004291 71.200000 71.200000
584.004295 71.200000 71.200000
585.004295 71.200000 71.200000
586.004295 71.200000 71.200000
587.004302 71.200000 71.200000
588.004305 71.200000 71.200000
589.004311 71.200000 71.200000
590.004331 71.200000 71.200000
591.004338 71.200000 71.200000
592.004346 71.200000 71.200000
593.004352 71.200000 71.200000
594.004358 71.200000 71.200000
595.004363 71.200000 71.200000
596.004370 71.200000 71.200000
597.004374 71.200000 71.200000
598.004375 71.200000 71.200000
599.004380 71.200000 71.200000
600.004396 71.200000 71.200000
601.004397 71.200000 71.200000
602.004399 71.200000 71.200000
603.004400 71.200000 71.200000
604.004401 71.200000 71.200000
605.004410 71.200000 71.200000
606.004423 71.200000 71.200000
607.004424 71.200000 71.200000
608.004433 71.200000 71.200000
609.004445 71.200000 71.200000
610.004456 71.200000 71.200000
611.004466 71.200000 71.200000
612.004468 71.200000 71.200000
613.004468 71.200000 71.200000
614.004468 71.200000 71.200000
615.004524 71.200000 71.200000
616.004530 71.200000 71.200000
617.004537 71.200000 71.200000
618.004537 71.200000 71.200000
619.004540 71.200000 71.200000
620.004542 71.200000 71.200000
621.004545 71.200000 71.200000
622.004547 71.200000 71.200000
623.004547 71.200000 71.200000
624.004554 71.200000 71.200000
625.004554 71.200000 71.200000
626.004558 71.200000 71.200000
627.004588 71.200000 71.200000
628.004590 71.200000 71.200000
629.004601 71.200000 71.200000
630.004611 71.200000 71.200000
631.004617 71.200000 71.200000
632.004618 71.200000 71.200000
633.004621 71.200000 71.200000
634.004622 71.200000 71.200000
635.004627 71.200000 71.200000
636.004634 71.200000 71.200000
637.004666 71.200000 71.200000
638.004671 71.200000 71.200000
639.004671 71.200000 71.200000
640.004671 71.200000 71.200000
641.004742 71.200000 71.200000
642.004742 71.200000 71.200000
643.004746 71.200000 71.200000
644.004750 71.200000 71.200000
645.004798 71.200000 71.200000
646.004798 71.200000 71.200000
647.004804 71.200000 71.200000
648.004804 71.200000 71.200000
649.004804 71.200000 71.200000
650.004816 71.200000 71.200000
651.004817 71.200000 71.200000
652.004826 71.200000 71.200000
653.004832 71.200000 71.200000
654.004835 71.200000 71.200000
655.004836 71.200000 71.200000
656.004840 71.200000 71.200000
657.004849 71.200000 71.200000
658.004853 71.200000 71.200000
659.004855 71.200000 71.200000
660.004856 71.200000 71.200000
661.004862 71.200000 71.200000
662.004866 71.200000 71.200000
663.004869 71.200000 71.200000
664.004918 71.200000 71.200000
665.004921 71.200000 71.200000
666.004922 71.200000 71.200000
667.004928 71.200000 71.200000
668.004931 71.200000 71.200000
669.004931 71.200000 71.200000
670.004934 71.200000 71.200000
671.004950 71.200000 71.200000
672.004950 71.200000 71.200000
673.004950 71.200000 71.200000
674.004960 71.200000 71.200000
675.004960 71.200000 71.200000
676.004961 71.200000 71.200000
677.004964 71.200000 71.200000
678.004965 71.200000 71.200000
679.004967 71.200000 71.200000
680.004970 71.200000 71.200000
681.004992 71.200000 71.200000
682.005021 71.200000 71.200000
683.005026 71.200000 71.200000
684.005035 71.200000 71.200000
685.005036 71.200000 71.200000
686.005042 71.200000 71.200000
687.005044 71.200000 71.200000
688.005047 71.200000 71.200000
689.005054 71.200000 71.200000
690.005055 71.200000 71.200000
691.005056 71.200000 71.200000
692.005062 71.200000 71.200000
693.005062 71.200000 71.200000
694.005071 71.200000 71.200000
695.005071 71.200000 71.200000
696.005071 71.200000 71.200000
697.005075 71.200000 71.200000
698.005077 71.200000 71.200000
699.005077 71.200000 71.200000
700.005079 71.200000 71.200000
701.005082 71.200000 71.200000
702.005087 71.200000 71.200000
703.005095 71.200000 71.200000
704.005097 71.200000 71.200000
705.005102 71.200000 71.200000
706.005113 71.200000 71.200000
707.005114 71.200000 71.200000
708.005118 71.200000 71.200000
709.005120 71.200000 71.200000
710.005123 71.200000 71.200000
711.005126 71.200000 71.200000
712.005135 71.200000 71.200000
713.005143 71.200000 71.200000
714.005145 71.200000 71.200000
715.005147 71.200000 71.200000
716.005193 71.200000 71.200000
717.005194 71.200000 71.200000
718.005215 71.200000 71.200000
719.005215 71.200000 71.200000
720.005222 71.200000 71.200000
721.005222 71.200000 71.200000
722.005223 71.200000 71.200000
723.005225 71.200000 71.200000
724.005226 71.200000 71.200000
725.005228 71.200000 71.200000
726.005229 71.200000 71.200000
727.005234 71.200000 71.200000
728.005237 71.200000 71.200000
729.005239 71.200000 71.200000
730.005242 71.200000 71.200000
731.005242 71.200000 71.200000
732.005293 71.200000 71.200000
733.005293 71.200000 71.200000
734.005304 71.200000 71.200000
735.005313 71.200000 71.200000
736.005313 71.200000 71.200000
737.005315 71.200000 71.200000
738.005318 71.200000 71.200000
739.005319 71.200000 71.200000
740.005346 71.200000 71.200000
741.005354 71.200000 71.200000
742.005354 71.200000 71.200000
743.005358 71.200000 71.200000
744.005359 71.200000 71.200000
745.005366 71.200000 71.200000
746.005366 71.200000 71.200000
747.005371 71.200000 71.200000
748.005372 71.200000 71.200000
749.005374 71.200000 71.200000
750.005388 71.200000 71.200000
751.005393 71.200000 71.200000
752.005397 71.200000 71.200000
753.005398 71.200000 71.200000
754.005446 71.200000 71.200000
755.005446 71.200000 71.200000
756.005455 71.200000 71.200000
757.005460 71.200000 71.200000
758.005460 71.200000 71.200000
759.005460 71.200000 71.200000
760.005465 71.200000 71.200000
761.005468 71.200000 71.200000
762.005475 71.200000 71.200000
763.005478 71.200000 71.200000
764.005478 71.200000 71.200000
765.005483 71.200000 71.200000
766.005487 71.200000 71.200000
767.005491 71.200000 71.200000
768.005492 71.200000 71.200000
769.005503 71.200000 71.200000
770.005510 71.200000 71.200000
771.005512 71.200000 71.200000
772.005516 71.200000 71.200000
773.005523 71.200000 71.200000
774.005538 71.200000 71.200000
775.005540 71.200000 71.200000
776.005541 71.200000 71.200000
777.005588 71.200000 71.200000
778.005590 71.200000 71.200000
779.005597 71.200000 71.200000
780.005636 71.200000 71.200000
781.005639 71.200000 71.200000
782.005646 71.200000 71.200000
783.005649 71.200000 71.200000
784.005649 71.200000 71.200000
785.005651 71.200000 71.200000
786.005654 71.200000 71.200000
787.005654 71.200000 71.200000
788.005654 71.200000 71.200000
789.005660 71.200000 71.200000
790.005661 71.200000 71.200000
791.005666 71.200000 71.200000
792.005673 71.200000 71.200000
793.005678 71.200000 71.200000
794.005678 71.200000 71.200000
795.005682 71.200000 71.200000
796.005691 71.200000 71.200000
797.005693 71.200000 71.200000
798.005701 71.200000 71.200000
799.005701 71.200000 71.200000
