0.473109 601.600000 601.600000
1.479622 388.800000 388.800000
2.481429 319.600000 319.600000
3.489223 314.000000 314.000000
4.503973 308.400000 308.400000
5.581967 280.400000 280.400000
6.588201 263.600000 263.600000
7.589080 263.600000 263.600000
8.647556 263.600000 263.600000
9.652549 263.600000 263.600000
10.663902 263.600000 263.600000
11.674285 263.600000 579.200000
12.681342 263.600000 330.800000
13.685635 263.600000 274.800000
14.711638 263.600000 269.200000
15.711908 263.600000 263.600000
16.788426 263.600000 263.600000
17.867538 263.600000 263.600000
18.905466 263.600000 263.600000
19.914325 263.600000 263.600000
20.967808 263.600000 584.800000
21.969984 263.600000 542.000000
23.007525 263.600000 308.400000
24.027679 263.600000 269.200000
25.042413 263.600000 269.200000
26.044341 258.000000 258.000000
27.068495 258.000000 258.000000
28.151617 258.000000 258.000000
29.152594 256.000000 256.000000
30.176440 256.000000 256.000000
31.238004 256.000000 256.000000
32.248548 256.000000 256.000000
33.270426 256.000000 256.000000
34.289992 256.000000 256.000000
35.298804 256.000000 568.000000
36.311252 256.000000 297.200000
37.325138 256.000000 286.000000
38.330749 256.000000 280.400000
39.346385 256.000000 269.200000
40.369191 252.400000 252.400000
41.401276 252.400000 252.400000
42.408550 252.400000 252.400000
43.419890 252.400000 252.400000
44.422475 252.400000 252.400000
45.571162 252.400000 596.000000
46.581351 252.400000 450.400000
47.616339 252.400000 325.200000
48.626418 252.400000 291.600000
49.629013 252.400000 286.000000
50.647773 252.400000 286.000000
51.700675 252.400000 284.000000
52.736305 252.400000 284.000000
53.743062 252.400000 284.000000
54.747813 252.400000 284.000000
55.781348 252.400000 284.000000
56.846929 252.400000 284.000000
57.891638 252.400000 486.000000
58.912898 252.400000 308.400000
59.934964 252.400000 297.200000
60.955061 252.400000 291.600000
61.965438 252.400000 286.000000
62.971152 252.400000 286.000000
63.978488 252.400000 286.000000
64.999908 252.400000 286.000000
66.008828 252.400000 286.000000
67.025915 252.400000 573.600000
68.073072 252.400000 342.000000
69.093409 252.400000 308.400000
70.104038 252.400000 263.600000
71.115159 252.400000 258.000000
72.119287 252.400000 252.400000
73.138039 252.400000 252.400000
74.164216 252.400000 252.400000
75.174050 252.400000 252.400000
76.220829 252.400000 573.600000
77.232135 252.400000 377.600000
78.233241 252.400000 297.200000
79.264762 252.400000 280.400000
80.265978 252.400000 280.400000
81.278907 252.400000 274.800000
82.281614 252.400000 274.800000
83.283873 252.400000 274.800000
84.284447 252.400000 274.800000
85.543378 252.400000 573.600000
86.560111 252.400000 325.200000
87.580176 252.400000 308.400000
88.589140 252.400000 302.800000
89.602786 252.400000 291.600000
90.608910 252.400000 280.400000
91.635376 252.400000 274.800000
92.641020 252.400000 274.800000
93.650856 252.400000 274.800000
94.655447 252.400000 274.800000
95.702501 252.400000 274.800000
96.711392 252.400000 573.600000
97.763418 252.400000 314.000000
98.817341 252.400000 286.000000
99.875299 252.400000 284.000000
100.884905 252.400000 280.400000
101.892721 252.400000 280.400000
102.896241 252.400000 280.400000
103.902732 252.400000 280.400000
104.965472 252.400000 280.400000
105.980829 252.400000 573.600000
106.991563 252.400000 297.200000
107.992574 252.400000 274.800000
109.020092 252.400000 267.200000
110.037548 252.400000 267.200000
111.079880 252.400000 267.200000
112.089345 252.400000 267.200000
113.105915 252.400000 263.600000
114.123230 252.400000 263.600000
115.190356 252.400000 263.600000
116.364592 252.400000 579.200000
117.371228 252.400000 355.200000
118.373936 252.400000 300.800000
119.383110 252.400000 291.600000
120.404956 252.400000 286.000000
121.473056 252.400000 286.000000
122.492434 252.400000 286.000000
123.522047 252.400000 286.000000
124.523749 252.400000 573.600000
125.542352 252.400000 302.800000
126.608135 252.400000 269.200000
127.622771 252.400000 263.600000
128.680149 252.400000 263.600000
129.684469 252.400000 263.600000
130.745343 252.400000 263.600000
131.769874 252.400000 553.200000
132.777606 252.400000 377.600000
133.786798 252.400000 291.600000
134.802621 252.400000 278.400000
135.871823 252.400000 278.400000
136.888539 252.400000 278.400000
138.107320 252.400000 579.200000
139.133400 252.400000 358.800000
140.203088 252.400000 274.800000
141.258314 252.400000 272.800000
142.320611 252.400000 272.800000
143.323488 252.400000 269.200000
144.334513 252.400000 269.200000
145.335452 252.400000 269.200000
146.341416 252.400000 269.200000
147.348313 252.400000 456.000000
148.396331 252.400000 319.600000
149.415053 252.400000 308.400000
150.416020 252.400000 286.000000
151.424108 252.400000 282.400000
152.436301 252.400000 282.400000
153.452237 252.400000 282.400000
154.460445 252.400000 282.400000
155.478920 252.400000 282.400000
156.530853 252.400000 467.200000
157.534042 252.400000 330.800000
158.539527 252.400000 284.000000
159.550884 252.400000 280.400000
160.554195 252.400000 280.400000
161.582031 252.400000 280.400000
162.647252 252.400000 280.400000
163.647812 252.400000 280.400000
164.653920 252.400000 568.000000
165.671761 252.400000 444.800000
166.678231 252.400000 286.000000
167.749644 252.400000 263.600000
168.757626 252.400000 263.600000
169.791218 252.400000 263.600000
170.811861 252.400000 263.600000
171.812562 252.400000 263.600000
173.042151 252.400000 575.600000
174.059567 252.400000 439.200000
175.063021 252.400000 291.600000
176.067708 252.400000 286.000000
177.073248 252.400000 274.800000
178.076717 252.400000 269.200000
179.081490 252.400000 269.200000
180.099533 252.400000 269.200000
181.136035 252.400000 269.200000
182.287685 252.400000 579.200000
183.349142 252.400000 347.600000
184.368182 252.400000 297.200000
185.369503 252.400000 280.400000
186.387663 252.400000 274.800000
187.393296 252.400000 274.800000
188.402005 252.400000 274.800000
189.412666 252.400000 274.800000
190.455254 252.400000 590.400000
191.460608 252.400000 353.200000
192.487123 252.400000 286.000000
193.498914 250.400000 250.400000
194.507486 250.400000 250.400000
195.512681 250.400000 250.400000
196.718185 250.400000 579.200000
197.756922 250.400000 330.800000
198.770751 250.400000 308.400000
199.771575 250.400000 274.800000
200.772645 250.400000 269.200000
201.796629 250.400000 263.600000
202.800740 250.400000 263.600000
203.801323 250.400000 263.600000
204.817673 250.400000 263.600000
205.822309 250.400000 263.600000
206.878889 250.400000 525.200000
207.889984 250.400000 319.600000
208.897815 250.400000 291.600000
209.913155 250.400000 280.400000
210.915383 250.400000 269.200000
211.947260 250.400000 269.200000
212.951711 250.400000 269.200000
213.951807 250.400000 269.200000
214.964512 250.400000 269.200000
216.039143 250.400000 562.400000
217.058417 250.400000 370.000000
218.093637 250.400000 302.800000
219.159261 250.400000 286.000000
220.223838 250.400000 286.000000
221.290428 250.400000 286.000000
222.295850 250.400000 286.000000
223.296960 250.400000 568.000000
224.306245 250.400000 308.400000
225.320976 250.400000 297.200000
226.352967 250.400000 269.200000
227.359379 250.400000 269.200000
228.435883 250.400000 267.200000
229.443530 250.400000 267.200000
230.447817 250.400000 267.200000
231.459164 250.400000 267.200000
232.462446 250.400000 267.200000
233.465759 250.400000 568.000000
234.531686 250.400000 556.800000
235.553730 250.400000 269.200000
236.589730 250.400000 269.200000
237.592219 250.400000 261.600000
238.614067 250.400000 258.000000
239.635302 250.400000 252.400000
240.641674 250.400000 252.400000
241.644487 250.400000 252.400000
242.660917 250.400000 252.400000
243.674737 250.400000 252.400000
244.761154 250.400000 584.800000
245.788030 250.400000 325.200000
246.813958 250.400000 319.600000
247.819563 250.400000 319.600000
248.846977 250.400000 289.600000
249.876955 250.400000 286.000000
250.889071 250.400000 286.000000
251.892948 250.400000 286.000000
252.903555 250.400000 286.000000
253.909767 250.400000 286.000000
254.911733 250.400000 450.400000
255.921407 250.400000 280.400000
256.926556 250.400000 272.800000
257.940548 250.400000 272.800000
258.954047 250.400000 272.800000
259.967618 250.400000 272.800000
261.069706 250.400000 573.600000
262.136973 250.400000 375.600000
263.156506 250.400000 263.600000
264.163679 250.400000 258.000000
265.172166 250.400000 256.000000
266.192889 250.400000 256.000000
267.194702 250.400000 256.000000
268.194820 250.400000 256.000000
269.202042 250.400000 467.200000
270.209026 250.400000 336.400000
271.209373 250.400000 297.200000
272.217530 250.400000 297.200000
273.226244 250.400000 274.800000
274.232430 250.400000 263.600000
275.235708 250.400000 263.600000
276.279419 250.400000 263.600000
277.325569 250.400000 263.600000
278.413271 250.400000 584.800000
279.436022 250.400000 330.800000
280.441886 250.400000 308.400000
281.453647 250.400000 286.000000
282.469821 250.400000 274.800000
283.538055 250.400000 274.800000
284.550454 250.400000 274.800000
285.608139 250.400000 274.800000
286.832929 250.400000 657.600000
287.912283 250.400000 467.200000
288.916663 250.400000 286.000000
289.925812 250.400000 286.000000
290.937879 250.400000 274.800000
291.941345 250.400000 269.200000
292.970318 250.400000 269.200000
294.005845 250.400000 269.200000
295.009957 250.400000 579.200000
296.023841 250.400000 448.400000
297.034549 250.400000 398.000000
298.036680 250.400000 297.200000
299.044433 250.400000 286.000000
300.059468 250.400000 286.000000
301.068737 250.400000 286.000000
302.095328 250.400000 601.600000
303.133487 250.400000 478.400000
304.156808 250.400000 280.400000
305.161178 250.400000 258.000000
306.184601 250.400000 252.400000
307.209406 250.400000 252.400000
308.213848 250.400000 252.400000
309.243535 250.400000 252.400000
310.401653 250.400000 584.800000
311.416132 250.400000 461.600000
312.422870 250.400000 370.000000
313.467810 250.400000 364.400000
314.474608 250.400000 274.800000
315.531128 250.400000 274.800000
316.539558 250.400000 269.200000
317.574112 250.400000 269.200000
318.642938 250.400000 269.200000
319.649145 250.400000 269.200000
320.656123 250.400000 478.400000
321.696093 250.400000 302.800000
322.704908 250.400000 286.000000
323.721380 250.400000 286.000000
324.754113 250.400000 280.400000
325.763189 250.400000 280.400000
326.767063 250.400000 278.400000
327.834963 250.400000 278.400000
328.843264 250.400000 278.400000
329.893210 250.400000 568.000000
330.909993 250.400000 530.800000
331.925671 250.400000 330.800000
332.927386 250.400000 269.200000
333.971981 250.400000 263.600000
335.040786 250.400000 258.000000
336.058073 250.400000 258.000000
337.090844 250.400000 258.000000
338.135236 250.400000 258.000000
339.140344 250.400000 512.000000
340.180838 250.400000 302.800000
341.245113 244.800000 244.800000
342.260017 244.800000 244.800000
343.279423 244.800000 244.800000
344.288497 244.800000 244.800000
345.290055 244.800000 244.800000
346.320006 244.800000 571.600000
347.325192 244.800000 360.800000
348.371583 244.800000 325.200000
349.397121 244.800000 280.400000
350.400854 244.800000 274.800000
351.401413 244.800000 274.800000
352.408284 244.800000 274.800000
353.409910 244.800000 274.800000
354.474887 244.800000 274.800000
355.491621 244.800000 330.800000
356.505567 244.800000 269.200000
357.532130 244.800000 269.200000
358.532339 244.800000 263.600000
359.532551 244.800000 258.000000
360.534263 244.800000 258.000000
361.573372 244.800000 258.000000
362.579712 244.800000 258.000000
363.806335 244.800000 573.600000
364.808134 244.800000 392.400000
365.813659 244.800000 302.800000
366.823838 244.800000 291.600000
367.844194 244.800000 286.000000
368.853138 244.800000 280.400000
369.855985 244.800000 280.400000
370.919333 244.800000 280.400000
371.952693 244.800000 280.400000
373.018942 244.800000 570.000000
374.029963 244.800000 349.600000
375.032605 244.800000 297.200000
376.104654 244.800000 291.600000
377.126803 244.800000 291.600000
378.137660 244.800000 291.600000
379.205930 244.800000 291.600000
380.217540 244.800000 568.000000
381.217727 244.800000 291.600000
382.245373 244.800000 274.800000
383.247060 244.800000 274.800000
384.247451 244.800000 274.800000
385.248650 244.800000 274.800000
386.258909 244.800000 274.800000
387.322688 244.800000 579.200000
388.343853 244.800000 342.000000
389.353807 244.800000 297.200000
390.370589 244.800000 280.400000
391.375474 244.800000 280.400000
392.384856 244.800000 280.400000
393.423504 244.800000 274.800000
394.445758 244.800000 274.800000
395.454429 244.800000 274.800000
396.479796 244.800000 274.800000
397.534878 244.800000 568.000000
398.537775 244.800000 375.600000
399.541113 244.800000 280.400000
400.542252 244.800000 267.200000
401.546759 244.800000 263.600000
402.563045 244.800000 263.600000
403.595521 244.800000 263.600000
404.631869 244.800000 573.600000
405.657554 244.800000 461.600000
406.678040 244.800000 291.600000
407.695244 244.800000 286.000000
408.701503 244.800000 274.800000
409.757476 244.800000 269.200000
410.794750 244.800000 269.200000
411.802769 244.800000 269.200000
412.805404 244.800000 269.200000
413.810220 244.800000 269.200000
414.818107 244.800000 428.000000
415.829951 244.800000 291.600000
416.873139 244.800000 269.200000
417.884296 244.800000 244.800000
418.893380 244.800000 244.800000
419.895178 244.800000 244.800000
420.929995 244.800000 244.800000
421.931315 244.800000 244.800000
422.946752 244.800000 579.200000
423.947203 244.800000 491.600000
424.958088 244.800000 461.600000
425.985969 244.800000 400.000000
426.992535 244.800000 286.000000
428.023860 244.800000 286.000000
429.033000 244.800000 284.000000
430.072336 244.800000 280.400000
431.087594 244.800000 280.400000
432.101481 244.800000 280.400000
433.116054 244.800000 274.800000
434.146295 244.800000 274.800000
435.162389 244.800000 274.800000
436.203293 244.800000 274.800000
437.203891 244.800000 274.800000
438.208126 244.800000 575.600000
439.285509 244.800000 383.200000
440.330728 244.800000 297.200000
441.384089 244.800000 291.600000
442.390994 244.800000 286.000000
443.392581 244.800000 286.000000
444.397126 244.800000 286.000000
445.398362 244.800000 286.000000
446.414007 244.800000 568.000000
447.415113 244.800000 562.400000
448.475877 244.800000 394.400000
449.507993 244.800000 304.800000
450.521997 244.800000 284.000000
451.528444 244.800000 284.000000
452.534654 244.800000 280.400000
453.599669 244.800000 280.400000
454.623423 244.800000 280.400000
455.628544 244.800000 280.400000
456.854212 244.800000 579.200000
457.854768 244.800000 340.000000
458.861441 244.800000 314.000000
459.871064 244.800000 314.000000
460.877217 244.800000 280.400000
461.886425 244.800000 278.400000
462.907870 244.800000 278.400000
463.922244 244.800000 278.400000
464.991581 244.800000 278.400000
466.063629 244.800000 278.400000
467.107623 244.800000 467.200000
468.115004 244.800000 336.400000
469.148621 244.800000 302.800000
470.156386 244.800000 297.200000
471.210078 244.800000 295.200000
472.214058 244.800000 291.600000
473.223372 244.800000 291.600000
474.224387 244.800000 291.600000
475.258895 244.800000 291.600000
476.280399 244.800000 291.600000
477.453034 244.800000 579.200000
478.470726 244.800000 568.000000
479.496610 244.800000 370.000000
480.529974 244.800000 286.000000
481.550345 244.800000 274.800000
482.573420 244.800000 269.200000
483.578797 244.800000 269.200000
484.587662 244.800000 269.200000
485.610310 244.800000 269.200000
486.616013 244.800000 269.200000
487.638103 244.800000 568.000000
488.639835 244.800000 330.800000
489.640672 244.800000 330.800000
490.641419 244.800000 286.000000
491.695168 244.800000 280.400000
492.701558 244.800000 280.400000
493.723376 244.800000 280.400000
494.795422 244.800000 280.400000
495.865143 244.800000 280.400000
496.904103 244.800000 472.800000
497.938818 244.800000 330.800000
498.972117 244.800000 280.400000
499.993839 244.800000 252.400000
501.005401 244.800000 252.400000
502.007311 244.800000 252.400000
503.008850 244.800000 252.400000
504.063019 244.800000 252.400000
505.284190 244.800000 584.800000
506.308872 244.800000 461.600000
507.319241 244.800000 381.200000
508.328527 244.800000 280.400000
509.329620 244.800000 280.400000
510.365283 244.800000 280.400000
511.397210 244.800000 280.400000
512.406995 244.800000 280.400000
513.410942 244.800000 280.400000
514.416771 244.800000 280.400000
515.436668 244.800000 517.600000
516.516855 244.800000 325.200000
517.520656 244.800000 274.800000
518.525989 244.800000 274.800000
519.540001 244.800000 269.200000
520.618807 244.800000 269.200000
521.619243 244.800000 269.200000
522.685718 244.800000 269.200000
523.707857 244.800000 269.200000
524.716996 244.800000 269.200000
525.889566 244.800000 584.800000
526.910482 244.800000 517.600000
527.951182 244.800000 295.200000
528.963485 244.800000 286.000000
529.976417 244.800000 280.400000
530.989919 244.800000 280.400000
532.001330 244.800000 280.400000
533.028762 244.800000 280.400000
534.045629 244.800000 280.400000
535.058443 244.800000 573.600000
536.064866 244.800000 467.200000
537.105775 244.800000 342.000000
538.126000 244.800000 342.000000
539.136724 244.800000 263.600000
540.145364 244.800000 261.600000
541.152519 244.800000 261.600000
542.171327 244.800000 261.600000
543.178633 244.800000 261.600000
544.191160 244.800000 325.200000
545.225485 244.800000 286.000000
546.231944 244.800000 286.000000
547.278804 244.800000 284.000000
548.333420 244.800000 280.400000
549.342022 244.800000 274.800000
550.361228 244.800000 274.800000
551.363909 244.800000 274.800000
552.371946 244.800000 274.800000
553.384343 244.800000 274.800000
554.384585 244.800000 274.800000
555.404791 244.800000 568.000000
556.438376 244.800000 456.000000
557.541605 244.800000 325.200000
558.549066 244.800000 308.400000
559.550569 244.800000 297.200000
560.554861 244.800000 291.600000
561.582330 244.800000 291.600000
562.616039 244.800000 291.600000
563.622879 244.800000 291.600000
564.636030 244.800000 573.600000
565.685090 244.800000 347.600000
566.686446 244.800000 291.600000
567.696292 244.800000 289.600000
568.730580 244.800000 274.800000
569.737233 244.800000 263.600000
570.746631 244.800000 263.600000
571.772421 244.800000 263.600000
572.778699 244.800000 263.600000
573.786554 244.800000 263.600000
574.806897 244.800000 573.600000
575.830214 244.800000 314.000000
576.853374 244.800000 314.000000
577.874880 244.800000 314.000000
578.875251 244.800000 314.000000
579.884428 244.800000 280.400000
580.886787 244.800000 280.400000
581.933314 244.800000 280.400000
582.966536 244.800000 280.400000
584.005426 244.800000 280.400000
585.040646 244.800000 280.400000
586.072205 244.800000 579.200000
587.076547 244.800000 542.000000
588.096145 244.800000 392.400000
589.153636 244.800000 263.600000
590.197024 244.800000 263.600000
591.213557 244.800000 263.600000
592.215801 244.800000 263.600000
593.226688 244.800000 263.600000
594.241207 244.800000 258.000000
595.242742 244.800000 258.000000
596.267696 244.800000 258.000000
597.319111 244.800000 258.000000
598.497130 244.800000 579.200000
599.520250 244.800000 325.200000
600.522235 244.800000 314.000000
601.526633 244.800000 280.400000
602.531870 244.800000 272.800000
603.544706 244.800000 272.800000
604.552460 244.800000 272.800000
605.594517 244.800000 272.800000
606.595519 244.800000 272.800000
607.606820 244.800000 272.800000
608.612058 244.800000 489.600000
609.613897 244.800000 297.200000
610.618566 244.800000 280.400000
611.628788 244.800000 280.400000
612.675517 244.800000 280.400000
613.681551 244.800000 280.400000
614.704997 244.800000 568.000000
615.741705 244.800000 478.400000
616.747383 244.800000 358.800000
617.790116 244.800000 302.800000
618.854823 244.800000 302.800000
619.866223 244.800000 302.800000
620.927582 244.800000 302.800000
622.038001 244.800000 573.600000
623.063395 244.800000 568.000000
624.066197 244.800000 392.400000
625.085835 244.800000 297.200000
626.088462 244.800000 280.400000
627.112194 244.800000 280.400000
628.127818 244.800000 274.800000
629.176869 244.800000 274.800000
630.179692 244.800000 274.800000
631.198758 244.800000 274.800000
632.207197 244.800000 274.800000
633.240649 244.800000 568.000000
634.337390 244.800000 446.800000
635.409549 244.800000 314.000000
636.423543 244.800000 274.800000
637.425040 244.800000 274.800000
638.426021 244.800000 269.200000
639.430102 244.800000 269.200000
640.435354 244.800000 269.200000
641.437310 244.800000 269.200000
642.449385 244.800000 269.200000
643.456869 244.800000 269.200000
644.667102 244.800000 581.200000
645.715051 244.800000 500.800000
646.734070 244.800000 308.400000
647.744385 244.800000 286.000000
648.766575 244.800000 280.400000
649.787798 244.800000 280.400000
650.797857 244.800000 280.400000
651.805615 244.800000 280.400000
652.958472 244.800000 573.600000
653.966468 244.800000 458.000000
655.006662 244.800000 291.600000
656.010742 244.800000 291.600000
657.015798 244.800000 291.600000
658.057698 244.800000 291.600000
659.076560 244.800000 291.600000
660.227964 244.800000 579.200000
661.234104 244.800000 319.600000
662.243359 244.800000 297.200000
663.250480 244.800000 297.200000
664.258368 244.800000 274.800000
665.264279 244.800000 274.800000
666.272686 244.800000 274.800000
667.274514 244.800000 274.800000
668.275716 244.800000 573.600000
669.299614 244.800000 289.600000
670.302643 244.800000 289.600000
671.312500 244.800000 263.600000
672.352177 244.800000 258.000000
673.370201 244.800000 258.000000
674.429909 244.800000 258.000000
675.443041 244.800000 258.000000
676.466990 244.800000 258.000000
677.596637 244.800000 575.600000
678.618354 244.800000 386.800000
679.626330 244.800000 383.200000
680.629509 244.800000 291.600000
681.635200 244.800000 291.600000
682.635665 244.800000 280.400000
683.636744 244.800000 280.400000
684.637171 244.800000 280.400000
685.638855 244.800000 280.400000
686.640602 244.800000 280.400000
687.652052 244.800000 573.600000
688.712245 244.800000 302.800000
689.716521 244.800000 297.200000
690.719217 244.800000 297.200000
691.728762 244.800000 297.200000
692.748142 244.800000 297.200000
693.808533 244.800000 297.200000
694.850526 244.800000 297.200000
695.913615 244.800000 573.600000
696.933881 244.800000 439.200000
697.968665 244.800000 314.000000
698.990909 244.800000 314.000000
700.004776 244.800000 280.400000
701.010294 244.800000 274.800000
702.030216 244.800000 272.800000
703.074209 244.800000 272.800000
704.081016 244.800000 272.800000
705.094589 244.800000 272.800000
706.126693 244.800000 272.800000
707.322436 244.800000 579.200000
708.394071 244.800000 497.200000
709.417512 244.800000 405.600000
710.430231 244.800000 392.400000
711.499302 244.800000 291.600000
712.583262 244.800000 291.600000
713.625465 244.800000 280.400000
714.650255 244.800000 280.400000
715.658182 244.800000 280.400000
716.666345 244.800000 280.400000
717.677780 244.800000 280.400000
718.679592 244.800000 579.200000
719.710859 244.800000 409.200000
720.720095 244.800000 314.000000
721.728018 244.800000 286.000000
722.744508 244.800000 280.400000
723.751977 244.800000 280.400000
724.815851 244.800000 280.400000
725.826180 244.800000 280.400000
726.842106 244.800000 280.400000
727.896632 244.800000 584.800000
728.913549 244.800000 364.400000
729.916103 244.800000 342.000000
730.937223 244.800000 308.400000
731.946848 244.800000 297.200000
732.951819 244.800000 291.600000
733.951998 244.800000 291.600000
734.953177 244.800000 291.600000
735.966915 244.800000 291.600000
737.108756 244.800000 584.800000
738.175733 244.800000 372.000000
739.187206 244.800000 314.000000
740.190748 244.800000 280.400000
741.198252 244.800000 274.800000
742.227963 244.800000 274.800000
743.258667 244.800000 573.600000
744.268682 244.800000 323.200000
745.275358 244.800000 267.200000
746.282134 244.800000 267.200000
747.311208 244.800000 263.600000
748.330141 244.800000 258.000000
749.334403 244.800000 258.000000
750.341021 244.800000 258.000000
751.350495 244.800000 258.000000
752.408455 244.800000 579.200000
753.437508 244.800000 370.000000
754.466463 244.800000 284.000000
755.485736 244.800000 274.800000
756.510561 244.800000 274.800000
757.525671 244.800000 274.800000
758.568041 244.800000 372.000000
759.584308 244.800000 297.200000
760.589089 244.800000 286.000000
761.657245 244.800000 280.400000
762.662026 244.800000 278.400000
763.667765 244.800000 278.400000
764.675957 244.800000 278.400000
765.676943 244.800000 278.400000
766.691123 244.800000 573.600000
767.691298 244.800000 456.000000
768.692411 244.800000 278.400000
769.714666 244.800000 269.200000
770.728287 244.800000 267.200000
771.748233 244.800000 258.000000
772.749123 244.800000 258.000000
773.777858 244.800000 258.000000
774.810275 244.800000 258.000000
775.895876 244.800000 579.200000
776.898001 244.800000 375.600000
777.919825 244.800000 274.800000
778.967224 244.800000 274.800000
780.014517 244.800000 274.800000
781.033741 244.800000 263.600000
782.042659 244.800000 263.600000
783.043269 244.800000 263.600000
784.060586 244.800000 263.600000
785.110474 244.800000 568.000000
786.127095 244.800000 321.600000
787.173898 244.800000 314.000000
788.189417 244.800000 286.000000
789.191287 244.800000 280.400000
790.202649 244.800000 280.400000
791.208908 244.800000 280.400000
792.210703 244.800000 566.000000
793.227370 244.800000 280.400000
794.247803 244.800000 274.800000
795.264804 244.800000 274.800000
796.266120 244.800000 500.800000
797.271008 244.800000 308.400000
798.276744 244.800000 280.400000
799.276998 244.800000 280.400000
