0.000458 71.200000 71.200000
1.000460 71.200000 71.200000
2.000460 71.200000 71.200000
3.000460 71.200000 71.200000
4.000460 71.200000 71.200000
5.000460 71.200000 71.200000
6.000460 71.200000 71.200000
7.000460 71.200000 71.200000
8.000463 71.200000 71.200000
9.000476 71.200000 71.200000
10.000478 71.200000 71.200000
11.000479 71.200000 71.200000
12.000491 71.200000 71.200000
13.000491 71.200000 71.200000
14.000494 71.200000 71.200000
15.000496 71.200000 71.200000
16.000519 71.200000 71.200000
17.000548 71.200000 71.200000
18.000569 71.200000 71.200000
19.000571 71.200000 71.200000
20.000573 71.200000 71.200000
21.000573 71.200000 71.200000
22.000635 71.200000 71.200000
23.000638 71.200000 71.200000
24.000638 71.200000 71.200000
25.000641 71.200000 71.200000
26.000690 71.200000 71.200000
27.000690 71.200000 71.200000
28.000691 71.200000 71.200000
29.000695 71.200000 71.200000
30.000710 71.200000 71.200000
31.000710 71.200000 71.200000
32.000746 71.200000 71.200000
33.000765 71.200000 71.200000
34.000772 71.200000 71.200000
35.000773 71.200000 71.200000
36.000809 71.200000 71.200000
37.000854 71.200000 71.200000
38.000854 71.200000 71.200000
39.000854 71.200000 71.200000
40.000854 71.200000 71.200000
41.000854 71.200000 71.200000
42.000857 71.200000 71.200000
43.000858 71.200000 71.200000
44.000858 71.200000 71.200000
45.000859 71.200000 71.200000
46.000864 71.200000 71.200000
47.000877 71.200000 71.200000
48.000922 71.200000 71.200000
49.000922 71.200000 71.200000
50.000925 71.200000 71.200000
51.000926 71.200000 71.200000
52.000926 71.200000 71.200000
53.000927 71.200000 71.200000
54.000932 71.200000 71.200000
55.001020 71.200000 71.200000
56.001030 71.200000 71.200000
57.001030 71.200000 71.200000
58.001030 71.200000 71.200000
59.001032 71.200000 71.200000
60.001034 71.200000 71.200000
61.001034 71.200000 71.200000
62.001038 71.200000 71.200000
63.001044 71.200000 71.200000
64.001052 71.200000 71.200000
65.001062 71.200000 71.200000
66.001063 71.200000 71.200000
67.001091 71.200000 71.200000
68.001093 71.200000 71.200000
69.001093 71.200000 71.200000
70.001093 71.200000 71.200000
71.001097 71.200000 71.200000
72.001116 71.200000 71.200000
73.001117 71.200000 71.200000
74.001120 71.200000 71.200000
75.001122 71.200000 71.200000
76.001122 71.200000 71.200000
77.001132 71.200000 71.200000
78.001132 71.200000 71.200000
79.001132 71.200000 71.200000
80.001132 71.200000 71.200000
81.001132 71.200000 71.200000
82.001134 71.200000 71.200000
83.001135 71.200000 71.200000
84.001135 71.200000 71.200000
85.001136 71.200000 71.200000
86.001137 71.200000 71.200000
87.001137 71.200000 71.200000
88.001137 71.200000 71.200000
89.001137 71.200000 71.200000
90.001140 71.200000 71.200000
91.001140 71.200000 71.200000
92.001152 71.200000 71.200000
93.001152 71.200000 71.200000
94.001153 71.200000 71.200000
95.001157 71.200000 71.200000
96.001166 71.200000 71.200000
97.001166 71.200000 71.200000
98.001171 71.200000 71.200000
99.001173 71.200000 71.200000
100.001173 71.200000 71.200000
101.001173 71.200000 71.200000
102.001175 71.200000 71.200000
103.001176 71.200000 71.200000
104.001176 71.200000 71.200000
105.001180 71.200000 71.200000
106.001182 71.200000 71.200000
107.001184 71.200000 71.200000
108.001186 71.200000 71.200000
109.001188 71.200000 71.200000
110.001190 71.200000 71.200000
111.001192 71.200000 71.200000
112.001192 71.200000 71.200000
113.001192 71.200000 71.200000
114.001192 71.200000 71.200000
115.001193 71.200000 71.200000
116.001254 71.200000 71.200000
117.001258 71.200000 71.200000
118.001262 71.200000 71.200000
119.001262 71.200000 71.200000
120.001272 71.200000 71.200000
121.001276 71.200000 71.200000
122.001282 71.200000 71.200000
123.001286 71.200000 71.200000
124.001291 71.200000 71.200000
125.001291 71.200000 71.200000
126.001291 71.200000 71.200000
127.001294 71.200000 71.200000
128.001305 71.200000 71.200000
129.001309 71.200000 71.200000
130.001350 71.200000 71.200000
131.001351 71.200000 71.200000
132.001351 71.200000 71.200000
133.001362 71.200000 71.200000
134.001371 71.200000 71.200000
135.001383 71.200000 71.200000
136.001384 71.200000 71.200000
137.001384 71.200000 71.200000
138.001384 71.200000 71.200000
139.001420 71.200000 71.200000
140.001420 71.200000 71.200000
141.001425 71.200000 71.200000
142.001429 71.200000 71.200000
143.001433 71.200000 71.200000
144.001434 71.200000 71.200000
145.001436 71.200000 71.200000
146.001446 71.200000 71.200000
147.001460 71.200000 71.200000
148.001464 71.200000 71.200000
149.001464 71.200000 71.200000
150.001468 71.200000 71.200000
151.001468 71.200000 71.200000
152.001468 71.200000 71.200000
153.001468 71.200000 71.200000
154.001471 71.200000 71.200000
155.001474 71.200000 71.200000
156.001474 71.200000 71.200000
157.001474 71.200000 71.200000
158.001474 71.200000 71.200000
159.001474 71.200000 71.200000
160.001476 71.200000 71.200000
161.001477 71.200000 71.200000
162.001477 71.200000 71.200000
163.001481 71.200000 71.200000
164.001488 71.200000 71.200000
165.001492 71.200000 71.200000
166.001492 71.200000 71.200000
167.001512 71.200000 71.200000
168.001524 71.200000 71.200000
169.001534 71.200000 71.200000
170.001536 71.200000 71.200000
171.001541 71.200000 71.200000
172.001541 71.200000 71.200000
173.001541 71.200000 71.200000
174.001545 71.200000 71.200000
175.001602 71.200000 71.200000
176.001602 71.200000 71.200000
177.001604 71.200000 71.200000
178.001605 71.200000 71.200000
179.001605 71.200000 71.200000
180.001605 71.200000 71.200000
181.001606 71.200000 71.200000
182.001609 71.200000 71.200000
183.001660 71.200000 71.200000
184.001670 71.200000 71.200000
185.001670 71.200000 71.200000
186.001673 71.200000 71.200000
187.001678 71.200000 71.200000
188.001679 71.200000 71.200000
189.001691 71.200000 71.200000
190.001691 71.200000 71.200000
191.001691 71.200000 71.200000
192.001691 71.200000 71.200000
193.001691 71.200000 71.200000
194.001691 71.200000 71.200000
195.001694 71.200000 71.200000
196.001694 71.200000 71.200000
197.001695 71.200000 71.200000
198.001698 71.200000 71.200000
199.001704 71.200000 71.200000
200.001713 71.200000 71.200000
201.001714 71.200000 71.200000
202.001723 71.200000 71.200000
203.001723 71.200000 71.200000
204.001723 71.200000 71.200000
205.001723 71.200000 71.200000
206.001723 71.200000 71.200000
207.001751 71.200000 71.200000
208.001752 71.200000 71.200000
209.001753 71.200000 71.200000
210.001754 71.200000 71.200000
211.001760 71.200000 71.200000
212.001764 71.200000 71.200000
213.001774 71.200000 71.200000
214.001777 71.200000 71.200000
215.001780 71.200000 71.200000
216.001782 71.200000 71.200000
217.001788 71.200000 71.200000
218.001790 71.200000 71.200000
219.001790 71.200000 71.200000
220.001813 71.200000 71.200000
221.001815 71.200000 71.200000
222.001817 71.200000 71.200000
223.001821 71.200000 71.200000
224.001821 71.200000 71.200000
225.001822 71.200000 71.200000
226.001824 71.200000 71.200000
227.001825 71.200000 71.200000
228.001828 71.200000 71.200000
229.001828 71.200000 71.200000
230.001828 71.200000 71.200000
231.001828 71.200000 71.200000
232.001828 71.200000 71.200000
233.001830 71.200000 71.200000
234.001843 71.200000 71.200000
235.001845 71.200000 71.200000
236.001846 71.200000 71.200000
237.001848 71.200000 71.200000
238.001848 71.200000 71.200000
239.001848 71.200000 71.200000
240.001850 71.200000 71.200000
241.001852 71.200000 71.200000
242.001857 71.200000 71.200000
243.001859 71.200000 71.200000
244.001863 71.200000 71.200000
245.001863 71.200000 71.200000
246.001863 71.200000 71.200000
247.001863 71.200000 71.200000
248.001864 71.200000 71.200000
249.001865 71.200000 71.200000
250.001869 71.200000 71.200000
251.001881 71.200000 71.200000
252.001881 71.200000 71.200000
253.001892 71.200000 71.200000
254.001893 71.200000 71.200000
255.001894 71.200000 71.200000
256.001896 71.200000 71.200000
257.001897 71.200000 71.200000
258.001897 71.200000 71.200000
259.001897 71.200000 71.200000
260.001897 71.200000 71.200000
261.001903 71.200000 71.200000
262.001903 71.200000 71.200000
263.001906 71.200000 71.200000
264.001908 71.200000 71.200000
265.001916 71.200000 71.200000
266.001916 71.200000 71.200000
267.001928 71.200000 71.200000
268.001931 71.200000 71.200000
269.001943 71.200000 71.200000
270.001943 71.200000 71.200000
271.001943 71.200000 71.200000
272.001943 71.200000 71.200000
273.001944 71.200000 71.200000
274.001944 71.200000 71.200000
275.001944 71.200000 71.200000
276.001955 71.200000 71.200000
277.002005 71.200000 71.200000
278.002007 71.200000 71.200000
279.002008 71.200000 71.200000
280.002013 71.200000 71.200000
281.002015 71.200000 71.200000
282.002015 71.200000 71.200000
283.002027 71.200000 71.200000
284.002027 71.200000 71.200000
285.002038 71.200000 71.200000
286.002072 71.200000 71.200000
287.002075 71.200000 71.200000
288.002112 71.200000 71.200000
289.002125 71.200000 71.200000
290.002125 71.200000 71.200000
291.002129 71.200000 71.200000
292.002131 71.200000 71.200000
293.002131 71.200000 71.200000
294.002132 71.200000 71.200000
295.002137 71.200000 71.200000
296.002148 71.200000 71.200000
297.002158 71.200000 71.200000
298.002160 71.200000 71.200000
299.002165 71.200000 71.200000
300.002166 71.200000 71.200000
301.002177 71.200000 71.200000
302.002230 71.200000 71.200000
303.002231 71.200000 71.200000
304.002231 71.200000 71.200000
305.002231 71.200000 71.200000
306.002233 71.200000 71.200000
307.002233 71.200000 71.200000
308.002233 71.200000 71.200000
309.002235 71.200000 71.200000
310.002235 71.200000 71.200000
311.002235 71.200000 71.200000
312.002241 71.200000 71.200000
313.002280 71.200000 71.200000
314.002283 71.200000 71.200000
315.002286 71.200000 71.200000
316.002286 71.200000 71.200000
317.002288 71.200000 71.200000
318.002296 71.200000 71.200000
319.002300 71.200000 71.200000
320.002300 71.200000 71.200000
321.002300 71.200000 71.200000
322.002345 71.200000 71.200000
323.002345 71.200000 71.200000
324.002357 71.200000 71.200000
325.002358 71.200000 71.200000
326.002359 71.200000 71.200000
327.002359 71.200000 71.200000
328.002372 71.200000 71.200000
329.002382 71.200000 71.200000
330.002382 71.200000 71.200000
331.002384 71.200000 71.200000
332.002392 71.200000 71.200000
333.002394 71.200000 71.200000
334.002395 71.200000 71.200000
335.002395 71.200000 71.200000
336.002435 71.200000 71.200000
337.002446 71.200000 71.200000
338.002446 71.200000 71.200000
339.002446 71.200000 71.200000
340.002446 71.200000 71.200000
341.002447 71.200000 71.200000
342.002449 71.200000 71.200000
343.002451 71.200000 71.200000
344.002452 71.200000 71.200000
345.002454 71.200000 71.200000
346.002455 71.200000 71.200000
347.002458 71.200000 71.200000
348.002462 71.200000 71.200000
349.002514 71.200000 71.200000
350.002514 71.200000 71.200000
351.002517 71.200000 71.200000
352.002526 71.200000 71.200000
353.002526 71.200000 71.200000
354.002527 71.200000 71.200000
355.002536 71.200000 71.200000
356.002536 71.200000 71.200000
357.002539 71.200000 71.200000
358.002548 71.200000 71.200000
359.002549 71.200000 71.200000
360.002558 71.200000 71.200000
361.002566 71.200000 71.200000
362.002588 71.200000 71.200000
363.002610 71.200000 71.200000
364.002612 71.200000 71.200000
365.002612 71.200000 71.200000
366.002613 71.200000 71.200000
367.002655 71.200000 71.200000
368.002666 71.200000 71.200000
369.002666 71.200000 71.200000
370.002666 71.200000 71.200000
371.002666 71.200000 71.200000
372.002672 71.200000 71.200000
373.002674 71.200000 71.200000
374.002674 71.200000 71.200000
375.002674 71.200000 71.200000
376.002676 71.200000 71.200000
377.002715 71.200000 71.200000
378.002715 71.200000 71.200000
379.002716 71.200000 71.200000
380.002718 71.200000 71.200000
381.002725 71.200000 71.200000
382.002782 71.200000 71.200000
383.002784 71.200000 71.200000
384.002793 71.200000 71.200000
385.002796 71.200000 71.200000
386.002796 71.200000 71.200000
387.002800 71.200000 71.200000
388.002800 71.200000 71.200000
389.002800 71.200000 71.200000
390.002801 71.200000 71.200000
391.002801 71.200000 71.200000
392.002805 71.200000 71.200000
393.002805 71.200000 71.200000
394.002849 71.200000 71.200000
395.002850 71.200000 71.200000
396.002863 71.200000 71.200000
397.002871 71.200000 71.200000
398.002871 71.200000 71.200000
399.002888 71.200000 71.200000
400.002888 71.200000 71.200000
401.002888 71.200000 71.200000
402.002891 71.200000 71.200000
403.002891 71.200000 71.200000
404.002891 71.200000 71.200000
405.002892 71.200000 71.200000
406.002894 71.200000 71.200000
407.002894 71.200000 71.200000
408.002896 71.200000 71.200000
409.002898 71.200000 71.200000
410.002898 71.200000 71.200000
411.002907 71.200000 71.200000
412.002907 71.200000 71.200000
413.002907 71.200000 71.200000
414.002907 71.200000 71.200000
415.002909 71.200000 71.200000
416.002909 71.200000 71.200000
417.002923 71.200000 71.200000
418.002923 71.200000 71.200000
419.002923 71.200000 71.200000
420.002926 71.200000 71.200000
421.002941 71.200000 71.200000
422.002942 71.200000 71.200000
423.002943 71.200000 71.200000
424.002943 71.200000 71.200000
425.002944 71.200000 71.200000
426.002951 71.200000 71.200000
427.002951 71.200000 71.200000
428.002953 71.200000 71.200000
429.002954 71.200000 71.200000
430.002965 71.200000 71.200000
431.002977 71.200000 71.200000
432.002979 71.200000 71.200000
433.002980 71.200000 71.200000
434.002985 71.200000 71.200000
435.002988 71.200000 71.200000
436.002993 71.200000 71.200000
437.003017 71.200000 71.200000
438.003031 71.200000 71.200000
439.003036 71.200000 71.200000
440.003036 71.200000 71.200000
441.003036 71.200000 71.200000
442.003045 71.200000 71.200000
443.003047 71.200000 71.200000
444.003048 71.200000 71.200000
445.003063 71.200000 71.200000
446.003064 71.200000 71.200000
447.003131 71.200000 71.200000
448.003198 71.200000 71.200000
449.003200 71.200000 71.200000
450.003247 71.200000 71.200000
451.003248 71.200000 71.200000
452.003253 71.200000 71.200000
453.003275 71.200000 71.200000
454.003275 71.200000 71.200000
455.003278 71.200000 71.200000
456.003282 71.200000 71.200000
457.003289 71.200000 71.200000
458.003290 71.200000 71.200000
459.003290 71.200000 71.200000
460.003290 71.200000 71.200000
461.003292 71.200000 71.200000
462.003295 71.200000 71.200000
463.003295 71.200000 71.200000
464.003295 71.200000 71.200000
465.003295 71.200000 71.200000
466.003295 71.200000 71.200000
467.003303 71.200000 71.200000
468.003311 71.200000 71.200000
469.003320 71.200000 71.200000
470.003322 71.200000 71.200000
471.003322 71.200000 71.200000
472.003327 71.200000 71.200000
473.003327 71.200000 71.200000
474.003334 71.200000 71.200000
475.003337 71.200000 71.200000
476.003339 71.200000 71.200000
477.003342 71.200000 71.200000
478.003342 71.200000 71.200000
479.003342 71.200000 71.200000
480.003344 71.200000 71.200000
481.003351 71.200000 71.200000
482.003353 71.200000 71.200000
483.003361 71.200000 71.200000
484.003362 71.200000 71.200000
485.003374 71.200000 71.200000
486.003378 71.200000 71.200000
487.003378 71.200000 71.200000
488.003378 71.200000 71.200000
489.003385 71.200000 71.200000
490.003397 71.200000 71.200000
491.003406 71.200000 71.200000
492.003406 71.200000 71.200000
493.003408 71.200000 71.200000
494.003410 71.200000 71.200000
495.003415 71.200000 71.200000
496.003425 71.200000 71.200000
497.003433 71.200000 71.200000
498.003434 71.200000 71.200000
499.003439 71.200000 71.200000
500.003445 71.200000 71.200000
501.003446 71.200000 71.200000
502.003447 71.200000 71.200000
503.003447 71.200000 71.200000
504.003449 71.200000 71.200000
505.003452 71.200000 71.200000
506.003465 71.200000 71.200000
507.003465 71.200000 71.200000
508.003465 71.200000 71.200000
509.003465 71.200000 71.200000
510.003469 71.200000 71.200000
511.003498 71.200000 71.200000
512.003498 71.200000 71.200000
513.003506 71.200000 71.200000
514.003507 71.200000 71.200000
515.003507 71.200000 71.200000
516.003509 71.200000 71.200000
517.003513 71.200000 71.200000
518.003513 71.200000 71.200000
519.003520 71.200000 71.200000
520.003522 71.200000 71.200000
521.003523 71.200000 71.200000
522.003525 71.200000 71.200000
523.003525 71.200000 71.200000
524.003525 71.200000 71.200000
525.003528 71.200000 71.200000
526.003528 71.200000 71.200000
527.003530 71.200000 71.200000
528.003530 71.200000 71.200000
529.003531 71.200000 71.200000
530.003532 71.200000 71.200000
531.003532 71.200000 71.200000
532.003532 71.200000 71.200000
533.003532 71.200000 71.200000
534.003536 71.200000 71.200000
535.003539 71.200000 71.200000
536.003577 71.200000 71.200000
537.003603 71.200000 71.200000
538.003604 71.200000 71.200000
539.003611 71.200000 71.200000
540.003618 71.200000 71.200000
541.003629 71.200000 71.200000
542.003634 71.200000 71.200000
543.003634 71.200000 71.200000
544.003635 71.200000 71.200000
545.003637 71.200000 71.200000
546.003640 71.200000 71.200000
547.003642 71.200000 71.200000
548.003642 71.200000 71.200000
549.003644 71.200000 71.200000
550.003644 71.200000 71.200000
551.003645 71.200000 71.200000
552.003645 71.200000 71.200000
553.003646 71.200000 71.200000
554.003646 71.200000 71.200000
555.003646 71.200000 71.200000
556.003646 71.200000 71.200000
557.003648 71.200000 71.200000
558.003650 71.200000 71.200000
559.003651 71.200000 71.200000
560.003651 71.200000 71.200000
561.003653 71.200000 71.200000
562.003653 71.200000 71.200000
563.003653 71.200000 71.200000
564.003653 71.200000 71.200000
565.003656 71.200000 71.200000
566.003661 71.200000 71.200000
567.003661 71.200000 71.200000
568.003663 71.200000 71.200000
569.003663 71.200000 71.200000
570.003699 71.200000 71.200000
571.003701 71.200000 71.200000
572.003701 71.200000 71.200000
573.003701 71.200000 71.200000
574.003712 71.200000 71.200000
575.003713 71.200000 71.200000
576.003716 71.200000 71.200000
577.003716 71.200000 71.200000
578.003716 71.200000 71.200000
579.003730 71.200000 71.200000
580.003732 71.200000 71.200000
581.003732 71.200000 71.200000
582.003732 71.200000 71.200000
583.003739 71.200000 71.200000
584.003765 71.200000 71.200000
585.003765 71.200000 71.200000
586.003767 71.200000 71.200000
587.003767 71.200000 71.200000
588.003768 71.200000 71.200000
589.003783 71.200000 71.200000
590.003787 71.200000 71.200000
591.003840 71.200000 71.200000
592.003844 71.200000 71.200000
593.003844 71.200000 71.200000
594.003846 71.200000 71.200000
595.003847 71.200000 71.200000
596.003847 71.200000 71.200000
597.003847 71.200000 71.200000
598.003848 71.200000 71.200000
599.003848 71.200000 71.200000
600.003889 71.200000 71.200000
601.003895 71.200000 71.200000
602.003913 71.200000 71.200000
603.003918 71.200000 71.200000
604.003926 71.200000 71.200000
605.003931 71.200000 71.200000
606.003931 71.200000 71.200000
607.003937 71.200000 71.200000
608.003941 71.200000 71.200000
609.003945 71.200000 71.200000
610.003957 71.200000 71.200000
611.003957 71.200000 71.200000
612.003960 71.200000 71.200000
613.004017 71.200000 71.200000
614.004026 71.200000 71.200000
615.004026 71.200000 71.200000
616.004026 71.200000 71.200000
617.004029 71.200000 71.200000
618.004037 71.200000 71.200000
619.004040 71.200000 71.200000
620.004040 71.200000 71.200000
621.004041 71.200000 71.200000
622.004041 71.200000 71.200000
623.004052 71.200000 71.200000
624.004052 71.200000 71.200000
625.004052 71.200000 71.200000
626.004054 71.200000 71.200000
627.004055 71.200000 71.200000
628.004055 71.200000 71.200000
629.004060 71.200000 71.200000
630.004063 71.200000 71.200000
631.004063 71.200000 71.200000
632.004065 71.200000 71.200000
633.004065 71.200000 71.200000
634.004085 71.200000 71.200000
635.004085 71.200000 71.200000
636.004094 71.200000 71.200000
637.004131 71.200000 71.200000
638.004142 71.200000 71.200000
639.004142 71.200000 71.200000
640.004149 71.200000 71.200000
641.004153 71.200000 71.200000
642.004206 71.200000 71.200000
643.004209 71.200000 71.200000
644.004211 71.200000 71.200000
645.004211 71.200000 71.200000
646.004212 71.200000 71.200000
647.004212 71.200000 71.200000
648.004212 71.200000 71.200000
649.004212 71.200000 71.200000
650.004214 71.200000 71.200000
651.004217 71.200000 71.200000
652.004217 71.200000 71.200000
653.004218 71.200000 71.200000
654.004218 71.200000 71.200000
655.004218 71.200000 71.200000
656.004219 71.200000 71.200000
657.004284 71.200000 71.200000
658.004286 71.200000 71.200000
659.004326 71.200000 71.200000
660.004331 71.200000 71.200000
661.004337 71.200000 71.200000
662.004341 71.200000 71.200000
663.004342 71.200000 71.200000
664.004343 71.200000 71.200000
665.004349 71.200000 71.200000
666.004364 71.200000 71.200000
667.004364 71.200000 71.200000
668.004364 71.200000 71.200000
669.004364 71.200000 71.200000
670.004406 71.200000 71.200000
671.004412 71.200000 71.200000
672.004413 71.200000 71.200000
673.004415 71.200000 71.200000
674.004419 71.200000 71.200000
675.004419 71.200000 71.200000
676.004427 71.200000 71.200000
677.004439 71.200000 71.200000
678.004443 71.200000 71.200000
679.004446 71.200000 71.200000
680.004449 71.200000 71.200000
681.004449 71.200000 71.200000
682.004450 71.200000 71.200000
683.004459 71.200000 71.200000
684.004460 71.200000 71.200000
685.004462 71.200000 71.200000
686.004462 71.200000 71.200000
687.004462 71.200000 71.200000
688.004464 71.200000 71.200000
689.004465 71.200000 71.200000
690.004475 71.200000 71.200000
691.004483 71.200000 71.200000
692.004483 71.200000 71.200000
693.004485 71.200000 71.200000
694.004487 71.200000 71.200000
695.004487 71.200000 71.200000
696.004494 71.200000 71.200000
697.004499 71.200000 71.200000
698.004499 71.200000 71.200000
699.004500 71.200000 71.200000
700.004500 71.200000 71.200000
701.004501 71.200000 71.200000
702.004503 71.200000 71.200000
703.004503 71.200000 71.200000
704.004503 71.200000 71.200000
705.004513 71.200000 71.200000
706.004516 71.200000 71.200000
707.004524 71.200000 71.200000
708.004524 71.200000 71.200000
709.004524 71.200000 71.200000
710.004525 71.200000 71.200000
711.004531 71.200000 71.200000
712.004543 71.200000 71.200000
713.004544 71.200000 71.200000
714.004547 71.200000 71.200000
715.004549 71.200000 71.200000
716.004549 71.200000 71.200000
717.004550 71.200000 71.200000
718.004562 71.200000 71.200000
719.004563 71.200000 71.200000
720.004564 71.200000 71.200000
721.004572 71.200000 71.200000
722.004572 71.200000 71.200000
723.004572 71.200000 71.200000
724.004572 71.200000 71.200000
725.004588 71.200000 71.200000
726.004588 71.200000 71.200000
727.004588 71.200000 71.200000
728.004590 71.200000 71.200000
729.004601 71.200000 71.200000
730.004602 71.200000 71.200000
731.004606 71.200000 71.200000
732.004606 71.200000 71.200000
733.004610 71.200000 71.200000
734.004610 71.200000 71.200000
735.004611 71.200000 71.200000
736.004613 71.200000 71.200000
737.004618 71.200000 71.200000
738.004635 71.200000 71.200000
739.004680 71.200000 71.200000
740.004688 71.200000 71.200000
741.004688 71.200000 71.200000
742.004688 71.200000 71.200000
743.004690 71.200000 71.200000
744.004697 71.200000 71.200000
745.004698 71.200000 71.200000
746.004704 71.200000 71.200000
747.004704 71.200000 71.200000
748.004709 71.200000 71.200000
749.004709 71.200000 71.200000
750.004710 71.200000 71.200000
751.004712 71.200000 71.200000
752.004718 71.200000 71.200000
753.004732 71.200000 71.200000
754.004732 71.200000 71.200000
755.004735 71.200000 71.200000
756.004749 71.200000 71.200000
757.004749 71.200000 71.200000
758.004749 71.200000 71.200000
759.004751 71.200000 71.200000
760.004754 71.200000 71.200000
761.004756 71.200000 71.200000
762.004756 71.200000 71.200000
763.004767 71.200000 71.200000
764.004770 71.200000 71.200000
765.004773 71.200000 71.200000
766.004773 71.200000 71.200000
767.004773 71.200000 71.200000
768.004776 71.200000 71.200000
769.004776 71.200000 71.200000
770.004776 71.200000 71.200000
771.004779 71.200000 71.200000
772.004780 71.200000 71.200000
773.004782 71.200000 71.200000
774.004795 71.200000 71.200000
775.004795 71.200000 71.200000
776.004796 71.200000 71.200000
777.004797 71.200000 71.200000
778.004808 71.200000 71.200000
779.004821 71.200000 71.200000
780.004821 71.200000 71.200000
781.004821 71.200000 71.200000
782.004821 71.200000 71.200000
783.004824 71.200000 71.200000
784.004824 71.200000 71.200000
785.004826 71.200000 71.200000
786.004827 71.200000 71.200000
787.004828 71.200000 71.200000
788.004828 71.200000 71.200000
789.004828 71.200000 71.200000
790.004828 71.200000 71.200000
791.004834 71.200000 71.200000
792.004835 71.200000 71.200000
793.004843 71.200000 71.200000
794.004846 71.200000 71.200000
795.004853 71.200000 71.200000
796.004854 71.200000 71.200000
797.004854 71.200000 71.200000
798.004855 71.200000 71.200000
799.004855 71.200000 71.200000
