0 773.2 0.017264 300 0
0 745.2 0.023643 1
0 700.4 0.028761 1
0 666.8 0.035162 1
0 543.6 0.044129 1
0 530.4 0.05002 1
0 526.8 0.057628 1
0 510 0.065701 1
0 480 0.106823 21
0 454 0.113918 21
0 429.6 0.123612 21
0 424 0.133999 21
0 418.4 0.140901 21
0 412.8 0.167029 21
0 412.8 0.256641 300 61
0 412.8 0.601213 300 81
0 412.8 0.765033 300 81
0 412.8 0.984154 300 81
0 412.8 1.20697 300 81
0 412.8 1.46284 300 81
0 412.8 1.62912 300 81
0 412.8 1.84203 300 81
0 412.8 2.05258 300 81
0 412.8 2.41392 300 81
0 412.8 2.62847 300 82
0 412.8 2.77451 300 82
0 412.8 3.01474 300 82
0 412.8 3.21775 300 82
0 412.8 3.43045 300 82
0 412.8 3.68996 300 82
0 409.2 3.92763 82
0 407.2 3.95178 82
0 407.2 4.07677 300 82
0 407.2 4.32795 300 87
0 407.2 4.53188 300 87
0 407.2 4.68198 300 87
0 407.2 5.01947 300 87
0 407.2 5.17158 300 87
0 407.2 5.43862 300 87
0 407.2 5.6516 300 87
0 407.2 5.85391 300 87
0 407.2 6.11043 300 87
0 407.2 6.35878 300 87
0 407.2 6.50935 300 87
0 407.2 6.65805 300 87
0 407.2 6.92922 300 87
0 407.2 7.16953 300 87
0 407.2 7.39897 300 87
0 407.2 7.69375 300 87
0 407.2 8.06937 300 87
0 407.2 8.54606 300 87
0 407.2 8.83642 300 87
0 407.2 9.18769 300 89
0 407.2 9.35474 300 89
0 407.2 9.52609 300 89
0 407.2 9.78249 300 89
0 407.2 9.9322 300 89
0 407.2 10.1902 300 89
0 407.2 10.3371 300 89
0 407.2 10.5866 300 89
0 407.2 10.8513 300 89
0 407.2 11.0737 300 89
0 407.2 11.2428 300 89
0 401.6 11.3337 89
0 401.6 11.4543 300 89
0 401.6 11.6633 300 89
0 401.6 11.9072 300 89
0 401.6 12.1203 300 89
0 401.6 12.3344 300 89
0 401.6 12.5772 300 89
0 401.6 12.8327 300 89
0 401.6 13.0307 300 89
0 401.6 13.1958 300 89
0 401.6 13.3871 300 89
0 401.6 13.6316 300 89
0 401.6 13.9921 300 89
0 401.6 14.3831 300 89
0 401.6 14.6687 300 89
0 401.6 14.8317 300 89
0 401.6 15.1155 300 89
0 401.6 15.2865 300 89
0 401.6 15.601 300 89
0 401.6 15.8899 300 89
0 401.6 16.174 300 89
0 401.6 16.3172 300 90
0 401.6 16.5134 300 90
0 401.6 16.6984 300 90
0 401.6 16.9381 300 90
0 401.6 17.1366 300 90
0 401.6 17.3319 300 90
0 401.6 17.5443 300 90
0 401.6 17.7454 300 90
0 401.6 17.9818 300 90
0 401.6 18.1345 300 90
0 401.6 18.4429 300 90
0 401.6 18.6296 300 90
0 401.6 18.797 300 90
0 401.6 18.9296 300 90
0 401.6 19.0865 300 90
0 401.6 19.3738 300 90
0 401.6 19.5906 300 90
0 401.6 19.9177 300 90
0 401.6 20.1677 300 90
0 401.6 20.3787 300 90
0 401.6 20.5488 300 90
0 401.6 20.7544 300 90
0 401.6 20.9641 300 90
0 401.6 21.2673 300 90
0 401.6 21.5138 300 90
0 401.6 21.8051 300 90
0 401.6 22.0744 300 90
0 401.6 22.2867 300 90
0 401.6 22.5232 300 90
0 401.6 22.7247 300 90
0 401.6 22.9162 300 90
0 401.6 23.1684 300 90
0 401.6 23.4072 300 90
0 401.6 23.6519 300 90
0 401.6 23.8383 300 90
0 401.6 24.0375 300 90
0 401.6 24.2281 300 90
0 401.6 24.3613 300 90
0 401.6 24.6238 300 90
0 401.6 24.8673 300 90
0 401.6 25.0765 300 90
0 401.6 25.3867 300 90
0 401.6 25.7398 300 90
0 401.6 25.9495 300 90
0 401.6 26.3602 300 90
0 401.6 26.5432 300 90
0 401.6 26.7606 300 90
0 401.6 27.0025 300 90
0 401.6 27.1947 300 90
0 401.6 27.4215 300 90
0 401.6 27.7139 300 90
0 401.6 27.8846 300 90
0 401.6 28.0606 300 90
0 401.6 28.2094 300 90
0 401.6 28.5008 300 90
0 401.6 28.7367 300 90
0 401.6 28.9212 300 90
0 401.6 29.061 300 90
0 401.6 29.3007 300 90
0 401.6 29.4839 300 90
0 401.6 29.737 300 90
0 401.6 29.9261 300 90
0 401.6 30.0972 300 90
0 401.6 30.3708 300 90
0 401.6 30.6594 300 90
0 401.6 30.8502 300 90
0 401.6 31.071 300 90
0 401.6 31.2642 300 90
0 401.6 31.5767 300 90
0 401.6 31.7602 300 90
0 401.6 31.9136 300 90
0 401.6 32.1095 300 90
0 401.6 32.3615 300 90
0 401.6 32.4982 300 90
0 401.6 32.643 300 90
0 401.6 32.9013 300 90
0 401.6 33.1413 300 90
0 401.6 33.2743 300 90
0 401.6 33.4229 300 90
0 401.6 33.6249 300 90
0 401.6 33.8521 300 90
0 401.6 34.0067 300 90
0 401.6 34.2182 300 90
0 401.6 34.3764 300 90
0 401.6 34.558 300 90
0 401.6 34.7408 300 90
0 401.6 35.0583 300 90
0 401.6 35.191 300 90
0 401.6 35.3397 300 90
0 401.6 35.5218 300 90
0 401.6 35.7715 300 90
0 401.6 36.0012 300 90
0 401.6 36.3168 300 90
0 401.6 36.6057 300 90
0 401.6 36.9132 300 90
0 401.6 37.047 300 90
0 401.6 37.2329 300 90
0 401.6 37.39 300 90
0 401.6 37.6152 300 90
0 401.6 37.7827 300 90
0 401.6 37.9198 300 90
0 401.6 38.102 300 90
0 401.6 38.24 300 90
0 401.6 38.4872 300 90
0 401.6 38.641 300 90
0 401.6 38.8896 300 90
0 401.6 39.153 300 90
0 401.6 39.3081 300 90
0 401.6 39.4746 300 90
0 401.6 39.7104 300 90
0 401.6 39.8968 300 90
0 401.6 40.0905 300 90
0 401.6 40.265 300 90
0 401.6 40.6146 300 90
0 401.6 40.9159 300 90
0 401.6 41.1067 300 90
0 401.6 41.3461 300 90
0 401.6 41.5269 300 90
0 401.6 41.8035 300 90
0 401.6 42.1066 300 90
0 401.6 42.3741 300 90
0 401.6 42.5742 300 90
0 401.6 42.7012 300 90
0 401.6 42.9828 300 90
0 401.6 43.1822 300 90
0 401.6 43.3097 300 90
0 401.6 43.497 300 90
0 401.6 43.7137 300 90
0 401.6 43.9933 300 90
0 401.6 44.2165 300 90
0 401.6 44.3975 300 90
0 401.6 44.6572 300 90
0 401.6 44.9727 300 90
0 401.6 45.1376 300 90
0 401.6 45.3894 300 90
0 401.6 45.6919 300 90
0 401.6 45.9 300 90
0 401.6 46.1712 300 90
0 401.6 46.3657 300 90
0 401.6 46.6763 300 90
0 401.6 46.9233 300 90
0 401.6 47.1002 300 90
0 401.6 47.2702 300 90
0 401.6 47.4217 300 90
0 401.6 47.6604 300 90
0 401.6 47.8735 300 90
0 401.6 48.1406 300 90
0 401.6 48.3074 300 90
0 401.6 48.5656 300 90
0 401.6 48.8372 300 90
0 401.6 48.9756 300 90
0 401.6 49.1447 300 90
0 401.6 49.3615 300 90
0 401.6 49.6262 300 90
0 401.6 49.9398 300 90
0 401.6 50.1339 300 90
0 401.6 50.3472 300 90
0 401.6 50.6163 300 90
0 401.6 50.8669 300 90
0 401.6 51.1088 300 90
0 401.6 51.2424 300 90
0 401.6 51.4618 300 90
0 401.6 51.7177 300 90
0 401.6 51.9148 300 90
0 401.6 52.1393 300 90
0 401.6 52.4342 300 90
0 401.6 52.5683 300 90
0 401.6 52.8024 300 90
0 401.6 53.0705 300 90
0 401.6 53.2412 300 90
0 401.6 53.4375 300 90
0 401.6 53.6176 300 90
0 401.6 53.8358 300 90
0 401.6 54.0002 300 90
0 401.6 54.3138 300 90
0 401.6 54.5017 300 90
0 401.6 54.6746 300 90
0 401.6 54.8123 300 90
0 401.6 55.028 300 90
0 401.6 55.147 300 90
0 401.6 55.2772 300 90
0 401.6 55.492 300 90
0 401.6 55.6657 300 90
0 401.6 55.883 300 90
0 401.6 56.0743 300 90
0 401.6 56.2929 300 90
0 401.6 56.5891 300 90
0 401.6 56.7966 300 90
0 401.6 56.9799 300 90
0 401.6 57.3359 300 90
0 401.6 57.5554 300 90
0 401.6 57.7772 300 90
0 401.6 58.0164 300 90
0 401.6 58.2367 300 90
0 401.6 58.4186 300 90
0 401.6 58.729 300 90
0 401.6 58.8694 300 90
0 401.6 59.1614 300 90
0 401.6 59.4352 300 90
0 401.6 59.5804 300 90
0 401.6 59.8052 300 90
0 401.6 60.1265 300 90
0 401.6 60.2768 300 90
0 401.6 60.541 300 90
0 401.6 60.6718 300 90
0 401.6 60.8149 300 90
0 401.6 61.0884 300 90
0 401.6 61.2716 300 90
0 401.6 61.4496 300 90
0 401.6 61.7001 300 90
0 401.6 61.8876 300 90
0 401.6 62.1102 300 90
0 401.6 62.2787 300 90
0 401.6 62.5133 300 90
0 401.6 62.7344 300 90
0 401.6 62.9412 300 90
0 401.6 63.0654 300 90
0 401.6 63.3775 300 90
0 401.6 63.5669 300 90
0 401.6 63.7509 300 90
0 401.6 63.9933 300 90
0 401.6 64.1151 300 90
0 401.6 64.2524 300 90
0 401.6 64.3819 300 90
0 401.6 64.6852 300 90
0 401.6 64.8602 300 90
0 401.6 64.9521 300 90
0 401.6 65.065 300 90
0 401.6 65.2471 300 90
0 401.6 65.3935 300 90
0 401.6 65.514 300 90
0 401.6 65.7263 300 90
0 401.6 65.887 300 90
0 401.6 66.1072 300 90
0 401.6 66.2271 300 90
0 401.6 66.3495 300 90
0 401.6 66.4782 300 90
0 401.6 66.5662 300 90
0 401.6 66.7566 300 90
0 401.6 66.909 300 90
0 401.6 67.1072 300 90
0 401.6 67.3316 300 90
0 401.6 67.5173 300 90
0 401.6 67.7092 300 90
0 401.6 67.8739 300 90
0 401.6 68.0574 300 90
0 401.6 68.3819 300 90
0 401.6 68.5887 300 90
0 401.6 68.7617 300 90
0 401.6 68.9382 300 90
0 401.6 69.1276 300 90
0 396 69.3103 90
0 396 69.3952 300 90
0 396 69.6087 300 90
0 396 69.7357 300 90
0 396 70.1525 300 90
0 396 70.3566 300 90
0 396 70.4863 300 90
0 396 70.6567 300 90
0 396 70.856 300 90
0 396 71.0735 300 90
0 396 71.2834 300 90
0 396 71.461 300 90
0 396 71.6355 300 90
0 396 71.8899 300 90
0 396 72.1256 300 90
0 396 72.2417 300 90
0 396 72.4941 300 90
0 396 72.6692 300 90
0 396 72.9161 300 90
0 396 73.0605 300 90
0 396 73.2719 300 90
0 396 73.4012 300 90
0 396 73.6009 300 90
0 396 73.8482 300 90
0 396 74.0181 300 90
0 396 74.3033 300 90
0 396 74.5716 300 90
0 396 74.7557 300 90
0 396 74.9804 300 90
0 396 75.1 300 90
0 396 75.2744 300 90
0 396 75.4375 300 90
0 396 75.6634 300 90
0 396 75.9251 300 90
0 396 76.139 300 90
0 396 76.2983 300 90
0 396 76.5181 300 90
0 396 76.7242 300 90
0 396 76.9269 300 90
0 396 77.2728 300 90
0 396 77.4945 300 90
0 396 77.6541 300 90
0 396 77.8022 300 90
0 396 77.9856 300 90
0 396 78.1556 300 90
0 396 78.3227 300 90
0 396 78.4958 300 90
0 396 78.6625 300 90
0 396 78.8731 300 90
0 396 79.0444 300 90
0 396 79.2785 300 90
0 396 79.4534 300 90
0 396 79.6399 300 90
0 396 79.8493 300 90
0 396 80.06 300 90
0 396 80.1932 300 90
0 396 80.3836 300 90
0 396 80.5681 300 90
0 396 80.821 300 90
0 396 80.9441 300 90
0 396 81.2763 300 90
0 396 81.5066 300 90
0 396 81.7418 300 90
0 396 81.8787 300 90
0 396 82.0194 300 90
0 396 82.1877 300 90
0 396 82.3305 300 90
0 396 82.4992 300 90
0 396 82.6612 300 90
0 396 82.9048 300 90
0 396 83.0342 300 90
0 396 83.2467 300 90
0 396 83.4985 300 90
0 396 83.6314 300 90
0 396 83.8494 300 90
0 396 84.0208 300 90
0 396 84.1906 300 90
0 396 84.4646 300 90
0 396 84.7058 300 90
0 396 84.8938 300 90
0 396 85.1082 300 90
0 396 85.2994 300 90
0 396 85.4969 300 90
0 396 85.6893 300 90
0 396 85.881 300 90
0 396 86.0783 300 90
0 396 86.209 300 90
0 396 86.5015 300 90
0 396 86.6305 300 90
0 396 86.8309 300 90
0 396 87.0379 300 90
0 396 87.1653 300 90
0 396 87.314 300 90
0 396 87.4706 300 90
0 396 87.6115 300 90
0 396 87.7711 300 90
0 396 87.9449 300 90
0 396 88.1149 300 90
0 396 88.2824 300 90
0 396 88.476 300 90
0 396 88.6492 300 90
0 396 88.8602 300 90
0 396 89.1203 300 90
0 396 89.2843 300 90
0 396 89.4184 300 90
0 396 89.5313 300 90
0 396 89.6963 300 90
0 396 89.8875 300 90
0 396 90.0158 300 90
0 396 90.2425 300 90
0 396 90.5898 300 90
0 396 90.8474 300 90
0 396 91.1029 300 90
0 396 91.333 300 90
0 396 91.54 300 90
0 396 91.8774 300 90
0 396 92.1206 300 90
0 396 92.2872 300 90
0 396 92.5816 300 90
0 396 92.7744 300 90
0 396 92.9564 300 90
0 396 93.2676 300 90
0 396 93.3974 300 90
0 396 93.6536 300 90
0 396 93.871 300 90
0 396 94.2233 300 90
0 396 94.6609 300 90
0 396 94.8665 300 90
0 396 95.0497 300 90
0 396 95.2555 300 90
0 396 95.373 300 90
0 396 95.5455 300 90
0 396 95.7774 300 90
0 396 95.9192 300 90
0 396 96.1841 300 90
0 396 96.3839 300 90
0 396 96.6213 300 90
0 396 96.8703 300 90
0 396 97.0313 300 90
0 396 97.2158 300 90
0 396 97.3449 300 90
0 396 97.5328 300 90
0 396 97.6987 300 90
0 396 97.9966 300 90
0 396 98.2059 300 90
0 396 98.3398 300 90
0 396 98.6329 300 90
0 396 98.8592 300 90
0 396 99.0712 300 90
0 396 99.2559 300 90
0 396 99.4815 300 90
0 396 99.762 300 90
0 396 100.051 300 90
0 396 100.272 300 90
0 396 100.49 300 90
0 396 100.674 300 90
0 396 100.815 300 90
0 396 100.978 300 90
0 396 101.248 300 90
0 396 101.498 300 90
0 396 101.718 300 90
0 396 101.98 300 90
0 396 102.209 300 90
0 396 102.377 300 90
0 396 102.617 300 90
0 396 102.806 300 90
0 396 102.98 300 90
0 396 103.176 300 90
0 396 103.358 300 90
0 396 103.488 300 90
0 396 103.783 300 90
0 396 104.022 300 90
0 396 104.292 300 90
0 396 104.559 300 90
0 396 104.727 300 90
0 396 104.973 300 90
0 396 105.197 300 90
0 396 105.379 300 90
0 396 105.522 300 90
0 396 105.736 300 90
0 396 105.924 300 90
0 396 106.137 300 90
0 396 106.333 300 90
0 396 106.524 300 90
0 396 106.719 300 90
0 396 106.994 300 90
0 396 107.318 300 90
0 396 107.502 300 90
0 396 107.715 300 90
0 396 108.201 300 90
0 396 108.38 300 90
0 396 108.753 300 90
0 396 108.997 300 90
0 396 109.238 300 90
0 396 109.413 300 90
0 396 109.719 300 90
0 396 109.898 300 90
0 396 110.203 300 90
0 396 110.381 300 90
0 396 110.572 300 90
0 396 110.837 300 90
0 396 111.025 300 90
0 396 111.415 300 90
0 396 111.58 300 90
0 396 111.833 300 90
0 396 112.049 300 90
0 396 112.182 300 90
0 396 112.459 300 90
0 396 112.682 300 90
0 396 112.891 300 90
0 396 113.079 300 90
0 396 113.343 300 90
0 396 113.579 300 90
0 396 113.881 300 90
0 396 114.13 300 90
0 396 114.308 300 90
0 396 114.432 300 90
0 396 114.566 300 90
0 396 114.764 300 90
0 396 114.906 300 90
0 396 115.028 300 90
0 396 115.21 300 90
0 396 115.457 300 90
0 396 115.707 300 90
0 396 115.909 300 90
0 396 116.087 300 90
0 396 116.332 300 90
0 396 116.635 300 90
0 396 116.984 300 90
0 396 117.177 300 90
0 396 117.541 300 90
0 396 117.77 300 90
0 396 117.939 300 90
0 396 118.082 300 90
0 396 118.304 300 90
0 396 118.435 300 90
0 396 118.567 300 90
0 396 118.691 300 90
0 396 118.815 300 90
0 396 119.014 300 90
0 396 119.204 300 90
0 396 119.532 300 90
0 396 119.751 300 90
0 396 120.068 300 90
0 396 120.32 300 90
0 396 120.461 300 90
0 396 120.7 300 90
0 396 120.971 300 90
0 396 121.187 300 90
0 396 121.312 300 90
0 396 121.436 300 90
0 396 121.525 300 90
0 396 121.766 300 90
0 396 122.031 300 90
0 396 122.244 300 90
0 396 122.527 300 90
0 396 122.687 300 90
0 396 123.051 300 90
0 396 123.238 300 90
0 396 123.527 300 90
0 396 123.819 300 90
0 396 124.092 300 90
0 396 124.242 300 90
0 396 124.503 300 90
0 396 124.646 300 90
0 396 124.844 300 90
0 396 125.067 300 90
0 396 125.234 300 90
0 396 125.438 300 90
0 396 125.651 300 90
0 396 125.884 300 90
0 396 126.261 300 90
0 396 126.446 300 90
0 396 126.58 300 90
0 396 126.724 300 90
0 396 127.033 300 90
0 396 127.297 300 90
0 396 127.493 300 90
0 396 127.729 300 90
0 396 127.872 300 90
0 396 128.059 300 90
0 396 128.252 300 90
0 396 128.439 300 90
0 396 128.725 300 90
0 396 128.86 300 90
0 396 128.997 300 90
0 396 129.118 300 90
0 396 129.424 300 90
0 396 129.606 300 90
0 396 129.795 300 90
0 396 130.049 300 90
0 396 130.448 300 90
0 396 130.718 300 90
0 396 130.987 300 90
0 396 131.205 300 90
0 396 131.514 300 90
0 396 131.646 300 90
0 396 131.779 300 90
0 396 132.005 300 90
0 396 132.143 300 90
0 396 132.417 300 90
0 396 132.673 300 90
0 396 132.9 300 90
0 396 133.044 300 90
0 396 133.235 300 90
0 396 133.533 300 90
0 396 133.775 300 90
0 396 134.017 300 90
0 396 134.299 300 90
0 396 134.574 300 90
0 396 134.786 300 90
0 396 134.93 300 90
0 396 135.174 300 90
0 396 135.465 300 90
0 396 135.726 300 90
0 396 135.876 300 90
0 396 136.156 300 90
0 396 136.393 300 90
0 396 136.589 300 90
0 396 136.789 300 90
0 396 136.939 300 90
0 396 137.21 300 90
0 396 137.53 300 90
0 396 137.719 300 90
0 396 137.858 300 90
0 396 138.027 300 90
0 396 138.306 300 90
0 396 138.566 300 90
0 396 138.812 300 90
0 396 139.178 300 90
0 396 139.434 300 90
0 396 139.617 300 90
0 396 139.89 300 90
0 396 140.153 300 90
0 396 140.444 300 90
0 396 140.714 300 90
0 396 140.813 300 90
0 396 141.005 300 90
0 396 141.143 300 90
0 396 141.28 300 90
0 396 141.455 300 90
0 396 141.584 300 90
0 396 141.733 300 90
0 396 141.93 300 90
0 396 142.058 300 90
0 396 142.149 300 90
0 396 142.316 300 90
0 396 142.474 300 90
0 396 142.639 300 90
0 396 142.739 300 90
0 396 142.844 300 90
0 396 142.975 300 90
0 396 143.089 300 90
0 396 143.217 300 90
0 396 143.412 300 90
0 396 143.609 300 90
0 396 143.738 300 90
0 396 143.853 300 90
0 396 143.945 300 90
0 396 144.054 300 90
0 396 144.402 300 90
0 396 144.698 300 90
0 396 144.904 300 90
0 396 145.217 300 90
0 396 145.371 300 90
0 396 145.512 300 90
0 396 145.751 300 90
0 396 145.939 300 90
0 396 146.166 300 90
0 396 146.338 300 90
0 396 146.692 300 90
0 396 146.897 300 90
0 396 147.11 300 90
0 396 147.383 300 90
0 396 147.616 300 90
0 396 147.938 300 90
0 396 148.303 300 90
0 396 148.623 300 90
0 396 149.023 300 90
0 396 149.367 300 90
0 396 149.655 300 90
0 396 149.907 300 90
0 396 150.191 300 90
0 396 150.478 300 90
0 396 150.712 300 90
0 396 151.088 300 90
0 396 151.239 300 90
0 396 151.377 300 90
0 396 151.52 300 90
0 396 151.63 300 90
0 396 151.832 300 90
0 396 152.039 300 90
0 396 152.175 300 90
0 396 152.34 300 90
0 396 152.482 300 90
0 396 152.683 300 90
0 396 152.955 300 90
0 396 153.107 300 90
0 396 153.37 300 90
0 396 153.523 300 90
0 396 153.759 300 90
0 396 154.041 300 90
0 396 154.278 300 90
0 396 154.511 300 90
0 396 154.779 300 90
0 396 154.964 300 90
0 396 155.123 300 90
0 396 155.408 300 90
0 396 155.601 300 90
0 396 155.785 300 90
0 396 155.935 300 90
0 396 156.113 300 90
0 396 156.27 300 90
0 396 156.516 300 90
0 396 156.685 300 90
0 396 156.848 300 90
0 396 157.181 300 90
0 396 157.375 300 90
0 396 157.518 300 90
0 396 157.796 300 90
0 396 158.001 300 90
0 396 158.197 300 90
0 396 158.367 300 90
0 396 158.516 300 90
0 396 158.691 300 90
0 396 158.986 300 90
0 396 159.296 300 90
0 396 159.505 300 90
0 396 159.706 300 90
0 396 159.956 300 90
0 396 160.121 300 90
0 396 160.251 300 90
0 396 160.385 300 90
0 396 160.478 300 90
0 396 160.61 300 90
0 396 160.795 300 90
0 396 160.922 300 90
0 396 161.081 300 90
0 396 161.175 300 90
0 396 161.395 300 90
0 396 161.742 300 90
0 396 161.836 300 90
0 396 162.051 300 90
0 396 162.178 300 90
0 396 162.349 300 90
0 396 162.554 300 90
0 396 162.725 300 90
0 396 162.858 300 90
0 396 163.024 300 90
0 396 163.191 300 90
0 396 163.346 300 90
0 396 163.557 300 90
0 396 163.709 300 90
0 396 163.855 300 90
0 396 164.037 300 90
0 396 164.271 300 90
0 396 164.482 300 90
0 396 164.752 300 90
0 396 164.987 300 90
0 396 165.183 300 90
0 396 165.436 300 90
0 396 165.69 300 90
0 396 165.815 300 90
0 396 166.036 300 90
0 396 166.25 300 90
0 396 166.505 300 90
0 396 166.684 300 90
0 396 166.885 300 90
0 396 167.078 300 90
0 396 167.349 300 90
0 396 167.683 300 90
0 396 168.065 300 90
0 396 168.218 300 90
0 396 168.401 300 90
0 396 168.594 300 90
0 396 168.868 300 90
0 396 169.188 300 90
0 396 169.408 300 90
0 396 169.682 300 90
0 396 169.908 300 90
0 396 170.038 300 90
0 396 170.252 300 90
0 396 170.61 300 90
0 396 170.807 300 90
0 396 171.013 300 90
0 396 171.208 300 90
0 396 171.418 300 90
0 396 171.58 300 90
0 396 171.826 300 90
0 396 171.947 300 90
0 396 172.113 300 90
0 396 172.278 300 90
0 396 172.517 300 90
0 396 172.659 300 90
0 396 172.843 300 90
0 396 173.075 300 90
0 396 173.319 300 90
0 396 173.518 300 90
0 396 173.748 300 90
0 396 174.109 300 90
0 396 174.352 300 90
0 396 174.553 300 90
0 396 174.837 300 90
0 396 175.12 300 90
0 396 175.336 300 90
0 396 175.526 300 90
0 396 175.768 300 90
0 396 176.093 300 90
0 396 176.352 300 90
0 396 176.508 300 90
0 396 176.732 300 90
0 396 176.962 300 90
0 396 177.144 300 90
0 396 177.417 300 90
0 396 177.666 300 90
0 396 177.95 300 90
0 396 178.113 300 90
0 396 178.313 300 90
0 396 178.673 300 90
0 396 178.858 300 90
0 396 179.053 300 90
0 396 179.27 300 90
0 396 179.47 300 90
0 396 179.712 300 90
0 396 180.064 300 90
0 396 180.334 300 90
0 396 180.652 300 90
0 396 180.877 300 90
0 396 181.145 300 90
0 396 181.358 300 90
0 396 181.514 300 90
0 396 181.776 300 90
0 396 181.97 300 90
0 396 182.203 300 90
0 396 182.518 300 90
0 396 182.687 300 90
0 396 182.802 300 90
0 396 183.066 300 90
0 396 183.241 300 90
0 396 183.413 300 90
0 396 183.54 300 90
0 396 183.687 300 90
0 396 183.807 300 90
0 396 184.078 300 90
0 396 184.229 300 90
0 396 184.465 300 90
0 396 184.746 300 90
0 396 185.011 300 90
0 396 185.23 300 90
0 396 185.43 300 90
0 396 185.668 300 90
0 396 185.94 300 90
0 396 186.195 300 90
0 396 186.477 300 90
0 396 186.818 300 90
0 396 187.113 300 90
0 396 187.342 300 90
0 396 187.545 300 90
0 396 187.763 300 90
0 396 187.95 300 90
0 396 188.115 300 90
0 396 188.266 300 90
0 396 188.484 300 90
0 396 188.723 300 90
0 396 188.861 300 90
0 396 189.144 300 90
0 396 189.386 300 90
0 396 189.768 300 90
0 396 189.996 300 90
0 396 190.248 300 90
0 396 190.552 300 90
0 396 190.786 300 90
0 396 190.968 300 90
0 396 191.198 300 90
0 396 191.511 300 90
0 396 191.842 300 90
0 396 191.973 300 90
0 396 192.202 300 90
0 396 192.399 300 90
0 396 192.702 300 90
0 396 192.968 300 90
0 396 193.11 300 90
0 396 193.349 300 90
0 396 193.594 300 90
0 396 193.827 300 90
0 396 194.151 300 90
0 396 194.366 300 90
0 396 194.515 300 90
0 396 194.719 300 90
0 396 195.166 300 90
0 396 195.492 300 90
0 396 195.78 300 90
0 396 196.137 300 90
0 396 196.613 300 90
0 396 196.891 300 90
0 396 197.037 300 90
0 396 197.289 300 90
0 396 197.501 300 90
0 396 197.757 300 90
0 396 198.018 300 90
0 396 198.291 300 90
0 396 198.599 300 90
0 396 198.829 300 90
0 396 199.119 300 90
0 396 199.397 300 90
0 396 199.602 300 90
0 396 199.914 300 90
0 396 200.129 300 90
0 396 200.285 300 90
0 396 200.58 300 90
0 396 200.838 300 90
0 396 201.051 300 90
0 396 201.361 300 90
0 396 201.625 300 90
0 396 201.987 300 90
0 396 202.247 300 90
0 396 202.398 300 90
0 396 202.567 300 90
0 396 202.872 300 90
0 396 203.092 300 90
0 396 203.227 300 90
0 396 203.615 300 90
0 396 203.805 300 90
0 396 203.968 300 90
0 396 204.127 300 90
0 396 204.551 300 90
0 396 205.004 300 90
0 396 205.139 300 90
0 396 205.5 300 90
0 396 205.814 300 90
0 396 206.241 300 90
0 396 206.478 300 90
0 396 206.624 300 90
0 396 206.757 300 90
0 396 207.006 300 90
0 396 207.188 300 90
0 396 207.437 300 90
0 396 207.63 300 90
0 396 207.827 300 90
0 396 207.994 300 90
0 396 208.192 300 90
0 396 208.343 300 90
0 396 208.589 300 90
0 396 208.777 300 90
0 396 208.984 300 90
0 396 209.29 300 90
0 396 209.512 300 90
0 396 209.87 300 90
0 396 210.122 300 90
0 396 210.283 300 90
0 396 210.484 300 90
0 396 210.619 300 90
0 396 210.776 300 90
0 396 210.989 300 90
0 396 211.235 300 90
0 396 211.474 300 90
0 396 211.79 300 90
0 396 212.053 300 90
0 396 212.327 300 90
0 396 212.542 300 90
0 396 212.768 300 90
0 396 212.92 300 90
0 396 213.069 300 90
0 396 213.219 300 90
0 396 213.444 300 90
0 396 213.582 300 90
0 396 213.75 300 90
0 396 213.919 300 90
0 396 214.018 300 90
0 396 214.121 300 90
0 396 214.27 300 90
0 396 214.43 300 90
0 396 214.716 300 90
0 396 214.917 300 90
0 396 215.118 300 90
0 396 215.402 300 90
0 396 215.541 300 90
0 396 215.675 300 90
0 396 215.868 300 90
0 396 216.094 300 90
0 396 216.275 300 90
0 396 216.565 300 90
0 396 216.712 300 90
0 396 217.02 300 90
0 396 217.252 300 90
0 396 217.403 300 90
0 396 217.55 300 90
0 396 217.744 300 90
0 396 217.942 300 90
0 396 218.112 300 90
0 396 218.333 300 90
0 396 218.571 300 90
0 396 218.759 300 90
0 396 218.942 300 90
0 396 219.08 300 90
0 396 219.26 300 90
0 396 219.532 300 90
0 396 219.88 300 90
0 396 220.108 300 90
0 396 220.34 300 90
0 396 220.486 300 90
0 396 220.705 300 90
0 396 220.951 300 90
0 396 221.143 300 90
0 396 221.28 300 90
0 396 221.466 300 90
0 396 221.729 300 90
0 396 221.918 300 90
0 396 222.197 300 90
0 396 222.386 300 90
0 396 222.524 300 90
0 396 222.652 300 90
0 396 222.8 300 90
0 396 223.031 300 90
0 396 223.286 300 90
0 396 223.476 300 90
0 396 223.842 300 90
0 396 224.017 300 90
0 396 224.253 300 90
0 396 224.427 300 90
0 396 224.612 300 90
0 396 224.898 300 90
0 396 224.995 300 90
0 396 225.146 300 90
0 396 225.414 300 90
0 396 225.598 300 90
0 396 225.807 300 90
0 396 226.061 300 90
0 396 226.295 300 90
0 396 226.56 300 90
0 396 226.867 300 90
0 396 227.007 300 90
0 396 227.277 300 90
0 396 227.603 300 90
0 396 227.786 300 90
0 396 228.168 300 90
0 396 228.346 300 90
0 396 228.583 300 90
0 396 228.72 300 90
0 396 228.938 300 90
0 396 229.183 300 90
0 396 229.369 300 90
0 396 229.62 300 90
0 396 229.853 300 90
0 396 230.036 300 90
0 396 230.262 300 90
0 396 230.516 300 90
0 396 230.71 300 90
0 396 230.888 300 90
0 396 231.155 300 90
0 396 231.44 300 90
0 396 231.633 300 90
0 396 231.836 300 90
0 396 232.169 300 90
0 396 232.399 300 90
0 396 232.599 300 90
0 396 232.747 300 90
0 396 232.973 300 90
0 396 233.212 300 90
0 396 233.492 300 90
0 396 233.689 300 90
0 396 233.829 300 90
0 396 233.989 300 90
0 396 234.259 300 90
0 396 234.417 300 90
0 396 234.613 300 90
0 396 234.76 300 90
0 396 234.97 300 90
0 396 235.149 300 90
0 396 235.386 300 90
0 396 235.584 300 90
0 396 235.861 300 90
0 396 236.137 300 90
0 396 236.38 300 90
0 396 236.655 300 90
0 396 236.882 300 90
0 396 237.019 300 90
0 396 237.217 300 90
0 396 237.394 300 90
0 396 237.549 300 90
0 396 237.801 300 90
0 396 237.999 300 90
0 396 238.284 300 90
0 396 238.431 300 90
0 396 238.729 300 90
0 396 238.909 300 90
0 396 239.146 300 90
0 396 239.338 300 90
0 396 239.53 300 90
0 396 239.767 300 90
0 396 239.998 300 90
0 396 240.192 300 90
0 396 240.438 300 90
0 396 240.629 300 90
0 396 240.904 300 90
0 396 241.051 300 90
0 396 241.23 300 90
0 396 241.435 300 90
0 396 241.674 300 90
0 396 241.91 300 90
0 396 242.065 300 90
0 396 242.199 300 90
0 396 242.468 300 90
0 396 242.741 300 90
0 396 242.919 300 90
0 396 243.099 300 90
0 396 243.242 300 90
0 396 243.378 300 90
0 396 243.583 300 90
0 396 243.837 300 90
0 396 244.054 300 90
0 396 244.384 300 90
0 396 244.57 300 90
0 396 244.743 300 90
0 396 244.905 300 90
0 396 245.056 300 90
0 396 245.273 300 90
0 396 245.454 300 90
0 396 245.601 300 90
0 396 245.886 300 90
0 396 246.109 300 90
0 396 246.288 300 90
0 396 246.533 300 90
0 396 246.742 300 90
0 396 246.951 300 90
0 396 247.247 300 90
0 396 247.471 300 90
0 396 247.657 300 90
0 396 247.996 300 90
0 396 248.154 300 90
0 396 248.336 300 90
0 396 248.624 300 90
0 396 248.839 300 90
0 396 249.066 300 90
0 396 249.209 300 90
0 396 249.473 300 90
0 396 249.751 300 90
0 396 249.937 300 90
0 396 250.155 300 90
0 396 250.352 300 90
0 396 250.542 300 90
0 396 250.738 300 90
0 396 250.873 300 90
0 396 251.025 300 90
0 396 251.224 300 90
0 396 251.336 300 90
0 396 251.525 300 90
0 396 251.699 300 90
0 396 251.952 300 90
0 396 252.238 300 90
0 396 252.466 300 90
0 396 252.7 300 90
0 396 252.969 300 90
0 396 253.318 300 90
0 396 253.556 300 90
0 396 253.756 300 90
0 396 253.942 300 90
0 396 254.171 300 90
0 396 254.411 300 90
0 396 254.617 300 90
0 396 254.894 300 90
0 396 255.204 300 90
0 396 255.447 300 90
0 396 255.648 300 90
0 396 255.848 300 90
0 396 256.027 300 90
0 396 256.208 300 90
0 396 256.477 300 90
0 396 256.711 300 90
0 396 256.889 300 90
0 396 257.063 300 90
0 396 257.189 300 90
0 396 257.51 300 90
0 396 257.837 300 90
0 396 258.015 300 90
0 396 258.256 300 90
0 396 258.462 300 90
0 396 258.595 300 90
0 396 258.753 300 90
0 396 258.886 300 90
0 396 259.14 300 90
0 396 259.274 300 90
0 396 259.504 300 90
0 396 259.655 300 90
0 396 259.842 300 90
0 396 260.03 300 90
0 396 260.319 300 90
0 396 260.508 300 90
0 396 260.772 300 90
0 396 261.096 300 90
0 396 261.376 300 90
0 396 261.704 300 90
0 396 261.916 300 90
0 396 262.098 300 90
0 396 262.295 300 90
0 396 262.427 300 90
0 396 262.732 300 90
0 396 263.062 300 90
0 396 263.291 300 90
0 396 263.523 300 90
0 396 263.666 300 90
0 396 264.005 300 90
0 396 264.239 300 90
0 396 264.604 300 90
0 396 264.842 300 90
0 396 265.033 300 90
0 396 265.173 300 90
0 396 265.469 300 90
0 396 265.782 300 90
0 396 265.967 300 90
0 396 266.158 300 90
0 396 266.362 300 90
0 396 266.519 300 90
0 396 266.708 300 90
0 396 266.878 300 90
0 396 267.103 300 90
0 396 267.321 300 90
0 396 267.557 300 90
0 396 267.833 300 90
0 396 268.073 300 90
0 396 268.228 300 90
0 396 268.416 300 90
0 396 268.646 300 90
0 396 268.896 300 90
0 396 269.088 300 90
0 396 269.274 300 90
0 396 269.476 300 90
0 396 269.699 300 90
0 396 269.86 300 90
0 396 270.052 300 90
0 396 270.295 300 90
0 396 270.48 300 90
0 396 270.752 300 90
0 396 270.953 300 90
0 396 271.175 300 90
0 396 271.305 300 93
0 396 271.477 300 93
0 396 271.665 300 93
0 396 271.855 300 93
0 396 272.035 300 93
0 396 272.204 300 93
0 396 272.445 300 93
0 396 272.564 300 93
0 396 272.774 300 93
0 396 272.996 300 93
0 396 273.207 300 93
0 396 273.323 300 93
0 396 273.58 300 93
0 396 273.754 300 93
0 396 273.962 300 93
0 396 274.133 300 93
0 396 274.271 300 93
0 396 274.45 300 93
0 396 274.624 300 93
0 396 274.841 300 93
0 396 275.198 300 93
0 396 275.327 300 93
0 396 275.511 300 93
0 396 275.739 300 93
0 396 275.977 300 93
0 396 276.116 300 93
0 396 276.313 300 93
0 396 276.532 300 93
0 396 276.669 300 93
0 396 276.953 300 93
0 396 277.143 300 93
0 396 277.464 300 93
0 396 277.631 300 93
0 396 277.829 300 93
0 396 278.092 300 93
0 396 278.36 300 93
0 396 278.543 300 93
0 396 278.726 300 93
0 396 278.909 300 93
0 396 279.104 300 93
0 396 279.364 300 93
0 396 279.558 300 93
0 396 279.771 300 93
0 396 279.952 300 93
0 396 280.121 300 93
0 396 280.253 300 93
0 396 280.445 300 93
0 396 280.694 300 93
0 396 280.998 300 93
0 396 281.191 300 93
0 396 281.342 300 93
0 396 281.473 300 93
0 396 281.667 300 93
0 396 281.893 300 93
0 396 282.089 300 93
0 396 282.383 300 93
0 396 282.523 300 93
0 396 282.656 300 93
0 396 282.86 300 93
0 396 283.045 300 93
0 396 283.282 300 93
0 396 283.5 300 93
0 396 283.762 300 93
0 396 284.043 300 93
0 396 284.263 300 93
0 396 284.464 300 93
0 396 284.683 300 93
0 396 284.818 300 93
0 396 285.032 300 93
0 396 285.465 300 93
0 396 285.649 300 93
0 396 285.817 300 93
0 396 286.104 300 93
0 396 286.296 300 93
0 396 286.581 300 93
0 396 286.772 300 93
0 396 286.961 300 93
0 396 287.176 300 93
0 396 287.357 300 93
0 396 287.671 300 93
0 396 287.91 300 93
0 396 288.085 300 93
0 396 288.26 300 93
0 396 288.426 300 93
0 396 288.645 300 93
0 396 288.866 300 93
0 396 289.005 300 93
0 396 289.187 300 93
0 396 289.476 300 93
0 396 289.749 300 93
0 396 289.925 300 93
0 396 290.11 300 93
0 396 290.29 300 93
0 396 290.439 300 93
0 396 290.63 300 93
0 396 290.866 300 93
0 396 291.105 300 93
0 396 291.282 300 93
0 396 291.488 300 93
0 396 291.668 300 93
0 396 291.801 300 93
0 396 291.986 300 93
0 396 292.189 300 93
0 396 292.386 300 93
0 396 292.582 300 93
0 396 292.795 300 93
0 396 293.032 300 93
0 396 293.176 300 93
0 396 293.41 300 93
0 396 293.591 300 93
0 396 293.764 300 93
0 396 293.903 300 93
0 396 294.088 300 93
0 396 294.346 300 93
0 396 294.5 300 93
0 390.4 294.63 93
0 390.4 294.746 300 93
0 390.4 294.98 300 93
0 390.4 295.323 300 93
0 390.4 295.549 300 93
0 390.4 295.738 300 93
0 390.4 295.926 300 93
0 390.4 296.119 300 93
0 390.4 296.294 300 93
0 390.4 296.446 300 93
0 390.4 296.641 300 93
0 390.4 296.907 300 93
0 390.4 297.146 300 93
0 390.4 297.347 300 93
0 390.4 297.5 300 93
0 390.4 297.688 300 93
0 390.4 297.908 300 93
0 390.4 298.174 300 93
0 390.4 298.5 300 93
0 390.4 298.671 300 93
0 390.4 298.853 300 93
0 390.4 299.097 300 93
0 390.4 299.296 300 93
0 390.4 299.475 300 93
0 390.4 299.732 300 93
0 390.4 300.066 300 93
0 390.4 300.288 300 93
0 390.4 300.559 300 93
0 390.4 300.798 300 93
0 390.4 301.086 300 93
0 390.4 301.358 300 93
0 390.4 301.507 300 93
0 390.4 301.647 300 93
0 390.4 301.835 300 93
0 390.4 302.05 300 93
0 390.4 302.173 300 93
0 390.4 302.363 300 93
0 390.4 302.534 300 93
0 390.4 302.87 300 93
0 390.4 303.054 300 93
0 390.4 303.324 300 93
0 390.4 303.531 300 93
0 390.4 303.783 300 93
0 390.4 303.929 300 93
0 390.4 304.113 300 93
0 390.4 304.316 300 93
0 390.4 304.493 300 93
0 390.4 304.677 300 93
0 390.4 305.009 300 93
0 390.4 305.305 300 93
0 390.4 305.524 300 93
0 390.4 305.714 300 93
0 390.4 305.959 300 93
0 390.4 306.151 300 93
0 390.4 306.28 300 93
0 390.4 306.454 300 93
0 390.4 306.583 300 93
0 390.4 306.826 300 93
0 390.4 306.959 300 93
0 390.4 307.15 300 93
0 390.4 307.367 300 93
0 390.4 307.603 300 93
0 390.4 307.746 300 93
0 390.4 308.094 300 93
0 390.4 308.382 300 93
0 390.4 308.638 300 93
0 390.4 308.815 300 93
0 390.4 308.988 300 93
0 390.4 309.173 300 93
0 390.4 309.399 300 93
0 390.4 309.601 300 93
0 390.4 309.89 300 93
0 390.4 310.109 300 93
0 390.4 310.309 300 93
0 390.4 310.583 300 93
0 390.4 310.881 300 93
0 390.4 311.091 300 93
0 390.4 311.324 300 93
0 390.4 311.496 300 93
0 390.4 311.668 300 93
0 390.4 311.923 300 93
0 390.4 312.059 300 93
0 390.4 312.196 300 93
0 390.4 312.405 300 93
0 390.4 312.546 300 93
0 390.4 312.755 300 93
0 390.4 312.974 300 93
0 390.4 313.274 300 93
0 390.4 313.446 300 93
0 390.4 313.629 300 93
0 390.4 313.812 300 93
0 390.4 313.978 300 93
0 390.4 314.157 300 93
0 390.4 314.319 300 93
0 390.4 314.558 300 93
0 390.4 314.768 300 93
0 390.4 314.94 300 93
0 390.4 315.113 300 93
0 390.4 315.277 300 93
0 390.4 315.442 300 93
0 390.4 315.625 300 93
0 390.4 315.756 300 93
0 390.4 315.964 300 93
0 390.4 316.114 300 93
0 390.4 316.228 300 93
0 390.4 316.424 300 93
0 390.4 316.667 300 93
0 390.4 316.892 300 93
0 390.4 317.12 300 93
0 390.4 317.344 300 93
0 390.4 317.68 300 93
0 390.4 317.885 300 93
0 390.4 318.011 300 93
0 390.4 318.284 300 93
0 390.4 318.453 300 93
0 390.4 318.685 300 93
0 390.4 318.854 300 93
0 390.4 319.076 300 93
0 390.4 319.203 300 93
0 390.4 319.392 300 93
0 390.4 319.527 300 93
0 390.4 319.736 300 93
0 390.4 320.028 300 93
0 390.4 320.276 300 93
0 390.4 320.541 300 93
0 390.4 320.805 300 93
0 390.4 320.996 300 93
0 390.4 321.193 300 93
0 390.4 321.373 300 93
0 390.4 321.674 300 93
0 390.4 321.814 300 93
0 390.4 322.143 300 93
0 390.4 322.303 300 93
0 390.4 322.531 300 93
0 390.4 322.808 300 93
0 390.4 322.936 300 93
0 390.4 323.267 300 93
0 390.4 323.46 300 93
0 390.4 323.69 300 93
0 390.4 323.865 300 93
0 390.4 324.032 300 93
0 390.4 324.221 300 93
0 390.4 324.459 300 93
0 390.4 324.661 300 93
0 390.4 324.863 300 93
0 390.4 325.034 300 93
0 390.4 325.157 300 93
0 390.4 325.465 300 93
0 390.4 325.605 300 93
0 390.4 325.825 300 93
0 390.4 326.046 300 93
0 390.4 326.266 300 93
0 390.4 326.574 300 93
0 390.4 326.79 300 93
0 390.4 327.046 300 93
0 390.4 327.446 300 93
0 390.4 327.727 300 93
0 390.4 327.865 300 93
0 390.4 328.058 300 93
0 390.4 328.266 300 93
0 390.4 328.474 300 93
0 390.4 328.703 300 93
0 390.4 328.877 300 93
0 390.4 329.145 300 93
0 390.4 329.314 300 93
0 390.4 329.584 300 93
0 390.4 329.827 300 93
0 390.4 329.964 300 93
0 390.4 330.189 300 93
0 390.4 330.32 300 93
0 390.4 330.498 300 93
0 390.4 330.645 300 93
0 390.4 330.856 300 93
0 390.4 330.991 300 93
0 390.4 331.243 300 93
0 390.4 331.458 300 93
0 390.4 331.63 300 93
0 390.4 331.845 300 93
0 390.4 332.018 300 93
0 390.4 332.274 300 93
0 390.4 332.537 300 93
0 390.4 332.824 300 93
0 390.4 333.007 300 93
0 390.4 333.236 300 93
0 390.4 333.521 300 93
0 390.4 333.775 300 93
0 390.4 333.951 300 93
0 390.4 334.09 300 93
0 390.4 334.393 300 93
0 390.4 334.565 300 93
0 390.4 334.733 300 93
0 390.4 335.02 300 93
0 390.4 335.245 300 93
0 390.4 335.543 300 93
0 390.4 335.67 300 93
0 390.4 335.99 300 93
0 390.4 336.251 300 93
0 390.4 336.434 300 93
0 390.4 336.68 300 93
0 390.4 336.811 300 93
0 390.4 337.049 300 93
0 390.4 337.165 300 93
0 390.4 337.318 300 93
0 390.4 337.5 300 93
0 390.4 337.647 300 93
0 390.4 337.763 300 93
0 390.4 337.946 300 93
0 390.4 338.124 300 93
0 390.4 338.234 300 93
0 390.4 338.358 300 93
0 390.4 338.504 300 93
0 390.4 338.635 300 93
0 390.4 338.792 300 93
0 390.4 338.939 300 93
0 390.4 339.163 300 93
0 390.4 339.316 300 93
0 390.4 339.408 300 93
0 390.4 339.523 300 93
0 390.4 339.641 300 93
0 390.4 339.819 300 93
0 390.4 339.955 300 93
0 390.4 340.087 300 93
0 390.4 340.218 300 93
0 390.4 340.385 300 93
0 390.4 340.478 300 93
0 390.4 340.611 300 93
0 390.4 340.76 300 93
0 390.4 340.895 300 93
0 390.4 341.086 300 93
0 390.4 341.217 300 93
0 390.4 341.428 300 93
0 390.4 341.668 300 93
0 390.4 341.794 300 93
0 390.4 342.043 300 93
0 390.4 342.226 300 93
0 390.4 342.407 300 93
0 390.4 342.526 300 93
0 390.4 342.696 300 93
0 390.4 342.93 300 93
0 390.4 343.274 300 93
0 390.4 343.56 300 93
0 390.4 343.834 300 93
0 390.4 344.009 300 93
0 390.4 344.288 300 93
0 390.4 344.526 300 93
0 390.4 344.654 300 93
0 390.4 344.781 300 93
0 390.4 345.123 300 93
0 390.4 345.433 300 93
0 390.4 345.759 300 93
0 390.4 345.938 300 93
0 390.4 346.121 300 93
0 390.4 346.298 300 93
0 390.4 346.573 300 93
0 390.4 346.81 300 93
0 390.4 347.054 300 93
0 390.4 347.278 300 93
0 390.4 347.416 300 93
0 390.4 347.767 300 93
0 390.4 347.906 300 93
0 390.4 348.16 300 93
0 390.4 348.432 300 93
0 390.4 348.618 300 93
0 390.4 348.814 300 93
0 390.4 349.129 300 93
0 390.4 349.312 300 93
0 390.4 349.439 300 93
0 390.4 349.689 300 93
0 390.4 349.935 300 93
0 390.4 350.112 300 93
0 390.4 350.321 300 93
0 390.4 350.517 300 93
0 390.4 350.661 300 93
0 390.4 350.84 300 93
0 390.4 351.007 300 93
0 390.4 351.205 300 93
0 390.4 351.409 300 93
0 390.4 351.581 300 93
0 390.4 351.768 300 93
0 390.4 351.982 300 93
0 390.4 352.239 300 93
0 390.4 352.458 300 93
0 390.4 352.623 300 93
0 390.4 352.889 300 93
0 390.4 353.184 300 93
0 390.4 353.368 300 93
0 390.4 353.558 300 93
0 390.4 353.737 300 93
0 390.4 353.966 300 93
0 390.4 354.221 300 93
0 390.4 354.374 300 93
0 390.4 354.576 300 93
0 390.4 354.761 300 93
0 390.4 354.944 300 93
0 390.4 355.159 300 93
0 390.4 355.399 300 93
0 390.4 355.581 300 93
0 390.4 355.851 300 93
0 390.4 356.03 300 93
0 390.4 356.249 300 93
0 390.4 356.467 300 93
0 390.4 356.696 300 93
0 390.4 356.91 300 93
0 390.4 357.081 300 93
0 390.4 357.254 300 93
0 390.4 357.594 300 93
0 390.4 357.82 300 93
0 390.4 358.059 300 93
0 390.4 358.263 300 93
0 390.4 358.586 300 93
0 390.4 358.807 300 93
0 390.4 359 300 93
0 390.4 359.153 300 93
0 390.4 359.488 300 93
0 390.4 359.623 300 93
0 390.4 359.796 300 93
0 390.4 360.059 300 93
0 390.4 360.235 300 93
0 390.4 360.437 300 93
0 390.4 360.621 300 93
0 390.4 360.836 300 93
0 390.4 361.076 300 93
0 390.4 361.265 300 93
0 390.4 361.521 300 93
0 390.4 361.772 300 93
0 390.4 362.033 300 93
0 390.4 362.257 300 93
0 390.4 362.498 300 93
0 390.4 362.662 300 93
0 390.4 362.852 300 93
0 390.4 363.074 300 93
0 390.4 363.375 300 93
0 390.4 363.57 300 93
0 390.4 363.782 300 93
0 390.4 363.903 300 93
0 390.4 364.14 300 93
0 390.4 364.378 300 93
0 390.4 364.57 300 93
0 390.4 364.805 300 93
0 390.4 364.981 300 93
0 390.4 365.243 300 93
0 390.4 365.462 300 93
0 390.4 365.641 300 93
0 390.4 365.892 300 93
0 390.4 366.097 300 93
0 390.4 366.326 300 93
0 390.4 366.577 300 93
0 390.4 366.851 300 93
0 390.4 367.104 300 93
0 390.4 367.24 300 93
0 390.4 367.482 300 93
0 390.4 367.672 300 93
0 390.4 367.847 300 93
0 390.4 368.094 300 93
0 390.4 368.32 300 93
0 390.4 368.472 300 93
0 390.4 368.593 300 93
0 390.4 368.76 300 93
0 390.4 368.966 300 93
0 390.4 369.18 300 93
0 390.4 369.364 300 93
0 390.4 369.626 300 93
0 390.4 369.857 300 93
0 390.4 370.006 300 93
0 390.4 370.178 300 93
0 390.4 370.437 300 93
0 390.4 370.628 300 93
0 390.4 370.848 300 93
0 390.4 370.994 300 93
0 390.4 371.212 300 93
0 390.4 371.463 300 93
0 390.4 371.675 300 93
0 390.4 371.897 300 93
0 390.4 372.166 300 93
0 390.4 372.423 300 93
0 390.4 372.623 300 93
0 390.4 372.825 300 93
0 390.4 372.985 300 93
0 390.4 373.257 300 93
0 390.4 373.4 300 93
0 390.4 373.625 300 93
0 390.4 373.775 300 93
0 390.4 374.106 300 93
0 390.4 374.251 300 93
0 390.4 374.525 300 93
0 390.4 374.704 300 93
0 390.4 374.903 300 93
0 390.4 375.075 300 93
0 390.4 375.278 300 93
0 390.4 375.407 300 93
0 390.4 375.615 300 93
0 390.4 375.883 300 93
0 390.4 376.19 300 93
0 390.4 376.324 300 93
0 390.4 376.457 300 93
0 390.4 376.599 300 93
0 390.4 376.831 300 93
0 390.4 377.096 300 93
0 390.4 377.375 300 93
0 390.4 377.564 300 93
0 390.4 377.751 300 93
0 390.4 377.978 300 93
0 390.4 378.267 300 93
0 390.4 378.476 300 93
0 390.4 378.756 300 93
0 390.4 378.945 300 93
0 390.4 379.178 300 93
0 390.4 379.399 300 93
0 390.4 379.545 300 93
0 390.4 379.792 300 93
0 390.4 379.981 300 93
0 390.4 380.199 300 93
0 390.4 380.378 300 93
0 390.4 380.6 300 93
0 390.4 380.783 300 93
0 390.4 380.913 300 93
0 390.4 381.094 300 93
0 390.4 381.364 300 93
0 390.4 381.514 300 93
0 390.4 381.859 300 93
0 390.4 382.157 300 93
0 390.4 382.287 300 93
0 390.4 382.47 300 93
0 390.4 382.599 300 93
0 390.4 382.907 300 93
0 390.4 383.114 300 93
0 390.4 383.238 300 93
0 390.4 383.589 300 93
0 390.4 383.965 300 93
0 390.4 384.213 300 93
0 390.4 384.443 300 93
0 390.4 384.576 300 93
0 390.4 384.961 300 93
0 390.4 385.141 300 93
0 390.4 385.428 300 93
0 390.4 385.554 300 93
0 390.4 385.761 300 93
0 390.4 385.904 300 93
0 390.4 386.065 300 93
0 390.4 386.238 300 93
0 390.4 386.516 300 93
0 390.4 386.749 300 93
0 390.4 386.942 300 93
0 390.4 387.151 300 93
0 390.4 387.369 300 93
0 390.4 387.528 300 93
0 390.4 387.762 300 93
0 390.4 387.996 300 93
0 390.4 388.172 300 93
0 390.4 388.465 300 93
0 390.4 388.683 300 93
0 390.4 388.858 300 93
0 390.4 389.028 300 93
0 390.4 389.249 300 93
0 390.4 389.393 300 93
0 390.4 389.696 300 93
0 390.4 389.873 300 93
0 390.4 390.086 300 93
0 390.4 390.332 300 93
0 390.4 390.616 300 93
0 390.4 390.879 300 93
0 390.4 391.05 300 93
0 390.4 391.201 300 93
0 390.4 391.35 300 93
0 390.4 391.49 300 93
0 390.4 391.76 300 93
0 390.4 391.943 300 93
0 390.4 392.169 300 93
0 390.4 392.283 300 93
0 390.4 392.485 300 93
0 390.4 392.797 300 93
0 390.4 392.979 300 93
0 390.4 393.134 300 93
0 390.4 393.217 300 93
0 390.4 393.362 300 93
0 390.4 393.802 300 93
0 390.4 393.973 300 93
0 390.4 394.144 300 93
0 390.4 394.422 300 93
0 390.4 394.599 300 93
0 390.4 394.768 300 93
0 390.4 394.993 300 93
0 390.4 395.127 300 93
0 390.4 395.295 300 93
0 390.4 395.466 300 93
0 390.4 395.642 300 93
0 390.4 395.82 300 93
0 390.4 396.018 300 93
0 390.4 396.192 300 93
0 390.4 396.466 300 93
0 390.4 396.634 300 93
0 390.4 396.805 300 93
0 390.4 396.938 300 93
0 390.4 397.229 300 93
0 390.4 397.364 300 93
0 390.4 397.716 300 93
0 390.4 397.944 300 93
0 390.4 398.218 300 93
0 390.4 398.37 300 93
0 390.4 398.603 300 93
0 390.4 398.901 300 93
0 390.4 399.088 300 93
0 390.4 399.275 300 93
0 390.4 399.46 300 93
0 390.4 399.635 300 93
0 390.4 399.815 300 93
0 390.4 400.094 300 93
0 390.4 400.277 300 93
0 390.4 400.547 300 93
0 390.4 400.775 300 93
0 390.4 401.07 300 93
0 390.4 401.333 300 93
0 390.4 401.577 300 93
0 390.4 401.816 300 93
0 390.4 401.941 300 93
0 390.4 402.14 300 93
0 390.4 402.264 300 93
0 390.4 402.459 300 93
0 390.4 402.582 300 93
0 390.4 402.815 300 93
0 390.4 403.05 300 93
0 390.4 403.187 300 93
0 390.4 403.416 300 93
0 390.4 403.791 300 93
0 390.4 403.922 300 93
0 390.4 404.084 300 93
0 390.4 404.222 300 93
0 390.4 404.503 300 93
0 390.4 404.712 300 93
0 390.4 404.936 300 93
0 390.4 405.288 300 93
0 390.4 405.428 300 93
0 390.4 405.568 300 93
0 390.4 405.879 300 93
0 390.4 406.042 300 93
0 390.4 406.258 300 93
0 390.4 406.542 300 93
0 390.4 406.727 300 93
0 390.4 406.895 300 93
0 390.4 407.071 300 93
0 390.4 407.325 300 93
0 390.4 407.496 300 93
0 390.4 407.68 300 93
0 390.4 407.897 300 93
0 390.4 408.025 300 93
0 390.4 408.199 300 93
0 390.4 408.468 300 93
0 390.4 408.697 300 93
0 390.4 408.9 300 93
0 390.4 409.037 300 93
0 390.4 409.218 300 93
0 390.4 409.406 300 93
0 390.4 409.592 300 93
0 390.4 409.823 300 93
0 390.4 409.998 300 93
0 390.4 410.27 300 93
0 390.4 410.484 300 93
0 390.4 410.725 300 93
0 390.4 410.95 300 93
0 390.4 411.147 300 93
0 390.4 411.347 300 93
0 390.4 411.563 300 93
0 390.4 411.8 300 93
0 390.4 412.076 300 93
0 390.4 412.307 300 93
0 390.4 412.472 300 93
0 390.4 412.636 300 93
0 390.4 412.89 300 93
0 390.4 413.074 300 93
0 390.4 413.28 300 93
0 390.4 413.492 300 93
0 390.4 413.712 300 93
0 390.4 413.908 300 93
0 390.4 414.156 300 93
0 390.4 414.344 300 93
0 390.4 414.517 300 93
0 390.4 414.714 300 93
0 390.4 414.929 300 93
0 390.4 415.059 300 93
0 390.4 415.334 300 93
0 390.4 415.516 300 93
0 390.4 415.657 300 93
0 390.4 415.899 300 93
0 390.4 416.127 300 93
0 390.4 416.334 300 93
0 390.4 416.559 300 93
0 390.4 416.741 300 93
0 390.4 416.919 300 93
0 390.4 417.134 300 93
0 390.4 417.315 300 93
0 390.4 417.58 300 93
0 390.4 417.719 300 93
0 390.4 417.947 300 93
0 390.4 418.191 300 93
0 390.4 418.46 300 93
0 390.4 418.602 300 93
0 390.4 418.808 300 93
0 390.4 418.953 300 93
0 390.4 419.134 300 93
0 390.4 419.276 300 93
0 390.4 419.454 300 93
0 390.4 419.589 300 93
0 390.4 419.786 300 93
0 390.4 420.013 300 93
0 390.4 420.187 300 93
0 390.4 420.455 300 93
0 390.4 420.585 300 93
0 390.4 420.761 300 93
0 390.4 420.962 300 93
0 390.4 421.154 300 93
0 390.4 421.331 300 93
0 390.4 421.51 300 93
0 390.4 421.632 300 93
0 390.4 421.83 300 93
0 390.4 421.965 300 93
0 390.4 422.28 300 93
0 390.4 422.547 300 93
0 390.4 422.822 300 93
0 390.4 423.054 300 93
0 390.4 423.335 300 93
0 390.4 423.49 300 93
0 390.4 423.635 300 93
0 390.4 423.928 300 93
0 390.4 424.067 300 93
0 390.4 424.314 300 93
0 390.4 424.587 300 93
0 390.4 424.772 300 93
0 390.4 424.96 300 93
0 390.4 425.13 300 93
0 390.4 425.232 300 93
0 390.4 425.321 300 93
0 390.4 425.508 300 93
0 390.4 425.624 300 93
0 390.4 425.745 300 93
0 390.4 425.886 300 93
0 390.4 426.009 300 93
0 390.4 426.152 300 93
0 390.4 426.238 300 93
0 390.4 426.356 300 93
0 390.4 426.566 300 93
0 390.4 426.705 300 93
0 390.4 426.941 300 93
0 390.4 427.087 300 93
0 390.4 427.357 300 93
0 390.4 427.549 300 93
0 390.4 427.698 300 93
0 390.4 427.961 300 93
0 390.4 428.186 300 93
0 390.4 428.405 300 93
0 390.4 428.645 300 93
0 390.4 428.932 300 93
0 390.4 429.067 300 93
0 390.4 429.256 300 93
0 390.4 429.39 300 93
0 390.4 429.531 300 93
0 390.4 429.662 300 93
0 390.4 429.861 300 93
0 390.4 430.045 300 93
0 390.4 430.266 300 93
0 390.4 430.434 300 93
0 390.4 430.672 300 93
0 390.4 430.949 300 93
0 390.4 431.194 300 93
0 390.4 431.318 300 93
0 390.4 431.566 300 93
0 390.4 431.77 300 93
0 390.4 431.983 300 93
0 390.4 432.205 300 93
0 390.4 432.445 300 93
0 390.4 432.75 300 93
0 390.4 432.905 300 93
0 390.4 433.14 300 93
0 390.4 433.376 300 93
0 390.4 433.677 300 93
0 390.4 433.864 300 93
0 390.4 434.057 300 93
0 390.4 434.239 300 93
0 390.4 434.512 300 93
0 390.4 434.795 300 93
0 390.4 435 300 93
0 390.4 435.321 300 93
0 390.4 435.716 300 93
0 390.4 436.008 300 93
0 390.4 436.21 300 93
0 390.4 436.476 300 93
0 390.4 436.662 300 93
0 390.4 436.887 300 93
0 390.4 437.178 300 93
0 390.4 437.458 300 93
0 390.4 437.66 300 93
0 390.4 437.936 300 93
0 390.4 438.253 300 93
0 390.4 438.468 300 93
0 390.4 438.646 300 93
0 390.4 438.848 300 93
0 390.4 439.138 300 93
0 390.4 439.413 300 93
0 390.4 439.654 300 93
0 390.4 439.945 300 93
0 390.4 440.192 300 93
0 390.4 440.441 300 93
0 390.4 440.684 300 93
0 390.4 440.912 300 93
0 390.4 441.162 300 93
0 390.4 441.509 300 93
0 390.4 441.724 300 93
0 390.4 441.975 300 93
0 390.4 442.29 300 93
0 390.4 442.515 300 93
0 390.4 442.721 300 93
0 390.4 443.154 300 93
0 390.4 443.467 300 93
0 390.4 443.609 300 93
0 390.4 443.789 300 93
0 390.4 444.002 300 93
0 390.4 444.197 300 93
0 390.4 444.372 300 93
0 390.4 444.569 300 93
0 390.4 444.766 300 93
0 390.4 444.953 300 93
0 390.4 445.222 300 93
0 390.4 445.409 300 93
0 390.4 445.595 300 93
0 390.4 445.826 300 93
0 390.4 446.034 300 93
0 390.4 446.34 300 93
0 390.4 446.583 300 93
0 390.4 446.872 300 93
0 390.4 447.002 300 93
0 390.4 447.139 300 93
0 390.4 447.467 300 93
0 390.4 447.73 300 93
0 390.4 447.929 300 93
0 390.4 448.247 300 93
0 390.4 448.431 300 93
0 390.4 448.634 300 93
0 390.4 448.915 300 93
0 390.4 449.107 300 93
0 390.4 449.407 300 93
0 390.4 449.675 300 93
0 390.4 450.028 300 93
0 390.4 450.33 300 93
0 390.4 450.519 300 93
0 390.4 450.844 300 93
0 390.4 450.983 300 93
0 390.4 451.239 300 93
0 390.4 451.555 300 93
0 390.4 451.797 300 93
0 390.4 452.073 300 93
0 390.4 452.33 300 93
0 390.4 452.695 300 93
0 390.4 452.994 300 93
0 390.4 453.201 300 93
0 390.4 453.381 300 93
0 390.4 453.679 300 93
0 390.4 453.808 300 93
0 390.4 454.01 300 93
0 390.4 454.332 300 93
0 390.4 454.52 300 93
0 390.4 454.708 300 93
0 390.4 455.013 300 93
0 390.4 455.352 300 93
0 390.4 455.544 300 93
0 390.4 455.774 300 93
0 390.4 455.926 300 93
0 390.4 456.196 300 93
0 390.4 456.511 300 93
0 390.4 456.727 300 93
0 390.4 456.891 300 93
0 390.4 457.142 300 93
0 390.4 457.43 300 93
0 390.4 457.713 300 93
0 390.4 457.896 300 93
0 390.4 458.184 300 93
0 390.4 458.564 300 93
0 390.4 458.754 300 93
0 390.4 458.855 300 93
0 390.4 459.216 300 93
0 390.4 459.466 300 93
0 390.4 459.616 300 93
0 390.4 459.857 300 93
0 390.4 460.061 300 93
0 390.4 460.314 300 93
0 390.4 460.563 300 93
0 390.4 460.836 300 93
0 390.4 461.2 300 93
0 390.4 461.413 300 93
0 390.4 461.604 300 93
0 390.4 461.912 300 93
0 390.4 462.202 300 93
0 390.4 462.432 300 93
0 390.4 462.624 300 93
0 390.4 462.929 300 93
0 390.4 463.203 300 93
0 390.4 463.446 300 93
0 390.4 463.753 300 93
0 390.4 464.042 300 93
0 390.4 464.261 300 93
0 390.4 464.426 300 93
0 390.4 464.601 300 93
0 390.4 464.733 300 93
0 390.4 464.857 300 93
0 390.4 465.227 300 93
0 390.4 465.365 300 93
0 390.4 465.53 300 93
0 390.4 465.663 300 93
0 390.4 465.791 300 93
0 390.4 466.218 300 93
0 390.4 466.496 300 93
0 390.4 466.717 300 93
0 390.4 467.075 300 93
0 390.4 467.243 300 93
0 390.4 467.416 300 93
0 390.4 467.671 300 93
0 390.4 468.248 300 93
0 390.4 468.559 300 93
0 390.4 468.846 300 93
0 390.4 469.23 300 93
0 390.4 469.555 300 93
0 390.4 469.865 300 93
0 390.4 470.42 300 93
0 390.4 470.647 300 93
0 390.4 470.923 300 93
0 390.4 471.471 300 93
0 390.4 471.792 300 93
0 390.4 472.043 300 93
0 390.4 472.279 300 93
0 390.4 472.49 300 93
0 390.4 472.744 300 93
0 390.4 472.96 300 93
0 390.4 473.18 300 93
0 390.4 473.337 300 93
0 390.4 473.553 300 93
0 390.4 473.841 300 93
0 390.4 474.027 300 93
0 390.4 474.282 300 93
0 390.4 474.53 300 93
0 390.4 474.84 300 93
0 390.4 475.024 300 93
0 390.4 475.206 300 93
0 390.4 475.421 300 93
0 390.4 475.632 300 93
0 390.4 475.941 300 93
0 390.4 476.206 300 93
0 390.4 476.491 300 93
0 390.4 476.641 300 93
0 390.4 476.805 300 93
0 390.4 477.073 300 93
0 390.4 477.318 300 93
0 390.4 477.556 300 93
0 390.4 477.842 300 93
0 390.4 477.99 300 93
0 390.4 478.204 300 93
0 390.4 478.42 300 93
0 390.4 478.547 300 93
0 390.4 478.76 300 93
0 390.4 478.941 300 93
0 390.4 479.169 300 93
0 390.4 479.343 300 93
0 390.4 479.644 300 93
0 390.4 480.075 300 93
0 390.4 480.222 300 93
0 390.4 480.398 300 93
0 390.4 480.601 300 93
0 390.4 480.848 300 93
0 390.4 481.152 300 93
0 390.4 481.378 300 93
0 390.4 481.615 300 93
0 390.4 481.818 300 93
0 390.4 482.061 300 93
0 390.4 482.313 300 93
0 390.4 482.442 300 93
0 390.4 482.555 300 93
0 390.4 482.84 300 93
0 390.4 483.026 300 93
0 390.4 483.202 300 93
0 390.4 483.512 300 93
0 390.4 483.755 300 93
0 390.4 483.98 300 93
0 390.4 484.313 300 93
0 390.4 484.512 300 93
0 390.4 484.663 300 93
0 390.4 484.995 300 93
0 390.4 485.208 300 93
0 390.4 485.387 300 93
0 390.4 485.639 300 93
0 390.4 485.888 300 93
0 390.4 486.119 300 93
0 390.4 486.262 300 93
0 390.4 486.468 300 93
0 390.4 486.812 300 93
0 390.4 487.068 300 93
0 390.4 487.222 300 93
0 390.4 487.442 300 93
0 390.4 487.713 300 93
0 390.4 487.927 300 93
0 390.4 488.181 300 93
0 390.4 488.407 300 93
0 390.4 488.791 300 93
0 390.4 488.991 300 93
0 390.4 489.139 300 93
0 390.4 489.334 300 93
0 390.4 489.529 300 93
0 390.4 489.811 300 93
0 390.4 490.079 300 93
0 390.4 490.393 300 93
0 390.4 490.628 300 93
0 390.4 490.765 300 93
0 390.4 490.969 300 93
0 390.4 491.191 300 93
0 390.4 491.355 300 93
0 390.4 491.974 300 93
0 390.4 492.285 300 93
0 390.4 492.6 300 93
0 390.4 492.943 300 93
0 390.4 493.088 300 93
0 390.4 493.281 300 93
0 390.4 493.562 300 93
0 390.4 493.758 300 93
0 390.4 494.023 300 93
0 390.4 494.198 300 93
0 390.4 494.344 300 93
0 390.4 494.536 300 93
0 390.4 494.739 300 93
0 390.4 494.92 300 93
0 390.4 495.015 300 93
0 390.4 495.155 300 93
0 390.4 495.511 300 93
0 390.4 495.664 300 93
0 390.4 495.837 300 93
0 390.4 496.044 300 93
0 390.4 496.255 300 93
0 390.4 496.714 300 93
0 390.4 496.946 300 93
0 390.4 497.123 300 93
0 390.4 497.318 300 93
0 390.4 497.526 300 93
0 390.4 497.708 300 93
0 390.4 497.992 300 93
0 390.4 498.146 300 93
0 390.4 498.346 300 93
0 390.4 498.571 300 93
0 390.4 498.808 300 93
0 390.4 499.094 300 93
0 390.4 499.297 300 93
0 390.4 499.487 300 93
0 390.4 499.633 300 93
0 390.4 499.77 300 93
0 390.4 499.878 300 93
0 390.4 499.99 300 93
0 390.4 500.135 300 93
0 390.4 500.403 300 93
0 390.4 500.546 300 93
0 390.4 500.744 300 93
0 390.4 500.995 300 93
0 390.4 501.174 300 93
0 390.4 501.452 300 93
0 390.4 501.712 300 93
0 390.4 502.088 300 93
0 390.4 502.457 300 93
0 390.4 502.927 300 93
0 390.4 503.082 300 93
0 390.4 503.313 300 93
0 390.4 503.551 300 93
0 390.4 503.821 300 93
0 390.4 503.983 300 93
0 390.4 504.151 300 93
0 390.4 504.359 300 93
0 390.4 504.473 300 93
0 390.4 504.683 300 93
0 390.4 504.915 300 93
0 390.4 505.203 300 93
0 390.4 505.44 300 93
0 390.4 505.722 300 93
0 390.4 505.972 300 93
0 390.4 506.229 300 93
0 390.4 506.418 300 93
0 390.4 506.709 300 93
0 390.4 506.897 300 93
0 390.4 507.091 300 93
0 390.4 507.226 300 93
0 390.4 507.431 300 93
0 390.4 507.733 300 93
0 390.4 508.024 300 93
0 390.4 508.303 300 93
0 390.4 508.442 300 93
0 390.4 508.636 300 93
0 390.4 508.81 300 93
0 390.4 509.163 300 93
0 390.4 509.325 300 93
0 390.4 509.598 300 93
0 390.4 509.734 300 93
0 390.4 509.959 300 93
0 390.4 510.163 300 93
0 390.4 510.41 300 93
0 390.4 510.596 300 93
0 390.4 510.803 300 93
0 390.4 511.157 300 93
0 390.4 511.399 300 93
0 390.4 511.767 300 93
0 390.4 511.94 300 93
0 390.4 512.277 300 93
0 390.4 512.547 300 93
0 390.4 512.776 300 93
0 390.4 512.944 300 93
0 390.4 513.29 300 93
0 390.4 513.43 300 93
0 390.4 513.669 300 93
0 390.4 513.859 300 93
0 390.4 514.177 300 93
0 390.4 514.43 300 93
0 390.4 514.589 300 93
0 390.4 514.732 300 93
0 390.4 514.891 300 93
0 390.4 515.201 300 93
0 390.4 515.432 300 93
0 390.4 515.667 300 93
0 390.4 515.888 300 93
0 390.4 516.033 300 93
0 390.4 516.253 300 93
0 390.4 516.412 300 93
0 390.4 516.635 300 93
0 390.4 516.98 300 93
0 390.4 517.213 300 93
0 390.4 517.482 300 93
0 390.4 517.755 300 93
0 390.4 517.986 300 93
0 390.4 518.216 300 93
0 390.4 518.386 300 93
0 390.4 518.56 300 93
0 390.4 518.785 300 93
0 390.4 519.062 300 93
0 390.4 519.262 300 93
0 390.4 519.483 300 93
0 390.4 519.69 300 93
0 390.4 519.883 300 93
0 390.4 520.134 300 93
0 390.4 520.318 300 93
0 390.4 520.469 300 93
0 390.4 520.692 300 93
0 390.4 520.837 300 93
0 390.4 521.031 300 93
0 390.4 521.249 300 93
0 390.4 521.436 300 93
0 390.4 521.562 300 93
0 390.4 521.784 300 93
0 390.4 522.234 300 93
0 390.4 522.541 300 93
0 390.4 522.694 300 93
0 390.4 523.087 300 93
0 390.4 523.312 300 93
0 390.4 523.565 300 93
0 390.4 523.8 300 93
0 390.4 524.005 300 93
0 390.4 524.151 300 93
0 390.4 524.305 300 93
0 390.4 524.59 300 93
0 390.4 524.916 300 93
0 390.4 525.059 300 93
0 390.4 525.212 300 93
0 390.4 525.409 300 93
0 390.4 525.568 300 93
0 390.4 525.776 300 93
0 390.4 526.01 300 93
0 390.4 526.223 300 93
0 390.4 526.558 300 93
0 390.4 526.751 300 93
0 390.4 526.963 300 93
0 390.4 527.18 300 93
0 390.4 527.449 300 93
0 390.4 527.638 300 93
0 390.4 527.878 300 93
0 390.4 528.121 300 93
0 390.4 528.266 300 93
0 390.4 528.414 300 93
0 390.4 528.646 300 93
0 390.4 528.875 300 93
0 390.4 529.113 300 93
0 390.4 529.255 300 93
0 390.4 529.545 300 93
0 390.4 529.696 300 93
0 390.4 529.927 300 93
0 390.4 530.212 300 93
0 390.4 530.403 300 93
0 390.4 530.529 300 93
0 390.4 530.732 300 93
0 390.4 530.988 300 93
0 390.4 531.209 300 93
0 390.4 531.36 300 93
0 390.4 531.597 300 93
0 390.4 531.916 300 93
0 390.4 532.179 300 93
0 390.4 532.452 300 93
0 390.4 532.701 300 93
0 390.4 533.021 300 93
0 390.4 533.161 300 93
0 390.4 533.471 300 93
0 390.4 533.665 300 93
0 390.4 533.974 300 93
0 390.4 534.222 300 93
0 390.4 534.447 300 93
0 390.4 534.695 300 93
0 390.4 534.916 300 93
0 390.4 535.053 300 93
0 390.4 535.243 300 93
0 390.4 535.431 300 93
0 390.4 535.68 300 93
0 390.4 535.92 300 93
0 390.4 536.234 300 93
0 390.4 536.484 300 93
0 390.4 536.652 300 93
0 390.4 536.955 300 93
0 390.4 537.296 300 93
0 390.4 537.456 300 93
0 390.4 537.604 300 93
0 390.4 537.845 300 93
0 390.4 538.097 300 93
0 390.4 538.323 300 93
0 390.4 538.622 300 93
0 390.4 538.892 300 93
0 390.4 539.06 300 93
0 390.4 539.238 300 93
0 390.4 539.513 300 93
0 390.4 539.666 300 93
0 390.4 539.867 300 93
0 390.4 540.073 300 93
0 390.4 540.262 300 93
0 390.4 540.495 300 93
0 390.4 540.659 300 93
0 390.4 540.804 300 93
0 390.4 541.064 300 93
0 390.4 541.359 300 93
0 390.4 541.493 300 93
0 390.4 541.726 300 93
0 390.4 541.973 300 93
0 390.4 542.199 300 93
0 390.4 542.375 300 93
0 390.4 542.717 300 93
0 390.4 542.905 300 93
0 390.4 543.277 300 93
0 390.4 543.516 300 93
0 390.4 543.75 300 93
0 390.4 543.944 300 93
0 390.4 544.084 300 93
0 390.4 544.271 300 93
0 390.4 544.52 300 93
0 390.4 544.699 300 93
0 390.4 544.969 300 93
0 390.4 545.201 300 93
0 390.4 545.402 300 93
0 390.4 545.638 300 93
0 390.4 545.946 300 93
0 390.4 546.134 300 93
0 390.4 546.451 300 93
0 390.4 546.636 300 93
0 390.4 546.835 300 93
0 390.4 547.01 300 93
0 390.4 547.213 300 93
0 390.4 547.467 300 93
0 390.4 547.734 300 93
0 390.4 547.873 300 93
0 390.4 548.133 300 93
0 390.4 548.65 300 93
0 390.4 548.937 300 93
0 390.4 549.167 300 93
0 390.4 549.527 300 93
0 390.4 549.763 300 93
0 390.4 549.9 300 93
0 390.4 550.23 300 93
0 390.4 550.59 300 93
0 390.4 550.839 300 93
0 390.4 550.992 300 93
0 390.4 551.238 300 93
0 390.4 551.453 300 93
0 390.4 551.682 300 93
0 390.4 551.82 300 93
0 390.4 551.992 300 93
0 390.4 552.177 300 93
0 390.4 552.421 300 93
0 390.4 552.682 300 93
0 390.4 553.007 300 93
0 390.4 553.15 300 93
0 390.4 553.366 300 93
0 390.4 553.561 300 93
0 390.4 553.897 300 93
0 390.4 554.15 300 93
0 390.4 554.347 300 93
0 390.4 554.506 300 93
0 390.4 554.706 300 93
0 390.4 554.948 300 93
0 390.4 555.292 300 93
0 390.4 555.481 300 93
0 390.4 555.71 300 93
0 390.4 555.844 300 93
0 390.4 556.092 300 93
0 390.4 556.297 300 93
0 390.4 556.542 300 93
0 390.4 556.86 300 93
0 390.4 556.98 300 93
0 390.4 557.202 300 93
0 390.4 557.391 300 93
0 390.4 557.524 300 93
0 390.4 557.792 300 93
0 390.4 558.105 300 93
0 390.4 558.268 300 93
0 390.4 558.48 300 93
0 390.4 558.667 300 93
0 390.4 558.9 300 93
0 390.4 559.116 300 93
0 390.4 559.397 300 93
0 390.4 559.666 300 93
0 390.4 559.86 300 93
0 390.4 560.048 300 93
0 390.4 560.277 300 93
0 390.4 560.586 300 93
0 390.4 560.8 300 93
0 390.4 560.939 300 93
0 390.4 561.148 300 93
0 390.4 561.28 300 93
0 390.4 561.461 300 93
0 390.4 561.65 300 93
0 390.4 561.845 300 93
0 390.4 562.078 300 93
0 390.4 562.312 300 93
0 390.4 562.549 300 93
0 390.4 562.87 300 93
0 390.4 563.059 300 93
0 390.4 563.199 300 93
0 390.4 563.403 300 93
0 390.4 563.657 300 93
0 390.4 563.917 300 93
0 390.4 564.108 300 93
0 390.4 564.392 300 93
0 390.4 564.528 300 93
0 390.4 564.739 300 93
0 390.4 564.957 300 93
0 390.4 565.173 300 93
0 390.4 565.441 300 93
0 390.4 565.719 300 93
0 390.4 566.051 300 93
0 390.4 566.372 300 93
0 390.4 566.663 300 93
0 390.4 566.994 300 93
0 390.4 567.329 300 93
0 390.4 567.639 300 93
0 390.4 567.845 300 93
0 390.4 568.055 300 93
0 390.4 568.241 300 93
0 390.4 568.421 300 93
0 390.4 568.591 300 93
0 390.4 568.768 300 93
0 390.4 568.959 300 93
0 390.4 569.422 300 93
0 390.4 569.63 300 93
0 390.4 569.775 300 93
0 390.4 570.015 300 93
0 390.4 570.339 300 93
0 390.4 570.506 300 93
0 390.4 570.678 300 93
0 390.4 570.92 300 93
0 390.4 571.178 300 93
0 390.4 571.36 300 93
0 390.4 571.607 300 93
0 390.4 571.795 300 93
0 390.4 572 300 93
0 390.4 572.184 300 93
0 390.4 572.425 300 93
0 390.4 572.717 300 93
0 390.4 572.925 300 93
0 390.4 573.118 300 93
0 390.4 573.281 300 93
0 390.4 573.623 300 93
0 390.4 573.889 300 93
0 390.4 574.136 300 93
0 390.4 574.414 300 93
0 390.4 574.814 300 93
0 390.4 575.089 300 93
0 390.4 575.302 300 93
0 390.4 575.544 300 93
0 390.4 575.789 300 93
0 390.4 576.081 300 93
0 390.4 576.422 300 93
0 390.4 576.9 300 93
0 390.4 577.063 300 93
0 390.4 577.288 300 93
0 390.4 577.449 300 93
0 390.4 577.625 300 93
0 390.4 577.846 300 93
0 390.4 578.072 300 93
0 390.4 578.296 300 93
0 390.4 578.535 300 93
0 390.4 578.767 300 93
0 390.4 579.019 300 93
0 390.4 579.333 300 93
0 390.4 579.647 300 93
0 390.4 579.901 300 93
0 390.4 580.287 300 93
0 390.4 580.495 300 93
0 390.4 580.725 300 93
0 390.4 580.907 300 93
0 390.4 581.143 300 93
0 390.4 581.381 300 93
0 390.4 581.718 300 93
0 390.4 581.957 300 93
0 390.4 582.296 300 93
0 390.4 582.456 300 93
0 390.4 582.737 300 93
0 390.4 582.904 300 93
0 390.4 583.179 300 93
0 390.4 583.372 300 93
0 390.4 583.611 300 93
0 390.4 583.837 300 93
0 390.4 584.105 300 93
0 390.4 584.394 300 93
0 390.4 584.519 300 93
0 390.4 584.77 300 93
0 390.4 584.899 300 93
0 390.4 585.102 300 93
0 390.4 585.317 300 93
0 390.4 585.505 300 93
0 390.4 585.697 300 93
0 390.4 585.938 300 93
0 390.4 586.193 300 93
0 390.4 586.486 300 93
0 390.4 586.799 300 93
0 390.4 586.979 300 93
0 390.4 587.247 300 93
0 390.4 587.409 300 93
0 390.4 587.687 300 93
0 390.4 587.938 300 93
0 390.4 588.112 300 93
0 390.4 588.358 300 93
0 390.4 588.525 300 93
0 390.4 588.779 300 93
0 390.4 589.046 300 93
0 390.4 589.311 300 93
0 390.4 589.532 300 93
0 390.4 589.814 300 93
0 390.4 590.07 300 93
0 390.4 590.316 300 93
0 390.4 590.584 300 93
0 390.4 590.91 300 93
0 390.4 591.08 300 93
0 390.4 591.5 300 93
0 390.4 591.768 300 93
0 390.4 592.092 300 93
0 390.4 592.228 300 93
0 390.4 592.496 300 93
0 390.4 592.698 300 93
0 390.4 592.913 300 93
0 390.4 593.189 300 93
0 390.4 593.39 300 93
0 390.4 593.734 300 93
0 390.4 593.936 300 93
0 390.4 594.184 300 93
0 390.4 594.39 300 93
0 390.4 594.599 300 93
0 390.4 594.931 300 93
0 390.4 595.176 300 93
0 390.4 595.304 300 93
0 390.4 595.5 300 93
0 390.4 595.756 300 93
0 390.4 596.021 300 93
0 390.4 596.392 300 93
0 390.4 596.592 300 93
0 390.4 596.844 300 93
0 390.4 597.063 300 93
0 390.4 597.402 300 93
0 390.4 597.695 300 93
0 390.4 597.833 300 93
0 390.4 598.057 300 93
0 390.4 598.206 300 93
0 390.4 598.467 300 93
0 390.4 598.736 300 93
0 390.4 599.012 300 93
0 390.4 599.227 300 93
0 390.4 599.49 300 93
0 390.4 599.718 300 93
0 390.4 599.994 300 93
0 390.4 600.225 300 93
0 390.4 600.461 300 93
0 390.4 600.759 300 93
0 390.4 600.98 300 93
0 390.4 601.134 300 93
0 390.4 601.382 300 93
0 390.4 601.663 300 93
0 390.4 601.803 300 93
0 390.4 601.956 300 93
0 390.4 602.127 300 93
0 390.4 602.35 300 93
0 390.4 602.555 300 93
0 390.4 602.73 300 93
0 390.4 602.907 300 93
0 390.4 603.151 300 93
0 390.4 603.556 300 93
0 390.4 603.838 300 93
0 390.4 604.009 300 93
0 390.4 604.211 300 93
0 390.4 604.481 300 93
0 390.4 604.751 300 93
0 390.4 604.954 300 93
0 390.4 605.188 300 93
0 390.4 605.464 300 93
0 390.4 605.622 300 93
0 390.4 605.892 300 93
0 390.4 606.05 300 93
0 390.4 606.484 300 93
0 390.4 606.851 300 93
0 390.4 607.081 300 93
0 390.4 607.449 300 93
0 390.4 607.749 300 93
0 390.4 608.027 300 93
0 390.4 608.175 300 93
0 390.4 608.424 300 93
0 390.4 608.571 300 93
0 390.4 608.842 300 93
0 390.4 609.036 300 93
0 390.4 609.292 300 93
0 390.4 609.526 300 93
0 390.4 609.706 300 93
0 390.4 609.94 300 93
0 390.4 610.254 300 93
0 390.4 610.551 300 93
0 390.4 610.722 300 93
0 390.4 610.96 300 93
0 390.4 611.25 300 93
0 390.4 611.398 300 93
0 390.4 611.602 300 93
0 390.4 611.802 300 93
0 390.4 611.932 300 93
0 390.4 612.142 300 93
0 390.4 612.452 300 93
0 390.4 612.691 300 93
0 390.4 612.893 300 93
0 390.4 613.04 300 93
0 390.4 613.245 300 93
0 390.4 613.438 300 93
0 390.4 613.74 300 93
0 390.4 613.931 300 93
0 390.4 614.25 300 93
0 390.4 614.44 300 93
0 390.4 614.601 300 93
0 390.4 614.8 300 93
0 390.4 614.999 300 93
0 390.4 615.247 300 93
0 390.4 615.496 300 93
0 390.4 615.819 300 93
0 390.4 616.087 300 93
0 390.4 616.292 300 93
0 390.4 616.549 300 93
0 390.4 616.692 300 93
0 390.4 616.965 300 93
0 390.4 617.119 300 93
0 390.4 617.277 300 93
0 390.4 617.619 300 93
0 390.4 617.888 300 93
0 390.4 618.183 300 93
0 390.4 618.337 300 93
0 390.4 618.542 300 93
0 390.4 618.733 300 93
0 390.4 618.872 300 93
0 390.4 619.074 300 93
0 390.4 619.239 300 93
0 390.4 619.375 300 93
0 390.4 619.527 300 93
0 390.4 619.719 300 93
0 390.4 619.894 300 93
0 390.4 620.245 300 93
0 390.4 620.479 300 93
0 390.4 620.644 300 93
0 390.4 620.743 300 93
0 390.4 620.863 300 93
0 390.4 621.216 300 93
0 390.4 621.45 300 93
0 390.4 621.728 300 93
0 390.4 621.957 300 93
0 390.4 622.251 300 93
0 390.4 622.499 300 93
0 390.4 622.788 300 93
0 390.4 622.949 300 93
0 390.4 623.084 300 93
0 390.4 623.293 300 93
0 390.4 623.586 300 93
0 390.4 623.837 300 93
0 390.4 624.059 300 93
0 390.4 624.266 300 93
0 390.4 624.522 300 93
0 390.4 624.77 300 93
0 390.4 625.107 300 93
0 390.4 625.247 300 93
0 390.4 625.458 300 93
0 390.4 625.669 300 93
0 390.4 625.876 300 93
0 390.4 626.014 300 93
0 390.4 626.158 300 93
0 390.4 626.391 300 93
0 390.4 626.647 300 93
0 390.4 626.809 300 93
0 390.4 626.942 300 93
0 390.4 627.069 300 93
0 390.4 627.209 300 93
0 390.4 627.365 300 93
0 390.4 627.554 300 93
0 390.4 627.737 300 93
0 390.4 627.998 300 93
0 390.4 628.196 300 93
0 390.4 628.393 300 93
0 390.4 628.609 300 93
0 390.4 628.842 300 93
0 390.4 629.141 300 93
0 390.4 629.24 300 93
0 390.4 629.432 300 93
0 390.4 629.641 300 93
0 390.4 629.78 300 93
0 390.4 630.006 300 93
0 390.4 630.34 300 93
0 390.4 630.611 300 93
0 390.4 630.823 300 93
0 390.4 630.97 300 93
0 390.4 631.161 300 93
0 390.4 631.313 300 93
0 390.4 631.499 300 93
0 390.4 631.714 300 93
0 390.4 631.928 300 93
0 390.4 632.163 300 93
0 390.4 632.323 300 93
0 390.4 632.588 300 93
0 390.4 632.814 300 93
0 390.4 633.016 300 93
0 390.4 633.286 300 93
0 390.4 633.557 300 93
0 390.4 634.04 300 93
0 390.4 634.199 300 93
0 390.4 634.382 300 93
0 390.4 634.628 300 93
0 390.4 634.952 300 93
0 390.4 635.145 300 93
0 390.4 635.35 300 93
0 390.4 635.577 300 93
0 390.4 635.715 300 93
0 390.4 635.966 300 93
0 390.4 636.202 300 93
0 390.4 636.463 300 93
0 390.4 636.79 300 93
0 390.4 636.996 300 93
0 390.4 637.207 300 93
0 390.4 637.567 300 93
0 390.4 638.078 300 93
0 390.4 638.336 300 93
0 390.4 638.582 300 93
0 390.4 638.819 300 93
0 390.4 639.027 300 93
0 390.4 639.224 300 93
0 390.4 639.478 300 93
0 390.4 639.623 300 93
0 390.4 639.809 300 93
0 390.4 640.057 300 93
0 390.4 640.27 300 93
0 390.4 640.427 300 93
0 390.4 640.597 300 93
0 390.4 640.76 300 93
0 390.4 640.917 300 93
0 390.4 641.127 300 93
0 390.4 641.291 300 93
0 390.4 641.437 300 93
0 390.4 641.639 300 93
0 390.4 641.89 300 93
0 390.4 642.193 300 93
0 390.4 642.38 300 93
0 390.4 642.503 300 93
0 390.4 642.665 300 93
0 390.4 643.05 300 93
0 390.4 643.255 300 93
0 390.4 643.642 300 93
0 390.4 643.89 300 93
0 390.4 644.053 300 93
0 390.4 644.276 300 93
0 390.4 644.539 300 93
0 390.4 644.827 300 93
0 390.4 645.07 300 93
0 390.4 645.248 300 93
0 390.4 645.559 300 93
0 390.4 645.817 300 93
0 390.4 646.119 300 93
0 390.4 646.334 300 93
0 390.4 646.546 300 93
0 390.4 646.899 300 93
0 390.4 647.099 300 93
0 390.4 647.232 300 93
0 390.4 647.433 300 93
0 390.4 647.768 300 93
0 390.4 647.984 300 93
0 390.4 648.265 300 93
0 390.4 648.541 300 93
0 390.4 648.738 300 93
0 390.4 648.902 300 93
0 390.4 649.172 300 93
0 390.4 649.378 300 93
0 390.4 649.698 300 93
0 390.4 649.946 300 93
0 390.4 650.249 300 93
0 390.4 650.508 300 93
0 390.4 650.822 300 93
0 390.4 650.994 300 93
0 390.4 651.191 300 93
0 390.4 651.413 300 93
0 390.4 651.599 300 93
0 390.4 651.848 300 93
0 390.4 652.048 300 93
0 390.4 652.314 300 93
0 390.4 652.528 300 93
0 390.4 652.713 300 93
0 390.4 652.975 300 93
0 390.4 653.156 300 93
0 390.4 653.341 300 93
0 390.4 653.492 300 93
0 390.4 653.643 300 93
0 390.4 653.799 300 93
0 390.4 654.01 300 93
0 390.4 654.3 300 93
0 390.4 654.545 300 93
0 390.4 654.72 300 93
0 390.4 654.891 300 93
0 390.4 655.108 300 93
0 390.4 655.346 300 93
0 390.4 655.644 300 93
0 390.4 655.944 300 93
0 390.4 656.187 300 93
0 390.4 656.436 300 93
0 390.4 656.642 300 93
0 390.4 657.086 300 93
0 390.4 657.364 300 93
0 390.4 657.582 300 93
0 390.4 657.854 300 93
0 390.4 658.039 300 93
0 390.4 658.249 300 93
0 390.4 658.446 300 93
0 390.4 658.668 300 93
0 390.4 658.792 300 93
0 390.4 659.031 300 93
0 390.4 659.248 300 93
0 390.4 659.608 300 93
0 390.4 659.802 300 93
0 390.4 660.136 300 93
0 390.4 660.373 300 93
0 390.4 660.641 300 93
0 390.4 660.868 300 93
0 390.4 661.093 300 93
0 390.4 661.281 300 93
0 390.4 661.652 300 93
0 390.4 661.87 300 93
0 390.4 662.327 300 93
0 390.4 662.792 300 93
0 390.4 663.117 300 93
0 390.4 663.318 300 93
0 390.4 663.477 300 93
0 390.4 663.731 300 93
0 390.4 663.965 300 93
0 390.4 664.196 300 93
0 390.4 664.483 300 93
0 390.4 664.741 300 93
0 390.4 664.965 300 93
0 390.4 665.128 300 93
0 390.4 665.388 300 93
0 390.4 665.752 300 93
0 390.4 666.048 300 93
0 390.4 666.306 300 93
0 390.4 666.543 300 93
0 390.4 666.766 300 93
0 390.4 667.005 300 93
0 390.4 667.244 300 93
0 390.4 667.456 300 93
0 390.4 667.685 300 93
0 390.4 667.93 300 93
0 390.4 668.087 300 93
0 390.4 668.221 300 93
0 390.4 668.484 300 93
0 390.4 668.64 300 93
0 390.4 668.882 300 93
0 390.4 669.066 300 93
0 390.4 669.359 300 93
0 390.4 669.655 300 93
0 390.4 669.92 300 93
0 390.4 670.163 300 93
0 390.4 670.312 300 93
0 390.4 670.464 300 93
0 390.4 670.662 300 93
0 390.4 670.943 300 93
0 390.4 671.22 300 93
0 390.4 671.562 300 93
0 390.4 671.686 300 93
0 390.4 671.922 300 93
0 390.4 672.067 300 93
0 390.4 672.263 300 93
0 390.4 672.507 300 93
0 390.4 672.664 300 93
0 390.4 672.909 300 93
0 390.4 673.202 300 93
0 390.4 673.509 300 93
0 390.4 673.798 300 93
0 390.4 674.133 300 93
0 390.4 674.448 300 93
0 390.4 674.779 300 93
0 390.4 675.027 300 93
0 390.4 675.244 300 93
0 390.4 675.513 300 93
0 390.4 675.745 300 93
0 390.4 676.084 300 93
0 390.4 676.298 300 93
0 390.4 676.546 300 93
0 390.4 676.701 300 93
0 390.4 676.938 300 93
0 390.4 677.227 300 93
0 390.4 677.435 300 93
0 390.4 677.674 300 93
0 390.4 677.922 300 93
0 390.4 678.172 300 93
0 390.4 678.434 300 93
0 390.4 678.848 300 93
0 390.4 679.019 300 93
0 390.4 679.273 300 93
0 390.4 679.555 300 93
0 390.4 679.759 300 93
0 390.4 679.976 300 93
0 390.4 680.237 300 93
0 390.4 680.549 300 93
0 390.4 680.713 300 93
0 390.4 680.892 300 93
0 390.4 681.116 300 93
0 390.4 681.384 300 93
0 390.4 681.738 300 93
0 390.4 681.918 300 93
0 390.4 682.209 300 93
0 390.4 682.584 300 93
0 390.4 682.932 300 93
0 390.4 683.212 300 93
0 390.4 683.403 300 93
0 390.4 683.89 300 93
0 390.4 684.085 300 93
0 390.4 684.377 300 93
0 390.4 684.573 300 93
0 390.4 684.916 300 93
0 390.4 685.206 300 93
0 390.4 685.408 300 93
0 390.4 685.558 300 93
0 390.4 685.781 300 93
0 390.4 686.012 300 93
0 390.4 686.142 300 93
0 390.4 686.412 300 93
0 390.4 686.599 300 93
0 390.4 686.847 300 93
0 390.4 686.978 300 93
0 390.4 687.225 300 93
0 390.4 687.451 300 93
0 390.4 687.831 300 93
0 390.4 688.174 300 93
0 390.4 688.399 300 93
0 390.4 688.622 300 93
0 390.4 688.826 300 93
0 390.4 689.195 300 93
0 390.4 689.444 300 93
0 390.4 689.656 300 93
0 390.4 689.915 300 93
0 390.4 690.224 300 93
0 390.4 690.473 300 93
0 390.4 690.698 300 93
0 390.4 690.855 300 93
0 390.4 691.188 300 93
0 390.4 691.476 300 93
0 390.4 691.714 300 93
0 390.4 691.988 300 93
0 390.4 692.204 300 93
0 390.4 692.48 300 93
0 390.4 692.777 300 93
0 390.4 693.201 300 93
0 390.4 693.457 300 93
0 390.4 693.676 300 93
0 390.4 693.854 300 93
0 390.4 694.079 300 93
0 390.4 694.23 300 93
0 390.4 694.386 300 93
0 390.4 694.558 300 93
0 390.4 694.869 300 93
0 390.4 695.141 300 93
0 390.4 695.334 300 93
0 390.4 695.651 300 93
0 390.4 695.905 300 93
0 390.4 696.111 300 93
0 390.4 696.421 300 93
0 390.4 696.587 300 93
0 390.4 696.868 300 93
0 390.4 697.096 300 93
0 390.4 697.259 300 93
0 390.4 697.608 300 93
0 390.4 697.909 300 93
0 390.4 698.086 300 93
0 390.4 698.496 300 93
0 390.4 698.65 300 93
0 390.4 698.798 300 93
0 390.4 698.892 300 93
0 390.4 699.039 300 93
0 390.4 699.181 300 93
0 390.4 699.311 300 93
0 390.4 699.404 300 93
0 390.4 699.51 300 93
0 390.4 699.743 300 93
0 390.4 699.997 300 93
0 390.4 700.231 300 93
0 390.4 700.447 300 93
0 390.4 700.604 300 93
0 390.4 700.936 300 93
0 390.4 701.131 300 93
0 390.4 701.484 300 93
0 390.4 701.813 300 93
0 390.4 702.041 300 93
0 390.4 702.252 300 93
0 390.4 702.439 300 93
0 390.4 702.725 300 93
0 390.4 702.958 300 93
0 390.4 703.342 300 93
0 390.4 703.493 300 93
0 390.4 703.675 300 93
0 390.4 703.808 300 93
0 390.4 703.977 300 93
0 390.4 704.112 300 93
0 390.4 704.291 300 93
0 390.4 704.397 300 93
0 390.4 704.637 300 93
0 390.4 704.856 300 93
0 390.4 705.104 300 93
0 390.4 705.39 300 93
0 390.4 705.529 300 93
0 390.4 705.732 300 93
0 390.4 706.023 300 93
0 390.4 706.272 300 93
0 390.4 706.573 300 93
0 390.4 706.811 300 93
0 390.4 707.162 300 93
0 390.4 707.528 300 93
0 390.4 707.75 300 93
0 390.4 708.03 300 93
0 390.4 708.206 300 93
0 390.4 708.427 300 93
0 390.4 708.651 300 93
0 390.4 708.907 300 93
0 390.4 709.116 300 93
0 390.4 709.435 300 93
0 390.4 709.634 300 93
0 390.4 709.984 300 93
0 390.4 710.211 300 93
0 390.4 710.42 300 93
0 390.4 710.697 300 93
0 390.4 710.965 300 93
0 390.4 711.116 300 93
0 390.4 711.363 300 93
0 390.4 711.558 300 93
0 390.4 711.758 300 93
0 390.4 712.029 300 93
0 390.4 712.249 300 93
0 390.4 712.555 300 93
0 390.4 712.787 300 93
0 390.4 713.086 300 93
0 390.4 713.284 300 93
0 390.4 713.706 300 93
0 390.4 713.862 300 93
0 390.4 714.145 300 93
0 390.4 714.428 300 93
0 390.4 714.568 300 93
0 390.4 714.875 300 93
0 390.4 715.191 300 93
0 390.4 715.372 300 93
0 390.4 715.631 300 93
0 390.4 715.882 300 93
0 390.4 716.145 300 93
0 390.4 716.426 300 93
0 390.4 716.639 300 93
0 390.4 716.881 300 93
0 390.4 717.118 300 93
0 390.4 717.601 300 93
0 390.4 717.799 300 93
0 390.4 718.01 300 93
0 390.4 718.239 300 93
0 390.4 718.45 300 93
0 390.4 718.767 300 93
0 390.4 718.972 300 93
0 390.4 719.185 300 93
0 390.4 719.342 300 93
0 390.4 719.588 300 93
0 390.4 719.777 300 93
0 390.4 719.945 300 93
0 390.4 720.284 300 93
0 390.4 720.732 300 93
0 390.4 720.999 300 93
0 390.4 721.281 300 93
0 390.4 721.633 300 93
0 390.4 721.943 300 93
0 390.4 722.22 300 93
0 390.4 722.651 300 93
0 390.4 722.908 300 93
0 390.4 723.154 300 93
0 390.4 723.375 300 93
0 390.4 723.597 300 93
0 390.4 723.753 300 93
0 390.4 724.05 300 93
0 390.4 724.364 300 93
0 390.4 724.618 300 93
0 390.4 724.871 300 93
0 390.4 725.052 300 93
0 390.4 725.427 300 93
0 390.4 725.631 300 93
0 390.4 725.949 300 93
0 390.4 726.255 300 93
0 390.4 726.5 300 93
0 390.4 726.662 300 93
0 390.4 727.007 300 93
0 390.4 727.168 300 93
0 390.4 727.539 300 93
0 390.4 727.669 300 93
0 390.4 727.797 300 93
0 390.4 727.93 300 93
0 390.4 728.083 300 93
0 390.4 728.211 300 93
0 390.4 728.323 300 93
0 390.4 728.458 300 93
0 390.4 728.577 300 93
0 390.4 728.815 300 93
0 390.4 729.051 300 93
0 390.4 729.4 300 93
0 390.4 729.623 300 93
0 390.4 729.791 300 93
0 390.4 729.962 300 93
0 390.4 730.195 300 93
0 390.4 730.573 300 93
0 390.4 730.898 300 93
0 390.4 731.192 300 93
0 390.4 731.367 300 93
0 390.4 731.572 300 93
0 390.4 731.908 300 93
0 390.4 732.182 300 93
0 390.4 732.474 300 93
0 390.4 732.821 300 93
0 390.4 732.978 300 93
0 390.4 733.193 300 93
0 390.4 733.377 300 93
0 390.4 733.586 300 93
0 390.4 733.788 300 93
0 390.4 733.883 300 93
0 390.4 733.986 300 93
0 390.4 734.125 300 93
0 390.4 734.229 300 93
0 390.4 734.327 300 93
0 390.4 734.501 300 93
0 390.4 734.6 300 93
0 390.4 734.804 300 93
0 390.4 735.058 300 93
0 390.4 735.191 300 93
0 390.4 735.386 300 93
0 390.4 735.571 300 93
0 390.4 735.747 300 93
0 390.4 736.067 300 93
0 390.4 736.307 300 93
0 390.4 736.72 300 93
0 390.4 736.939 300 93
0 390.4 737.342 300 93
0 390.4 737.732 300 93
0 390.4 738.238 300 93
0 390.4 738.586 300 93
0 390.4 738.95 300 93
0 390.4 739.338 300 93
0 390.4 739.726 300 93
0 390.4 740.069 300 93
0 390.4 740.254 300 93
0 390.4 740.485 300 93
0 390.4 740.844 300 93
0 390.4 741.197 300 93
0 390.4 741.41 300 93
0 390.4 741.649 300 93
0 390.4 742.19 300 93
0 390.4 742.642 300 93
0 390.4 742.984 300 93
0 390.4 743.238 300 93
0 390.4 743.889 300 93
0 390.4 744.24 300 93
0 390.4 744.463 300 93
0 390.4 744.846 300 93
0 390.4 745.141 300 93
0 390.4 745.669 300 93
0 390.4 745.891 300 93
0 390.4 746.222 300 93
0 390.4 746.619 300 93
0 390.4 746.871 300 93
0 390.4 747.244 300 93
0 390.4 747.517 300 93
0 390.4 747.911 300 93
0 390.4 748.155 300 93
0 390.4 748.506 300 93
0 390.4 748.684 300 93
0 390.4 748.934 300 93
0 390.4 749.185 300 93
0 390.4 749.407 300 93
0 390.4 749.674 300 93
0 390.4 749.918 300 93
0 390.4 750.163 300 93
0 390.4 750.377 300 93
0 390.4 750.63 300 93
0 390.4 750.8 300 93
0 390.4 751.03 300 93
0 390.4 751.412 300 93
0 390.4 751.799 300 93
0 390.4 752.068 300 93
0 390.4 752.253 300 93
0 390.4 752.537 300 93
0 390.4 752.707 300 93
0 390.4 753.013 300 93
0 390.4 753.237 300 93
0 390.4 753.396 300 93
0 390.4 753.609 300 93
0 390.4 753.839 300 93
0 390.4 754.078 300 93
0 390.4 754.308 300 93
0 390.4 754.603 300 93
0 390.4 754.954 300 93
0 390.4 755.215 300 93
0 390.4 755.55 300 93
0 390.4 755.915 300 93
0 390.4 756.207 300 93
0 390.4 756.4 300 93
0 390.4 756.679 300 93
0 390.4 756.953 300 93
0 390.4 757.264 300 93
0 390.4 757.653 300 93
0 390.4 757.941 300 93
0 390.4 758.312 300 93
0 390.4 758.569 300 93
0 390.4 758.921 300 93
0 390.4 759.182 300 93
0 390.4 759.356 300 93
0 390.4 759.657 300 93
0 390.4 759.92 300 93
0 390.4 760.131 300 93
0 390.4 760.359 300 93
0 390.4 760.612 300 93
0 390.4 760.798 300 93
0 390.4 761.017 300 93
0 390.4 761.239 300 93
0 390.4 761.511 300 93
0 390.4 761.812 300 93
0 390.4 762.125 300 93
0 390.4 762.462 300 93
0 390.4 762.647 300 93
0 390.4 762.91 300 93
0 390.4 763.432 300 93
0 390.4 763.621 300 93
0 390.4 763.811 300 93
0 390.4 764.022 300 93
0 390.4 764.265 300 93
0 390.4 764.407 300 93
0 390.4 764.657 300 93
0 390.4 764.909 300 93
0 390.4 765.335 300 93
0 390.4 765.705 300 93
0 390.4 765.986 300 93
0 390.4 766.134 300 93
0 390.4 766.477 300 93
0 390.4 766.71 300 93
0 390.4 766.89 300 93
0 390.4 767.145 300 93
0 390.4 767.316 300 93
0 390.4 767.535 300 93
0 390.4 767.776 300 93
0 390.4 768.093 300 93
0 390.4 768.323 300 93
0 390.4 768.667 300 93
0 390.4 768.962 300 93
0 390.4 769.225 300 93
0 390.4 769.546 300 93
0 390.4 769.747 300 93
0 390.4 770.015 300 93
0 390.4 770.369 300 93
0 390.4 770.568 300 93
0 390.4 770.794 300 93
0 390.4 771.037 300 93
0 390.4 771.321 300 93
0 390.4 771.463 300 93
0 390.4 771.656 300 93
0 390.4 771.812 300 93
0 390.4 771.978 300 93
0 390.4 772.235 300 93
0 390.4 772.491 300 93
0 390.4 772.736 300 93
0 390.4 773.092 300 93
0 390.4 773.276 300 93
0 390.4 773.592 300 93
0 390.4 773.849 300 93
0 390.4 774.092 300 93
0 390.4 774.284 300 93
0 390.4 774.493 300 93
0 390.4 774.688 300 93
0 390.4 774.869 300 93
0 390.4 775.249 300 93
0 390.4 775.396 300 93
0 390.4 775.651 300 93
0 390.4 775.81 300 93
0 390.4 776.032 300 93
0 390.4 776.339 300 93
0 390.4 776.82 300 93
0 390.4 777.001 300 93
0 390.4 777.353 300 93
0 390.4 777.555 300 93
0 390.4 777.767 300 93
0 390.4 777.982 300 93
0 390.4 778.248 300 93
0 390.4 778.5 300 93
0 390.4 778.666 300 93
0 390.4 778.861 300 93
0 390.4 779.02 300 93
0 390.4 779.12 300 93
0 390.4 779.281 300 93
0 390.4 779.529 300 93
0 390.4 779.751 300 93
0 390.4 779.907 300 93
0 390.4 780.12 300 93
0 390.4 780.325 300 93
0 390.4 780.776 300 93
0 390.4 780.906 300 93
0 390.4 781.187 300 93
0 390.4 781.436 300 93
0 390.4 781.626 300 93
0 390.4 781.924 300 93
0 390.4 782.22 300 93
0 390.4 782.478 300 93
0 390.4 782.648 300 93
0 390.4 782.859 300 93
0 390.4 783.146 300 93
0 390.4 783.352 300 93
0 390.4 783.548 300 93
0 390.4 783.711 300 93
0 390.4 783.914 300 93
0 390.4 784.097 300 93
0 390.4 784.339 300 93
0 390.4 784.701 300 93
0 390.4 784.924 300 93
0 390.4 785.07 300 93
0 390.4 785.301 300 93
0 390.4 785.491 300 93
0 390.4 785.723 300 93
0 390.4 785.964 300 93
0 390.4 786.166 300 93
0 390.4 786.45 300 93
0 390.4 786.715 300 93
0 390.4 786.857 300 93
0 390.4 787.195 300 93
0 390.4 787.484 300 93
0 390.4 787.777 300 93
0 390.4 788.014 300 93
0 390.4 788.189 300 93
0 390.4 788.484 300 93
0 390.4 788.717 300 93
0 390.4 788.904 300 93
0 390.4 789.021 300 93
0 390.4 789.189 300 93
0 390.4 789.411 300 93
0 390.4 789.569 300 93
0 390.4 789.649 300 93
0 390.4 789.825 300 93
0 390.4 789.965 300 93
0 390.4 790.11 300 93
0 390.4 790.25 300 93
0 390.4 790.405 300 93
0 390.4 790.573 300 93
0 390.4 790.745 300 93
0 390.4 790.906 300 93
0 390.4 791.056 300 93
0 390.4 791.216 300 93
0 390.4 791.354 300 93
0 390.4 791.485 300 93
0 390.4 791.64 300 93
0 390.4 791.735 300 93
0 390.4 791.868 300 93
0 390.4 791.958 300 93
0 390.4 792.109 300 93
0 390.4 792.225 300 93
0 390.4 792.334 300 93
0 390.4 792.483 300 93
0 390.4 792.675 300 93
0 390.4 792.792 300 93
0 390.4 792.961 300 93
0 390.4 793.096 300 93
0 390.4 793.232 300 93
0 390.4 793.338 300 93
0 390.4 793.488 300 93
0 390.4 793.608 300 93
0 390.4 793.814 300 93
0 390.4 794.028 300 93
0 390.4 794.13 300 93
0 390.4 794.214 300 93
0 390.4 794.333 300 93
0 390.4 794.476 300 93
0 390.4 794.623 300 93
0 390.4 794.705 300 93
0 390.4 794.844 300 93
0 390.4 795.06 300 93
0 390.4 795.171 300 93
0 390.4 795.312 300 93
0 390.4 795.422 300 93
0 390.4 795.54 300 93
0 390.4 795.65 300 93
0 390.4 795.761 300 93
0 390.4 795.867 300 93
0 390.4 796.027 300 93
0 390.4 796.108 300 93
0 390.4 796.248 300 93
0 390.4 796.36 300 93
0 390.4 796.472 300 93
0 390.4 796.644 300 93
0 390.4 796.774 300 93
0 390.4 796.885 300 93
0 390.4 797.019 300 93
0 390.4 797.146 300 93
0 390.4 797.225 300 93
0 390.4 797.324 300 93
0 390.4 797.415 300 93
0 390.4 797.579 300 93
0 390.4 797.709 300 93
0 390.4 797.843 300 93
0 390.4 798.016 300 93
0 390.4 798.15 300 93
0 390.4 798.311 300 93
0 390.4 798.444 300 93
0 390.4 798.557 300 93
0 390.4 798.643 300 93
0 390.4 798.905 300 93
0 390.4 799.039 300 93
0 390.4 799.212 300 93
0 390.4 799.377 300 93
0 390.4 799.54 300 93
0 390.4 799.701 300 93
0 390.4 799.885 300 93
