0.000399 71.200000 71.200000
1.000402 71.200000 71.200000
2.000403 71.200000 71.200000
3.000410 71.200000 71.200000
4.000426 71.200000 71.200000
5.000427 71.200000 71.200000
6.000427 71.200000 71.200000
7.000436 71.200000 71.200000
8.000441 71.200000 71.200000
9.000447 71.200000 71.200000
10.000447 71.200000 71.200000
11.000451 71.200000 71.200000
12.000461 71.200000 71.200000
13.000465 71.200000 71.200000
14.000473 71.200000 71.200000
15.000474 71.200000 71.200000
16.000477 71.200000 71.200000
17.000477 71.200000 71.200000
18.000477 71.200000 71.200000
19.000484 71.200000 71.200000
20.000487 71.200000 71.200000
21.000487 71.200000 71.200000
22.000487 71.200000 71.200000
23.000489 71.200000 71.200000
24.000489 71.200000 71.200000
25.000489 71.200000 71.200000
26.000544 71.200000 71.200000
27.000545 71.200000 71.200000
28.000548 71.200000 71.200000
29.000550 71.200000 71.200000
30.000584 71.200000 71.200000
31.000587 71.200000 71.200000
32.000587 71.200000 71.200000
33.000587 71.200000 71.200000
34.000587 71.200000 71.200000
35.000592 71.200000 71.200000
36.000595 71.200000 71.200000
37.000595 71.200000 71.200000
38.000603 71.200000 71.200000
39.000603 71.200000 71.200000
40.000608 71.200000 71.200000
41.000615 71.200000 71.200000
42.000615 71.200000 71.200000
43.000615 71.200000 71.200000
44.000617 71.200000 71.200000
45.000622 71.200000 71.200000
46.000622 71.200000 71.200000
47.000626 71.200000 71.200000
48.000627 71.200000 71.200000
49.000643 71.200000 71.200000
50.000645 71.200000 71.200000
51.000649 71.200000 71.200000
52.000649 71.200000 71.200000
53.000649 71.200000 71.200000
54.000653 71.200000 71.200000
55.000661 71.200000 71.200000
56.000693 71.200000 71.200000
57.000694 71.200000 71.200000
58.000697 71.200000 71.200000
59.000802 71.200000 71.200000
60.000803 71.200000 71.200000
61.000807 71.200000 71.200000
62.000807 71.200000 71.200000
63.000808 71.200000 71.200000
64.000810 71.200000 71.200000
65.000815 71.200000 71.200000
66.000824 71.200000 71.200000
67.000830 71.200000 71.200000
68.000831 71.200000 71.200000
69.000835 71.200000 71.200000
70.000837 71.200000 71.200000
71.000839 71.200000 71.200000
72.000851 71.200000 71.200000
73.000851 71.200000 71.200000
74.000851 71.200000 71.200000
75.000860 71.200000 71.200000
76.000862 71.200000 71.200000
77.000869 71.200000 71.200000
78.000869 71.200000 71.200000
79.000869 71.200000 71.200000
80.000882 71.200000 71.200000
81.000882 71.200000 71.200000
82.000882 71.200000 71.200000
83.000886 71.200000 71.200000
84.000887 71.200000 71.200000
85.000889 71.200000 71.200000
86.000902 71.200000 71.200000
87.000904 71.200000 71.200000
88.000931 71.200000 71.200000
89.000932 71.200000 71.200000
90.000945 71.200000 71.200000
91.000952 71.200000 71.200000
92.000953 71.200000 71.200000
93.000953 71.200000 71.200000
94.000960 71.200000 71.200000
95.000963 71.200000 71.200000
96.000998 71.200000 71.200000
97.000998 71.200000 71.200000
98.001004 71.200000 71.200000
99.001009 71.200000 71.200000
100.001012 71.200000 71.200000
101.001012 71.200000 71.200000
102.001020 71.200000 71.200000
103.001022 71.200000 71.200000
104.001027 71.200000 71.200000
105.001027 71.200000 71.200000
106.001029 71.200000 71.200000
107.001033 71.200000 71.200000
108.001034 71.200000 71.200000
109.001034 71.200000 71.200000
110.001034 71.200000 71.200000
111.001035 71.200000 71.200000
112.001046 71.200000 71.200000
113.001046 71.200000 71.200000
114.001046 71.200000 71.200000
115.001047 71.200000 71.200000
116.001057 71.200000 71.200000
117.001058 71.200000 71.200000
118.001058 71.200000 71.200000
119.001058 71.200000 71.200000
120.001070 71.200000 71.200000
121.001070 71.200000 71.200000
122.001070 71.200000 71.200000
123.001073 71.200000 71.200000
124.001079 71.200000 71.200000
125.001083 71.200000 71.200000
126.001083 71.200000 71.200000
127.001088 71.200000 71.200000
128.001089 71.200000 71.200000
129.001104 71.200000 71.200000
130.001105 71.200000 71.200000
131.001105 71.200000 71.200000
132.001111 71.200000 71.200000
133.001112 71.200000 71.200000
134.001113 71.200000 71.200000
135.001113 71.200000 71.200000
136.001121 71.200000 71.200000
137.001122 71.200000 71.200000
138.001125 71.200000 71.200000
139.001127 71.200000 71.200000
140.001129 71.200000 71.200000
141.001133 71.200000 71.200000
142.001134 71.200000 71.200000
143.001137 71.200000 71.200000
144.001137 71.200000 71.200000
145.001137 71.200000 71.200000
146.001144 71.200000 71.200000
147.001145 71.200000 71.200000
148.001146 71.200000 71.200000
149.001146 71.200000 71.200000
150.001148 71.200000 71.200000
151.001148 71.200000 71.200000
152.001150 71.200000 71.200000
153.001171 71.200000 71.200000
154.001172 71.200000 71.200000
155.001175 71.200000 71.200000
156.001179 71.200000 71.200000
157.001216 71.200000 71.200000
158.001266 71.200000 71.200000
159.001269 71.200000 71.200000
160.001275 71.200000 71.200000
161.001276 71.200000 71.200000
162.001276 71.200000 71.200000
163.001276 71.200000 71.200000
164.001277 71.200000 71.200000
165.001285 71.200000 71.200000
166.001287 71.200000 71.200000
167.001290 71.200000 71.200000
168.001295 71.200000 71.200000
169.001296 71.200000 71.200000
170.001296 71.200000 71.200000
171.001305 71.200000 71.200000
172.001306 71.200000 71.200000
173.001316 71.200000 71.200000
174.001316 71.200000 71.200000
175.001316 71.200000 71.200000
176.001316 71.200000 71.200000
177.001337 71.200000 71.200000
178.001338 71.200000 71.200000
179.001341 71.200000 71.200000
180.001347 71.200000 71.200000
181.001361 71.200000 71.200000
182.001361 71.200000 71.200000
183.001361 71.200000 71.200000
184.001363 71.200000 71.200000
185.001370 71.200000 71.200000
186.001370 71.200000 71.200000
187.001383 71.200000 71.200000
188.001383 71.200000 71.200000
189.001383 71.200000 71.200000
190.001386 71.200000 71.200000
191.001390 71.200000 71.200000
192.001391 71.200000 71.200000
193.001392 71.200000 71.200000
194.001408 71.200000 71.200000
195.001438 71.200000 71.200000
196.001438 71.200000 71.200000
197.001438 71.200000 71.200000
198.001438 71.200000 71.200000
199.001438 71.200000 71.200000
200.001447 71.200000 71.200000
201.001447 71.200000 71.200000
202.001447 71.200000 71.200000
203.001448 71.200000 71.200000
204.001452 71.200000 71.200000
205.001452 71.200000 71.200000
206.001457 71.200000 71.200000
207.001457 71.200000 71.200000
208.001457 71.200000 71.200000
209.001457 71.200000 71.200000
210.001457 71.200000 71.200000
211.001459 71.200000 71.200000
212.001459 71.200000 71.200000
213.001461 71.200000 71.200000
214.001462 71.200000 71.200000
215.001468 71.200000 71.200000
216.001470 71.200000 71.200000
217.001476 71.200000 71.200000
218.001476 71.200000 71.200000
219.001485 71.200000 71.200000
220.001489 71.200000 71.200000
221.001491 71.200000 71.200000
222.001492 71.200000 71.200000
223.001493 71.200000 71.200000
224.001495 71.200000 71.200000
225.001496 71.200000 71.200000
226.001509 71.200000 71.200000
227.001513 71.200000 71.200000
228.001515 71.200000 71.200000
229.001515 71.200000 71.200000
230.001515 71.200000 71.200000
231.001520 71.200000 71.200000
232.001521 71.200000 71.200000
233.001525 71.200000 71.200000
234.001538 71.200000 71.200000
235.001566 71.200000 71.200000
236.001570 71.200000 71.200000
237.001574 71.200000 71.200000
238.001574 71.200000 71.200000
239.001578 71.200000 71.200000
240.001629 71.200000 71.200000
241.001676 71.200000 71.200000
242.001676 71.200000 71.200000
243.001676 71.200000 71.200000
244.001687 71.200000 71.200000
245.001698 71.200000 71.200000
246.001699 71.200000 71.200000
247.001710 71.200000 71.200000
248.001714 71.200000 71.200000
249.001714 71.200000 71.200000
250.001714 71.200000 71.200000
251.001745 71.200000 71.200000
252.001745 71.200000 71.200000
253.001746 71.200000 71.200000
254.001746 71.200000 71.200000
255.001749 71.200000 71.200000
256.001749 71.200000 71.200000
257.001750 71.200000 71.200000
258.001753 71.200000 71.200000
259.001753 71.200000 71.200000
260.001757 71.200000 71.200000
261.001759 71.200000 71.200000
262.001761 71.200000 71.200000
263.001761 71.200000 71.200000
264.001763 71.200000 71.200000
265.001763 71.200000 71.200000
266.001763 71.200000 71.200000
267.001769 71.200000 71.200000
268.001769 71.200000 71.200000
269.001769 71.200000 71.200000
270.001788 71.200000 71.200000
271.001788 71.200000 71.200000
272.001789 71.200000 71.200000
273.001789 71.200000 71.200000
274.001793 71.200000 71.200000
275.001802 71.200000 71.200000
276.001802 71.200000 71.200000
277.001802 71.200000 71.200000
278.001804 71.200000 71.200000
279.001805 71.200000 71.200000
280.001811 71.200000 71.200000
281.001812 71.200000 71.200000
282.001851 71.200000 71.200000
283.001869 71.200000 71.200000
284.001869 71.200000 71.200000
285.001870 71.200000 71.200000
286.001873 71.200000 71.200000
287.001873 71.200000 71.200000
288.001873 71.200000 71.200000
289.001873 71.200000 71.200000
290.001915 71.200000 71.200000
291.001916 71.200000 71.200000
292.001928 71.200000 71.200000
293.001985 71.200000 71.200000
294.001988 71.200000 71.200000
295.001991 71.200000 71.200000
296.001994 71.200000 71.200000
297.001994 71.200000 71.200000
298.001995 71.200000 71.200000
299.001996 71.200000 71.200000
300.001996 71.200000 71.200000
301.002041 71.200000 71.200000
302.002046 71.200000 71.200000
303.002050 71.200000 71.200000
304.002050 71.200000 71.200000
305.002054 71.200000 71.200000
306.002056 71.200000 71.200000
307.002067 71.200000 71.200000
308.002077 71.200000 71.200000
309.002077 71.200000 71.200000
310.002078 71.200000 71.200000
311.002078 71.200000 71.200000
312.002078 71.200000 71.200000
313.002080 71.200000 71.200000
314.002095 71.200000 71.200000
315.002098 71.200000 71.200000
316.002101 71.200000 71.200000
317.002104 71.200000 71.200000
318.002104 71.200000 71.200000
319.002106 71.200000 71.200000
320.002117 71.200000 71.200000
321.002129 71.200000 71.200000
322.002140 71.200000 71.200000
323.002140 71.200000 71.200000
324.002141 71.200000 71.200000
325.002141 71.200000 71.200000
326.002144 71.200000 71.200000
327.002156 71.200000 71.200000
328.002157 71.200000 71.200000
329.002160 71.200000 71.200000
330.002169 71.200000 71.200000
331.002170 71.200000 71.200000
332.002172 71.200000 71.200000
333.002172 71.200000 71.200000
334.002172 71.200000 71.200000
335.002174 71.200000 71.200000
336.002198 71.200000 71.200000
337.002201 71.200000 71.200000
338.002203 71.200000 71.200000
339.002203 71.200000 71.200000
340.002204 71.200000 71.200000
341.002204 71.200000 71.200000
342.002212 71.200000 71.200000
343.002233 71.200000 71.200000
344.002233 71.200000 71.200000
345.002236 71.200000 71.200000
346.002240 71.200000 71.200000
347.002240 71.200000 71.200000
348.002245 71.200000 71.200000
349.002247 71.200000 71.200000
350.002248 71.200000 71.200000
351.002257 71.200000 71.200000
352.002257 71.200000 71.200000
353.002260 71.200000 71.200000
354.002260 71.200000 71.200000
355.002268 71.200000 71.200000
356.002279 71.200000 71.200000
357.002279 71.200000 71.200000
358.002279 71.200000 71.200000
359.002279 71.200000 71.200000
360.002281 71.200000 71.200000
361.002281 71.200000 71.200000
362.002281 71.200000 71.200000
363.002281 71.200000 71.200000
364.002283 71.200000 71.200000
365.002284 71.200000 71.200000
366.002291 71.200000 71.200000
367.002293 71.200000 71.200000
368.002293 71.200000 71.200000
369.002306 71.200000 71.200000
370.002306 71.200000 71.200000
371.002314 71.200000 71.200000
372.002315 71.200000 71.200000
373.002317 71.200000 71.200000
374.002318 71.200000 71.200000
375.002321 71.200000 71.200000
376.002335 71.200000 71.200000
377.002395 71.200000 71.200000
378.002406 71.200000 71.200000
379.002406 71.200000 71.200000
380.002406 71.200000 71.200000
381.002406 71.200000 71.200000
382.002408 71.200000 71.200000
383.002412 71.200000 71.200000
384.002412 71.200000 71.200000
385.002412 71.200000 71.200000
386.002412 71.200000 71.200000
387.002416 71.200000 71.200000
388.002416 71.200000 71.200000
389.002416 71.200000 71.200000
390.002419 71.200000 71.200000
391.002419 71.200000 71.200000
392.002431 71.200000 71.200000
393.002432 71.200000 71.200000
394.002435 71.200000 71.200000
395.002435 71.200000 71.200000
396.002439 71.200000 71.200000
397.002439 71.200000 71.200000
398.002440 71.200000 71.200000
399.002445 71.200000 71.200000
400.002446 71.200000 71.200000
401.002449 71.200000 71.200000
402.002451 71.200000 71.200000
403.002452 71.200000 71.200000
404.002452 71.200000 71.200000
405.002464 71.200000 71.200000
406.002476 71.200000 71.200000
407.002478 71.200000 71.200000
408.002479 71.200000 71.200000
409.002480 71.200000 71.200000
410.002481 71.200000 71.200000
411.002482 71.200000 71.200000
412.002482 71.200000 71.200000
413.002485 71.200000 71.200000
414.002490 71.200000 71.200000
415.002500 71.200000 71.200000
416.002500 71.200000 71.200000
417.002500 71.200000 71.200000
418.002501 71.200000 71.200000
419.002502 71.200000 71.200000
420.002511 71.200000 71.200000
421.002515 71.200000 71.200000
422.002515 71.200000 71.200000
423.002515 71.200000 71.200000
424.002518 71.200000 71.200000
425.002521 71.200000 71.200000
426.002524 71.200000 71.200000
427.002524 71.200000 71.200000
428.002524 71.200000 71.200000
429.002524 71.200000 71.200000
430.002526 71.200000 71.200000
431.002531 71.200000 71.200000
432.002532 71.200000 71.200000
433.002532 71.200000 71.200000
434.002537 71.200000 71.200000
435.002538 71.200000 71.200000
436.002554 71.200000 71.200000
437.002554 71.200000 71.200000
438.002555 71.200000 71.200000
439.002559 71.200000 71.200000
440.002559 71.200000 71.200000
441.002560 71.200000 71.200000
442.002560 71.200000 71.200000
443.002560 71.200000 71.200000
444.002560 71.200000 71.200000
445.002566 71.200000 71.200000
446.002567 71.200000 71.200000
447.002586 71.200000 71.200000
448.002586 71.200000 71.200000
449.002594 71.200000 71.200000
450.002597 71.200000 71.200000
451.002608 71.200000 71.200000
452.002611 71.200000 71.200000
453.002614 71.200000 71.200000
454.002618 71.200000 71.200000
455.002619 71.200000 71.200000
456.002621 71.200000 71.200000
457.002624 71.200000 71.200000
458.002635 71.200000 71.200000
459.002635 71.200000 71.200000
460.002647 71.200000 71.200000
461.002649 71.200000 71.200000
462.002655 71.200000 71.200000
463.002655 71.200000 71.200000
464.002657 71.200000 71.200000
465.002661 71.200000 71.200000
466.002661 71.200000 71.200000
467.002661 71.200000 71.200000
468.002739 71.200000 71.200000
469.002739 71.200000 71.200000
470.002751 71.200000 71.200000
471.002753 71.200000 71.200000
472.002753 71.200000 71.200000
473.002769 71.200000 71.200000
474.002773 71.200000 71.200000
475.002777 71.200000 71.200000
476.002777 71.200000 71.200000
477.002780 71.200000 71.200000
478.002781 71.200000 71.200000
479.002781 71.200000 71.200000
480.002785 71.200000 71.200000
481.002785 71.200000 71.200000
482.002785 71.200000 71.200000
483.002882 71.200000 71.200000
484.002882 71.200000 71.200000
485.002886 71.200000 71.200000
486.002896 71.200000 71.200000
487.002897 71.200000 71.200000
488.002901 71.200000 71.200000
489.002902 71.200000 71.200000
490.002912 71.200000 71.200000
491.002912 71.200000 71.200000
492.002923 71.200000 71.200000
493.002923 71.200000 71.200000
494.002927 71.200000 71.200000
495.002927 71.200000 71.200000
496.002927 71.200000 71.200000
497.002937 71.200000 71.200000
498.002939 71.200000 71.200000
499.002939 71.200000 71.200000
500.002939 71.200000 71.200000
501.002939 71.200000 71.200000
502.002954 71.200000 71.200000
503.002960 71.200000 71.200000
504.002962 71.200000 71.200000
505.002962 71.200000 71.200000
506.002962 71.200000 71.200000
507.002979 71.200000 71.200000
508.002980 71.200000 71.200000
509.002987 71.200000 71.200000
510.002988 71.200000 71.200000
511.002996 71.200000 71.200000
512.002997 71.200000 71.200000
513.003008 71.200000 71.200000
514.003008 71.200000 71.200000
515.003010 71.200000 71.200000
516.003018 71.200000 71.200000
517.003018 71.200000 71.200000
518.003018 71.200000 71.200000
519.003021 71.200000 71.200000
520.003023 71.200000 71.200000
521.003024 71.200000 71.200000
522.003027 71.200000 71.200000
523.003038 71.200000 71.200000
524.003040 71.200000 71.200000
525.003040 71.200000 71.200000
526.003040 71.200000 71.200000
527.003040 71.200000 71.200000
528.003040 71.200000 71.200000
529.003042 71.200000 71.200000
530.003045 71.200000 71.200000
531.003045 71.200000 71.200000
532.003045 71.200000 71.200000
533.003045 71.200000 71.200000
534.003070 71.200000 71.200000
535.003071 71.200000 71.200000
536.003071 71.200000 71.200000
537.003071 71.200000 71.200000
538.003079 71.200000 71.200000
539.003080 71.200000 71.200000
540.003080 71.200000 71.200000
541.003080 71.200000 71.200000
542.003093 71.200000 71.200000
543.003093 71.200000 71.200000
544.003093 71.200000 71.200000
545.003093 71.200000 71.200000
546.003093 71.200000 71.200000
547.003094 71.200000 71.200000
548.003095 71.200000 71.200000
549.003096 71.200000 71.200000
550.003098 71.200000 71.200000
551.003103 71.200000 71.200000
552.003103 71.200000 71.200000
553.003103 71.200000 71.200000
554.003104 71.200000 71.200000
555.003105 71.200000 71.200000
556.003110 71.200000 71.200000
557.003110 71.200000 71.200000
558.003111 71.200000 71.200000
559.003111 71.200000 71.200000
560.003117 71.200000 71.200000
561.003117 71.200000 71.200000
562.003117 71.200000 71.200000
563.003121 71.200000 71.200000
564.003123 71.200000 71.200000
565.003129 71.200000 71.200000
566.003130 71.200000 71.200000
567.003130 71.200000 71.200000
568.003142 71.200000 71.200000
569.003185 71.200000 71.200000
570.003187 71.200000 71.200000
571.003188 71.200000 71.200000
572.003200 71.200000 71.200000
573.003200 71.200000 71.200000
574.003200 71.200000 71.200000
575.003206 71.200000 71.200000
576.003206 71.200000 71.200000
577.003213 71.200000 71.200000
578.003216 71.200000 71.200000
579.003218 71.200000 71.200000
580.003222 71.200000 71.200000
581.003224 71.200000 71.200000
582.003224 71.200000 71.200000
583.003230 71.200000 71.200000
584.003230 71.200000 71.200000
585.003232 71.200000 71.200000
586.003235 71.200000 71.200000
587.003240 71.200000 71.200000
588.003241 71.200000 71.200000
589.003242 71.200000 71.200000
590.003242 71.200000 71.200000
591.003245 71.200000 71.200000
592.003250 71.200000 71.200000
593.003251 71.200000 71.200000
594.003251 71.200000 71.200000
595.003273 71.200000 71.200000
596.003273 71.200000 71.200000
597.003273 71.200000 71.200000
598.003274 71.200000 71.200000
599.003274 71.200000 71.200000
600.003283 71.200000 71.200000
601.003286 71.200000 71.200000
602.003286 71.200000 71.200000
603.003286 71.200000 71.200000
604.003287 71.200000 71.200000
605.003290 71.200000 71.200000
606.003290 71.200000 71.200000
607.003290 71.200000 71.200000
608.003297 71.200000 71.200000
609.003301 71.200000 71.200000
610.003301 71.200000 71.200000
611.003301 71.200000 71.200000
612.003304 71.200000 71.200000
613.003305 71.200000 71.200000
614.003309 71.200000 71.200000
615.003309 71.200000 71.200000
616.003317 71.200000 71.200000
617.003318 71.200000 71.200000
618.003318 71.200000 71.200000
619.003318 71.200000 71.200000
620.003322 71.200000 71.200000
621.003324 71.200000 71.200000
622.003332 71.200000 71.200000
623.003358 71.200000 71.200000
624.003358 71.200000 71.200000
625.003359 71.200000 71.200000
626.003359 71.200000 71.200000
627.003361 71.200000 71.200000
628.003361 71.200000 71.200000
629.003363 71.200000 71.200000
630.003363 71.200000 71.200000
631.003365 71.200000 71.200000
632.003368 71.200000 71.200000
633.003368 71.200000 71.200000
634.003388 71.200000 71.200000
635.003419 71.200000 71.200000
636.003423 71.200000 71.200000
637.003424 71.200000 71.200000
638.003424 71.200000 71.200000
639.003424 71.200000 71.200000
640.003424 71.200000 71.200000
641.003424 71.200000 71.200000
642.003427 71.200000 71.200000
643.003433 71.200000 71.200000
644.003433 71.200000 71.200000
645.003433 71.200000 71.200000
646.003433 71.200000 71.200000
647.003434 71.200000 71.200000
648.003435 71.200000 71.200000
649.003435 71.200000 71.200000
650.003437 71.200000 71.200000
651.003447 71.200000 71.200000
652.003447 71.200000 71.200000
653.003450 71.200000 71.200000
654.003451 71.200000 71.200000
655.003453 71.200000 71.200000
656.003458 71.200000 71.200000
657.003460 71.200000 71.200000
658.003460 71.200000 71.200000
659.003461 71.200000 71.200000
660.003470 71.200000 71.200000
661.003479 71.200000 71.200000
662.003486 71.200000 71.200000
663.003488 71.200000 71.200000
664.003488 71.200000 71.200000
665.003497 71.200000 71.200000
666.003497 71.200000 71.200000
667.003497 71.200000 71.200000
668.003497 71.200000 71.200000
669.003506 71.200000 71.200000
670.003506 71.200000 71.200000
671.003520 71.200000 71.200000
672.003537 71.200000 71.200000
673.003540 71.200000 71.200000
674.003541 71.200000 71.200000
675.003541 71.200000 71.200000
676.003584 71.200000 71.200000
677.003589 71.200000 71.200000
678.003589 71.200000 71.200000
679.003589 71.200000 71.200000
680.003589 71.200000 71.200000
681.003593 71.200000 71.200000
682.003624 71.200000 71.200000
683.003625 71.200000 71.200000
684.003625 71.200000 71.200000
685.003637 71.200000 71.200000
686.003637 71.200000 71.200000
687.003681 71.200000 71.200000
688.003693 71.200000 71.200000
689.003695 71.200000 71.200000
690.003695 71.200000 71.200000
691.003696 71.200000 71.200000
692.003699 71.200000 71.200000
693.003699 71.200000 71.200000
694.003699 71.200000 71.200000
695.003699 71.200000 71.200000
696.003701 71.200000 71.200000
697.003701 71.200000 71.200000
698.003739 71.200000 71.200000
699.003739 71.200000 71.200000
700.003741 71.200000 71.200000
701.003745 71.200000 71.200000
702.003745 71.200000 71.200000
703.003745 71.200000 71.200000
704.003746 71.200000 71.200000
705.003746 71.200000 71.200000
706.003747 71.200000 71.200000
707.003752 71.200000 71.200000
708.003752 71.200000 71.200000
709.003772 71.200000 71.200000
710.003780 71.200000 71.200000
711.003782 71.200000 71.200000
712.003784 71.200000 71.200000
713.003784 71.200000 71.200000
714.003785 71.200000 71.200000
715.003830 71.200000 71.200000
716.003830 71.200000 71.200000
717.003830 71.200000 71.200000
718.003830 71.200000 71.200000
719.003830 71.200000 71.200000
720.003832 71.200000 71.200000
721.003835 71.200000 71.200000
722.003836 71.200000 71.200000
723.003836 71.200000 71.200000
724.003836 71.200000 71.200000
725.003836 71.200000 71.200000
726.003837 71.200000 71.200000
727.003837 71.200000 71.200000
728.003837 71.200000 71.200000
729.003846 71.200000 71.200000
730.003851 71.200000 71.200000
731.003897 71.200000 71.200000
732.003897 71.200000 71.200000
733.003901 71.200000 71.200000
734.003903 71.200000 71.200000
735.003903 71.200000 71.200000
736.003903 71.200000 71.200000
737.003909 71.200000 71.200000
738.003915 71.200000 71.200000
739.003916 71.200000 71.200000
740.003928 71.200000 71.200000
741.003928 71.200000 71.200000
742.003928 71.200000 71.200000
743.003932 71.200000 71.200000
744.003932 71.200000 71.200000
745.003932 71.200000 71.200000
746.003932 71.200000 71.200000
747.003940 71.200000 71.200000
748.003978 71.200000 71.200000
749.003978 71.200000 71.200000
750.003978 71.200000 71.200000
751.003989 71.200000 71.200000
752.003991 71.200000 71.200000
753.003991 71.200000 71.200000
754.003998 71.200000 71.200000
755.004010 71.200000 71.200000
756.004017 71.200000 71.200000
757.004027 71.200000 71.200000
758.004028 71.200000 71.200000
759.004028 71.200000 71.200000
760.004029 71.200000 71.200000
761.004029 71.200000 71.200000
762.004033 71.200000 71.200000
763.004035 71.200000 71.200000
764.004035 71.200000 71.200000
765.004035 71.200000 71.200000
766.004087 71.200000 71.200000
767.004088 71.200000 71.200000
768.004099 71.200000 71.200000
769.004101 71.200000 71.200000
770.004106 71.200000 71.200000
771.004107 71.200000 71.200000
772.004108 71.200000 71.200000
773.004108 71.200000 71.200000
774.004110 71.200000 71.200000
775.004123 71.200000 71.200000
776.004126 71.200000 71.200000
777.004144 71.200000 71.200000
778.004191 71.200000 71.200000
779.004191 71.200000 71.200000
780.004201 71.200000 71.200000
781.004202 71.200000 71.200000
782.004204 71.200000 71.200000
783.004204 71.200000 71.200000
784.004212 71.200000 71.200000
785.004214 71.200000 71.200000
786.004218 71.200000 71.200000
787.004220 71.200000 71.200000
788.004224 71.200000 71.200000
789.004224 71.200000 71.200000
790.004224 71.200000 71.200000
791.004224 71.200000 71.200000
792.004225 71.200000 71.200000
793.004225 71.200000 71.200000
794.004226 71.200000 71.200000
795.004232 71.200000 71.200000
796.004232 71.200000 71.200000
797.004232 71.200000 71.200000
798.004246 71.200000 71.200000
799.004247 71.200000 71.200000
