0 596 0.384178 300 0
0 579.2 0.536371 0
0 571.6 0.72807 0
0 568 0.868632 1
0 512 1.07901 1
0 319.6 1.24084 1
0 308.4 1.45352 1
0 286 2.0428 5
0 269.2 2.20289 5
0 263.6 3.46403 17
0 258 3.73872 17
0 258 9.03288 300 83
0 258 16.4962 300 83
0 258 24.9741 300 83
0 258 30.1633 300 83
0 258 36.1782 300 83
0 258 45.2338 300 83
0 258 55.7855 300 85
0 258 63.8207 300 85
0 258 68.727 300 85
0 258 75.8537 300 86
0 258 83.5449 300 86
0 258 90.5845 300 86
0 258 98.4064 300 87
0 258 107.338 300 87
0 258 114.673 300 87
0 258 122.065 300 87
0 258 131.211 300 87
0 258 136.676 300 87
0 258 148.299 300 88
0 258 156.384 300 88
0 258 165.345 300 88
0 258 174.753 300 88
0 258 181.455 300 88
0 258 188.326 300 88
0 258 195.735 300 88
0 258 206.005 300 88
0 258 212.985 300 88
0 258 219.494 300 88
0 258 228.256 300 88
0 258 235.69 300 88
0 258 245.022 300 88
0 258 254.853 300 88
0 258 262.241 300 88
0 258 269.749 300 88
0 258 278.642 300 88
0 258 288.144 300 88
0 258 297.431 300 88
0 258 307.157 300 88
0 258 314.793 300 88
0 258 328.321 300 89
0 258 339.063 300 89
0 258 347.821 300 89
0 258 355.847 300 89
0 258 365.913 300 89
0 258 372.5 300 89
0 258 379.467 300 89
0 258 387.061 300 89
0 258 397.631 300 89
0 258 408.118 300 89
0 258 419.099 300 89
0 258 427.454 300 89
0 258 434.859 300 89
0 258 442.286 300 89
0 258 449.201 300 89
0 258 457.778 300 89
0 258 465.483 300 89
0 258 472.898 300 89
0 258 479.697 300 89
0 258 491.264 300 89
0 258 496.201 300 89
0 258 504.485 300 89
0 258 511.624 300 89
0 258 520.78 300 89
0 258 529.639 300 89
0 258 543.054 300 89
0 258 548.867 300 89
0 258 557.042 300 89
0 258 565.269 300 89
0 258 574.319 300 89
0 258 583.737 300 89
0 258 593.25 300 89
0 258 600.668 300 89
0 258 608.956 300 89
0 258 618.188 300 89
0 258 628.276 300 89
0 258 638.307 300 89
0 258 646.826 300 89
0 258 653.327 300 89
0 258 663.47 300 89
0 256 667.491 89
0 252.4 669.089 89
0 252.4 673.819 300 89
0 252.4 684.627 300 89
0 252.4 693.593 300 89
0 252.4 702.098 300 89
0 252.4 710.668 300 89
0 252.4 720.537 300 89
0 252.4 729.04 300 89
0 252.4 736.464 300 89
0 252.4 747.711 300 89
0 252.4 757.559 300 89
0 252.4 771.847 300 89
0 252.4 781.239 300 89
0 252.4 789.409 300 89
0 252.4 794.556 300 89
0 252.4 798.418 300 89
