0.000526 71.200000 71.200000
1.000534 71.200000 71.200000
2.000537 71.200000 71.200000
3.000550 71.200000 71.200000
4.000551 71.200000 71.200000
5.000551 71.200000 71.200000
6.000561 71.200000 71.200000
7.000568 71.200000 71.200000
8.000604 71.200000 71.200000
9.000608 71.200000 71.200000
10.000608 71.200000 71.200000
11.000620 71.200000 71.200000
12.000621 71.200000 71.200000
13.000622 71.200000 71.200000
14.000623 71.200000 71.200000
15.000624 71.200000 71.200000
16.000626 71.200000 71.200000
17.000626 71.200000 71.200000
18.000627 71.200000 71.200000
19.000627 71.200000 71.200000
20.000663 71.200000 71.200000
21.000663 71.200000 71.200000
22.000672 71.200000 71.200000
23.000672 71.200000 71.200000
24.000675 71.200000 71.200000
25.000677 71.200000 71.200000
26.000677 71.200000 71.200000
27.000681 71.200000 71.200000
28.000735 71.200000 71.200000
29.000735 71.200000 71.200000
30.000735 71.200000 71.200000
31.000738 71.200000 71.200000
32.000739 71.200000 71.200000
33.000740 71.200000 71.200000
34.000740 71.200000 71.200000
35.000741 71.200000 71.200000
36.000741 71.200000 71.200000
37.000741 71.200000 71.200000
38.000744 71.200000 71.200000
39.000748 71.200000 71.200000
40.000748 71.200000 71.200000
41.000748 71.200000 71.200000
42.000748 71.200000 71.200000
43.000749 71.200000 71.200000
44.000751 71.200000 71.200000
45.000878 71.200000 71.200000
46.000878 71.200000 71.200000
47.000882 71.200000 71.200000
48.000886 71.200000 71.200000
49.000886 71.200000 71.200000
50.000886 71.200000 71.200000
51.000886 71.200000 71.200000
52.000886 71.200000 71.200000
53.000896 71.200000 71.200000
54.000896 71.200000 71.200000
55.000896 71.200000 71.200000
56.000903 71.200000 71.200000
57.000907 71.200000 71.200000
58.000907 71.200000 71.200000
59.000950 71.200000 71.200000
60.000953 71.200000 71.200000
61.000953 71.200000 71.200000
62.000953 71.200000 71.200000
63.000964 71.200000 71.200000
64.000966 71.200000 71.200000
65.000967 71.200000 71.200000
66.000967 71.200000 71.200000
67.000968 71.200000 71.200000
68.000970 71.200000 71.200000
69.000970 71.200000 71.200000
70.000996 71.200000 71.200000
71.000999 71.200000 71.200000
72.000999 71.200000 71.200000
73.001006 71.200000 71.200000
74.001006 71.200000 71.200000
75.001007 71.200000 71.200000
76.001013 71.200000 71.200000
77.001014 71.200000 71.200000
78.001021 71.200000 71.200000
79.001021 71.200000 71.200000
80.001028 71.200000 71.200000
81.001093 71.200000 71.200000
82.001096 71.200000 71.200000
83.001099 71.200000 71.200000
84.001102 71.200000 71.200000
85.001104 71.200000 71.200000
86.001104 71.200000 71.200000
87.001164 71.200000 71.200000
88.001165 71.200000 71.200000
89.001168 71.200000 71.200000
90.001168 71.200000 71.200000
91.001169 71.200000 71.200000
92.001203 71.200000 71.200000
93.001214 71.200000 71.200000
94.001216 71.200000 71.200000
95.001229 71.200000 71.200000
96.001231 71.200000 71.200000
97.001231 71.200000 71.200000
98.001233 71.200000 71.200000
99.001243 71.200000 71.200000
100.001243 71.200000 71.200000
101.001252 71.200000 71.200000
102.001255 71.200000 71.200000
103.001260 71.200000 71.200000
104.001260 71.200000 71.200000
105.001262 71.200000 71.200000
106.001269 71.200000 71.200000
107.001280 71.200000 71.200000
108.001284 71.200000 71.200000
109.001293 71.200000 71.200000
110.001294 71.200000 71.200000
111.001333 71.200000 71.200000
112.001333 71.200000 71.200000
113.001356 71.200000 71.200000
114.001356 71.200000 71.200000
115.001356 71.200000 71.200000
116.001357 71.200000 71.200000
117.001359 71.200000 71.200000
118.001359 71.200000 71.200000
119.001369 71.200000 71.200000
120.001372 71.200000 71.200000
121.001380 71.200000 71.200000
122.001382 71.200000 71.200000
123.001385 71.200000 71.200000
124.001396 71.200000 71.200000
125.001406 71.200000 71.200000
126.001406 71.200000 71.200000
127.001414 71.200000 71.200000
128.001417 71.200000 71.200000
129.001474 71.200000 71.200000
130.001474 71.200000 71.200000
131.001475 71.200000 71.200000
132.001481 71.200000 71.200000
133.001484 71.200000 71.200000
134.001484 71.200000 71.200000
135.001485 71.200000 71.200000
136.001485 71.200000 71.200000
137.001487 71.200000 71.200000
138.001489 71.200000 71.200000
139.001489 71.200000 71.200000
140.001489 71.200000 71.200000
141.001490 71.200000 71.200000
142.001490 71.200000 71.200000
143.001490 71.200000 71.200000
144.001496 71.200000 71.200000
145.001500 71.200000 71.200000
146.001500 71.200000 71.200000
147.001503 71.200000 71.200000
148.001503 71.200000 71.200000
149.001503 71.200000 71.200000
150.001505 71.200000 71.200000
151.001563 71.200000 71.200000
152.001571 71.200000 71.200000
153.001571 71.200000 71.200000
154.001574 71.200000 71.200000
155.001574 71.200000 71.200000
156.001574 71.200000 71.200000
157.001574 71.200000 71.200000
158.001574 71.200000 71.200000
159.001580 71.200000 71.200000
160.001582 71.200000 71.200000
161.001583 71.200000 71.200000
162.001590 71.200000 71.200000
163.001590 71.200000 71.200000
164.001590 71.200000 71.200000
165.001593 71.200000 71.200000
166.001595 71.200000 71.200000
167.001611 71.200000 71.200000
168.001611 71.200000 71.200000
169.001612 71.200000 71.200000
170.001616 71.200000 71.200000
171.001616 71.200000 71.200000
172.001616 71.200000 71.200000
173.001616 71.200000 71.200000
174.001624 71.200000 71.200000
175.001635 71.200000 71.200000
176.001635 71.200000 71.200000
177.001645 71.200000 71.200000
178.001645 71.200000 71.200000
179.001648 71.200000 71.200000
180.001648 71.200000 71.200000
181.001715 71.200000 71.200000
182.001718 71.200000 71.200000
183.001721 71.200000 71.200000
184.001779 71.200000 71.200000
185.001782 71.200000 71.200000
186.001786 71.200000 71.200000
187.001787 71.200000 71.200000
188.001787 71.200000 71.200000
189.001791 71.200000 71.200000
190.001791 71.200000 71.200000
191.001793 71.200000 71.200000
192.001794 71.200000 71.200000
193.001799 71.200000 71.200000
194.001799 71.200000 71.200000
195.001799 71.200000 71.200000
196.001799 71.200000 71.200000
197.001824 71.200000 71.200000
198.001824 71.200000 71.200000
199.001824 71.200000 71.200000
200.001852 71.200000 71.200000
201.001852 71.200000 71.200000
202.001852 71.200000 71.200000
203.001854 71.200000 71.200000
204.001854 71.200000 71.200000
205.001864 71.200000 71.200000
206.001874 71.200000 71.200000
207.001874 71.200000 71.200000
208.001876 71.200000 71.200000
209.001879 71.200000 71.200000
210.001879 71.200000 71.200000
211.001908 71.200000 71.200000
212.001908 71.200000 71.200000
213.001938 71.200000 71.200000
214.001950 71.200000 71.200000
215.001962 71.200000 71.200000
216.001962 71.200000 71.200000
217.001965 71.200000 71.200000
218.001968 71.200000 71.200000
219.001968 71.200000 71.200000
220.001968 71.200000 71.200000
221.001968 71.200000 71.200000
222.001969 71.200000 71.200000
223.001972 71.200000 71.200000
224.001973 71.200000 71.200000
225.002011 71.200000 71.200000
226.002011 71.200000 71.200000
227.002014 71.200000 71.200000
228.002014 71.200000 71.200000
229.002015 71.200000 71.200000
230.002015 71.200000 71.200000
231.002016 71.200000 71.200000
232.002016 71.200000 71.200000
233.002019 71.200000 71.200000
234.002023 71.200000 71.200000
235.002029 71.200000 71.200000
236.002036 71.200000 71.200000
237.002036 71.200000 71.200000
238.002039 71.200000 71.200000
239.002039 71.200000 71.200000
240.002052 71.200000 71.200000
241.002056 71.200000 71.200000
242.002056 71.200000 71.200000
243.002057 71.200000 71.200000
244.002057 71.200000 71.200000
245.002057 71.200000 71.200000
246.002068 71.200000 71.200000
247.002068 71.200000 71.200000
248.002071 71.200000 71.200000
249.002073 71.200000 71.200000
250.002073 71.200000 71.200000
251.002073 71.200000 71.200000
252.002074 71.200000 71.200000
253.002074 71.200000 71.200000
254.002095 71.200000 71.200000
255.002095 71.200000 71.200000
256.002095 71.200000 71.200000
257.002095 71.200000 71.200000
258.002102 71.200000 71.200000
259.002105 71.200000 71.200000
260.002109 71.200000 71.200000
261.002109 71.200000 71.200000
262.002111 71.200000 71.200000
263.002113 71.200000 71.200000
264.002113 71.200000 71.200000
265.002113 71.200000 71.200000
266.002113 71.200000 71.200000
267.002120 71.200000 71.200000
268.002122 71.200000 71.200000
269.002132 71.200000 71.200000
270.002139 71.200000 71.200000
271.002139 71.200000 71.200000
272.002139 71.200000 71.200000
273.002149 71.200000 71.200000
274.002170 71.200000 71.200000
275.002170 71.200000 71.200000
276.002170 71.200000 71.200000
277.002173 71.200000 71.200000
278.002176 71.200000 71.200000
279.002177 71.200000 71.200000
280.002186 71.200000 71.200000
281.002213 71.200000 71.200000
282.002215 71.200000 71.200000
283.002215 71.200000 71.200000
284.002216 71.200000 71.200000
285.002216 71.200000 71.200000
286.002216 71.200000 71.200000
287.002219 71.200000 71.200000
288.002219 71.200000 71.200000
289.002221 71.200000 71.200000
290.002223 71.200000 71.200000
291.002226 71.200000 71.200000
292.002227 71.200000 71.200000
293.002227 71.200000 71.200000
294.002228 71.200000 71.200000
295.002251 71.200000 71.200000
296.002252 71.200000 71.200000
297.002254 71.200000 71.200000
298.002255 71.200000 71.200000
299.002256 71.200000 71.200000
300.002268 71.200000 71.200000
301.002268 71.200000 71.200000
302.002279 71.200000 71.200000
303.002279 71.200000 71.200000
304.002280 71.200000 71.200000
305.002281 71.200000 71.200000
306.002305 71.200000 71.200000
307.002306 71.200000 71.200000
308.002306 71.200000 71.200000
309.002307 71.200000 71.200000
310.002307 71.200000 71.200000
311.002311 71.200000 71.200000
312.002328 71.200000 71.200000
313.002331 71.200000 71.200000
314.002332 71.200000 71.200000
315.002338 71.200000 71.200000
316.002338 71.200000 71.200000
317.002338 71.200000 71.200000
318.002338 71.200000 71.200000
319.002338 71.200000 71.200000
320.002338 71.200000 71.200000
321.002340 71.200000 71.200000
322.002343 71.200000 71.200000
323.002345 71.200000 71.200000
324.002345 71.200000 71.200000
325.002349 71.200000 71.200000
326.002349 71.200000 71.200000
327.002349 71.200000 71.200000
328.002349 71.200000 71.200000
329.002351 71.200000 71.200000
330.002355 71.200000 71.200000
331.002355 71.200000 71.200000
332.002378 71.200000 71.200000
333.002419 71.200000 71.200000
334.002448 71.200000 71.200000
335.002455 71.200000 71.200000
336.002455 71.200000 71.200000
337.002457 71.200000 71.200000
338.002459 71.200000 71.200000
339.002459 71.200000 71.200000
340.002459 71.200000 71.200000
341.002461 71.200000 71.200000
342.002462 71.200000 71.200000
343.002464 71.200000 71.200000
344.002470 71.200000 71.200000
345.002470 71.200000 71.200000
346.002472 71.200000 71.200000
347.002475 71.200000 71.200000
348.002475 71.200000 71.200000
349.002478 71.200000 71.200000
350.002478 71.200000 71.200000
351.002478 71.200000 71.200000
352.002481 71.200000 71.200000
353.002523 71.200000 71.200000
354.002573 71.200000 71.200000
355.002577 71.200000 71.200000
356.002577 71.200000 71.200000
357.002578 71.200000 71.200000
358.002580 71.200000 71.200000
359.002586 71.200000 71.200000
360.002587 71.200000 71.200000
361.002621 71.200000 71.200000
362.002624 71.200000 71.200000
363.002660 71.200000 71.200000
364.002661 71.200000 71.200000
365.002669 71.200000 71.200000
366.002671 71.200000 71.200000
367.002673 71.200000 71.200000
368.002674 71.200000 71.200000
369.002674 71.200000 71.200000
370.002691 71.200000 71.200000
371.002691 71.200000 71.200000
372.002692 71.200000 71.200000
373.002692 71.200000 71.200000
374.002692 71.200000 71.200000
375.002692 71.200000 71.200000
376.002694 71.200000 71.200000
377.002695 71.200000 71.200000
378.002751 71.200000 71.200000
379.002752 71.200000 71.200000
380.002752 71.200000 71.200000
381.002755 71.200000 71.200000
382.002755 71.200000 71.200000
383.002755 71.200000 71.200000
384.002755 71.200000 71.200000
385.002757 71.200000 71.200000
386.002757 71.200000 71.200000
387.002814 71.200000 71.200000
388.002821 71.200000 71.200000
389.002840 71.200000 71.200000
390.002843 71.200000 71.200000
391.002843 71.200000 71.200000
392.002843 71.200000 71.200000
393.002869 71.200000 71.200000
394.002871 71.200000 71.200000
395.002871 71.200000 71.200000
396.002882 71.200000 71.200000
397.002890 71.200000 71.200000
398.002892 71.200000 71.200000
399.002894 71.200000 71.200000
400.002895 71.200000 71.200000
401.002895 71.200000 71.200000
402.002895 71.200000 71.200000
403.002906 71.200000 71.200000
404.002906 71.200000 71.200000
405.002911 71.200000 71.200000
406.002920 71.200000 71.200000
407.002922 71.200000 71.200000
408.002925 71.200000 71.200000
409.002926 71.200000 71.200000
410.002934 71.200000 71.200000
411.002951 71.200000 71.200000
412.002951 71.200000 71.200000
413.002955 71.200000 71.200000
414.002956 71.200000 71.200000
415.002959 71.200000 71.200000
416.002959 71.200000 71.200000
417.002960 71.200000 71.200000
418.002963 71.200000 71.200000
419.002967 71.200000 71.200000
420.002969 71.200000 71.200000
421.002970 71.200000 71.200000
422.002973 71.200000 71.200000
423.002977 71.200000 71.200000
424.002980 71.200000 71.200000
425.003000 71.200000 71.200000
426.003004 71.200000 71.200000
427.003004 71.200000 71.200000
428.003010 71.200000 71.200000
429.003017 71.200000 71.200000
430.003019 71.200000 71.200000
431.003019 71.200000 71.200000
432.003027 71.200000 71.200000
433.003030 71.200000 71.200000
434.003030 71.200000 71.200000
435.003030 71.200000 71.200000
436.003044 71.200000 71.200000
437.003044 71.200000 71.200000
438.003044 71.200000 71.200000
439.003048 71.200000 71.200000
440.003059 71.200000 71.200000
441.003065 71.200000 71.200000
442.003067 71.200000 71.200000
443.003067 71.200000 71.200000
444.003067 71.200000 71.200000
445.003072 71.200000 71.200000
446.003078 71.200000 71.200000
447.003097 71.200000 71.200000
448.003100 71.200000 71.200000
449.003102 71.200000 71.200000
450.003102 71.200000 71.200000
451.003102 71.200000 71.200000
452.003102 71.200000 71.200000
453.003102 71.200000 71.200000
454.003102 71.200000 71.200000
455.003113 71.200000 71.200000
456.003117 71.200000 71.200000
457.003117 71.200000 71.200000
458.003118 71.200000 71.200000
459.003120 71.200000 71.200000
460.003128 71.200000 71.200000
461.003139 71.200000 71.200000
462.003144 71.200000 71.200000
463.003145 71.200000 71.200000
464.003147 71.200000 71.200000
465.003147 71.200000 71.200000
466.003158 71.200000 71.200000
467.003170 71.200000 71.200000
468.003174 71.200000 71.200000
469.003176 71.200000 71.200000
470.003183 71.200000 71.200000
471.003185 71.200000 71.200000
472.003185 71.200000 71.200000
473.003186 71.200000 71.200000
474.003188 71.200000 71.200000
475.003188 71.200000 71.200000
476.003189 71.200000 71.200000
477.003189 71.200000 71.200000
478.003235 71.200000 71.200000
479.003235 71.200000 71.200000
480.003235 71.200000 71.200000
481.003236 71.200000 71.200000
482.003236 71.200000 71.200000
483.003236 71.200000 71.200000
484.003237 71.200000 71.200000
485.003237 71.200000 71.200000
486.003237 71.200000 71.200000
487.003241 71.200000 71.200000
488.003244 71.200000 71.200000
489.003274 71.200000 71.200000
490.003277 71.200000 71.200000
491.003280 71.200000 71.200000
492.003280 71.200000 71.200000
493.003280 71.200000 71.200000
494.003282 71.200000 71.200000
495.003282 71.200000 71.200000
496.003282 71.200000 71.200000
497.003339 71.200000 71.200000
498.003344 71.200000 71.200000
499.003410 71.200000 71.200000
500.003410 71.200000 71.200000
501.003410 71.200000 71.200000
502.003417 71.200000 71.200000
503.003417 71.200000 71.200000
504.003417 71.200000 71.200000
505.003424 71.200000 71.200000
506.003435 71.200000 71.200000
507.003436 71.200000 71.200000
508.003436 71.200000 71.200000
509.003436 71.200000 71.200000
510.003452 71.200000 71.200000
511.003452 71.200000 71.200000
512.003453 71.200000 71.200000
513.003460 71.200000 71.200000
514.003464 71.200000 71.200000
515.003464 71.200000 71.200000
516.003474 71.200000 71.200000
517.003498 71.200000 71.200000
518.003502 71.200000 71.200000
519.003506 71.200000 71.200000
520.003506 71.200000 71.200000
521.003506 71.200000 71.200000
522.003506 71.200000 71.200000
523.003506 71.200000 71.200000
524.003508 71.200000 71.200000
525.003508 71.200000 71.200000
526.003508 71.200000 71.200000
527.003508 71.200000 71.200000
528.003508 71.200000 71.200000
529.003537 71.200000 71.200000
530.003537 71.200000 71.200000
531.003545 71.200000 71.200000
532.003550 71.200000 71.200000
533.003555 71.200000 71.200000
534.003561 71.200000 71.200000
535.003565 71.200000 71.200000
536.003565 71.200000 71.200000
537.003566 71.200000 71.200000
538.003578 71.200000 71.200000
539.003578 71.200000 71.200000
540.003581 71.200000 71.200000
541.003584 71.200000 71.200000
542.003588 71.200000 71.200000
543.003589 71.200000 71.200000
544.003589 71.200000 71.200000
545.003611 71.200000 71.200000
546.003621 71.200000 71.200000
547.003621 71.200000 71.200000
548.003622 71.200000 71.200000
549.003622 71.200000 71.200000
550.003623 71.200000 71.200000
551.003637 71.200000 71.200000
552.003648 71.200000 71.200000
553.003648 71.200000 71.200000
554.003652 71.200000 71.200000
555.003652 71.200000 71.200000
556.003652 71.200000 71.200000
557.003652 71.200000 71.200000
558.003653 71.200000 71.200000
559.003660 71.200000 71.200000
560.003660 71.200000 71.200000
561.003663 71.200000 71.200000
562.003663 71.200000 71.200000
563.003671 71.200000 71.200000
564.003671 71.200000 71.200000
565.003675 71.200000 71.200000
566.003678 71.200000 71.200000
567.003679 71.200000 71.200000
568.003684 71.200000 71.200000
569.003684 71.200000 71.200000
570.003695 71.200000 71.200000
571.003706 71.200000 71.200000
572.003706 71.200000 71.200000
573.003709 71.200000 71.200000
574.003709 71.200000 71.200000
575.003709 71.200000 71.200000
576.003719 71.200000 71.200000
577.003721 71.200000 71.200000
578.003724 71.200000 71.200000
579.003725 71.200000 71.200000
580.003725 71.200000 71.200000
581.003725 71.200000 71.200000
582.003726 71.200000 71.200000
583.003726 71.200000 71.200000
584.003726 71.200000 71.200000
585.003729 71.200000 71.200000
586.003729 71.200000 71.200000
587.003729 71.200000 71.200000
588.003733 71.200000 71.200000
589.003735 71.200000 71.200000
590.003737 71.200000 71.200000
591.003740 71.200000 71.200000
592.003740 71.200000 71.200000
593.003743 71.200000 71.200000
594.003746 71.200000 71.200000
595.003747 71.200000 71.200000
596.003797 71.200000 71.200000
597.003801 71.200000 71.200000
598.003818 71.200000 71.200000
599.003820 71.200000 71.200000
600.003865 71.200000 71.200000
601.003867 71.200000 71.200000
602.003880 71.200000 71.200000
603.003881 71.200000 71.200000
604.003881 71.200000 71.200000
605.003893 71.200000 71.200000
606.003893 71.200000 71.200000
607.003904 71.200000 71.200000
608.003904 71.200000 71.200000
609.003906 71.200000 71.200000
610.003917 71.200000 71.200000
611.003920 71.200000 71.200000
612.003926 71.200000 71.200000
613.003926 71.200000 71.200000
614.003933 71.200000 71.200000
615.003969 71.200000 71.200000
616.003972 71.200000 71.200000
617.003973 71.200000 71.200000
618.003985 71.200000 71.200000
619.003985 71.200000 71.200000
620.003988 71.200000 71.200000
621.003992 71.200000 71.200000
622.003994 71.200000 71.200000
623.004043 71.200000 71.200000
624.004043 71.200000 71.200000
625.004047 71.200000 71.200000
626.004047 71.200000 71.200000
627.004050 71.200000 71.200000
628.004051 71.200000 71.200000
629.004051 71.200000 71.200000
630.004051 71.200000 71.200000
631.004056 71.200000 71.200000
632.004056 71.200000 71.200000
633.004056 71.200000 71.200000
634.004058 71.200000 71.200000
635.004064 71.200000 71.200000
636.004066 71.200000 71.200000
637.004066 71.200000 71.200000
638.004066 71.200000 71.200000
639.004066 71.200000 71.200000
640.004074 71.200000 71.200000
641.004074 71.200000 71.200000
642.004077 71.200000 71.200000
643.004077 71.200000 71.200000
644.004085 71.200000 71.200000
645.004086 71.200000 71.200000
646.004088 71.200000 71.200000
647.004088 71.200000 71.200000
648.004106 71.200000 71.200000
649.004109 71.200000 71.200000
650.004122 71.200000 71.200000
651.004123 71.200000 71.200000
652.004127 71.200000 71.200000
653.004128 71.200000 71.200000
654.004130 71.200000 71.200000
655.004145 71.200000 71.200000
656.004145 71.200000 71.200000
657.004145 71.200000 71.200000
658.004146 71.200000 71.200000
659.004149 71.200000 71.200000
660.004149 71.200000 71.200000
661.004149 71.200000 71.200000
662.004159 71.200000 71.200000
663.004159 71.200000 71.200000
664.004160 71.200000 71.200000
665.004170 71.200000 71.200000
666.004171 71.200000 71.200000
667.004172 71.200000 71.200000
668.004181 71.200000 71.200000
669.004181 71.200000 71.200000
670.004216 71.200000 71.200000
671.004217 71.200000 71.200000
672.004217 71.200000 71.200000
673.004217 71.200000 71.200000
674.004218 71.200000 71.200000
675.004221 71.200000 71.200000
676.004230 71.200000 71.200000
677.004231 71.200000 71.200000
678.004239 71.200000 71.200000
679.004239 71.200000 71.200000
680.004248 71.200000 71.200000
681.004249 71.200000 71.200000
682.004251 71.200000 71.200000
683.004252 71.200000 71.200000
684.004254 71.200000 71.200000
685.004260 71.200000 71.200000
686.004260 71.200000 71.200000
687.004260 71.200000 71.200000
688.004260 71.200000 71.200000
689.004260 71.200000 71.200000
690.004260 71.200000 71.200000
691.004265 71.200000 71.200000
692.004274 71.200000 71.200000
693.004275 71.200000 71.200000
694.004276 71.200000 71.200000
695.004279 71.200000 71.200000
696.004306 71.200000 71.200000
697.004359 71.200000 71.200000
698.004363 71.200000 71.200000
699.004365 71.200000 71.200000
700.004365 71.200000 71.200000
701.004366 71.200000 71.200000
702.004369 71.200000 71.200000
703.004394 71.200000 71.200000
704.004394 71.200000 71.200000
705.004394 71.200000 71.200000
706.004396 71.200000 71.200000
707.004399 71.200000 71.200000
708.004399 71.200000 71.200000
709.004403 71.200000 71.200000
710.004418 71.200000 71.200000
711.004421 71.200000 71.200000
712.004421 71.200000 71.200000
713.004421 71.200000 71.200000
714.004422 71.200000 71.200000
715.004424 71.200000 71.200000
716.004424 71.200000 71.200000
717.004426 71.200000 71.200000
718.004426 71.200000 71.200000
719.004426 71.200000 71.200000
720.004429 71.200000 71.200000
721.004434 71.200000 71.200000
722.004435 71.200000 71.200000
723.004435 71.200000 71.200000
724.004436 71.200000 71.200000
725.004436 71.200000 71.200000
726.004438 71.200000 71.200000
727.004438 71.200000 71.200000
728.004441 71.200000 71.200000
729.004445 71.200000 71.200000
730.004445 71.200000 71.200000
731.004446 71.200000 71.200000
732.004446 71.200000 71.200000
733.004448 71.200000 71.200000
734.004453 71.200000 71.200000
735.004464 71.200000 71.200000
736.004467 71.200000 71.200000
737.004473 71.200000 71.200000
738.004486 71.200000 71.200000
739.004487 71.200000 71.200000
740.004490 71.200000 71.200000
741.004491 71.200000 71.200000
742.004495 71.200000 71.200000
743.004496 71.200000 71.200000
744.004496 71.200000 71.200000
745.004496 71.200000 71.200000
746.004496 71.200000 71.200000
747.004499 71.200000 71.200000
748.004502 71.200000 71.200000
749.004512 71.200000 71.200000
750.004513 71.200000 71.200000
751.004521 71.200000 71.200000
752.004534 71.200000 71.200000
753.004534 71.200000 71.200000
754.004539 71.200000 71.200000
755.004539 71.200000 71.200000
756.004541 71.200000 71.200000
757.004550 71.200000 71.200000
758.004551 71.200000 71.200000
759.004552 71.200000 71.200000
760.004553 71.200000 71.200000
761.004553 71.200000 71.200000
762.004607 71.200000 71.200000
763.004662 71.200000 71.200000
764.004672 71.200000 71.200000
765.004673 71.200000 71.200000
766.004673 71.200000 71.200000
767.004678 71.200000 71.200000
768.004688 71.200000 71.200000
769.004688 71.200000 71.200000
770.004697 71.200000 71.200000
771.004702 71.200000 71.200000
772.004704 71.200000 71.200000
773.004705 71.200000 71.200000
774.004705 71.200000 71.200000
775.004707 71.200000 71.200000
776.004710 71.200000 71.200000
777.004710 71.200000 71.200000
778.004710 71.200000 71.200000
779.004713 71.200000 71.200000
780.004713 71.200000 71.200000
781.004714 71.200000 71.200000
782.004717 71.200000 71.200000
783.004721 71.200000 71.200000
784.004723 71.200000 71.200000
785.004723 71.200000 71.200000
786.004723 71.200000 71.200000
787.004723 71.200000 71.200000
788.004726 71.200000 71.200000
789.004727 71.200000 71.200000
790.004731 71.200000 71.200000
791.004731 71.200000 71.200000
792.004755 71.200000 71.200000
793.004759 71.200000 71.200000
794.004760 71.200000 71.200000
795.004760 71.200000 71.200000
796.004763 71.200000 71.200000
797.004779 71.200000 71.200000
798.004782 71.200000 71.200000
799.004782 71.200000 71.200000
