0 762 0.015727 300 0
0 745.2 0.026749 3
0 599.6 0.032705 3
0 554.8 0.038063 3
0 521.2 0.049287 3
0 487.6 0.057818 3
0 465.2 0.12118 38
0 465.2 0.230017 300 70
0 465.2 0.37939 300 73
0 442.8 0.500132 73
0 440.8 0.505935 73
0 435.2 0.514115 73
0 424 0.523023 73
0 424 0.637389 300 83
0 424 0.784355 300 85
0 418.4 0.950985 85
0 412.8 0.963903 85
0 412.8 1.07544 300 85
0 412.8 1.27421 300 85
0 412.8 1.49173 300 85
0 407.2 1.62855 85
0 407.2 1.70018 300 85
0 407.2 1.87338 300 85
0 407.2 2.04224 300 85
0 407.2 2.17676 300 85
0 407.2 2.3015 300 85
0 407.2 2.53367 300 85
0 407.2 2.65105 300 85
0 407.2 2.89334 300 85
0 407.2 3.04314 300 85
0 407.2 3.28648 300 85
0 407.2 3.5081 300 85
0 407.2 3.6776 300 85
0 407.2 3.81254 300 88
0 407.2 3.91281 300 88
0 407.2 4.0084 300 88
0 407.2 4.11937 300 88
0 407.2 4.31428 300 88
0 407.2 4.47914 300 88
0 407.2 4.58251 300 88
0 407.2 4.7218 300 88
0 407.2 4.92816 300 88
0 407.2 5.1352 300 88
0 407.2 5.27817 300 88
0 407.2 5.65655 300 88
0 407.2 5.8299 300 88
0 407.2 6.00309 300 88
0 407.2 6.19381 300 88
0 407.2 6.33012 300 88
0 407.2 6.47903 300 88
0 407.2 6.68861 300 88
0 407.2 6.89526 300 88
0 407.2 7.11432 300 88
0 396 7.28761 88
0 396 7.3961 300 88
0 396 7.65197 300 88
0 396 7.80922 300 88
0 396 7.95885 300 88
0 396 8.16443 300 88
0 396 8.43155 300 88
0 396 8.6289 300 88
0 396 8.77882 300 88
0 396 9.07498 300 88
0 396 9.27885 300 88
0 396 9.5287 300 88
0 396 9.78439 300 88
0 396 10.1182 300 88
0 396 10.5021 300 88
0 396 10.7795 300 88
0 396 10.9386 300 88
0 396 11.2417 300 88
0 396 11.4416 300 88
0 396 11.6837 300 88
0 396 11.9321 300 88
0 396 12.0728 300 88
0 396 12.2234 300 88
0 396 12.3759 300 88
0 396 12.5991 300 89
0 396 12.745 300 89
0 396 12.8867 300 89
0 396 13.0336 300 89
0 396 13.3226 300 89
0 396 13.5546 300 89
0 396 14.0698 300 89
0 396 14.3303 300 89
0 396 14.5752 300 89
0 396 14.9221 300 89
0 396 15.1548 300 89
0 396 15.32 300 89
0 396 15.5245 300 89
0 396 15.6776 300 89
0 396 15.9743 300 89
0 396 16.1752 300 89
0 396 16.3824 300 89
0 396 16.6479 300 89
0 396 16.9541 300 89
0 396 17.2552 300 89
0 396 17.4145 300 89
0 396 17.5762 300 89
0 396 17.845 300 89
0 396 18.1524 300 89
0 396 18.5486 300 89
0 396 18.8392 300 89
0 396 19.0094 300 89
0 396 19.265 300 89
0 396 19.415 300 89
0 396 19.6277 300 89
0 396 19.9041 300 89
0 396 20.2094 300 89
0 396 20.4446 300 89
0 396 20.7377 300 89
0 396 20.9097 300 89
0 396 21.0989 300 89
0 396 21.2371 300 89
0 396 21.4728 300 89
0 396 21.8697 300 89
0 396 22.1116 300 89
0 396 22.4907 300 89
0 396 22.6832 300 89
0 396 22.9297 300 89
0 396 23.0688 300 89
0 396 23.2484 300 89
0 396 23.4162 300 89
0 396 23.6132 300 89
0 396 23.8693 300 89
0 396 24.0172 300 89
0 396 24.2116 300 89
0 396 24.4044 300 89
0 396 24.6523 300 89
0 396 24.9217 300 89
0 396 25.1123 300 89
0 396 25.2932 300 89
0 396 25.5486 300 89
0 396 25.7269 300 89
0 396 25.8998 300 89
0 396 26.1879 300 89
0 396 26.5207 300 89
0 396 26.7302 300 89
0 396 26.9101 300 89
0 396 27.1104 300 89
0 396 27.3 300 89
0 396 27.4872 300 89
0 396 27.6324 300 89
0 396 27.8148 300 89
0 396 28.01 300 89
0 396 28.2835 300 89
0 396 28.4774 300 89
0 396 28.6718 300 89
0 396 28.8072 300 89
0 396 29.1116 300 89
0 396 29.2414 300 89
0 396 29.4013 300 89
0 396 29.588 300 89
0 396 29.7184 300 89
0 396 29.9054 300 89
0 396 30.2063 300 89
0 396 30.3464 300 89
0 396 30.5427 300 89
0 396 30.742 300 89
0 396 30.9264 300 89
0 396 31.1658 300 89
0 396 31.3867 300 89
0 396 31.6077 300 89
0 396 31.8454 300 89
0 396 32.0819 300 89
0 396 32.3857 300 89
0 396 32.6456 300 89
0 396 32.8269 300 89
0 396 33.1081 300 89
0 396 33.3248 300 89
0 396 33.5335 300 89
0 396 33.7106 300 89
0 396 33.982 300 89
0 396 34.2571 300 89
0 396 34.5413 300 89
0 396 34.7007 300 89
0 396 34.9064 300 89
0 396 35.141 300 89
0 396 35.3411 300 89
0 396 35.4986 300 89
0 396 35.624 300 89
0 396 35.8618 300 89
0 396 35.9926 300 89
0 396 36.2048 300 89
0 396 36.4746 300 89
0 396 36.6138 300 89
0 396 36.923 300 89
0 396 37.0871 300 89
0 396 37.2327 300 89
0 396 37.407 300 89
0 396 37.6042 300 89
0 396 37.8574 300 89
0 396 38.0642 300 89
0 396 38.3894 300 89
0 396 38.6451 300 89
0 396 38.8301 300 89
0 396 39.0607 300 89
0 396 39.2615 300 89
0 396 39.4213 300 89
0 396 39.5556 300 89
0 396 39.7259 300 89
0 396 39.8435 300 89
0 396 40.0661 300 89
0 396 40.2366 300 89
0 396 40.5311 300 89
0 396 40.7109 300 89
0 396 40.8314 300 89
0 396 41.0853 300 89
0 396 41.2558 300 89
0 396 41.4309 300 89
0 396 41.6278 300 89
0 396 41.9428 300 89
0 396 42.164 300 89
0 396 42.3529 300 89
0 396 42.5693 300 89
0 396 42.7443 300 89
0 396 43.0153 300 89
0 396 43.1806 300 89
0 396 43.3569 300 89
0 396 43.5794 300 89
0 396 43.7652 300 89
0 396 43.9327 300 89
0 396 44.1835 300 89
0 396 44.3519 300 89
0 396 44.4651 300 89
0 396 44.6277 300 89
0 396 44.8427 300 89
0 396 45.0146 300 89
0 396 45.1355 300 89
0 396 45.3219 300 89
0 396 45.5038 300 89
0 396 45.6516 300 89
0 396 45.7881 300 89
0 396 45.9422 300 89
0 396 46.1269 300 89
0 396 46.3101 300 89
0 396 46.4707 300 89
0 396 46.6788 300 89
0 396 46.9221 300 89
0 396 47.162 300 89
0 396 47.2934 300 89
0 396 47.4695 300 89
0 396 47.6496 300 89
0 396 47.8359 300 89
0 396 48.0174 300 89
0 396 48.1944 300 89
0 396 48.4135 300 89
0 396 48.5955 300 89
0 396 48.7677 300 89
0 396 48.9539 300 89
0 396 49.1642 300 89
0 396 49.2943 300 89
0 396 49.4243 300 89
0 396 49.611 300 89
0 396 49.7421 300 89
0 396 49.995 300 89
0 396 50.161 300 89
0 396 50.3923 300 89
0 396 50.5226 300 89
0 396 50.7764 300 89
0 396 51.0572 300 89
0 396 51.2232 300 89
0 396 51.3551 300 89
0 396 51.5773 300 89
0 396 51.7915 300 89
0 396 52.0159 300 89
0 396 52.2863 300 89
0 396 52.4866 300 89
0 396 52.702 300 89
0 396 53.1185 300 89
0 396 53.3308 300 89
0 396 53.5126 300 89
0 396 53.8167 300 89
0 396 53.9837 300 89
0 396 54.1831 300 89
0 396 54.3533 300 89
0 396 54.6993 300 89
0 396 54.8169 300 89
0 396 55.0282 300 89
0 396 55.3542 300 89
0 396 55.5387 300 89
0 396 55.7287 300 89
0 396 55.9044 300 89
0 396 56.0767 300 89
0 396 56.2514 300 89
0 396 56.4985 300 89
0 396 56.6243 300 89
0 396 56.8265 300 89
0 396 57.0798 300 89
0 396 57.3063 300 89
0 396 57.4888 300 89
0 396 57.7034 300 89
0 396 57.8883 300 89
0 396 58.1663 300 89
0 396 58.3979 300 89
0 396 58.5775 300 89
0 396 58.9393 300 89
0 396 59.1594 300 89
0 396 59.3423 300 89
0 396 59.5139 300 89
0 396 59.6838 300 89
0 396 59.8603 300 89
0 396 60.1133 300 89
0 396 60.2334 300 89
0 396 60.5185 300 89
0 396 60.7164 300 89
0 396 60.8847 300 89
0 396 61.0993 300 89
0 396 61.2702 300 89
0 396 61.4513 300 89
0 396 61.6313 300 89
0 396 61.8834 300 89
0 396 62.1162 300 89
0 396 62.3296 300 89
0 396 62.5801 300 89
0 396 62.8279 300 89
0 396 62.9654 300 89
0 396 63.1443 300 89
0 396 63.3266 300 89
0 396 63.4686 300 89
0 396 63.8516 300 89
0 396 64.0183 300 89
0 396 64.1409 300 89
0 396 64.3063 300 89
0 396 64.4845 300 89
0 396 64.6929 300 89
0 396 64.8619 300 89
0 396 65.0281 300 89
0 390.4 65.1378 89
0 384.8 65.1816 89
0 384.8 65.2667 300 89
0 384.8 65.4756 300 89
0 384.8 65.6172 300 89
0 384.8 65.8761 300 89
0 384.8 66.0872 300 89
0 384.8 66.2635 300 89
0 384.8 66.4067 300 89
0 384.8 66.5558 300 89
0 384.8 66.748 300 89
0 384.8 66.9751 300 89
0 384.8 67.1202 300 89
0 384.8 67.2868 300 89
0 384.8 67.4599 300 89
0 384.8 67.635 300 89
0 384.8 67.9511 300 89
0 384.8 68.211 300 89
0 384.8 68.4313 300 89
0 384.8 68.6709 300 89
0 384.8 68.9282 300 89
0 384.8 69.1798 300 89
0 384.8 69.3508 300 89
0 384.8 69.5699 300 89
0 384.8 69.7873 300 89
0 384.8 69.9558 300 89
0 384.8 70.1147 300 89
0 384.8 70.241 300 89
0 384.8 70.4256 300 89
0 384.8 70.6127 300 89
0 384.8 70.7385 300 89
0 384.8 70.9136 300 89
0 384.8 71.0872 300 89
0 384.8 71.324 300 89
0 384.8 71.517 300 89
0 384.8 71.6842 300 89
0 384.8 71.9941 300 89
0 384.8 72.1272 300 89
0 384.8 72.4313 300 89
0 384.8 72.5978 300 89
0 384.8 72.7264 300 89
0 384.8 72.9673 300 89
0 384.8 73.1044 300 89
0 384.8 73.2764 300 89
0 384.8 73.4681 300 89
0 384.8 73.6437 300 89
0 384.8 73.7761 300 89
0 384.8 73.9513 300 89
0 384.8 74.1188 300 89
0 384.8 74.3516 300 89
0 384.8 74.5318 300 89
0 384.8 74.6586 300 89
0 384.8 74.7941 300 89
0 384.8 75.1179 300 89
0 384.8 75.257 300 89
0 384.8 75.4689 300 89
0 384.8 75.7929 300 89
0 384.8 76.0103 300 89
0 384.8 76.1764 300 89
0 384.8 76.3709 300 89
0 384.8 76.4908 300 89
0 384.8 76.6796 300 89
0 384.8 76.8611 300 89
0 384.8 77.0713 300 89
0 384.8 77.2803 300 89
0 384.8 77.4611 300 89
0 384.8 77.8293 300 89
0 384.8 78.0005 300 89
0 384.8 78.1792 300 89
0 384.8 78.362 300 89
0 384.8 78.6116 300 89
0 384.8 78.846 300 89
0 384.8 79.0693 300 89
0 384.8 79.2422 300 89
0 384.8 79.4415 300 89
0 384.8 79.7509 300 89
0 384.8 80.0085 300 89
0 384.8 80.1839 300 89
0 384.8 80.3659 300 89
0 384.8 80.5837 300 89
0 384.8 80.7061 300 89
0 384.8 80.9286 300 89
0 384.8 81.1215 300 89
0 384.8 81.3309 300 89
0 384.8 81.5937 300 89
0 384.8 81.7613 300 89
0 384.8 82.0227 300 89
0 384.8 82.1769 300 89
0 384.8 82.3335 300 89
0 384.8 82.475 300 89
0 384.8 82.6307 300 89
0 384.8 83.0011 300 89
0 384.8 83.1696 300 89
0 384.8 83.4047 300 89
0 384.8 83.6384 300 89
0 384.8 83.8228 300 89
0 384.8 84.1225 300 89
0 384.8 84.329 300 89
0 384.8 84.5118 300 89
0 384.8 84.8405 300 89
0 384.8 85.0403 300 89
0 384.8 85.255 300 89
0 384.8 85.6783 300 89
0 384.8 85.8449 300 89
0 384.8 85.9867 300 89
0 384.8 86.2855 300 89
0 384.8 86.4853 300 89
0 384.8 86.6718 300 89
0 384.8 86.902 300 89
0 384.8 87.1318 300 89
0 384.8 87.3291 300 89
0 384.8 87.5531 300 89
0 384.8 87.6807 300 89
0 384.8 87.8992 300 89
0 384.8 88.1745 300 89
0 384.8 88.3606 300 89
0 384.8 88.4892 300 89
0 384.8 88.7294 300 89
0 384.8 88.9505 300 89
0 384.8 89.1918 300 89
0 384.8 89.3685 300 89
0 384.8 89.5048 300 89
0 384.8 89.6681 300 89
0 384.8 89.8456 300 89
0 384.8 90.0227 300 89
0 384.8 90.3006 300 89
0 384.8 90.4755 300 89
0 384.8 90.6986 300 89
0 384.8 90.9698 300 89
0 384.8 91.2181 300 89
0 384.8 91.517 300 89
0 384.8 91.7279 300 89
0 384.8 91.8999 300 89
0 384.8 92.1194 300 89
0 384.8 92.2951 300 89
0 384.8 92.4899 300 89
0 384.8 92.6774 300 89
0 384.8 92.8733 300 89
0 384.8 93.0521 300 89
0 384.8 93.2072 300 89
0 384.8 93.4186 300 89
0 384.8 93.5472 300 89
0 384.8 93.7784 300 89
0 384.8 93.959 300 89
0 384.8 94.1766 300 89
0 384.8 94.4417 300 89
0 384.8 94.6947 300 89
0 384.8 94.9748 300 89
0 384.8 95.2865 300 89
0 384.8 95.5555 300 89
0 384.8 95.8029 300 89
0 384.8 96.0331 300 89
0 384.8 96.158 300 89
0 384.8 96.3748 300 89
0 384.8 96.607 300 89
0 384.8 96.7825 300 89
0 384.8 96.9148 300 89
0 384.8 97.0685 300 89
0 384.8 97.2692 300 89
0 384.8 97.417 300 89
0 384.8 97.6432 300 89
0 384.8 97.8464 300 89
0 384.8 98.0602 300 89
0 384.8 98.2741 300 89
0 384.8 98.4447 300 89
0 384.8 98.7131 300 89
0 384.8 98.8549 300 89
0 384.8 99.0398 300 89
0 384.8 99.2201 300 89
0 384.8 99.3963 300 89
0 384.8 99.6155 300 89
0 384.8 99.7543 300 89
0 384.8 99.9684 300 89
0 384.8 100.149 300 89
0 384.8 100.28 300 89
0 384.8 100.458 300 89
0 384.8 100.637 300 89
0 384.8 100.852 300 89
0 384.8 101.051 300 89
0 384.8 101.372 300 89
0 384.8 101.6 300 89
0 384.8 101.788 300 89
0 384.8 101.973 300 89
0 384.8 102.347 300 89
0 384.8 102.741 300 89
0 384.8 102.944 300 89
0 384.8 103.124 300 89
0 384.8 103.292 300 89
0 384.8 103.523 300 89
0 384.8 103.738 300 89
0 384.8 104.002 300 89
0 384.8 104.224 300 89
0 384.8 104.433 300 89
0 384.8 104.624 300 89
0 384.8 104.8 300 89
0 384.8 104.976 300 89
0 384.8 105.142 300 89
0 384.8 105.332 300 89
0 384.8 105.514 300 89
0 384.8 105.682 300 89
0 384.8 105.813 300 89
0 384.8 105.996 300 89
0 384.8 106.13 300 89
0 384.8 106.314 300 89
0 384.8 106.529 300 89
0 384.8 106.831 300 89
0 384.8 107.113 300 89
0 384.8 107.245 300 89
0 384.8 107.369 300 89
0 384.8 107.543 300 89
0 384.8 107.73 300 89
0 384.8 107.898 300 89
0 384.8 108.08 300 89
0 384.8 108.35 300 89
0 384.8 108.569 300 89
0 384.8 108.798 300 89
0 384.8 109.048 300 89
0 384.8 109.251 300 89
0 384.8 109.425 300 89
0 384.8 109.721 300 89
0 384.8 109.916 300 89
0 384.8 110.151 300 89
0 384.8 110.348 300 89
0 384.8 110.59 300 89
0 384.8 110.871 300 89
0 384.8 111.11 300 89
0 384.8 111.355 300 89
0 384.8 111.581 300 89
0 384.8 111.8 300 89
0 384.8 112.131 300 89
0 384.8 112.355 300 89
0 384.8 112.629 300 89
0 384.8 112.792 300 89
0 384.8 113.034 300 89
0 384.8 113.278 300 89
0 384.8 113.424 300 89
0 384.8 113.638 300 89
0 384.8 113.828 300 89
0 384.8 114.03 300 89
0 384.8 114.164 300 89
0 384.8 114.4 300 89
0 384.8 114.731 300 89
0 384.8 114.908 300 89
0 384.8 115.046 300 89
0 384.8 115.491 300 89
0 384.8 115.696 300 89
0 384.8 115.889 300 89
0 384.8 116.059 300 89
0 384.8 116.343 300 89
0 384.8 116.561 300 89
0 384.8 116.84 300 89
0 384.8 116.988 300 89
0 384.8 117.228 300 89
0 384.8 117.418 300 89
0 384.8 117.59 300 89
0 384.8 117.74 300 89
0 384.8 117.983 300 89
0 384.8 118.22 300 89
0 384.8 118.511 300 89
0 384.8 118.751 300 89
0 384.8 118.97 300 89
0 384.8 119.166 300 89
0 384.8 119.421 300 89
0 384.8 119.667 300 89
0 384.8 119.969 300 89
0 384.8 120.209 300 89
0 384.8 120.398 300 89
0 384.8 120.609 300 89
0 384.8 120.806 300 89
0 384.8 121.019 300 89
0 384.8 121.252 300 89
0 384.8 121.432 300 89
0 384.8 121.718 300 89
0 384.8 122.025 300 89
0 384.8 122.293 300 89
0 384.8 122.424 300 89
0 384.8 122.608 300 89
0 384.8 122.916 300 89
0 384.8 123.107 300 89
0 384.8 123.431 300 89
0 384.8 123.648 300 89
0 384.8 123.828 300 89
0 384.8 124.049 300 89
0 384.8 124.574 300 89
0 384.8 124.821 300 89
0 384.8 125.013 300 89
0 384.8 125.237 300 89
0 384.8 125.478 300 89
0 384.8 125.67 300 89
0 384.8 125.953 300 89
0 384.8 126.23 300 89
0 384.8 126.529 300 89
0 384.8 126.712 300 89
0 384.8 126.948 300 89
0 384.8 127.172 300 89
0 384.8 127.387 300 89
0 384.8 127.575 300 89
0 384.8 127.917 300 89
0 384.8 128.222 300 89
0 384.8 128.552 300 89
0 384.8 128.799 300 89
0 384.8 129.091 300 89
0 384.8 129.323 300 89
0 384.8 129.558 300 89
0 384.8 129.7 300 89
0 384.8 129.95 300 89
0 384.8 130.159 300 89
0 384.8 130.367 300 89
0 384.8 130.548 300 89
0 384.8 131.017 300 89
0 384.8 131.286 300 89
0 384.8 131.533 300 89
0 384.8 131.694 300 89
0 384.8 132.031 300 89
0 384.8 132.443 300 89
0 384.8 132.638 300 89
0 384.8 132.774 300 89
0 384.8 132.909 300 89
0 384.8 133.259 300 89
0 384.8 133.536 300 89
0 384.8 133.729 300 89
0 384.8 134.028 300 89
0 384.8 134.258 300 89
0 384.8 134.486 300 89
0 384.8 134.69 300 89
0 384.8 135.06 300 89
0 384.8 135.29 300 89
0 384.8 135.567 300 89
0 384.8 135.813 300 89
0 384.8 135.985 300 89
0 384.8 136.19 300 89
0 384.8 136.447 300 89
0 384.8 136.664 300 89
0 384.8 136.847 300 89
0 384.8 137.03 300 89
0 384.8 137.266 300 89
0 384.8 137.464 300 89
0 384.8 137.669 300 89
0 384.8 137.89 300 89
0 384.8 138.087 300 89
0 384.8 138.342 300 89
0 384.8 138.551 300 89
0 384.8 138.858 300 89
0 384.8 139.116 300 89
0 384.8 139.502 300 89
0 384.8 139.703 300 89
0 384.8 139.925 300 89
0 384.8 140.192 300 89
0 384.8 140.498 300 89
0 384.8 140.788 300 89
0 384.8 140.983 300 89
0 384.8 141.192 300 89
0 384.8 141.386 300 89
0 384.8 141.581 300 89
0 384.8 141.724 300 89
0 384.8 141.984 300 89
0 384.8 142.169 300 89
0 384.8 142.366 300 89
0 384.8 142.548 300 89
0 384.8 142.714 300 89
0 384.8 143.055 300 89
0 384.8 143.205 300 89
0 384.8 143.36 300 89
0 384.8 143.622 300 89
0 384.8 143.74 300 89
0 384.8 143.916 300 89
0 384.8 144.138 300 89
0 384.8 144.285 300 89
0 384.8 144.463 300 89
0 384.8 144.623 300 89
0 384.8 144.877 300 89
0 384.8 145.199 300 89
0 384.8 145.56 300 89
0 384.8 145.731 300 89
0 384.8 146.081 300 89
0 384.8 146.219 300 89
0 384.8 146.501 300 89
0 384.8 146.865 300 89
0 384.8 147.072 300 89
0 384.8 147.289 300 89
0 384.8 147.535 300 89
0 384.8 147.778 300 89
0 384.8 147.957 300 89
0 384.8 148.192 300 89
0 384.8 148.352 300 89
0 384.8 148.55 300 89
0 384.8 148.701 300 89
0 384.8 148.925 300 89
0 384.8 149.147 300 89
0 384.8 149.332 300 89
0 384.8 149.516 300 89
0 384.8 149.811 300 89
0 384.8 150.045 300 89
0 384.8 150.323 300 89
0 384.8 150.544 300 89
0 384.8 150.77 300 89
0 384.8 150.915 300 89
0 384.8 151.119 300 89
0 384.8 151.226 300 89
0 384.8 151.382 300 89
0 384.8 151.555 300 89
0 384.8 151.663 300 89
0 384.8 151.794 300 89
0 384.8 152.009 300 89
0 384.8 152.32 300 89
0 384.8 152.487 300 89
0 384.8 152.748 300 89
0 384.8 152.954 300 89
0 384.8 153.123 300 89
0 384.8 153.362 300 89
0 384.8 153.552 300 89
0 384.8 153.831 300 89
0 384.8 154.068 300 89
0 384.8 154.252 300 89
0 384.8 154.507 300 89
0 384.8 154.752 300 89
0 384.8 154.881 300 89
0 384.8 155.206 300 89
0 384.8 155.372 300 89
0 384.8 155.506 300 89
0 384.8 155.75 300 89
0 384.8 156.07 300 89
0 384.8 156.287 300 89
0 384.8 156.474 300 89
0 384.8 156.843 300 89
0 384.8 157.015 300 89
0 384.8 157.229 300 89
0 384.8 157.439 300 89
0 384.8 157.628 300 89
0 384.8 157.809 300 89
0 384.8 158.009 300 89
0 384.8 158.192 300 89
0 384.8 158.326 300 89
0 384.8 158.71 300 89
0 384.8 158.965 300 89
0 384.8 159.315 300 89
0 384.8 159.472 300 89
0 384.8 159.772 300 89
0 384.8 160.046 300 89
0 384.8 160.361 300 89
0 384.8 160.597 300 89
0 384.8 160.92 300 89
0 384.8 161.255 300 89
0 384.8 161.453 300 89
0 384.8 161.678 300 89
0 384.8 162.06 300 89
0 384.8 162.353 300 89
0 384.8 162.622 300 89
0 384.8 162.864 300 89
0 384.8 162.999 300 89
0 384.8 163.166 300 89
0 384.8 163.411 300 89
0 384.8 163.589 300 89
0 384.8 163.824 300 89
0 384.8 164.076 300 89
0 384.8 164.226 300 89
0 384.8 164.414 300 89
0 384.8 164.603 300 89
0 384.8 164.89 300 89
0 384.8 165.025 300 89
0 384.8 165.244 300 89
0 384.8 165.485 300 89
0 384.8 165.625 300 89
0 384.8 165.86 300 89
0 384.8 166.129 300 89
0 384.8 166.281 300 89
0 384.8 166.552 300 89
0 384.8 166.768 300 89
0 384.8 166.921 300 89
0 384.8 167.095 300 89
0 384.8 167.271 300 89
0 384.8 167.566 300 89
0 384.8 167.747 300 89
0 384.8 168.151 300 89
0 384.8 168.377 300 89
0 384.8 168.595 300 89
0 384.8 168.835 300 89
0 384.8 168.975 300 89
0 384.8 169.152 300 89
0 384.8 169.357 300 89
0 384.8 169.564 300 89
0 384.8 169.761 300 89
0 384.8 169.94 300 89
0 384.8 170.113 300 89
0 384.8 170.298 300 89
0 384.8 170.492 300 89
0 384.8 170.723 300 89
0 384.8 170.972 300 89
0 384.8 171.258 300 89
0 384.8 171.525 300 90
0 384.8 171.823 300 90
0 384.8 172.045 300 90
0 384.8 172.231 300 90
0 384.8 172.471 300 90
0 384.8 172.659 300 90
0 384.8 172.874 300 90
0 384.8 173.178 300 90
0 384.8 173.38 300 90
0 384.8 173.644 300 90
0 384.8 173.865 300 90
0 384.8 174.186 300 90
0 384.8 174.366 300 90
0 384.8 174.524 300 90
0 384.8 174.759 300 90
0 384.8 175.027 300 90
0 384.8 175.25 300 90
0 384.8 175.5 300 90
0 384.8 175.831 300 90
0 384.8 176.003 300 90
0 384.8 176.17 300 90
0 384.8 176.423 300 90
0 384.8 176.587 300 90
0 384.8 176.902 300 90
0 384.8 177.083 300 90
0 384.8 177.306 300 90
0 384.8 177.604 300 90
0 384.8 177.843 300 90
0 384.8 178.047 300 90
0 384.8 178.268 300 90
0 384.8 178.406 300 90
0 384.8 178.659 300 90
0 384.8 178.926 300 90
0 384.8 179.059 300 90
0 384.8 179.301 300 90
0 384.8 179.43 300 90
0 384.8 179.728 300 90
0 384.8 180.033 300 90
0 384.8 180.25 300 90
0 384.8 180.526 300 90
0 384.8 180.717 300 90
0 384.8 180.957 300 90
0 384.8 181.091 300 90
0 384.8 181.291 300 90
0 384.8 181.602 300 90
0 384.8 181.866 300 90
0 384.8 182.072 300 90
0 384.8 182.311 300 90
0 384.8 182.562 300 90
0 384.8 182.828 300 90
0 384.8 182.972 300 90
0 384.8 183.161 300 90
0 384.8 183.305 300 90
0 384.8 183.535 300 90
0 384.8 183.767 300 90
0 384.8 183.941 300 90
0 384.8 184.382 300 90
0 384.8 184.62 300 90
0 384.8 184.884 300 90
0 384.8 185.074 300 90
0 384.8 185.27 300 90
0 384.8 185.64 300 90
0 384.8 185.863 300 90
0 384.8 186.082 300 90
0 384.8 186.333 300 90
0 384.8 186.533 300 90
0 384.8 186.823 300 90
0 384.8 187.099 300 90
0 384.8 187.287 300 90
0 384.8 187.487 300 90
0 384.8 187.765 300 90
0 384.8 188.092 300 90
0 384.8 188.283 300 90
0 384.8 188.474 300 90
0 384.8 188.721 300 90
0 384.8 188.946 300 90
0 384.8 189.273 300 90
0 384.8 189.426 300 90
0 384.8 189.608 300 90
0 384.8 189.845 300 90
0 384.8 190.076 300 90
0 384.8 190.219 300 90
0 384.8 190.434 300 90
0 384.8 190.747 300 90
0 384.8 190.974 300 90
0 384.8 191.181 300 90
0 384.8 191.312 300 90
0 384.8 191.526 300 90
0 384.8 191.708 300 90
0 384.8 191.925 300 90
0 384.8 192.107 300 90
0 384.8 192.229 300 90
0 384.8 192.468 300 90
0 384.8 192.755 300 90
0 384.8 192.948 300 90
0 384.8 193.324 300 90
0 384.8 193.615 300 90
0 384.8 193.939 300 90
0 384.8 194.328 300 90
0 384.8 194.791 300 90
0 384.8 195.194 300 90
0 384.8 195.475 300 90
0 384.8 195.805 300 90
0 384.8 196.071 300 90
0 384.8 196.465 300 90
0 384.8 196.711 300 90
0 384.8 197.088 300 90
0 384.8 197.351 300 90
0 384.8 197.59 300 90
0 384.8 197.836 300 90
0 384.8 198.024 300 90
0 384.8 198.265 300 90
0 384.8 198.468 300 90
0 384.8 198.787 300 90
0 384.8 199.069 300 90
0 384.8 199.38 300 90
0 384.8 199.778 300 90
0 384.8 200.023 300 90
0 384.8 200.408 300 90
0 384.8 200.719 300 90
0 384.8 200.971 300 90
0 384.8 201.278 300 90
0 384.8 201.624 300 90
0 384.8 201.88 300 90
0 384.8 202.195 300 90
0 384.8 202.569 300 90
0 384.8 202.729 300 90
0 384.8 202.909 300 90
0 384.8 203.173 300 90
0 384.8 203.429 300 90
0 384.8 203.649 300 90
0 384.8 204.16 300 90
0 384.8 204.359 300 90
0 384.8 204.622 300 90
0 384.8 204.938 300 90
0 384.8 205.285 300 90
0 384.8 205.552 300 90
0 384.8 205.857 300 90
0 384.8 206.129 300 90
0 384.8 206.345 300 90
0 384.8 206.554 300 90
0 384.8 206.811 300 90
0 384.8 207.001 300 90
0 384.8 207.278 300 90
0 384.8 207.53 300 90
0 384.8 207.913 300 90
0 384.8 208.184 300 90
0 384.8 208.549 300 90
0 384.8 208.809 300 90
0 384.8 209.039 300 90
0 384.8 209.344 300 90
0 384.8 209.586 300 90
0 384.8 209.85 300 90
0 384.8 210.095 300 90
0 384.8 210.436 300 90
0 384.8 210.871 300 90
0 384.8 211.047 300 90
0 384.8 211.268 300 90
0 384.8 211.438 300 90
0 384.8 211.653 300 90
0 384.8 212.068 300 90
0 384.8 212.32 300 90
0 384.8 212.52 300 90
0 384.8 212.815 300 90
0 384.8 213.144 300 90
0 384.8 213.365 300 90
0 384.8 213.718 300 90
0 384.8 213.984 300 90
0 384.8 214.252 300 90
0 384.8 214.504 300 90
0 384.8 214.775 300 90
0 384.8 214.995 300 90
0 384.8 215.191 300 90
0 384.8 215.494 300 90
0 384.8 215.722 300 90
0 384.8 215.991 300 90
0 384.8 216.136 300 90
0 384.8 216.349 300 90
0 384.8 216.527 300 90
0 384.8 216.791 300 90
0 384.8 217.061 300 90
0 384.8 217.353 300 90
0 384.8 217.771 300 90
0 384.8 217.972 300 90
0 384.8 218.282 300 90
0 384.8 218.534 300 90
0 384.8 218.688 300 90
0 384.8 218.977 300 90
0 384.8 219.24 300 90
0 384.8 219.445 300 90
0 384.8 219.708 300 90
0 384.8 219.954 300 90
0 384.8 220.341 300 90
0 384.8 220.654 300 90
0 384.8 220.847 300 90
0 384.8 220.994 300 90
0 384.8 221.294 300 90
0 384.8 221.597 300 90
0 384.8 221.902 300 90
0 384.8 222.429 300 90
0 384.8 222.633 300 90
0 384.8 222.937 300 90
0 384.8 223.186 300 90
0 384.8 223.486 300 90
0 384.8 223.811 300 90
0 384.8 224.003 300 90
0 384.8 224.36 300 90
0 384.8 224.502 300 90
0 384.8 224.687 300 90
0 384.8 224.838 300 90
0 384.8 225.088 300 90
0 384.8 225.248 300 90
0 384.8 225.563 300 90
0 384.8 225.828 300 90
0 384.8 226.058 300 90
0 384.8 226.258 300 90
0 384.8 226.577 300 90
0 384.8 226.897 300 90
0 384.8 227.131 300 90
0 384.8 227.342 300 90
0 384.8 227.497 300 90
0 384.8 227.76 300 90
0 384.8 228.093 300 90
0 384.8 228.321 300 90
0 384.8 228.581 300 90
0 384.8 228.896 300 90
0 384.8 229.144 300 90
0 384.8 229.3 300 90
0 384.8 229.513 300 90
0 384.8 229.738 300 90
0 384.8 229.985 300 90
0 384.8 230.226 300 90
0 384.8 230.526 300 90
0 384.8 230.786 300 90
0 384.8 230.966 300 90
0 384.8 231.165 300 90
0 384.8 231.334 300 90
0 384.8 231.569 300 90
0 384.8 231.711 300 90
0 384.8 232.013 300 90
0 384.8 232.245 300 90
0 384.8 232.539 300 90
0 384.8 232.801 300 90
0 384.8 232.992 300 90
0 384.8 233.214 300 90
0 384.8 233.47 300 90
0 384.8 233.774 300 90
0 384.8 233.972 300 90
0 384.8 234.259 300 90
0 384.8 234.478 300 90
0 384.8 234.783 300 90
0 384.8 235.049 300 90
0 384.8 235.261 300 90
0 384.8 235.52 300 90
0 384.8 235.768 300 90
0 384.8 236.035 300 90
0 384.8 236.248 300 90
0 384.8 236.61 300 90
0 384.8 236.86 300 90
0 384.8 237.275 300 90
0 384.8 237.781 300 90
0 384.8 238.055 300 90
0 384.8 238.251 300 90
0 384.8 238.455 300 90
0 384.8 238.593 300 90
0 384.8 238.902 300 90
0 384.8 239.203 300 90
0 384.8 239.403 300 90
0 384.8 239.634 300 90
0 384.8 239.925 300 90
0 384.8 240.134 300 90
0 384.8 240.349 300 90
0 384.8 240.561 300 90
0 384.8 240.813 300 90
0 384.8 241.033 300 90
0 384.8 241.353 300 90
0 384.8 241.541 300 90
0 384.8 241.825 300 90
0 384.8 241.981 300 90
0 384.8 242.21 300 90
0 384.8 242.384 300 90
0 384.8 242.573 300 90
0 384.8 242.722 300 90
0 384.8 242.844 300 90
0 384.8 243.028 300 90
0 384.8 243.17 300 90
0 384.8 243.371 300 90
0 384.8 243.548 300 90
0 384.8 243.74 300 90
0 384.8 243.924 300 90
0 384.8 244.028 300 90
0 384.8 244.125 300 90
0 384.8 244.298 300 90
0 384.8 244.4 300 90
0 384.8 244.543 300 90
0 384.8 244.771 300 90
0 384.8 245.04 300 90
0 384.8 245.193 300 90
0 384.8 245.435 300 90
0 384.8 245.673 300 90
0 384.8 245.88 300 90
0 384.8 246.045 300 90
0 384.8 246.274 300 90
0 384.8 246.467 300 90
0 384.8 246.731 300 90
0 384.8 246.871 300 90
0 384.8 247.104 300 90
0 384.8 247.326 300 90
0 384.8 247.505 300 90
0 384.8 247.756 300 90
0 384.8 248.007 300 90
0 384.8 248.143 300 90
0 384.8 248.279 300 90
0 384.8 248.422 300 90
0 384.8 248.597 300 90
0 384.8 248.763 300 90
0 384.8 248.909 300 90
0 384.8 249.103 300 90
0 384.8 249.292 300 90
0 384.8 249.432 300 90
0 384.8 249.636 300 90
0 384.8 249.784 300 90
0 384.8 250.081 300 90
0 384.8 250.25 300 90
0 384.8 250.354 300 90
0 384.8 250.664 300 90
0 384.8 250.792 300 90
0 384.8 250.983 300 90
0 384.8 251.09 300 90
0 384.8 251.252 300 90
0 384.8 251.424 300 90
0 384.8 251.583 300 90
0 384.8 251.718 300 90
0 384.8 251.885 300 90
0 384.8 252.045 300 90
0 384.8 252.209 300 90
0 384.8 252.405 300 90
0 384.8 252.594 300 90
0 384.8 252.764 300 90
0 384.8 252.86 300 90
0 384.8 252.983 300 90
0 384.8 253.132 300 90
0 384.8 253.239 300 90
0 384.8 253.398 300 90
0 384.8 253.569 300 90
0 384.8 253.791 300 90
0 384.8 253.933 300 90
0 384.8 254.075 300 90
0 384.8 254.253 300 90
0 384.8 254.477 300 90
0 384.8 254.637 300 90
0 384.8 254.904 300 90
0 384.8 255.136 300 90
0 384.8 255.533 300 90
0 384.8 255.838 300 90
0 384.8 256.015 300 90
0 384.8 256.213 300 90
0 384.8 256.461 300 90
0 384.8 256.666 300 90
0 384.8 257.095 300 90
0 384.8 257.348 300 90
0 384.8 257.743 300 90
0 384.8 258.047 300 90
0 384.8 258.264 300 90
0 384.8 258.519 300 90
0 384.8 258.843 300 90
0 384.8 259.05 300 90
0 384.8 259.317 300 90
0 384.8 259.481 300 90
0 384.8 259.784 300 90
0 384.8 260.181 300 90
0 384.8 260.384 300 90
0 384.8 260.741 300 90
0 384.8 260.999 300 90
0 384.8 261.293 300 90
0 384.8 261.742 300 90
0 384.8 262.051 300 90
0 384.8 262.207 300 90
0 384.8 262.326 300 90
0 384.8 262.579 300 90
0 384.8 262.852 300 90
0 384.8 263.053 300 90
0 384.8 263.448 300 90
0 384.8 263.789 300 90
0 384.8 264.222 300 90
0 384.8 264.566 300 90
0 384.8 264.839 300 90
0 384.8 265.067 300 90
0 384.8 265.313 300 90
0 384.8 265.601 300 90
0 384.8 265.83 300 90
0 384.8 266.497 300 90
0 384.8 267.027 300 90
0 384.8 267.523 300 90
0 384.8 267.878 300 90
0 384.8 268.532 300 90
0 384.8 269.091 300 90
0 384.8 269.633 300 90
0 384.8 270.012 300 90
0 384.8 270.31 300 90
0 384.8 270.701 300 90
0 384.8 270.98 300 90
0 384.8 271.341 300 90
0 384.8 271.539 300 90
0 384.8 271.974 300 90
0 384.8 272.201 300 90
0 384.8 272.645 300 90
0 384.8 273.077 300 90
0 384.8 273.359 300 90
0 384.8 273.839 300 90
0 384.8 274.176 300 90
0 384.8 274.522 300 90
0 384.8 274.818 300 90
0 384.8 275.051 300 90
0 384.8 275.442 300 90
0 384.8 275.749 300 90
0 384.8 276.069 300 90
0 384.8 276.363 300 90
0 384.8 276.636 300 90
0 384.8 276.883 300 90
0 384.8 277.197 300 90
0 384.8 277.452 300 90
0 384.8 277.7 300 90
0 384.8 277.894 300 90
0 384.8 278.269 300 90
0 384.8 278.752 300 90
0 384.8 279.124 300 90
0 384.8 279.32 300 90
0 384.8 279.629 300 90
0 384.8 279.86 300 90
0 384.8 280.179 300 90
0 384.8 280.525 300 90
0 384.8 280.786 300 90
0 384.8 281.034 300 90
0 384.8 281.451 300 90
0 384.8 281.774 300 90
0 384.8 282.215 300 90
0 384.8 282.681 300 90
0 384.8 282.902 300 90
0 384.8 283.203 300 90
0 384.8 283.397 300 90
0 384.8 283.854 300 90
0 384.8 284.077 300 90
0 384.8 284.327 300 90
0 384.8 284.615 300 90
0 384.8 285.067 300 90
0 384.8 285.373 300 90
0 384.8 285.645 300 90
0 384.8 285.88 300 90
0 384.8 286.42 300 90
0 384.8 286.598 300 90
0 384.8 286.965 300 90
0 384.8 287.323 300 90
0 384.8 287.667 300 90
0 384.8 287.88 300 90
0 384.8 288.131 300 90
0 384.8 288.441 300 90
0 384.8 288.612 300 90
0 384.8 288.891 300 90
0 384.8 289.067 300 90
0 384.8 289.364 300 90
0 384.8 289.649 300 90
0 384.8 289.906 300 90
0 384.8 290.178 300 90
0 384.8 290.338 300 90
0 384.8 290.508 300 90
0 384.8 290.796 300 90
0 384.8 290.974 300 90
0 384.8 291.144 300 90
0 384.8 291.428 300 90
0 384.8 291.593 300 90
0 384.8 291.771 300 90
0 384.8 291.923 300 90
0 384.8 292.185 300 90
0 384.8 292.353 300 90
0 384.8 292.669 300 90
0 384.8 292.926 300 90
0 384.8 293.273 300 90
0 384.8 293.43 300 90
0 384.8 293.694 300 90
0 384.8 293.869 300 90
0 384.8 294.051 300 90
0 384.8 294.403 300 90
0 384.8 294.584 300 90
0 384.8 294.834 300 90
0 384.8 295.023 300 90
0 384.8 295.296 300 90
0 384.8 295.454 300 90
0 384.8 295.715 300 90
0 384.8 295.987 300 90
0 384.8 296.175 300 90
0 384.8 296.515 300 90
0 384.8 296.754 300 90
0 384.8 296.989 300 90
0 384.8 297.347 300 90
0 384.8 297.826 300 90
0 384.8 298.07 300 90
0 384.8 298.28 300 90
0 384.8 298.496 300 90
0 384.8 298.752 300 90
0 384.8 298.949 300 90
0 384.8 299.17 300 90
0 384.8 299.297 300 90
0 384.8 299.438 300 90
0 384.8 299.675 300 90
0 384.8 299.92 300 90
0 384.8 300.162 300 90
0 384.8 300.406 300 90
0 384.8 300.662 300 90
0 384.8 300.924 300 90
0 384.8 301.152 300 90
0 384.8 301.297 300 90
0 384.8 301.447 300 90
0 384.8 301.651 300 90
0 384.8 301.887 300 90
0 384.8 302.02 300 90
0 384.8 302.219 300 90
0 384.8 302.474 300 90
0 384.8 302.599 300 90
0 384.8 302.792 300 90
0 384.8 303.101 300 90
0 384.8 303.252 300 90
0 384.8 303.477 300 90
0 384.8 303.779 300 90
0 384.8 304.021 300 90
0 384.8 304.313 300 90
0 384.8 304.649 300 90
0 384.8 304.832 300 90
0 384.8 305.038 300 90
0 384.8 305.275 300 90
0 384.8 305.519 300 90
0 384.8 305.723 300 90
0 384.8 306.049 300 90
0 384.8 306.291 300 90
0 384.8 306.497 300 90
0 384.8 306.671 300 90
0 384.8 306.857 300 90
0 384.8 307.066 300 90
0 384.8 307.269 300 90
0 384.8 307.587 300 90
0 384.8 307.805 300 90
0 384.8 308.151 300 90
0 384.8 308.311 300 90
0 384.8 308.553 300 90
0 384.8 308.749 300 90
0 384.8 308.985 300 90
0 384.8 309.334 300 90
0 384.8 309.665 300 90
0 384.8 309.855 300 90
0 384.8 310.06 300 90
0 384.8 310.239 300 90
0 384.8 310.438 300 90
0 384.8 310.623 300 90
0 384.8 310.827 300 90
0 384.8 311.015 300 90
0 384.8 311.234 300 90
0 384.8 311.42 300 90
0 384.8 311.624 300 90
0 384.8 312.008 300 90
0 384.8 312.145 300 90
0 384.8 312.372 300 90
0 384.8 312.657 300 90
0 384.8 312.907 300 90
0 384.8 313.109 300 90
0 384.8 313.398 300 90
0 384.8 313.75 300 90
0 384.8 313.951 300 90
0 384.8 314.247 300 90
0 384.8 314.675 300 90
0 384.8 314.94 300 90
0 384.8 315.222 300 90
0 384.8 315.661 300 90
0 384.8 316.087 300 90
0 384.8 316.323 300 90
0 384.8 316.594 300 90
0 384.8 316.768 300 90
0 384.8 316.901 300 90
0 384.8 317.05 300 90
0 384.8 317.291 300 90
0 384.8 317.423 300 90
0 384.8 317.602 300 90
0 384.8 317.759 300 90
0 384.8 318.01 300 90
0 384.8 318.206 300 90
0 384.8 318.356 300 90
0 384.8 318.51 300 90
0 384.8 318.685 300 90
0 384.8 318.823 300 90
0 384.8 318.975 300 90
0 384.8 319.184 300 90
0 384.8 319.408 300 90
0 384.8 319.632 300 90
0 384.8 319.801 300 90
0 384.8 319.959 300 90
0 384.8 320.049 300 90
0 384.8 320.223 300 90
0 384.8 320.37 300 90
0 384.8 320.581 300 90
0 384.8 320.749 300 90
0 384.8 320.901 300 90
0 384.8 321.051 300 90
0 384.8 321.196 300 90
0 384.8 321.328 300 90
0 384.8 321.535 300 90
0 384.8 321.654 300 90
0 384.8 321.812 300 90
0 384.8 322.003 300 90
0 384.8 322.136 300 90
0 384.8 322.377 300 90
0 384.8 322.532 300 90
0 384.8 322.66 300 90
0 384.8 322.778 300 90
0 384.8 322.88 300 90
0 384.8 322.976 300 90
0 384.8 323.132 300 90
0 384.8 323.355 300 90
0 384.8 323.518 300 90
0 384.8 323.643 300 90
0 384.8 323.801 300 90
0 384.8 323.886 300 90
0 384.8 324.086 300 90
0 384.8 324.193 300 90
0 384.8 324.3 300 90
0 384.8 324.561 300 90
0 384.8 324.677 300 90
0 384.8 324.8 300 90
0 384.8 324.971 300 90
0 384.8 325.12 300 90
0 384.8 325.297 300 90
0 384.8 325.453 300 90
0 384.8 325.655 300 90
0 384.8 325.856 300 90
0 384.8 325.957 300 90
0 384.8 326.079 300 90
0 384.8 326.174 300 90
0 384.8 326.331 300 90
0 384.8 326.502 300 90
0 384.8 326.645 300 90
0 384.8 326.827 300 90
0 384.8 327.014 300 90
0 384.8 327.224 300 90
0 384.8 327.352 300 90
0 384.8 327.501 300 90
0 384.8 327.719 300 90
0 384.8 327.943 300 90
0 384.8 328.276 300 90
0 384.8 328.45 300 90
0 384.8 328.689 300 90
0 384.8 328.886 300 90
0 384.8 329.146 300 90
0 384.8 329.42 300 90
0 384.8 329.64 300 90
0 384.8 329.981 300 90
0 384.8 330.136 300 90
0 384.8 330.328 300 90
0 384.8 330.503 300 90
0 384.8 330.602 300 90
0 384.8 330.762 300 90
0 384.8 330.956 300 90
0 384.8 331.219 300 90
0 384.8 331.402 300 90
0 384.8 331.579 300 90
0 384.8 331.81 300 90
0 384.8 332.11 300 90
0 384.8 332.3 300 90
0 384.8 332.531 300 90
0 384.8 332.766 300 90
0 384.8 332.996 300 90
0 384.8 333.25 300 90
0 384.8 333.542 300 90
0 384.8 333.777 300 90
0 384.8 333.996 300 90
0 384.8 334.26 300 90
0 384.8 334.544 300 90
0 384.8 334.741 300 90
0 384.8 334.981 300 90
0 384.8 335.161 300 90
0 384.8 335.406 300 90
0 384.8 335.645 300 90
0 384.8 335.788 300 90
0 384.8 336.235 300 90
0 384.8 336.475 300 90
0 384.8 336.762 300 90
0 384.8 336.916 300 90
0 384.8 337.262 300 90
0 384.8 337.608 300 90
0 384.8 337.891 300 90
0 384.8 338.102 300 90
0 384.8 338.33 300 90
0 384.8 338.483 300 90
0 384.8 338.727 300 90
0 384.8 338.965 300 90
0 384.8 339.204 300 90
0 384.8 339.423 300 90
0 384.8 339.613 300 90
0 384.8 339.818 300 90
0 384.8 340.117 300 90
0 384.8 340.314 300 90
0 384.8 340.5 300 90
0 384.8 340.647 300 90
0 384.8 340.905 300 90
0 384.8 341.169 300 90
0 384.8 341.402 300 90
0 384.8 341.552 300 90
0 384.8 341.875 300 90
0 384.8 342.157 300 90
0 384.8 342.395 300 90
0 384.8 342.638 300 90
0 384.8 342.842 300 90
0 384.8 343.103 300 90
0 384.8 343.268 300 90
0 384.8 343.587 300 90
0 384.8 343.727 300 90
0 384.8 343.911 300 90
0 384.8 344.039 300 90
0 384.8 344.268 300 90
0 384.8 344.471 300 90
0 384.8 344.84 300 90
0 384.8 345.102 300 90
0 384.8 345.401 300 90
0 384.8 345.701 300 90
0 384.8 345.872 300 90
0 384.8 346.024 300 90
0 384.8 346.257 300 90
0 384.8 346.495 300 90
0 384.8 346.719 300 90
0 384.8 346.965 300 90
0 384.8 347.17 300 90
0 384.8 347.382 300 90
0 384.8 347.773 300 90
0 384.8 347.955 300 90
0 384.8 348.152 300 90
0 384.8 348.282 300 90
0 384.8 348.552 300 90
0 384.8 348.736 300 90
0 384.8 349.08 300 90
0 384.8 349.299 300 90
0 384.8 349.565 300 90
0 384.8 349.854 300 90
0 384.8 350.063 300 90
0 384.8 350.338 300 90
0 384.8 350.488 300 90
0 384.8 350.66 300 90
0 384.8 350.983 300 90
0 384.8 351.181 300 90
0 384.8 351.371 300 90
0 384.8 351.558 300 90
0 384.8 351.768 300 90
0 384.8 352.053 300 90
0 384.8 352.259 300 90
0 384.8 352.449 300 90
0 384.8 352.656 300 90
0 384.8 352.918 300 90
0 384.8 353.165 300 90
0 384.8 353.356 300 90
0 384.8 353.589 300 90
0 384.8 353.783 300 90
0 384.8 354.005 300 90
0 384.8 354.196 300 90
0 384.8 354.384 300 90
0 384.8 354.703 300 90
0 384.8 354.92 300 90
0 384.8 355.148 300 90
0 384.8 355.289 300 90
0 384.8 355.539 300 90
0 384.8 355.851 300 90
0 384.8 356.124 300 90
0 384.8 356.307 300 90
0 384.8 356.475 300 90
0 384.8 356.615 300 90
0 384.8 356.876 300 90
0 384.8 357.177 300 90
0 384.8 357.373 300 90
0 384.8 357.608 300 90
0 384.8 357.75 300 90
0 384.8 358.012 300 90
0 384.8 358.18 300 90
0 384.8 358.354 300 90
0 384.8 358.578 300 90
0 384.8 358.862 300 90
0 384.8 359.121 300 90
0 384.8 359.329 300 90
0 384.8 359.456 300 90
0 384.8 359.645 300 90
0 384.8 359.891 300 90
0 384.8 360.191 300 90
0 384.8 360.392 300 90
0 384.8 360.59 300 90
0 384.8 360.782 300 90
0 384.8 361.063 300 90
0 384.8 361.287 300 90
0 384.8 361.601 300 90
0 384.8 361.754 300 90
0 384.8 361.894 300 90
0 384.8 362.078 300 90
0 384.8 362.272 300 90
0 384.8 362.518 300 90
0 384.8 362.79 300 90
0 384.8 363.064 300 90
0 384.8 363.262 300 90
0 384.8 363.468 300 90
0 384.8 363.723 300 90
0 384.8 363.924 300 90
0 384.8 364.17 300 90
0 384.8 364.424 300 90
0 384.8 364.8 300 90
0 384.8 365.024 300 90
0 384.8 365.363 300 90
0 384.8 365.52 300 90
0 384.8 365.782 300 90
0 384.8 365.965 300 90
0 384.8 366.256 300 90
0 384.8 366.573 300 90
0 384.8 366.811 300 90
0 384.8 367.07 300 90
0 384.8 367.209 300 90
0 384.8 367.382 300 90
0 384.8 367.601 300 90
0 384.8 367.81 300 90
0 384.8 368.075 300 90
0 384.8 368.258 300 90
0 384.8 368.509 300 90
0 384.8 368.701 300 90
0 384.8 368.936 300 90
0 384.8 369.172 300 90
0 384.8 369.503 300 90
0 384.8 369.7 300 90
0 384.8 369.884 300 90
0 384.8 370.101 300 90
0 384.8 370.409 300 90
0 384.8 370.584 300 90
0 384.8 370.846 300 90
0 384.8 371.14 300 90
0 384.8 371.421 300 90
0 384.8 371.566 300 90
0 384.8 371.798 300 90
0 384.8 372.027 300 90
0 384.8 372.176 300 90
0 384.8 372.382 300 90
0 384.8 372.561 300 90
0 384.8 372.782 300 90
0 384.8 372.931 300 90
0 384.8 373.105 300 90
0 384.8 373.292 300 90
0 384.8 373.431 300 90
0 384.8 373.75 300 90
0 384.8 373.92 300 90
0 384.8 374.157 300 90
0 384.8 374.407 300 90
0 384.8 374.612 300 90
0 384.8 374.892 300 90
0 384.8 375.128 300 90
0 384.8 375.368 300 90
0 384.8 375.736 300 90
0 384.8 376.07 300 90
0 384.8 376.303 300 90
0 384.8 376.484 300 90
0 384.8 376.634 300 90
0 384.8 376.872 300 90
0 384.8 377.105 300 90
0 384.8 377.253 300 90
0 384.8 377.516 300 90
0 384.8 377.807 300 90
0 384.8 378.064 300 90
0 384.8 378.338 300 90
0 384.8 378.554 300 90
0 384.8 378.832 300 90
0 384.8 379.089 300 90
0 384.8 379.33 300 90
0 384.8 379.45 300 90
0 384.8 379.672 300 90
0 384.8 379.848 300 90
0 384.8 379.988 300 90
0 384.8 380.091 300 90
0 384.8 380.341 300 90
0 384.8 380.698 300 90
0 384.8 380.944 300 90
0 384.8 381.173 300 90
0 384.8 381.443 300 90
0 384.8 381.609 300 90
0 384.8 381.832 300 90
0 384.8 381.978 300 90
0 384.8 382.166 300 90
0 384.8 382.405 300 90
0 384.8 382.646 300 90
0 384.8 383.018 300 90
0 384.8 383.159 300 90
0 384.8 383.363 300 90
0 384.8 383.514 300 90
0 384.8 383.704 300 90
0 384.8 383.839 300 90
0 384.8 384.081 300 90
0 384.8 384.265 300 90
0 384.8 384.643 300 90
0 384.8 385.009 300 90
0 384.8 385.139 300 90
0 384.8 385.319 300 90
0 384.8 385.58 300 90
0 384.8 385.705 300 90
0 384.8 385.844 300 90
0 384.8 385.963 300 90
0 384.8 386.105 300 90
0 384.8 386.294 300 90
0 384.8 386.42 300 90
0 384.8 386.579 300 90
0 384.8 386.772 300 90
0 384.8 387.328 300 90
0 384.8 387.674 300 90
0 384.8 387.905 300 90
0 384.8 388.368 300 90
0 384.8 388.673 300 90
0 384.8 388.977 300 90
0 384.8 389.267 300 90
0 384.8 389.588 300 90
0 384.8 389.825 300 90
0 384.8 390.049 300 90
0 384.8 390.463 300 90
0 384.8 390.837 300 90
0 384.8 391.052 300 90
0 384.8 391.39 300 90
0 384.8 391.939 300 90
0 384.8 392.266 300 90
0 384.8 392.523 300 90
0 384.8 392.792 300 90
0 384.8 393.094 300 90
0 384.8 393.307 300 90
0 384.8 393.634 300 90
0 384.8 394.183 300 90
0 384.8 394.428 300 90
0 384.8 394.658 300 90
0 384.8 395 300 90
0 384.8 395.375 300 90
0 384.8 395.631 300 90
0 384.8 395.891 300 90
0 384.8 396.22 300 90
0 384.8 396.517 300 90
0 384.8 396.909 300 90
0 384.8 397.393 300 90
0 384.8 397.779 300 90
0 384.8 398.176 300 90
0 384.8 398.412 300 90
0 384.8 398.704 300 90
0 384.8 398.996 300 90
0 384.8 399.251 300 90
0 384.8 399.56 300 90
0 384.8 399.836 300 90
0 384.8 400.238 300 90
0 384.8 400.479 300 90
0 384.8 400.746 300 90
0 384.8 401.083 300 90
0 384.8 401.553 300 90
0 384.8 402.009 300 90
0 384.8 402.587 300 90
0 384.8 402.904 300 90
0 384.8 403.344 300 90
0 384.8 403.725 300 90
0 384.8 404.184 300 90
0 384.8 404.673 300 90
0 384.8 405.09 300 90
0 384.8 405.371 300 90
0 384.8 405.582 300 90
0 384.8 405.749 300 90
0 384.8 405.895 300 90
0 384.8 406.037 300 90
0 384.8 406.193 300 90
0 384.8 406.346 300 90
0 384.8 406.603 300 90
0 384.8 406.738 300 90
0 384.8 406.903 300 90
0 384.8 407.137 300 90
0 384.8 407.468 300 90
0 384.8 407.66 300 90
0 384.8 407.884 300 90
0 384.8 408.217 300 90
0 384.8 408.476 300 90
0 384.8 408.606 300 90
0 384.8 408.959 300 90
0 384.8 409.154 300 90
0 384.8 409.377 300 90
0 384.8 409.526 300 90
0 384.8 409.715 300 90
0 384.8 409.858 300 90
0 384.8 410.204 300 90
0 384.8 410.419 300 90
0 384.8 410.569 300 90
0 384.8 410.777 300 90
0 384.8 410.931 300 90
0 384.8 411.116 300 90
0 384.8 411.396 300 90
0 384.8 411.542 300 90
0 384.8 411.753 300 90
0 384.8 412.059 300 90
0 384.8 412.39 300 90
0 384.8 412.557 300 90
0 384.8 412.789 300 90
0 384.8 413.094 300 90
0 384.8 413.26 300 90
0 384.8 413.599 300 90
0 384.8 413.92 300 90
0 384.8 414.172 300 90
0 384.8 414.441 300 90
0 384.8 414.631 300 90
0 384.8 414.828 300 90
0 384.8 415.145 300 90
0 384.8 415.287 300 90
0 384.8 415.488 300 90
0 384.8 415.721 300 90
0 384.8 416.093 300 90
0 384.8 416.319 300 90
0 384.8 416.616 300 90
0 384.8 416.866 300 90
0 384.8 417.045 300 90
0 384.8 417.189 300 90
0 384.8 417.396 300 90
0 384.8 417.627 300 90
0 384.8 417.908 300 90
0 384.8 418.087 300 90
0 384.8 418.222 300 90
0 384.8 418.47 300 90
0 384.8 418.801 300 90
0 384.8 419.024 300 90
0 384.8 419.353 300 90
0 384.8 419.491 300 90
0 384.8 419.658 300 90
0 384.8 419.953 300 90
0 384.8 420.084 300 90
0 384.8 420.302 300 90
0 384.8 420.576 300 90
0 384.8 420.811 300 90
0 384.8 420.97 300 90
0 384.8 421.231 300 90
0 384.8 421.44 300 90
0 384.8 421.608 300 90
0 384.8 421.764 300 90
0 384.8 422.017 300 90
0 384.8 422.341 300 90
0 384.8 422.485 300 90
0 384.8 422.71 300 90
0 384.8 422.855 300 90
0 384.8 423.017 300 90
0 384.8 423.321 300 90
0 384.8 423.498 300 90
0 384.8 423.668 300 90
0 384.8 423.854 300 90
0 384.8 424.027 300 90
0 384.8 424.218 300 90
0 384.8 424.39 300 90
0 384.8 424.711 300 90
0 384.8 424.897 300 90
0 384.8 425.071 300 90
0 384.8 425.296 300 90
0 384.8 425.524 300 90
0 384.8 425.745 300 90
0 384.8 425.976 300 90
0 384.8 426.112 300 90
0 384.8 426.29 300 90
0 384.8 426.489 300 90
0 384.8 426.635 300 90
0 384.8 426.769 300 90
0 384.8 426.982 300 90
0 384.8 427.245 300 90
0 384.8 427.472 300 90
0 384.8 427.641 300 90
0 384.8 427.904 300 90
0 384.8 428.041 300 90
0 384.8 428.159 300 90
0 384.8 428.483 300 90
0 384.8 428.746 300 90
0 384.8 429.08 300 90
0 384.8 429.299 300 90
0 384.8 429.544 300 90
0 384.8 429.765 300 90
0 384.8 429.954 300 90
0 384.8 430.075 300 90
0 384.8 430.259 300 90
0 384.8 430.451 300 90
0 384.8 430.76 300 90
0 384.8 430.957 300 90
0 384.8 431.191 300 90
0 384.8 431.369 300 90
0 384.8 431.712 300 90
0 384.8 431.956 300 90
0 384.8 432.189 300 90
0 384.8 432.377 300 90
0 384.8 432.668 300 90
0 384.8 432.864 300 90
0 384.8 433.219 300 90
0 384.8 433.427 300 90
0 384.8 433.597 300 90
0 384.8 433.806 300 90
0 384.8 433.975 300 90
0 384.8 434.3 300 90
0 384.8 434.478 300 90
0 384.8 434.652 300 90
0 384.8 434.883 300 90
0 384.8 435.044 300 90
0 384.8 435.176 300 90
0 384.8 435.311 300 90
0 384.8 435.503 300 90
0 384.8 435.712 300 90
0 384.8 435.994 300 90
0 384.8 436.264 300 90
0 384.8 436.528 300 90
0 384.8 436.725 300 90
0 384.8 436.926 300 90
0 384.8 437.16 300 90
0 384.8 437.347 300 90
0 384.8 437.585 300 90
0 384.8 437.86 300 90
0 384.8 438.044 300 90
0 384.8 438.225 300 90
0 384.8 438.547 300 90
0 384.8 438.94 300 90
0 384.8 439.139 300 90
0 384.8 439.459 300 90
0 384.8 439.785 300 90
0 384.8 440.027 300 90
0 384.8 440.269 300 90
0 384.8 440.589 300 90
0 384.8 440.875 300 90
0 384.8 441.069 300 90
0 384.8 441.211 300 90
0 384.8 441.398 300 90
0 384.8 441.53 300 90
0 384.8 441.669 300 90
0 384.8 441.766 300 90
0 384.8 441.92 300 90
0 384.8 442.289 300 90
0 384.8 442.629 300 90
0 384.8 442.942 300 90
0 384.8 443.266 300 90
0 384.8 443.435 300 90
0 384.8 443.704 300 90
0 384.8 443.993 300 90
0 384.8 444.189 300 90
0 384.8 444.533 300 90
0 384.8 444.712 300 90
0 384.8 445.014 300 90
0 384.8 445.273 300 90
0 384.8 445.441 300 90
0 384.8 445.664 300 90
0 384.8 445.885 300 90
0 384.8 446.066 300 90
0 384.8 446.407 300 90
0 384.8 446.575 300 90
0 384.8 446.751 300 90
0 384.8 446.977 300 90
0 384.8 447.259 300 90
0 384.8 447.573 300 90
0 384.8 447.77 300 90
0 384.8 448.047 300 90
0 384.8 448.197 300 90
0 384.8 448.374 300 90
0 384.8 448.547 300 90
0 384.8 448.762 300 90
0 384.8 448.909 300 90
0 384.8 449.147 300 90
0 384.8 449.599 300 90
0 384.8 449.786 300 90
0 384.8 449.911 300 90
0 384.8 450.067 300 90
0 384.8 450.333 300 90
0 384.8 450.524 300 90
0 384.8 450.717 300 90
0 384.8 451.093 300 90
0 384.8 451.303 300 90
0 384.8 451.581 300 90
0 384.8 451.833 300 90
0 384.8 452.051 300 90
0 384.8 452.311 300 90
0 384.8 452.42 300 90
0 384.8 452.649 300 90
0 384.8 452.806 300 90
0 384.8 453.066 300 90
0 384.8 453.362 300 90
0 384.8 453.65 300 90
0 384.8 453.983 300 90
0 384.8 454.126 300 90
0 384.8 454.299 300 90
0 384.8 454.519 300 90
0 384.8 454.795 300 90
0 384.8 454.99 300 90
0 384.8 455.275 300 90
0 384.8 455.552 300 90
0 384.8 455.836 300 90
0 384.8 456.008 300 90
0 384.8 456.15 300 90
0 384.8 456.46 300 90
0 384.8 456.574 300 90
0 384.8 456.8 300 90
0 384.8 456.981 300 90
0 384.8 457.255 300 90
0 384.8 457.45 300 90
0 384.8 457.6 300 90
0 384.8 457.843 300 90
0 384.8 458.009 300 90
0 384.8 458.151 300 90
0 384.8 458.348 300 90
0 384.8 458.53 300 90
0 384.8 458.708 300 90
0 384.8 458.899 300 90
0 384.8 459.102 300 90
0 384.8 459.343 300 90
0 384.8 459.524 300 90
0 384.8 459.721 300 90
0 384.8 460.011 300 90
0 384.8 460.204 300 90
0 384.8 460.468 300 90
0 384.8 460.661 300 90
0 384.8 460.801 300 90
0 384.8 461.037 300 90
0 384.8 461.259 300 90
0 384.8 461.559 300 90
0 384.8 461.694 300 90
0 384.8 461.985 300 90
0 384.8 462.327 300 90
0 384.8 462.594 300 90
0 384.8 462.918 300 90
0 384.8 463.182 300 90
0 384.8 463.371 300 90
0 384.8 463.595 300 90
0 384.8 463.781 300 90
0 384.8 463.976 300 90
0 384.8 464.218 300 90
0 384.8 464.405 300 90
0 384.8 464.595 300 90
0 384.8 464.825 300 90
0 384.8 464.968 300 90
0 384.8 465.296 300 90
0 384.8 465.555 300 90
0 384.8 465.785 300 90
0 384.8 466.105 300 90
0 384.8 466.444 300 90
0 384.8 466.581 300 90
0 384.8 466.805 300 90
0 384.8 467.073 300 90
0 384.8 467.362 300 90
0 384.8 467.757 300 90
0 384.8 467.982 300 90
0 384.8 468.131 300 90
0 384.8 468.237 300 90
0 384.8 468.415 300 90
0 384.8 468.503 300 90
0 384.8 468.647 300 90
0 384.8 468.842 300 90
0 384.8 469.001 300 90
0 384.8 469.168 300 90
0 384.8 469.323 300 90
0 384.8 469.614 300 90
0 384.8 469.727 300 90
0 384.8 469.887 300 90
0 384.8 470.138 300 90
0 384.8 470.32 300 90
0 384.8 470.501 300 90
0 384.8 470.662 300 90
0 384.8 470.823 300 90
0 384.8 471.136 300 90
0 384.8 471.426 300 90
0 384.8 471.758 300 90
0 384.8 471.998 300 90
0 384.8 472.249 300 90
0 384.8 472.468 300 90
0 384.8 472.814 300 90
0 384.8 473.127 300 90
0 384.8 473.307 300 90
0 384.8 473.457 300 90
0 384.8 473.698 300 90
0 384.8 473.933 300 90
0 384.8 474.135 300 90
0 384.8 474.382 300 90
0 384.8 474.672 300 90
0 384.8 474.856 300 90
0 384.8 475.048 300 90
0 384.8 475.355 300 90
0 384.8 475.533 300 90
0 384.8 475.676 300 90
0 384.8 476.024 300 90
0 384.8 476.183 300 90
0 384.8 476.433 300 90
0 384.8 476.646 300 90
0 384.8 476.806 300 90
0 384.8 476.956 300 90
0 384.8 477.315 300 90
0 384.8 477.599 300 90
0 384.8 477.792 300 90
0 384.8 477.935 300 90
0 384.8 478.081 300 90
0 384.8 478.4 300 90
0 384.8 478.601 300 90
0 384.8 479.067 300 90
0 384.8 479.318 300 90
0 384.8 479.562 300 90
0 384.8 479.852 300 90
0 384.8 480.249 300 90
0 384.8 480.484 300 90
0 384.8 480.724 300 90
0 384.8 480.951 300 90
0 384.8 481.138 300 90
0 384.8 481.283 300 90
0 384.8 481.455 300 90
0 384.8 481.714 300 90
0 384.8 481.883 300 90
0 384.8 482.116 300 90
0 384.8 482.233 300 90
0 384.8 482.394 300 90
0 384.8 482.49 300 90
0 384.8 482.61 300 90
0 384.8 482.733 300 90
0 384.8 482.853 300 90
0 384.8 483.022 300 90
0 384.8 483.161 300 90
0 384.8 483.394 300 90
0 384.8 483.524 300 90
0 384.8 483.656 300 90
0 384.8 483.857 300 90
0 384.8 483.994 300 90
0 384.8 484.236 300 90
0 384.8 484.417 300 90
0 384.8 484.65 300 90
0 384.8 484.892 300 90
0 384.8 485.15 300 90
0 384.8 485.347 300 90
0 384.8 485.582 300 90
0 384.8 485.929 300 90
0 384.8 486.161 300 90
0 384.8 486.298 300 90
0 384.8 486.512 300 90
0 384.8 486.728 300 90
0 384.8 487.017 300 90
0 384.8 487.224 300 90
0 384.8 487.348 300 90
0 384.8 487.511 300 90
0 384.8 487.701 300 90
0 384.8 487.906 300 90
0 384.8 488.064 300 90
0 384.8 488.246 300 90
0 384.8 488.475 300 90
0 384.8 488.676 300 90
0 384.8 488.896 300 90
0 384.8 489.179 300 90
0 384.8 489.375 300 90
0 384.8 489.56 300 90
0 384.8 489.816 300 90
0 384.8 490.188 300 90
0 384.8 490.451 300 90
0 384.8 490.686 300 90
0 384.8 490.837 300 90
0 384.8 490.969 300 90
0 384.8 491.156 300 90
0 384.8 491.338 300 90
0 384.8 491.651 300 90
0 384.8 491.875 300 90
0 384.8 492.122 300 90
0 384.8 492.355 300 90
0 384.8 492.551 300 90
0 384.8 492.787 300 90
0 384.8 492.984 300 90
0 384.8 493.173 300 90
0 384.8 493.412 300 90
0 384.8 493.692 300 90
0 384.8 493.976 300 90
0 384.8 494.252 300 90
0 384.8 494.41 300 90
0 384.8 494.642 300 90
0 384.8 494.837 300 90
0 384.8 495.088 300 90
0 384.8 495.294 300 90
0 384.8 495.482 300 90
0 384.8 495.652 300 90
0 384.8 495.914 300 90
0 384.8 496.097 300 90
0 384.8 496.352 300 90
0 384.8 496.551 300 90
0 384.8 496.708 300 90
0 384.8 497.015 300 90
0 384.8 497.193 300 90
0 384.8 497.337 300 90
0 384.8 497.6 300 90
0 384.8 497.741 300 90
0 384.8 498.092 300 90
0 384.8 498.358 300 90
0 384.8 498.701 300 90
0 384.8 499.108 300 90
0 384.8 499.446 300 90
0 384.8 499.846 300 90
0 384.8 500.158 300 90
0 384.8 500.341 300 90
0 384.8 500.56 300 90
0 384.8 500.761 300 90
0 384.8 501.213 300 90
0 384.8 501.602 300 90
0 384.8 501.847 300 90
0 384.8 502.004 300 90
0 384.8 502.174 300 90
0 384.8 502.324 300 90
0 384.8 502.452 300 90
0 384.8 502.579 300 90
0 384.8 502.809 300 90
0 384.8 502.972 300 90
0 384.8 503.099 300 90
0 384.8 503.313 300 90
0 384.8 503.526 300 90
0 384.8 503.633 300 90
0 384.8 503.814 300 90
0 384.8 504.041 300 90
0 384.8 504.348 300 90
0 384.8 504.578 300 90
0 384.8 504.708 300 90
0 384.8 504.913 300 90
0 384.8 505.126 300 90
0 384.8 505.43 300 90
0 384.8 505.718 300 90
0 384.8 506.007 300 90
0 384.8 506.261 300 90
0 384.8 506.411 300 90
0 384.8 506.737 300 90
0 384.8 506.957 300 90
0 384.8 507.205 300 90
0 384.8 507.379 300 90
0 384.8 507.601 300 90
0 384.8 507.88 300 90
0 384.8 508.117 300 90
0 384.8 508.321 300 90
0 384.8 508.541 300 90
0 384.8 508.79 300 90
0 384.8 509.067 300 90
0 384.8 509.267 300 90
0 384.8 509.498 300 90
0 384.8 509.777 300 90
0 384.8 510.074 300 90
0 384.8 510.344 300 90
0 384.8 510.596 300 90
0 384.8 510.849 300 90
0 384.8 511.02 300 90
0 384.8 511.337 300 90
0 384.8 511.535 300 90
0 384.8 511.701 300 90
0 384.8 511.921 300 90
0 384.8 512.195 300 90
0 384.8 512.529 300 90
0 384.8 512.805 300 90
0 384.8 513.036 300 90
0 384.8 513.179 300 90
0 384.8 513.4 300 90
0 384.8 513.731 300 90
0 384.8 514.039 300 90
0 384.8 514.374 300 90
0 384.8 514.666 300 90
0 384.8 514.88 300 90
0 384.8 515.061 300 90
0 384.8 515.261 300 90
0 384.8 515.412 300 90
0 384.8 515.718 300 90
0 384.8 515.931 300 90
0 384.8 516.061 300 90
0 384.8 516.216 300 90
0 384.8 516.41 300 90
0 384.8 516.691 300 90
0 384.8 516.962 300 90
0 384.8 517.132 300 90
0 384.8 517.28 300 90
0 384.8 517.734 300 90
0 384.8 518.006 300 90
0 384.8 518.192 300 90
0 384.8 518.425 300 90
0 384.8 518.68 300 90
0 384.8 518.91 300 90
0 384.8 519.196 300 90
0 384.8 519.326 300 90
0 384.8 519.655 300 90
0 384.8 519.877 300 90
0 384.8 520.088 300 90
0 384.8 520.302 300 90
0 384.8 520.579 300 90
0 384.8 520.882 300 90
0 384.8 521.034 300 90
0 384.8 521.258 300 90
0 384.8 521.497 300 90
0 384.8 521.847 300 90
0 384.8 522.161 300 90
0 384.8 522.465 300 90
0 384.8 522.697 300 90
0 384.8 523.047 300 90
0 384.8 523.29 300 90
0 384.8 523.666 300 90
0 384.8 523.947 300 90
0 384.8 524.173 300 90
0 384.8 524.368 300 90
0 384.8 524.651 300 90
0 384.8 524.885 300 90
0 384.8 525.14 300 90
0 384.8 525.342 300 90
0 384.8 525.54 300 90
0 384.8 525.772 300 90
0 384.8 526.109 300 90
0 384.8 526.413 300 90
0 384.8 526.589 300 90
0 384.8 526.719 300 90
0 384.8 526.869 300 90
0 384.8 527.115 300 90
0 384.8 527.432 300 90
0 384.8 527.72 300 90
0 384.8 528.13 300 90
0 384.8 528.382 300 90
0 384.8 528.727 300 90
0 384.8 528.92 300 90
0 384.8 529.232 300 90
0 384.8 529.46 300 90
0 384.8 529.683 300 90
0 384.8 529.915 300 90
0 384.8 530.099 300 90
0 384.8 530.35 300 90
0 384.8 530.611 300 90
0 384.8 530.979 300 90
0 384.8 531.082 300 90
0 384.8 531.268 300 90
0 384.8 531.458 300 90
0 384.8 531.7 300 90
0 384.8 531.973 300 90
0 384.8 532.295 300 90
0 384.8 532.443 300 90
0 384.8 532.732 300 90
0 384.8 532.94 300 90
0 384.8 533.231 300 90
0 384.8 533.46 300 90
0 384.8 533.582 300 90
0 384.8 533.914 300 90
0 384.8 534.088 300 90
0 384.8 534.316 300 90
0 384.8 534.494 300 90
0 384.8 534.79 300 90
0 384.8 535.148 300 90
0 384.8 535.35 300 90
0 384.8 535.488 300 90
0 384.8 535.779 300 90
0 384.8 536.002 300 90
0 384.8 536.271 300 90
0 384.8 536.52 300 90
0 384.8 536.854 300 90
0 384.8 537.238 300 90
0 384.8 537.439 300 90
0 384.8 537.638 300 90
0 384.8 537.839 300 90
0 384.8 538.086 300 90
0 384.8 538.43 300 90
0 384.8 538.663 300 90
0 384.8 538.806 300 90
0 384.8 538.989 300 90
0 384.8 539.27 300 90
0 384.8 539.573 300 90
0 384.8 539.818 300 90
0 384.8 540.02 300 90
0 384.8 540.352 300 90
0 384.8 540.545 300 90
0 384.8 540.835 300 90
0 384.8 541.084 300 90
0 384.8 541.28 300 90
0 384.8 541.5 300 90
0 384.8 541.631 300 90
0 384.8 541.778 300 90
0 384.8 541.989 300 90
0 384.8 542.202 300 90
0 384.8 542.533 300 90
0 384.8 542.749 300 90
0 384.8 542.946 300 90
0 384.8 543.201 300 90
0 384.8 543.522 300 90
0 384.8 543.775 300 90
0 384.8 544.179 300 90
0 384.8 544.383 300 90
0 384.8 544.613 300 90
0 384.8 544.815 300 90
0 384.8 545 300 90
0 384.8 545.265 300 90
0 384.8 545.564 300 90
0 384.8 545.835 300 90
0 384.8 545.997 300 90
0 384.8 546.178 300 90
0 384.8 546.341 300 90
0 384.8 546.467 300 90
0 384.8 546.759 300 90
0 384.8 547.084 300 90
0 384.8 547.352 300 90
0 384.8 547.537 300 90
0 384.8 547.707 300 90
0 384.8 547.958 300 90
0 384.8 548.218 300 90
0 384.8 548.416 300 90
0 384.8 548.689 300 90
0 384.8 549.069 300 90
0 384.8 549.251 300 90
0 384.8 549.599 300 90
0 384.8 549.924 300 90
0 384.8 550.121 300 90
0 384.8 550.343 300 90
0 384.8 550.596 300 90
0 384.8 550.75 300 90
0 384.8 550.984 300 90
0 384.8 551.32 300 90
0 384.8 551.589 300 90
0 384.8 551.808 300 90
0 384.8 551.995 300 90
0 384.8 552.134 300 90
0 384.8 552.405 300 90
0 384.8 552.719 300 90
0 384.8 552.966 300 90
0 384.8 553.151 300 90
0 384.8 553.462 300 90
0 384.8 553.644 300 90
0 384.8 553.851 300 90
0 384.8 554.088 300 90
0 384.8 554.307 300 90
0 384.8 554.521 300 90
0 384.8 554.702 300 90
0 384.8 554.892 300 90
0 384.8 555.108 300 90
0 384.8 555.329 300 90
0 384.8 555.575 300 90
0 384.8 555.801 300 90
0 384.8 556.046 300 90
0 384.8 556.378 300 90
0 384.8 556.579 300 90
0 384.8 556.762 300 90
0 384.8 556.913 300 90
0 384.8 557.101 300 90
0 384.8 557.329 300 90
0 384.8 557.472 300 90
0 384.8 557.677 300 90
0 384.8 557.912 300 90
0 384.8 558.115 300 90
0 384.8 558.32 300 90
0 384.8 558.696 300 90
0 384.8 559.025 300 90
0 384.8 559.287 300 90
0 384.8 559.597 300 90
0 384.8 559.831 300 90
0 384.8 560.019 300 90
0 384.8 560.365 300 90
0 384.8 560.499 300 90
0 384.8 560.651 300 90
0 384.8 560.987 300 90
0 384.8 561.276 300 90
0 384.8 561.476 300 90
0 384.8 561.754 300 90
0 384.8 562.02 300 90
0 384.8 562.323 300 90
0 384.8 562.513 300 90
0 384.8 562.713 300 90
0 384.8 562.847 300 90
0 384.8 563.013 300 90
0 384.8 563.42 300 90
0 384.8 563.678 300 90
0 384.8 563.87 300 90
0 384.8 564.05 300 90
0 384.8 564.346 300 90
0 384.8 564.706 300 90
0 384.8 564.916 300 90
0 384.8 565.094 300 90
0 384.8 565.427 300 90
0 384.8 565.549 300 90
0 384.8 565.738 300 90
0 384.8 566.023 300 90
0 384.8 566.309 300 90
0 384.8 566.618 300 90
0 384.8 566.902 300 90
0 384.8 567.133 300 90
0 384.8 567.405 300 90
0 384.8 567.665 300 90
0 384.8 567.88 300 90
0 384.8 568.062 300 90
0 384.8 568.306 300 90
0 384.8 568.555 300 90
0 384.8 568.728 300 90
0 384.8 568.988 300 90
0 384.8 569.208 300 90
0 384.8 569.46 300 90
0 384.8 569.716 300 90
0 384.8 569.854 300 90
0 384.8 570.024 300 90
0 384.8 570.235 300 90
0 384.8 570.46 300 90
0 384.8 570.605 300 90
0 384.8 570.883 300 90
0 384.8 571.12 300 90
0 384.8 571.297 300 90
0 384.8 571.549 300 90
0 384.8 571.749 300 90
0 384.8 571.98 300 90
0 384.8 572.245 300 90
0 384.8 572.391 300 90
0 384.8 572.565 300 90
0 384.8 572.727 300 90
0 384.8 572.977 300 90
0 384.8 573.161 300 90
0 384.8 573.394 300 90
0 384.8 573.522 300 90
0 384.8 573.78 300 90
0 384.8 574.002 300 90
0 384.8 574.13 300 90
0 384.8 574.256 300 90
0 384.8 574.446 300 90
0 384.8 574.634 300 90
0 384.8 574.889 300 90
0 384.8 575.19 300 90
0 384.8 575.36 300 90
0 384.8 575.668 300 90
0 384.8 575.829 300 90
0 384.8 575.944 300 90
0 384.8 576.034 300 90
0 384.8 576.122 300 90
0 384.8 576.212 300 90
0 384.8 576.379 300 90
0 384.8 576.507 300 90
0 384.8 576.623 300 90
0 384.8 576.827 300 90
0 384.8 577.089 300 90
0 384.8 577.379 300 90
0 384.8 577.595 300 90
0 384.8 577.855 300 90
0 384.8 578.012 300 90
0 384.8 578.261 300 90
0 384.8 578.458 300 90
0 384.8 578.641 300 90
0 384.8 578.941 300 90
0 384.8 579.278 300 90
0 384.8 579.442 300 90
0 384.8 579.685 300 90
0 384.8 579.949 300 90
0 384.8 580.135 300 90
0 384.8 580.439 300 90
0 384.8 580.616 300 90
0 384.8 580.795 300 90
0 384.8 581.008 300 90
0 384.8 581.22 300 90
0 384.8 581.514 300 90
0 384.8 581.674 300 90
0 384.8 581.821 300 90
0 384.8 582.005 300 90
0 384.8 582.193 300 90
0 384.8 582.337 300 90
0 384.8 582.595 300 90
0 384.8 582.734 300 90
0 384.8 582.954 300 90
0 384.8 583.19 300 90
0 384.8 583.403 300 90
0 384.8 583.618 300 90
0 384.8 583.866 300 90
0 384.8 584.076 300 90
0 384.8 584.247 300 90
0 384.8 584.396 300 90
0 384.8 584.621 300 90
0 384.8 584.833 300 90
0 384.8 585.06 300 90
0 384.8 585.205 300 90
0 384.8 585.367 300 90
0 384.8 585.597 300 90
0 384.8 585.745 300 90
0 384.8 585.948 300 90
0 384.8 586.137 300 90
0 384.8 586.319 300 90
0 384.8 586.588 300 90
0 384.8 586.728 300 90
0 384.8 586.918 300 90
0 384.8 587.196 300 90
0 384.8 587.445 300 90
0 384.8 587.61 300 90
0 384.8 587.786 300 90
0 384.8 588.053 300 90
0 384.8 588.182 300 90
0 384.8 588.407 300 90
0 384.8 588.545 300 90
0 384.8 588.741 300 90
0 384.8 588.899 300 90
0 384.8 589.05 300 90
0 384.8 589.274 300 90
0 384.8 589.46 300 90
0 384.8 589.632 300 90
0 384.8 589.853 300 90
0 384.8 590.08 300 90
0 384.8 590.319 300 90
0 384.8 590.51 300 90
0 384.8 590.729 300 90
0 384.8 591.018 300 90
0 384.8 591.232 300 90
0 384.8 591.534 300 90
0 384.8 591.776 300 90
0 384.8 591.997 300 90
0 384.8 592.365 300 90
0 384.8 592.632 300 90
0 384.8 592.774 300 90
0 384.8 592.942 300 90
0 384.8 593.137 300 90
0 384.8 593.334 300 90
0 384.8 593.424 300 90
0 384.8 593.576 300 90
0 384.8 593.703 300 90
0 384.8 593.781 300 90
0 384.8 593.918 300 90
0 384.8 594.115 300 90
0 384.8 594.249 300 90
0 384.8 594.415 300 90
0 384.8 594.573 300 90
0 384.8 594.73 300 90
0 384.8 594.886 300 90
0 384.8 595.019 300 90
0 384.8 595.239 300 90
0 384.8 595.502 300 90
0 384.8 595.727 300 90
0 384.8 595.917 300 90
0 384.8 596.344 300 90
0 384.8 596.569 300 90
0 384.8 596.722 300 90
0 384.8 596.853 300 90
0 384.8 597.107 300 90
0 384.8 597.281 300 90
0 384.8 597.634 300 90
0 384.8 597.793 300 90
0 384.8 597.931 300 90
0 384.8 598.109 300 90
0 384.8 598.252 300 90
0 384.8 598.544 300 90
0 384.8 598.797 300 90
0 384.8 598.976 300 90
0 384.8 599.222 300 90
0 384.8 599.405 300 90
0 384.8 599.531 300 90
0 384.8 599.675 300 90
0 384.8 599.855 300 90
0 384.8 600.032 300 90
0 384.8 600.332 300 90
0 384.8 600.566 300 90
0 384.8 600.716 300 90
0 384.8 601.174 300 90
0 384.8 601.394 300 90
0 384.8 601.59 300 90
0 384.8 601.772 300 90
0 384.8 601.949 300 90
0 384.8 602.068 300 90
0 384.8 602.284 300 90
0 384.8 602.411 300 90
0 384.8 602.574 300 90
0 384.8 602.729 300 90
0 384.8 602.817 300 90
0 384.8 602.975 300 90
0 384.8 603.103 300 90
0 384.8 603.209 300 90
0 384.8 603.38 300 90
0 384.8 603.549 300 90
0 384.8 603.639 300 90
0 384.8 603.802 300 90
0 384.8 603.923 300 90
0 384.8 604.086 300 90
0 384.8 604.266 300 90
0 384.8 604.399 300 90
0 384.8 604.552 300 90
0 384.8 604.739 300 90
0 384.8 604.924 300 90
0 384.8 605.112 300 90
0 384.8 605.212 300 90
0 384.8 605.39 300 90
0 384.8 605.595 300 90
0 384.8 605.854 300 90
0 384.8 606.021 300 90
0 384.8 606.204 300 90
0 384.8 606.325 300 90
0 384.8 606.541 300 90
0 384.8 606.639 300 90
0 384.8 606.759 300 90
0 384.8 606.919 300 90
0 384.8 607.073 300 90
0 384.8 607.205 300 90
0 384.8 607.388 300 90
0 384.8 607.543 300 90
0 384.8 607.749 300 90
0 384.8 607.887 300 90
0 384.8 608.012 300 90
0 384.8 608.148 300 90
0 384.8 608.332 300 90
0 384.8 608.418 300 90
0 384.8 608.554 300 90
0 384.8 608.732 300 90
0 384.8 608.932 300 90
0 384.8 609.143 300 90
0 384.8 609.298 300 90
0 384.8 609.49 300 90
0 384.8 609.587 300 90
0 384.8 609.758 300 90
0 384.8 609.857 300 90
0 384.8 610.039 300 90
0 384.8 610.184 300 90
0 384.8 610.32 300 90
0 384.8 610.439 300 90
0 384.8 610.532 300 90
0 384.8 610.658 300 90
0 384.8 610.791 300 90
0 384.8 610.988 300 90
0 384.8 611.221 300 90
0 384.8 611.44 300 90
0 384.8 611.6 300 90
0 384.8 611.794 300 90
0 384.8 611.98 300 90
0 384.8 612.119 300 90
0 384.8 612.223 300 90
0 384.8 612.319 300 90
0 384.8 612.531 300 90
0 384.8 612.721 300 90
0 384.8 612.998 300 90
0 384.8 613.232 300 90
0 384.8 613.354 300 90
0 384.8 613.534 300 90
0 384.8 613.665 300 90
0 384.8 613.894 300 90
0 384.8 614.05 300 90
0 384.8 614.138 300 90
0 384.8 614.236 300 90
0 384.8 614.372 300 90
0 384.8 614.467 300 90
0 384.8 614.595 300 90
0 384.8 614.764 300 90
0 384.8 614.949 300 90
0 384.8 615.146 300 90
0 384.8 615.29 300 90
0 384.8 615.462 300 90
0 384.8 615.653 300 90
0 384.8 615.744 300 90
0 384.8 615.918 300 90
0 384.8 616.043 300 90
0 384.8 616.183 300 90
0 384.8 616.304 300 90
0 384.8 616.455 300 90
0 384.8 616.613 300 90
0 384.8 616.74 300 90
0 384.8 616.864 300 90
0 384.8 616.963 300 90
0 384.8 617.05 300 90
0 384.8 617.259 300 90
0 384.8 617.375 300 90
0 384.8 617.513 300 90
0 384.8 617.611 300 90
0 384.8 617.693 300 90
0 384.8 617.857 300 90
0 384.8 617.991 300 90
0 384.8 618.139 300 90
0 384.8 618.226 300 90
0 384.8 618.434 300 90
0 384.8 618.586 300 90
0 384.8 618.71 300 90
0 384.8 618.833 300 90
0 384.8 618.921 300 90
0 384.8 619.118 300 90
0 384.8 619.308 300 90
0 384.8 619.436 300 90
0 384.8 619.609 300 90
0 384.8 619.81 300 90
0 384.8 620.027 300 90
0 384.8 620.259 300 90
0 384.8 620.549 300 90
0 384.8 620.818 300 90
0 384.8 621.043 300 90
0 384.8 621.335 300 90
0 384.8 621.599 300 90
0 384.8 621.741 300 90
0 384.8 622.092 300 90
0 384.8 622.245 300 90
0 384.8 622.478 300 90
0 384.8 622.782 300 90
0 384.8 623.064 300 90
0 384.8 623.305 300 90
0 384.8 623.436 300 90
0 384.8 623.744 300 90
0 384.8 623.882 300 90
0 384.8 624.213 300 90
0 384.8 624.463 300 90
0 384.8 624.616 300 90
0 384.8 624.793 300 90
0 384.8 624.96 300 90
0 384.8 625.133 300 90
0 384.8 625.349 300 90
0 384.8 625.646 300 90
0 384.8 625.846 300 90
0 384.8 626.171 300 90
0 384.8 626.37 300 90
0 384.8 626.57 300 90
0 384.8 626.762 300 90
0 384.8 626.944 300 90
0 384.8 627.232 300 90
0 384.8 627.417 300 90
0 384.8 627.674 300 90
0 384.8 627.905 300 90
0 384.8 628.186 300 90
0 384.8 628.43 300 90
0 384.8 628.619 300 90
0 384.8 628.749 300 90
0 384.8 628.904 300 90
0 384.8 629.16 300 90
0 384.8 629.341 300 90
0 384.8 629.472 300 90
0 384.8 629.692 300 90
0 384.8 629.969 300 90
0 384.8 630.285 300 90
0 384.8 630.539 300 90
0 384.8 630.676 300 90
0 384.8 630.861 300 90
0 384.8 631.05 300 90
0 384.8 631.232 300 90
0 384.8 631.501 300 90
0 384.8 631.699 300 90
0 384.8 631.947 300 90
0 384.8 632.142 300 90
0 384.8 632.61 300 90
0 384.8 632.788 300 90
0 384.8 632.995 300 90
0 384.8 633.135 300 90
0 384.8 633.429 300 90
0 384.8 633.838 300 90
0 384.8 634.124 300 90
0 384.8 634.402 300 90
0 384.8 634.631 300 90
0 384.8 634.87 300 90
0 384.8 635.054 300 90
0 384.8 635.295 300 90
0 384.8 635.444 300 90
0 384.8 635.673 300 90
0 384.8 635.948 300 90
0 384.8 636.133 300 90
0 384.8 636.326 300 90
0 384.8 636.543 300 90
0 384.8 636.729 300 90
0 384.8 636.975 300 90
0 384.8 637.218 300 90
0 384.8 637.448 300 90
0 384.8 637.597 300 90
0 384.8 637.822 300 90
0 384.8 638.024 300 90
0 384.8 638.236 300 90
0 384.8 638.44 300 90
0 384.8 638.695 300 90
0 384.8 638.943 300 90
0 384.8 639.152 300 90
0 384.8 639.396 300 90
0 384.8 639.736 300 90
0 384.8 639.913 300 90
0 384.8 640.124 300 90
0 384.8 640.352 300 90
0 384.8 640.559 300 90
0 384.8 640.836 300 90
0 384.8 641.048 300 90
0 384.8 641.296 300 90
0 384.8 641.561 300 90
0 384.8 641.7 300 90
0 384.8 641.868 300 90
0 384.8 642.013 300 90
0 384.8 642.211 300 90
0 384.8 642.321 300 90
0 384.8 642.487 300 90
0 384.8 642.653 300 90
0 384.8 642.856 300 90
0 384.8 643.059 300 90
0 384.8 643.214 300 90
0 384.8 643.374 300 90
0 384.8 643.513 300 90
0 384.8 643.702 300 90
0 384.8 643.874 300 90
0 384.8 644.088 300 90
0 384.8 644.375 300 90
0 384.8 644.568 300 90
0 384.8 644.703 300 90
0 384.8 644.896 300 90
0 384.8 645.101 300 90
0 384.8 645.239 300 90
0 384.8 645.371 300 90
0 384.8 645.545 300 90
0 384.8 645.709 300 90
0 384.8 645.989 300 90
0 384.8 646.251 300 90
0 384.8 646.47 300 90
0 384.8 646.653 300 90
0 384.8 646.845 300 90
0 384.8 647.06 300 90
0 384.8 647.311 300 90
0 384.8 647.457 300 90
0 384.8 647.651 300 90
0 384.8 647.799 300 90
0 384.8 647.98 300 90
0 384.8 648.123 300 90
0 384.8 648.37 300 90
0 384.8 648.696 300 90
0 384.8 648.978 300 90
0 384.8 649.216 300 90
0 384.8 649.431 300 90
0 384.8 649.646 300 90
0 384.8 649.908 300 90
0 384.8 650.11 300 90
0 384.8 650.288 300 90
0 384.8 650.514 300 90
0 384.8 650.691 300 90
0 384.8 650.903 300 90
0 384.8 651.096 300 90
0 384.8 651.492 300 90
0 384.8 651.741 300 90
0 384.8 651.987 300 90
0 384.8 652.221 300 90
0 384.8 652.452 300 90
0 384.8 652.661 300 90
0 384.8 652.797 300 90
0 384.8 653.032 300 90
0 384.8 653.223 300 90
0 384.8 653.451 300 90
0 384.8 653.636 300 90
0 384.8 653.812 300 90
0 384.8 653.942 300 90
0 384.8 654.131 300 90
0 384.8 654.383 300 90
0 384.8 654.559 300 90
0 384.8 654.72 300 90
0 384.8 655.042 300 90
0 384.8 655.323 300 90
0 384.8 655.656 300 90
0 384.8 656.027 300 90
0 384.8 656.405 300 90
0 384.8 656.673 300 90
0 384.8 657.01 300 90
0 384.8 657.177 300 90
0 384.8 657.38 300 90
0 384.8 657.602 300 90
0 384.8 657.841 300 90
0 384.8 658.011 300 90
0 384.8 658.319 300 90
0 384.8 658.514 300 90
0 384.8 658.657 300 90
0 384.8 658.92 300 90
0 384.8 659.059 300 90
0 384.8 659.308 300 90
0 384.8 659.514 300 90
0 384.8 659.722 300 90
0 384.8 659.853 300 90
0 384.8 660.048 300 90
0 384.8 660.316 300 90
0 384.8 660.562 300 90
0 384.8 660.89 300 90
0 384.8 661.03 300 90
0 384.8 661.227 300 90
0 384.8 661.53 300 90
0 384.8 661.666 300 90
0 384.8 661.901 300 90
0 384.8 662.15 300 90
0 384.8 662.389 300 90
0 384.8 662.595 300 90
0 384.8 662.814 300 90
0 384.8 662.971 300 90
0 384.8 663.156 300 90
0 384.8 663.44 300 90
0 384.8 663.582 300 90
0 384.8 663.775 300 90
0 384.8 663.944 300 90
0 384.8 664.163 300 90
0 384.8 664.345 300 90
0 384.8 664.611 300 90
0 384.8 664.937 300 90
0 384.8 665.227 300 90
0 384.8 665.554 300 90
0 384.8 665.783 300 90
0 384.8 665.936 300 90
0 384.8 666.135 300 90
0 384.8 666.42 300 90
0 384.8 666.689 300 90
0 384.8 666.908 300 90
0 384.8 667.131 300 90
0 384.8 667.331 300 90
0 384.8 667.589 300 90
0 384.8 667.761 300 90
0 384.8 668.001 300 90
0 384.8 668.186 300 90
0 384.8 668.382 300 90
0 384.8 668.565 300 90
0 384.8 668.754 300 90
0 384.8 668.937 300 90
0 384.8 669.258 300 90
0 384.8 669.449 300 90
0 384.8 669.585 300 90
0 384.8 669.72 300 90
0 384.8 669.94 300 90
0 384.8 670.141 300 90
0 384.8 670.319 300 90
0 384.8 670.462 300 90
0 384.8 670.657 300 90
0 384.8 670.911 300 90
0 384.8 671.138 300 90
0 384.8 671.277 300 90
0 384.8 671.446 300 90
0 384.8 671.639 300 90
0 384.8 671.823 300 90
0 384.8 672.046 300 90
0 384.8 672.218 300 90
0 384.8 672.471 300 90
0 384.8 672.748 300 90
0 384.8 672.906 300 90
0 384.8 673.06 300 90
0 384.8 673.362 300 90
0 384.8 673.672 300 90
0 384.8 673.866 300 90
0 384.8 674.044 300 90
0 384.8 674.177 300 90
0 384.8 674.314 300 90
0 384.8 674.547 300 90
0 384.8 674.833 300 90
0 384.8 675.063 300 90
0 384.8 675.294 300 90
0 384.8 675.428 300 90
0 384.8 675.618 300 90
0 384.8 676.047 300 90
0 384.8 676.274 300 90
0 384.8 676.504 300 90
0 384.8 676.753 300 90
0 384.8 676.902 300 90
0 384.8 677.25 300 90
0 384.8 677.481 300 90
0 384.8 677.688 300 90
0 384.8 677.936 300 90
0 384.8 678.18 300 90
0 384.8 678.412 300 90
0 384.8 678.594 300 90
0 384.8 678.889 300 90
0 384.8 679.068 300 90
0 384.8 679.434 300 90
0 384.8 679.62 300 90
0 384.8 679.847 300 90
0 384.8 680.068 300 90
0 384.8 680.337 300 90
0 384.8 680.651 300 90
0 384.8 680.929 300 90
0 384.8 681.16 300 90
0 384.8 681.346 300 90
0 384.8 681.442 300 90
0 384.8 681.595 300 90
0 384.8 681.734 300 90
0 384.8 681.976 300 90
0 384.8 682.102 300 90
0 384.8 682.251 300 90
0 384.8 682.458 300 90
0 384.8 682.611 300 90
0 384.8 682.728 300 90
0 384.8 682.908 300 90
0 384.8 683.052 300 90
0 384.8 683.253 300 90
0 384.8 683.45 300 90
0 384.8 683.708 300 90
0 384.8 683.885 300 90
0 384.8 684.103 300 90
0 384.8 684.275 300 90
0 384.8 684.44 300 90
0 384.8 684.633 300 90
0 384.8 684.94 300 90
0 384.8 685.234 300 90
0 384.8 685.42 300 90
0 384.8 685.627 300 90
0 384.8 685.756 300 90
0 384.8 685.939 300 90
0 384.8 686.11 300 90
0 384.8 686.268 300 90
0 384.8 686.391 300 90
0 384.8 686.682 300 90
0 384.8 686.891 300 90
0 384.8 687.185 300 90
0 384.8 687.395 300 90
0 384.8 687.6 300 90
0 384.8 687.736 300 90
0 384.8 687.998 300 90
0 384.8 688.215 300 90
0 384.8 688.414 300 90
0 384.8 688.548 300 90
0 384.8 688.659 300 90
0 384.8 688.802 300 90
0 384.8 689.058 300 90
0 384.8 689.247 300 90
0 384.8 689.401 300 90
0 384.8 689.622 300 90
0 384.8 689.75 300 90
0 384.8 689.927 300 90
0 384.8 690.055 300 90
0 384.8 690.236 300 90
0 384.8 690.46 300 90
0 384.8 690.7 300 90
0 384.8 690.856 300 90
0 384.8 691.037 300 90
0 384.8 691.177 300 90
0 384.8 691.353 300 90
0 384.8 691.526 300 90
0 384.8 691.768 300 90
0 384.8 691.943 300 90
0 384.8 692.095 300 90
0 384.8 692.22 300 90
0 384.8 692.383 300 90
0 384.8 692.561 300 90
0 384.8 692.69 300 90
0 384.8 692.828 300 90
0 384.8 693.015 300 90
0 384.8 693.191 300 90
0 384.8 693.564 300 90
0 384.8 693.913 300 90
0 384.8 694.058 300 90
0 384.8 694.215 300 90
0 384.8 694.361 300 90
0 384.8 694.493 300 90
0 384.8 694.62 300 90
0 384.8 694.737 300 90
0 384.8 694.893 300 90
0 384.8 695.012 300 90
0 384.8 695.164 300 90
0 384.8 695.252 300 90
0 384.8 695.428 300 90
0 384.8 695.585 300 90
0 384.8 695.706 300 90
0 384.8 695.889 300 90
0 384.8 696.067 300 90
0 384.8 696.162 300 90
0 384.8 696.271 300 90
0 384.8 696.396 300 90
0 384.8 696.601 300 90
0 384.8 696.789 300 90
0 384.8 696.886 300 90
0 384.8 697.005 300 90
0 384.8 697.104 300 90
0 384.8 697.216 300 90
0 384.8 697.392 300 90
0 384.8 697.536 300 90
0 384.8 697.721 300 90
0 384.8 697.911 300 90
0 384.8 698.072 300 90
0 384.8 698.236 300 90
0 384.8 698.367 300 90
0 384.8 698.524 300 90
0 384.8 698.721 300 90
0 384.8 698.961 300 90
0 384.8 699.144 300 90
0 384.8 699.313 300 90
0 384.8 699.437 300 90
0 384.8 699.74 300 90
0 384.8 699.834 300 90
0 384.8 699.954 300 90
0 384.8 700.156 300 90
0 384.8 700.256 300 90
0 384.8 700.401 300 90
0 384.8 700.568 300 90
0 384.8 700.744 300 90
0 384.8 700.955 300 90
0 384.8 701.123 300 90
0 384.8 701.303 300 90
0 384.8 701.488 300 90
0 384.8 701.673 300 90
0 384.8 701.809 300 90
0 384.8 701.985 300 90
0 384.8 702.216 300 90
0 384.8 702.365 300 90
0 384.8 702.63 300 90
0 384.8 702.979 300 90
0 384.8 703.145 300 90
0 384.8 703.319 300 90
0 384.8 703.467 300 90
0 384.8 703.736 300 90
0 384.8 703.924 300 90
0 384.8 704.119 300 90
0 384.8 704.283 300 90
0 384.8 704.521 300 90
0 384.8 704.966 300 90
0 384.8 705.154 300 90
0 384.8 705.317 300 90
0 384.8 705.491 300 90
0 384.8 705.658 300 90
0 384.8 705.904 300 90
0 384.8 706.081 300 90
0 384.8 706.286 300 90
0 384.8 706.525 300 90
0 384.8 706.752 300 90
0 384.8 706.965 300 90
0 384.8 707.203 300 90
0 384.8 707.436 300 90
0 384.8 707.716 300 90
0 384.8 708.023 300 90
0 384.8 708.226 300 90
0 384.8 708.457 300 90
0 384.8 708.603 300 90
0 384.8 708.829 300 90
0 384.8 709.008 300 90
0 384.8 709.183 300 90
0 384.8 709.595 300 90
0 384.8 709.862 300 90
0 384.8 710.027 300 90
0 384.8 710.21 300 90
0 384.8 710.336 300 90
0 384.8 710.48 300 90
0 384.8 710.609 300 90
0 384.8 710.92 300 90
0 384.8 711.09 300 90
0 384.8 711.335 300 90
0 384.8 711.602 300 90
0 384.8 711.793 300 90
0 384.8 711.989 300 90
0 384.8 712.116 300 90
0 384.8 712.293 300 90
0 384.8 712.518 300 90
0 384.8 712.735 300 90
0 384.8 712.988 300 90
0 384.8 713.186 300 90
0 384.8 713.371 300 90
0 384.8 713.666 300 90
0 384.8 713.844 300 90
0 384.8 714.072 300 90
0 384.8 714.24 300 90
0 384.8 714.544 300 90
0 384.8 714.746 300 90
0 384.8 715.125 300 90
0 384.8 715.288 300 90
0 384.8 715.467 300 90
0 384.8 715.824 300 90
0 384.8 716.11 300 90
0 384.8 716.255 300 90
0 384.8 716.439 300 90
0 384.8 716.65 300 90
0 384.8 716.837 300 90
0 384.8 717.209 300 90
0 384.8 717.376 300 90
0 384.8 717.572 300 90
0 384.8 717.737 300 90
0 384.8 717.935 300 90
0 384.8 718.144 300 90
0 384.8 718.326 300 90
0 384.8 718.454 300 90
0 384.8 718.73 300 90
0 384.8 719.038 300 90
0 384.8 719.18 300 90
0 384.8 719.4 300 90
0 384.8 719.667 300 90
0 384.8 719.814 300 90
0 384.8 720.037 300 90
0 384.8 720.178 300 90
0 384.8 720.547 300 90
0 384.8 720.883 300 90
0 384.8 721.099 300 90
0 384.8 721.402 300 90
0 384.8 721.701 300 90
0 384.8 721.86 300 90
0 384.8 722.021 300 90
0 384.8 722.158 300 90
0 384.8 722.332 300 90
0 384.8 722.598 300 90
0 384.8 722.849 300 90
0 384.8 723.082 300 90
0 384.8 723.333 300 90
0 384.8 723.684 300 90
0 384.8 723.836 300 90
0 384.8 724.05 300 90
0 384.8 724.262 300 90
0 384.8 724.461 300 90
0 384.8 724.655 300 90
0 384.8 724.781 300 90
0 384.8 724.957 300 90
0 384.8 725.136 300 90
0 384.8 725.282 300 90
0 384.8 725.501 300 90
0 384.8 725.639 300 90
0 384.8 725.838 300 90
0 384.8 726.022 300 90
0 384.8 726.202 300 90
0 384.8 726.472 300 90
0 384.8 726.65 300 90
0 384.8 726.874 300 90
0 384.8 727.123 300 90
0 384.8 727.26 300 90
0 384.8 727.382 300 90
0 384.8 727.636 300 90
0 384.8 727.761 300 90
0 384.8 728.086 300 90
0 384.8 728.274 300 90
0 384.8 728.499 300 90
0 384.8 728.709 300 90
0 384.8 728.95 300 90
0 384.8 729.167 300 90
0 384.8 729.341 300 90
0 384.8 729.475 300 90
0 384.8 729.617 300 90
0 384.8 729.856 300 90
0 384.8 730.039 300 90
0 384.8 730.265 300 90
0 384.8 730.437 300 90
0 384.8 730.638 300 90
0 384.8 730.881 300 90
0 384.8 731.047 300 90
0 384.8 731.181 300 90
0 384.8 731.436 300 90
0 384.8 731.645 300 90
0 384.8 731.857 300 90
0 384.8 732.035 300 90
0 384.8 732.478 300 90
0 384.8 732.858 300 90
0 384.8 733.083 300 90
0 384.8 733.212 300 90
0 384.8 733.499 300 90
0 384.8 733.674 300 90
0 384.8 733.936 300 90
0 384.8 734.191 300 90
0 384.8 734.425 300 90
0 384.8 734.611 300 90
0 384.8 734.728 300 90
0 384.8 734.929 300 90
0 384.8 735.095 300 90
0 384.8 735.285 300 90
0 384.8 735.411 300 90
0 384.8 735.676 300 90
0 384.8 735.811 300 90
0 384.8 736.154 300 90
0 384.8 736.311 300 90
0 384.8 736.51 300 90
0 384.8 736.647 300 90
0 384.8 736.856 300 90
0 384.8 736.983 300 90
0 384.8 737.113 300 90
0 384.8 737.331 300 90
0 384.8 737.66 300 90
0 384.8 737.884 300 90
0 384.8 738.171 300 90
0 384.8 738.381 300 90
0 384.8 738.696 300 90
0 384.8 739.065 300 90
0 384.8 739.197 300 90
0 384.8 739.421 300 90
0 384.8 739.612 300 90
0 384.8 739.775 300 90
0 384.8 740.154 300 90
0 384.8 740.422 300 90
0 384.8 740.559 300 90
0 384.8 740.861 300 90
0 384.8 741.164 300 90
0 384.8 741.473 300 90
0 384.8 741.759 300 90
0 384.8 741.968 300 90
0 384.8 742.274 300 90
0 384.8 742.503 300 90
0 384.8 742.738 300 90
0 384.8 742.972 300 90
0 384.8 743.278 300 90
0 384.8 743.551 300 90
0 384.8 743.668 300 90
0 384.8 743.966 300 90
0 384.8 744.2 300 90
0 384.8 744.399 300 90
0 384.8 744.637 300 90
0 384.8 744.959 300 90
0 384.8 745.258 300 90
0 384.8 745.626 300 90
0 384.8 745.874 300 90
0 384.8 746.122 300 90
0 384.8 746.349 300 90
0 384.8 746.706 300 90
0 384.8 746.98 300 90
0 384.8 747.311 300 90
0 384.8 747.569 300 90
0 384.8 747.998 300 90
0 384.8 748.265 300 90
0 384.8 748.525 300 90
0 384.8 748.808 300 90
0 384.8 749.07 300 90
0 384.8 749.308 300 90
0 384.8 749.617 300 90
0 384.8 749.977 300 90
0 384.8 750.269 300 90
0 384.8 750.467 300 90
0 384.8 750.765 300 90
0 384.8 750.944 300 90
0 384.8 751.205 300 90
0 384.8 751.571 300 90
0 384.8 751.923 300 90
0 384.8 752.162 300 90
0 384.8 752.428 300 90
0 384.8 752.781 300 90
0 384.8 753.128 300 90
0 384.8 753.398 300 90
0 384.8 753.679 300 90
0 384.8 754.019 300 90
0 384.8 754.535 300 90
0 384.8 754.732 300 90
0 384.8 755.045 300 90
0 384.8 755.275 300 90
0 384.8 755.517 300 90
0 384.8 755.832 300 90
0 384.8 756.078 300 90
0 384.8 756.424 300 90
0 384.8 756.666 300 90
0 384.8 757.179 300 90
0 384.8 757.455 300 90
0 384.8 757.803 300 90
0 384.8 758.032 300 90
0 384.8 758.173 300 90
0 384.8 758.504 300 90
0 384.8 758.688 300 90
0 384.8 759.07 300 90
0 384.8 759.233 300 90
0 384.8 759.402 300 90
0 384.8 759.765 300 90
0 384.8 760.004 300 90
0 384.8 760.216 300 90
0 384.8 760.4 300 90
0 384.8 760.611 300 90
0 384.8 760.833 300 90
0 384.8 761.087 300 90
0 384.8 761.418 300 90
0 384.8 761.738 300 90
0 384.8 762.083 300 90
0 384.8 762.29 300 90
0 384.8 762.59 300 90
0 384.8 762.738 300 90
0 384.8 763.035 300 90
0 384.8 763.25 300 90
0 384.8 763.55 300 90
0 384.8 763.854 300 90
0 384.8 764.237 300 90
0 384.8 764.449 300 90
0 384.8 764.686 300 90
0 384.8 764.865 300 90
0 384.8 765.189 300 90
0 384.8 765.494 300 90
0 384.8 765.771 300 90
0 384.8 765.998 300 90
0 384.8 766.285 300 90
0 384.8 766.6 300 90
0 384.8 766.885 300 90
0 384.8 767.181 300 90
0 384.8 767.492 300 90
0 384.8 767.73 300 90
0 384.8 767.955 300 90
0 384.8 768.297 300 90
0 384.8 768.657 300 90
0 384.8 768.83 300 90
0 384.8 769.044 300 90
0 384.8 769.214 300 90
0 384.8 769.408 300 90
0 384.8 769.631 300 90
0 384.8 769.893 300 90
0 384.8 770.159 300 90
0 384.8 770.385 300 90
0 384.8 770.584 300 90
0 384.8 770.761 300 90
0 384.8 771.145 300 90
0 384.8 771.51 300 90
0 384.8 771.696 300 90
0 384.8 771.857 300 90
0 384.8 772.15 300 90
0 384.8 772.347 300 90
0 384.8 772.478 300 90
0 384.8 772.609 300 90
0 384.8 772.813 300 90
0 384.8 772.994 300 90
0 384.8 773.185 300 90
0 384.8 773.43 300 90
0 384.8 773.718 300 90
0 384.8 774.048 300 90
0 384.8 774.395 300 90
0 384.8 774.541 300 90
0 384.8 774.749 300 90
0 384.8 774.954 300 90
0 384.8 775.15 300 90
0 384.8 775.309 300 90
0 384.8 775.492 300 90
0 384.8 775.701 300 90
0 384.8 775.931 300 90
0 384.8 776.187 300 90
0 384.8 776.503 300 90
0 384.8 776.785 300 90
0 384.8 776.899 300 90
0 384.8 777.294 300 90
0 384.8 777.525 300 90
0 384.8 777.658 300 90
0 384.8 777.923 300 90
0 384.8 778.233 300 90
0 384.8 778.497 300 90
0 384.8 778.727 300 90
0 384.8 779.001 300 90
0 384.8 779.135 300 90
0 384.8 779.267 300 90
0 384.8 779.536 300 90
0 384.8 779.854 300 90
0 384.8 780.01 300 90
0 384.8 780.238 300 90
0 384.8 780.373 300 90
0 384.8 780.587 300 90
0 384.8 780.85 300 90
0 384.8 781.05 300 90
0 384.8 781.216 300 90
0 384.8 781.602 300 90
0 384.8 781.8 300 90
0 384.8 781.941 300 90
0 384.8 782.127 300 90
0 384.8 782.317 300 90
0 384.8 782.584 300 90
0 384.8 782.856 300 90
0 384.8 783.029 300 90
0 384.8 783.261 300 90
0 384.8 783.443 300 90
0 384.8 783.652 300 90
0 384.8 784.007 300 90
0 384.8 784.22 300 90
0 384.8 784.562 300 90
0 384.8 784.799 300 90
0 384.8 784.962 300 90
0 384.8 785.253 300 90
0 384.8 785.393 300 90
0 384.8 785.675 300 90
0 384.8 785.942 300 90
0 384.8 786.206 300 90
0 384.8 786.497 300 90
0 384.8 786.75 300 90
0 384.8 786.963 300 90
0 384.8 787.275 300 90
0 384.8 787.552 300 90
0 384.8 787.789 300 90
0 384.8 787.995 300 90
0 384.8 788.186 300 90
0 384.8 788.381 300 90
0 384.8 788.497 300 90
0 384.8 788.676 300 90
0 384.8 788.913 300 90
0 384.8 789.215 300 90
0 384.8 789.443 300 90
0 384.8 789.664 300 90
0 384.8 789.829 300 90
0 384.8 790.005 300 90
0 384.8 790.167 300 90
0 384.8 790.373 300 90
0 384.8 790.474 300 90
0 384.8 790.635 300 90
0 384.8 790.8 300 90
0 384.8 790.925 300 90
0 384.8 791.085 300 90
0 384.8 791.189 300 90
0 384.8 791.275 300 90
0 384.8 791.434 300 90
0 384.8 791.601 300 90
0 384.8 791.774 300 90
0 384.8 791.863 300 90
0 384.8 792.008 300 90
0 384.8 792.126 300 90
0 384.8 792.313 300 90
0 384.8 792.432 300 90
0 384.8 792.575 300 90
0 384.8 792.689 300 90
0 384.8 792.836 300 90
0 384.8 793.016 300 90
0 384.8 793.154 300 90
0 384.8 793.302 300 90
0 384.8 793.448 300 90
0 384.8 793.591 300 90
0 384.8 793.741 300 90
0 384.8 793.863 300 90
0 384.8 793.978 300 90
0 384.8 794.097 300 90
0 384.8 794.207 300 90
0 384.8 794.351 300 90
0 384.8 794.455 300 90
0 384.8 794.574 300 90
0 384.8 794.684 300 90
0 384.8 794.785 300 90
0 384.8 794.951 300 90
0 384.8 795.118 300 90
0 384.8 795.232 300 90
0 384.8 795.349 300 90
0 384.8 795.517 300 90
0 384.8 795.65 300 90
0 384.8 795.787 300 90
0 384.8 795.89 300 90
0 384.8 796.098 300 90
0 384.8 796.226 300 90
0 384.8 796.312 300 90
0 384.8 796.448 300 90
0 384.8 796.574 300 90
0 384.8 796.728 300 90
0 384.8 796.825 300 90
0 384.8 796.979 300 90
0 384.8 797.047 300 90
0 384.8 797.196 300 90
0 384.8 797.314 300 90
0 384.8 797.461 300 90
0 384.8 797.566 300 90
0 384.8 797.706 300 90
0 384.8 797.849 300 90
0 384.8 798.018 300 90
0 384.8 798.104 300 90
0 384.8 798.217 300 90
0 384.8 798.302 300 90
0 384.8 798.431 300 90
0 384.8 798.587 300 90
0 384.8 798.723 300 90
0 384.8 798.846 300 90
0 384.8 798.973 300 90
0 384.8 799.108 300 90
0 384.8 799.321 300 90
0 384.8 799.396 300 90
0 384.8 799.531 300 90
0 384.8 799.658 300 90
0 384.8 799.767 300 90
0 384.8 799.929 300 90
