0 581.2 0.395221 300 0
0 579.2 0.571533 1
0 484 0.818586 2
0 319.6 0.994165 2
0 314 1.22237 2
0 297.2 1.91871 8
0 291.6 2.04334 8
0 280.4 2.60621 8
0 274.8 2.84003 8
0 267.2 3.48033 12
0 263.6 3.55436 12
0 261.6 5.83397 43
0 261.6 10.7226 300 89
0 261.6 18.1102 300 89
0 261.6 25.7518 300 89
0 261.6 33.693 300 89
0 261.6 43.8691 300 89
0 261.6 53.2288 300 89
0 261.6 62.9255 300 89
0 261.6 72.242 300 89
0 261.6 80.5185 300 89
0 261.6 87.1355 300 89
0 261.6 95.4054 300 89
0 261.6 104.399 300 89
0 261.6 113.451 300 89
0 261.6 122.704 300 89
0 261.6 128.206 300 89
0 261.6 137.894 300 89
0 258 142.178 89
0 258 145.285 300 89
0 258 152.26 300 89
0 258 159.932 300 89
0 258 168.372 300 89
0 258 176.016 300 89
0 258 183.17 300 89
0 258 189.758 300 89
0 256 192.835 89
0 256 197.477 300 89
0 256 206.939 300 89
0 256 216.143 300 89
0 256 223.831 300 89
0 256 231.514 300 89
0 256 237.918 300 89
0 256 245.857 300 89
0 256 251.774 300 89
0 256 257.461 300 89
0 256 266.189 300 89
0 256 276.403 300 89
0 256 286.614 300 89
0 256 293.838 300 89
0 256 299.862 300 89
0 256 309.724 300 89
0 256 319.606 300 89
0 256 325.842 300 89
0 256 334.902 300 89
0 256 343.473 300 89
0 256 355.469 300 89
0 252.4 358.466 89
0 252.4 360.828 300 89
0 252.4 370.406 300 89
0 250.4 376.168 89
0 250.4 380.094 300 89
0 250.4 391.138 300 89
0 250.4 400.385 300 89
0 250.4 409.747 300 89
0 250.4 418.54 300 89
0 250.4 426.762 300 89
0 250.4 435.107 300 89
0 250.4 443.55 300 89
0 250.4 453.153 300 89
0 250.4 460.124 300 89
0 250.4 469.395 300 89
0 250.4 477.516 300 89
0 250.4 486.516 300 89
0 250.4 496.501 300 89
0 250.4 503.94 300 89
0 250.4 511.397 300 89
0 250.4 520.238 300 89
0 250.4 527.811 300 89
0 250.4 540.355 300 89
0 250.4 548.578 300 89
0 250.4 558.928 300 89
0 250.4 569.239 300 89
0 250.4 578.913 300 89
0 250.4 586.274 300 89
0 250.4 598.48 300 89
0 250.4 606.559 300 89
0 250.4 616.345 300 89
0 250.4 626.217 300 89
0 250.4 634.791 300 89
0 250.4 645.67 300 89
0 250.4 655.603 300 89
0 250.4 664.678 300 89
0 250.4 674.684 300 89
0 250.4 684.371 300 89
0 250.4 692.407 300 89
0 250.4 701.358 300 89
0 250.4 710.565 300 89
0 250.4 721.823 300 89
0 250.4 730.213 300 89
0 250.4 738.847 300 89
0 250.4 748.125 300 89
0 250.4 759.258 300 89
0 250.4 769.393 300 89
0 250.4 776.68 300 89
0 250.4 786.051 300 89
0 250.4 793.343 300 89
0 250.4 797.002 300 89
