0.000438 71.200000 71.200000
1.000495 71.200000 71.200000
2.000499 71.200000 71.200000
3.000527 71.200000 71.200000
4.000530 71.200000 71.200000
5.000530 71.200000 71.200000
6.000530 71.200000 71.200000
7.000530 71.200000 71.200000
8.000531 71.200000 71.200000
9.000534 71.200000 71.200000
10.000535 71.200000 71.200000
11.000535 71.200000 71.200000
12.000538 71.200000 71.200000
13.000539 71.200000 71.200000
14.000543 71.200000 71.200000
15.000550 71.200000 71.200000
16.000550 71.200000 71.200000
17.000611 71.200000 71.200000
18.000618 71.200000 71.200000
19.000618 71.200000 71.200000
20.000618 71.200000 71.200000
21.000619 71.200000 71.200000
22.000619 71.200000 71.200000
23.000636 71.200000 71.200000
24.000639 71.200000 71.200000
25.000639 71.200000 71.200000
26.000639 71.200000 71.200000
27.000640 71.200000 71.200000
28.000644 71.200000 71.200000
29.000651 71.200000 71.200000
30.000652 71.200000 71.200000
31.000652 71.200000 71.200000
32.000655 71.200000 71.200000
33.000662 71.200000 71.200000
34.000662 71.200000 71.200000
35.000668 71.200000 71.200000
36.000672 71.200000 71.200000
37.000672 71.200000 71.200000
38.000679 71.200000 71.200000
39.000679 71.200000 71.200000
40.000693 71.200000 71.200000
41.000696 71.200000 71.200000
42.000696 71.200000 71.200000
43.000696 71.200000 71.200000
44.000698 71.200000 71.200000
45.000719 71.200000 71.200000
46.000726 71.200000 71.200000
47.000727 71.200000 71.200000
48.000727 71.200000 71.200000
49.000728 71.200000 71.200000
50.000770 71.200000 71.200000
51.000770 71.200000 71.200000
52.000777 71.200000 71.200000
53.000782 71.200000 71.200000
54.000785 71.200000 71.200000
55.000785 71.200000 71.200000
56.000786 71.200000 71.200000
57.000786 71.200000 71.200000
58.000787 71.200000 71.200000
59.000787 71.200000 71.200000
60.000787 71.200000 71.200000
61.000787 71.200000 71.200000
62.000788 71.200000 71.200000
63.000788 71.200000 71.200000
64.000810 71.200000 71.200000
65.000811 71.200000 71.200000
66.000811 71.200000 71.200000
67.000813 71.200000 71.200000
68.000815 71.200000 71.200000
69.000815 71.200000 71.200000
70.000826 71.200000 71.200000
71.000826 71.200000 71.200000
72.000829 71.200000 71.200000
73.000832 71.200000 71.200000
74.000840 71.200000 71.200000
75.000847 71.200000 71.200000
76.000848 71.200000 71.200000
77.000849 71.200000 71.200000
78.000852 71.200000 71.200000
79.000856 71.200000 71.200000
80.000895 71.200000 71.200000
81.000895 71.200000 71.200000
82.000909 71.200000 71.200000
83.000919 71.200000 71.200000
84.000963 71.200000 71.200000
85.000963 71.200000 71.200000
86.000966 71.200000 71.200000
87.000973 71.200000 71.200000
88.001015 71.200000 71.200000
89.001062 71.200000 71.200000
90.001062 71.200000 71.200000
91.001069 71.200000 71.200000
92.001079 71.200000 71.200000
93.001079 71.200000 71.200000
94.001079 71.200000 71.200000
95.001083 71.200000 71.200000
96.001101 71.200000 71.200000
97.001101 71.200000 71.200000
98.001101 71.200000 71.200000
99.001101 71.200000 71.200000
100.001101 71.200000 71.200000
101.001101 71.200000 71.200000
102.001108 71.200000 71.200000
103.001113 71.200000 71.200000
104.001114 71.200000 71.200000
105.001118 71.200000 71.200000
106.001129 71.200000 71.200000
107.001130 71.200000 71.200000
108.001147 71.200000 71.200000
109.001147 71.200000 71.200000
110.001147 71.200000 71.200000
111.001147 71.200000 71.200000
112.001151 71.200000 71.200000
113.001153 71.200000 71.200000
114.001155 71.200000 71.200000
115.001157 71.200000 71.200000
116.001160 71.200000 71.200000
117.001168 71.200000 71.200000
118.001168 71.200000 71.200000
119.001194 71.200000 71.200000
120.001194 71.200000 71.200000
121.001194 71.200000 71.200000
122.001231 71.200000 71.200000
123.001235 71.200000 71.200000
124.001236 71.200000 71.200000
125.001236 71.200000 71.200000
126.001237 71.200000 71.200000
127.001237 71.200000 71.200000
128.001293 71.200000 71.200000
129.001297 71.200000 71.200000
130.001297 71.200000 71.200000
131.001299 71.200000 71.200000
132.001304 71.200000 71.200000
133.001304 71.200000 71.200000
134.001305 71.200000 71.200000
135.001305 71.200000 71.200000
136.001311 71.200000 71.200000
137.001321 71.200000 71.200000
138.001321 71.200000 71.200000
139.001321 71.200000 71.200000
140.001326 71.200000 71.200000
141.001329 71.200000 71.200000
142.001330 71.200000 71.200000
143.001334 71.200000 71.200000
144.001337 71.200000 71.200000
145.001337 71.200000 71.200000
146.001343 71.200000 71.200000
147.001345 71.200000 71.200000
148.001345 71.200000 71.200000
149.001381 71.200000 71.200000
150.001385 71.200000 71.200000
151.001385 71.200000 71.200000
152.001386 71.200000 71.200000
153.001386 71.200000 71.200000
154.001386 71.200000 71.200000
155.001389 71.200000 71.200000
156.001389 71.200000 71.200000
157.001390 71.200000 71.200000
158.001390 71.200000 71.200000
159.001390 71.200000 71.200000
160.001390 71.200000 71.200000
161.001390 71.200000 71.200000
162.001429 71.200000 71.200000
163.001429 71.200000 71.200000
164.001432 71.200000 71.200000
165.001432 71.200000 71.200000
166.001432 71.200000 71.200000
167.001436 71.200000 71.200000
168.001436 71.200000 71.200000
169.001436 71.200000 71.200000
170.001444 71.200000 71.200000
171.001445 71.200000 71.200000
172.001447 71.200000 71.200000
173.001448 71.200000 71.200000
174.001448 71.200000 71.200000
175.001449 71.200000 71.200000
176.001463 71.200000 71.200000
177.001476 71.200000 71.200000
178.001476 71.200000 71.200000
179.001484 71.200000 71.200000
180.001484 71.200000 71.200000
181.001487 71.200000 71.200000
182.001487 71.200000 71.200000
183.001489 71.200000 71.200000
184.001490 71.200000 71.200000
185.001490 71.200000 71.200000
186.001494 71.200000 71.200000
187.001494 71.200000 71.200000
188.001494 71.200000 71.200000
189.001537 71.200000 71.200000
190.001537 71.200000 71.200000
191.001538 71.200000 71.200000
192.001541 71.200000 71.200000
193.001553 71.200000 71.200000
194.001563 71.200000 71.200000
195.001563 71.200000 71.200000
196.001573 71.200000 71.200000
197.001577 71.200000 71.200000
198.001577 71.200000 71.200000
199.001578 71.200000 71.200000
200.001590 71.200000 71.200000
201.001590 71.200000 71.200000
202.001593 71.200000 71.200000
203.001593 71.200000 71.200000
204.001593 71.200000 71.200000
205.001593 71.200000 71.200000
206.001593 71.200000 71.200000
207.001593 71.200000 71.200000
208.001593 71.200000 71.200000
209.001595 71.200000 71.200000
210.001595 71.200000 71.200000
211.001603 71.200000 71.200000
212.001611 71.200000 71.200000
213.001611 71.200000 71.200000
214.001612 71.200000 71.200000
215.001612 71.200000 71.200000
216.001612 71.200000 71.200000
217.001614 71.200000 71.200000
218.001616 71.200000 71.200000
219.001616 71.200000 71.200000
220.001616 71.200000 71.200000
221.001621 71.200000 71.200000
222.001623 71.200000 71.200000
223.001628 71.200000 71.200000
224.001629 71.200000 71.200000
225.001629 71.200000 71.200000
226.001629 71.200000 71.200000
227.001631 71.200000 71.200000
228.001631 71.200000 71.200000
229.001634 71.200000 71.200000
230.001634 71.200000 71.200000
231.001640 71.200000 71.200000
232.001640 71.200000 71.200000
233.001651 71.200000 71.200000
234.001651 71.200000 71.200000
235.001651 71.200000 71.200000
236.001654 71.200000 71.200000
237.001662 71.200000 71.200000
238.001667 71.200000 71.200000
239.001670 71.200000 71.200000
240.001672 71.200000 71.200000
241.001672 71.200000 71.200000
242.001673 71.200000 71.200000
243.001675 71.200000 71.200000
244.001677 71.200000 71.200000
245.001678 71.200000 71.200000
246.001685 71.200000 71.200000
247.001685 71.200000 71.200000
248.001690 71.200000 71.200000
249.001693 71.200000 71.200000
250.001701 71.200000 71.200000
251.001701 71.200000 71.200000
252.001701 71.200000 71.200000
253.001706 71.200000 71.200000
254.001706 71.200000 71.200000
255.001727 71.200000 71.200000
256.001728 71.200000 71.200000
257.001737 71.200000 71.200000
258.001739 71.200000 71.200000
259.001740 71.200000 71.200000
260.001740 71.200000 71.200000
261.001740 71.200000 71.200000
262.001750 71.200000 71.200000
263.001756 71.200000 71.200000
264.001756 71.200000 71.200000
265.001765 71.200000 71.200000
266.001775 71.200000 71.200000
267.001824 71.200000 71.200000
268.001834 71.200000 71.200000
269.001836 71.200000 71.200000
270.001838 71.200000 71.200000
271.001840 71.200000 71.200000
272.001842 71.200000 71.200000
273.001843 71.200000 71.200000
274.001844 71.200000 71.200000
275.001844 71.200000 71.200000
276.001854 71.200000 71.200000
277.001858 71.200000 71.200000
278.001864 71.200000 71.200000
279.001871 71.200000 71.200000
280.001876 71.200000 71.200000
281.001876 71.200000 71.200000
282.001877 71.200000 71.200000
283.001878 71.200000 71.200000
284.001878 71.200000 71.200000
285.001880 71.200000 71.200000
286.001880 71.200000 71.200000
287.001880 71.200000 71.200000
288.001884 71.200000 71.200000
289.001895 71.200000 71.200000
290.001896 71.200000 71.200000
291.001896 71.200000 71.200000
292.001896 71.200000 71.200000
293.001903 71.200000 71.200000
294.001904 71.200000 71.200000
295.001904 71.200000 71.200000
296.001905 71.200000 71.200000
297.001905 71.200000 71.200000
298.001906 71.200000 71.200000
299.001907 71.200000 71.200000
300.001909 71.200000 71.200000
301.001909 71.200000 71.200000
302.001910 71.200000 71.200000
303.001914 71.200000 71.200000
304.001914 71.200000 71.200000
305.001914 71.200000 71.200000
306.001919 71.200000 71.200000
307.001919 71.200000 71.200000
308.001919 71.200000 71.200000
309.001921 71.200000 71.200000
310.001921 71.200000 71.200000
311.001925 71.200000 71.200000
312.001927 71.200000 71.200000
313.001929 71.200000 71.200000
314.001929 71.200000 71.200000
315.001929 71.200000 71.200000
316.001929 71.200000 71.200000
317.001929 71.200000 71.200000
318.001941 71.200000 71.200000
319.001947 71.200000 71.200000
320.001947 71.200000 71.200000
321.001947 71.200000 71.200000
322.001948 71.200000 71.200000
323.001960 71.200000 71.200000
324.001964 71.200000 71.200000
325.001977 71.200000 71.200000
326.001978 71.200000 71.200000
327.001979 71.200000 71.200000
328.001980 71.200000 71.200000
329.001981 71.200000 71.200000
330.001981 71.200000 71.200000
331.002037 71.200000 71.200000
332.002055 71.200000 71.200000
333.002091 71.200000 71.200000
334.002094 71.200000 71.200000
335.002094 71.200000 71.200000
336.002096 71.200000 71.200000
337.002097 71.200000 71.200000
338.002142 71.200000 71.200000
339.002142 71.200000 71.200000
340.002144 71.200000 71.200000
341.002145 71.200000 71.200000
342.002145 71.200000 71.200000
343.002145 71.200000 71.200000
344.002154 71.200000 71.200000
345.002159 71.200000 71.200000
346.002159 71.200000 71.200000
347.002159 71.200000 71.200000
348.002159 71.200000 71.200000
349.002171 71.200000 71.200000
350.002174 71.200000 71.200000
351.002174 71.200000 71.200000
352.002176 71.200000 71.200000
353.002178 71.200000 71.200000
354.002185 71.200000 71.200000
355.002185 71.200000 71.200000
356.002192 71.200000 71.200000
357.002196 71.200000 71.200000
358.002207 71.200000 71.200000
359.002210 71.200000 71.200000
360.002214 71.200000 71.200000
361.002225 71.200000 71.200000
362.002231 71.200000 71.200000
363.002253 71.200000 71.200000
364.002253 71.200000 71.200000
365.002264 71.200000 71.200000
366.002264 71.200000 71.200000
367.002266 71.200000 71.200000
368.002266 71.200000 71.200000
369.002266 71.200000 71.200000
370.002266 71.200000 71.200000
371.002266 71.200000 71.200000
372.002266 71.200000 71.200000
373.002267 71.200000 71.200000
374.002312 71.200000 71.200000
375.002312 71.200000 71.200000
376.002313 71.200000 71.200000
377.002313 71.200000 71.200000
378.002313 71.200000 71.200000
379.002320 71.200000 71.200000
380.002320 71.200000 71.200000
381.002323 71.200000 71.200000
382.002324 71.200000 71.200000
383.002372 71.200000 71.200000
384.002428 71.200000 71.200000
385.002429 71.200000 71.200000
386.002429 71.200000 71.200000
387.002432 71.200000 71.200000
388.002435 71.200000 71.200000
389.002463 71.200000 71.200000
390.002508 71.200000 71.200000
391.002513 71.200000 71.200000
392.002513 71.200000 71.200000
393.002514 71.200000 71.200000
394.002514 71.200000 71.200000
395.002514 71.200000 71.200000
396.002516 71.200000 71.200000
397.002523 71.200000 71.200000
398.002525 71.200000 71.200000
399.002525 71.200000 71.200000
400.002525 71.200000 71.200000
401.002525 71.200000 71.200000
402.002525 71.200000 71.200000
403.002535 71.200000 71.200000
404.002541 71.200000 71.200000
405.002542 71.200000 71.200000
406.002551 71.200000 71.200000
407.002562 71.200000 71.200000
408.002562 71.200000 71.200000
409.002565 71.200000 71.200000
410.002569 71.200000 71.200000
411.002598 71.200000 71.200000
412.002598 71.200000 71.200000
413.002598 71.200000 71.200000
414.002600 71.200000 71.200000
415.002601 71.200000 71.200000
416.002604 71.200000 71.200000
417.002604 71.200000 71.200000
418.002607 71.200000 71.200000
419.002607 71.200000 71.200000
420.002607 71.200000 71.200000
421.002618 71.200000 71.200000
422.002618 71.200000 71.200000
423.002618 71.200000 71.200000
424.002645 71.200000 71.200000
425.002645 71.200000 71.200000
426.002705 71.200000 71.200000
427.002705 71.200000 71.200000
428.002718 71.200000 71.200000
429.002718 71.200000 71.200000
430.002720 71.200000 71.200000
431.002725 71.200000 71.200000
432.002725 71.200000 71.200000
433.002725 71.200000 71.200000
434.002736 71.200000 71.200000
435.002741 71.200000 71.200000
436.002747 71.200000 71.200000
437.002757 71.200000 71.200000
438.002759 71.200000 71.200000
439.002763 71.200000 71.200000
440.002763 71.200000 71.200000
441.002768 71.200000 71.200000
442.002768 71.200000 71.200000
443.002769 71.200000 71.200000
444.002769 71.200000 71.200000
445.002769 71.200000 71.200000
446.002770 71.200000 71.200000
447.002781 71.200000 71.200000
448.002785 71.200000 71.200000
449.002789 71.200000 71.200000
450.002810 71.200000 71.200000
451.002811 71.200000 71.200000
452.002811 71.200000 71.200000
453.002811 71.200000 71.200000
454.002811 71.200000 71.200000
455.002815 71.200000 71.200000
456.002815 71.200000 71.200000
457.002815 71.200000 71.200000
458.002840 71.200000 71.200000
459.002846 71.200000 71.200000
460.002846 71.200000 71.200000
461.002846 71.200000 71.200000
462.002850 71.200000 71.200000
463.002850 71.200000 71.200000
464.002851 71.200000 71.200000
465.002851 71.200000 71.200000
466.002891 71.200000 71.200000
467.002891 71.200000 71.200000
468.002894 71.200000 71.200000
469.002907 71.200000 71.200000
470.002908 71.200000 71.200000
471.002910 71.200000 71.200000
472.002910 71.200000 71.200000
473.002910 71.200000 71.200000
474.002915 71.200000 71.200000
475.002920 71.200000 71.200000
476.002925 71.200000 71.200000
477.002925 71.200000 71.200000
478.002925 71.200000 71.200000
479.002928 71.200000 71.200000
480.002928 71.200000 71.200000
481.002928 71.200000 71.200000
482.002928 71.200000 71.200000
483.002928 71.200000 71.200000
484.002928 71.200000 71.200000
485.002929 71.200000 71.200000
486.002929 71.200000 71.200000
487.002929 71.200000 71.200000
488.002929 71.200000 71.200000
489.002931 71.200000 71.200000
490.002931 71.200000 71.200000
491.002931 71.200000 71.200000
492.002931 71.200000 71.200000
493.002931 71.200000 71.200000
494.002931 71.200000 71.200000
495.002932 71.200000 71.200000
496.002946 71.200000 71.200000
497.002946 71.200000 71.200000
498.002946 71.200000 71.200000
499.002948 71.200000 71.200000
500.002955 71.200000 71.200000
501.002955 71.200000 71.200000
502.002968 71.200000 71.200000
503.002969 71.200000 71.200000
504.003016 71.200000 71.200000
505.003031 71.200000 71.200000
506.003032 71.200000 71.200000
507.003032 71.200000 71.200000
508.003041 71.200000 71.200000
509.003043 71.200000 71.200000
510.003043 71.200000 71.200000
511.003043 71.200000 71.200000
512.003051 71.200000 71.200000
513.003051 71.200000 71.200000
514.003067 71.200000 71.200000
515.003069 71.200000 71.200000
516.003073 71.200000 71.200000
517.003086 71.200000 71.200000
518.003090 71.200000 71.200000
519.003100 71.200000 71.200000
520.003100 71.200000 71.200000
521.003100 71.200000 71.200000
522.003101 71.200000 71.200000
523.003142 71.200000 71.200000
524.003142 71.200000 71.200000
525.003143 71.200000 71.200000
526.003143 71.200000 71.200000
527.003143 71.200000 71.200000
528.003143 71.200000 71.200000
529.003149 71.200000 71.200000
530.003153 71.200000 71.200000
531.003153 71.200000 71.200000
532.003153 71.200000 71.200000
533.003158 71.200000 71.200000
534.003158 71.200000 71.200000
535.003159 71.200000 71.200000
536.003162 71.200000 71.200000
537.003173 71.200000 71.200000
538.003173 71.200000 71.200000
539.003176 71.200000 71.200000
540.003223 71.200000 71.200000
541.003223 71.200000 71.200000
542.003223 71.200000 71.200000
543.003223 71.200000 71.200000
544.003223 71.200000 71.200000
545.003223 71.200000 71.200000
546.003223 71.200000 71.200000
547.003228 71.200000 71.200000
548.003228 71.200000 71.200000
549.003229 71.200000 71.200000
550.003229 71.200000 71.200000
551.003230 71.200000 71.200000
552.003246 71.200000 71.200000
553.003246 71.200000 71.200000
554.003248 71.200000 71.200000
555.003251 71.200000 71.200000
556.003257 71.200000 71.200000
557.003261 71.200000 71.200000
558.003263 71.200000 71.200000
559.003264 71.200000 71.200000
560.003264 71.200000 71.200000
561.003264 71.200000 71.200000
562.003267 71.200000 71.200000
563.003270 71.200000 71.200000
564.003280 71.200000 71.200000
565.003282 71.200000 71.200000
566.003283 71.200000 71.200000
567.003283 71.200000 71.200000
568.003284 71.200000 71.200000
569.003284 71.200000 71.200000
570.003285 71.200000 71.200000
571.003285 71.200000 71.200000
572.003285 71.200000 71.200000
573.003292 71.200000 71.200000
574.003292 71.200000 71.200000
575.003365 71.200000 71.200000
576.003365 71.200000 71.200000
577.003365 71.200000 71.200000
578.003368 71.200000 71.200000
579.003370 71.200000 71.200000
580.003370 71.200000 71.200000
581.003371 71.200000 71.200000
582.003372 71.200000 71.200000
583.003379 71.200000 71.200000
584.003422 71.200000 71.200000
585.003423 71.200000 71.200000
586.003426 71.200000 71.200000
587.003445 71.200000 71.200000
588.003445 71.200000 71.200000
589.003445 71.200000 71.200000
590.003446 71.200000 71.200000
591.003494 71.200000 71.200000
592.003494 71.200000 71.200000
593.003494 71.200000 71.200000
594.003506 71.200000 71.200000
595.003508 71.200000 71.200000
596.003510 71.200000 71.200000
597.003510 71.200000 71.200000
598.003510 71.200000 71.200000
599.003511 71.200000 71.200000
600.003520 71.200000 71.200000
601.003520 71.200000 71.200000
602.003520 71.200000 71.200000
603.003531 71.200000 71.200000
604.003535 71.200000 71.200000
605.003535 71.200000 71.200000
606.003535 71.200000 71.200000
607.003535 71.200000 71.200000
608.003557 71.200000 71.200000
609.003557 71.200000 71.200000
610.003557 71.200000 71.200000
611.003568 71.200000 71.200000
612.003592 71.200000 71.200000
613.003593 71.200000 71.200000
614.003594 71.200000 71.200000
615.003594 71.200000 71.200000
616.003595 71.200000 71.200000
617.003605 71.200000 71.200000
618.003654 71.200000 71.200000
619.003666 71.200000 71.200000
620.003666 71.200000 71.200000
621.003697 71.200000 71.200000
622.003697 71.200000 71.200000
623.003701 71.200000 71.200000
624.003703 71.200000 71.200000
625.003703 71.200000 71.200000
626.003706 71.200000 71.200000
627.003708 71.200000 71.200000
628.003708 71.200000 71.200000
629.003708 71.200000 71.200000
630.003708 71.200000 71.200000
631.003711 71.200000 71.200000
632.003754 71.200000 71.200000
633.003755 71.200000 71.200000
634.003756 71.200000 71.200000
635.003757 71.200000 71.200000
636.003764 71.200000 71.200000
637.003765 71.200000 71.200000
638.003784 71.200000 71.200000
639.003784 71.200000 71.200000
640.003785 71.200000 71.200000
641.003785 71.200000 71.200000
642.003787 71.200000 71.200000
643.003788 71.200000 71.200000
644.003795 71.200000 71.200000
645.003797 71.200000 71.200000
646.003797 71.200000 71.200000
647.003797 71.200000 71.200000
648.003800 71.200000 71.200000
649.003800 71.200000 71.200000
650.003801 71.200000 71.200000
651.003826 71.200000 71.200000
652.003838 71.200000 71.200000
653.003838 71.200000 71.200000
654.003838 71.200000 71.200000
655.003846 71.200000 71.200000
656.003846 71.200000 71.200000
657.003847 71.200000 71.200000
658.003851 71.200000 71.200000
659.003861 71.200000 71.200000
660.003865 71.200000 71.200000
661.003903 71.200000 71.200000
662.003903 71.200000 71.200000
663.003903 71.200000 71.200000
664.003905 71.200000 71.200000
665.003906 71.200000 71.200000
666.003935 71.200000 71.200000
667.003939 71.200000 71.200000
668.003950 71.200000 71.200000
669.003950 71.200000 71.200000
670.003960 71.200000 71.200000
671.003960 71.200000 71.200000
672.003962 71.200000 71.200000
673.003962 71.200000 71.200000
674.003966 71.200000 71.200000
675.003969 71.200000 71.200000
676.004009 71.200000 71.200000
677.004009 71.200000 71.200000
678.004009 71.200000 71.200000
679.004016 71.200000 71.200000
680.004016 71.200000 71.200000
681.004017 71.200000 71.200000
682.004022 71.200000 71.200000
683.004022 71.200000 71.200000
684.004022 71.200000 71.200000
685.004024 71.200000 71.200000
686.004028 71.200000 71.200000
687.004031 71.200000 71.200000
688.004036 71.200000 71.200000
689.004036 71.200000 71.200000
690.004036 71.200000 71.200000
691.004036 71.200000 71.200000
692.004036 71.200000 71.200000
693.004075 71.200000 71.200000
694.004075 71.200000 71.200000
695.004075 71.200000 71.200000
696.004081 71.200000 71.200000
697.004082 71.200000 71.200000
698.004084 71.200000 71.200000
699.004084 71.200000 71.200000
700.004085 71.200000 71.200000
701.004085 71.200000 71.200000
702.004085 71.200000 71.200000
703.004085 71.200000 71.200000
704.004085 71.200000 71.200000
705.004085 71.200000 71.200000
706.004088 71.200000 71.200000
707.004088 71.200000 71.200000
708.004092 71.200000 71.200000
709.004093 71.200000 71.200000
710.004093 71.200000 71.200000
711.004095 71.200000 71.200000
712.004102 71.200000 71.200000
713.004127 71.200000 71.200000
714.004137 71.200000 71.200000
715.004138 71.200000 71.200000
716.004138 71.200000 71.200000
717.004139 71.200000 71.200000
718.004151 71.200000 71.200000
719.004151 71.200000 71.200000
720.004153 71.200000 71.200000
721.004156 71.200000 71.200000
722.004174 71.200000 71.200000
723.004177 71.200000 71.200000
724.004177 71.200000 71.200000
725.004177 71.200000 71.200000
726.004184 71.200000 71.200000
727.004229 71.200000 71.200000
728.004229 71.200000 71.200000
729.004230 71.200000 71.200000
730.004230 71.200000 71.200000
731.004241 71.200000 71.200000
732.004243 71.200000 71.200000
733.004244 71.200000 71.200000
734.004249 71.200000 71.200000
735.004253 71.200000 71.200000
736.004253 71.200000 71.200000
737.004253 71.200000 71.200000
738.004256 71.200000 71.200000
739.004256 71.200000 71.200000
740.004259 71.200000 71.200000
741.004259 71.200000 71.200000
742.004261 71.200000 71.200000
743.004278 71.200000 71.200000
744.004278 71.200000 71.200000
745.004278 71.200000 71.200000
746.004282 71.200000 71.200000
747.004284 71.200000 71.200000
748.004284 71.200000 71.200000
749.004285 71.200000 71.200000
750.004289 71.200000 71.200000
751.004290 71.200000 71.200000
752.004293 71.200000 71.200000
753.004294 71.200000 71.200000
754.004295 71.200000 71.200000
755.004298 71.200000 71.200000
756.004300 71.200000 71.200000
757.004309 71.200000 71.200000
758.004312 71.200000 71.200000
759.004313 71.200000 71.200000
760.004323 71.200000 71.200000
761.004323 71.200000 71.200000
762.004324 71.200000 71.200000
763.004328 71.200000 71.200000
764.004339 71.200000 71.200000
765.004339 71.200000 71.200000
766.004392 71.200000 71.200000
767.004401 71.200000 71.200000
768.004404 71.200000 71.200000
769.004407 71.200000 71.200000
770.004408 71.200000 71.200000
771.004409 71.200000 71.200000
772.004420 71.200000 71.200000
773.004425 71.200000 71.200000
774.004426 71.200000 71.200000
775.004426 71.200000 71.200000
776.004436 71.200000 71.200000
777.004436 71.200000 71.200000
778.004440 71.200000 71.200000
779.004441 71.200000 71.200000
780.004444 71.200000 71.200000
781.004448 71.200000 71.200000
782.004455 71.200000 71.200000
783.004457 71.200000 71.200000
784.004467 71.200000 71.200000
785.004469 71.200000 71.200000
786.004479 71.200000 71.200000
787.004480 71.200000 71.200000
788.004482 71.200000 71.200000
789.004489 71.200000 71.200000
790.004491 71.200000 71.200000
791.004491 71.200000 71.200000
792.004492 71.200000 71.200000
793.004494 71.200000 71.200000
794.004496 71.200000 71.200000
795.004497 71.200000 71.200000
796.004497 71.200000 71.200000
797.004501 71.200000 71.200000
798.004510 71.200000 71.200000
799.004513 71.200000 71.200000
