0.017467 773.200000 773.200000
1.017970 412.800000 638.800000
2.018052 412.800000 420.400000
3.020045 412.800000 666.800000
4.020169 407.200000 407.200000
5.021478 407.200000 773.200000
6.022225 407.200000 435.200000
7.022235 407.200000 538.000000
8.022313 407.200000 474.400000
9.022599 407.200000 414.800000
10.022716 407.200000 493.200000
11.023369 407.200000 491.200000
12.023550 401.600000 485.600000
13.030760 401.600000 773.200000
14.031063 401.600000 594.000000
15.031133 401.600000 457.600000
16.031427 401.600000 435.200000
17.032456 401.600000 487.600000
18.032827 401.600000 510.000000
19.033136 401.600000 491.200000
20.033737 401.600000 440.800000
21.034113 401.600000 485.600000
22.034128 401.600000 457.600000
23.034734 401.600000 437.200000
24.037607 401.600000 773.200000
25.038778 401.600000 485.600000
26.038796 401.600000 491.200000
27.038941 401.600000 517.600000
28.038954 401.600000 440.800000
29.039265 401.600000 510.000000
30.039306 401.600000 429.600000
31.039597 401.600000 470.800000
32.040007 401.600000 485.600000
33.040176 401.600000 470.800000
34.040376 401.600000 502.400000
35.040421 401.600000 412.800000
36.040513 401.600000 571.600000
37.047179 401.600000 773.200000
38.048452 401.600000 510.000000
39.048772 401.600000 407.200000
40.049020 401.600000 418.400000
41.049646 401.600000 429.600000
42.049826 401.600000 412.800000
43.050955 401.600000 493.200000
44.051024 401.600000 577.200000
45.051556 401.600000 554.800000
46.057965 401.600000 424.000000
47.058360 401.600000 491.200000
48.058547 401.600000 446.400000
49.059168 401.600000 502.400000
50.059202 401.600000 554.800000
51.059365 401.600000 459.600000
52.059900 401.600000 418.400000
53.060990 401.600000 459.600000
54.061019 401.600000 480.000000
55.061345 401.600000 526.800000
56.062061 401.600000 446.400000
57.065721 401.600000 474.400000
58.066117 401.600000 543.600000
59.066208 401.600000 424.000000
60.066323 401.600000 440.800000
61.066714 401.600000 437.200000
62.067065 401.600000 491.200000
63.069383 401.600000 767.600000
64.069538 401.600000 465.200000
65.070027 401.600000 672.400000
66.070153 401.600000 418.400000
67.070360 401.600000 424.000000
68.072548 401.600000 627.600000
69.072991 401.600000 485.600000
70.074049 396.000000 480.000000
71.075062 396.000000 767.600000
72.075645 396.000000 491.200000
73.075698 396.000000 519.200000
74.075814 396.000000 571.600000
75.076126 396.000000 463.200000
76.076282 396.000000 418.400000
77.076474 396.000000 454.000000
78.076568 396.000000 515.600000
79.077501 396.000000 510.000000
80.077765 396.000000 541.600000
81.078809 396.000000 485.600000
82.078922 396.000000 474.400000
83.079072 396.000000 588.400000
84.079135 396.000000 480.000000
85.080026 396.000000 515.600000
86.081259 396.000000 661.200000
87.081433 396.000000 429.600000
88.081652 396.000000 401.600000
89.081661 396.000000 463.200000
90.081971 396.000000 498.800000
91.082101 396.000000 426.000000
92.082300 396.000000 429.600000
93.082433 396.000000 487.600000
94.082922 396.000000 418.400000
95.083272 396.000000 508.000000
96.083512 396.000000 480.000000
97.083904 396.000000 498.800000
98.084385 396.000000 543.600000
99.084556 396.000000 750.800000
100.085018 396.000000 538.000000
101.085071 396.000000 515.600000
102.085446 396.000000 515.600000
103.085624 396.000000 424.000000
104.085648 396.000000 515.600000
105.086364 396.000000 435.200000
106.086371 396.000000 446.400000
107.086666 396.000000 526.800000
108.086873 396.000000 435.200000
109.087369 396.000000 418.400000
110.087570 396.000000 435.200000
111.087632 396.000000 582.800000
112.087994 396.000000 480.000000
113.088787 396.000000 650.000000
114.089367 396.000000 418.400000
115.089397 396.000000 521.200000
116.089727 396.000000 767.600000
117.089806 396.000000 480.000000
118.089908 396.000000 745.200000
119.090281 396.000000 468.800000
120.091141 396.000000 566.000000
121.091321 396.000000 496.800000
122.091881 396.000000 526.800000
123.092129 396.000000 547.200000
124.092458 396.000000 773.200000
125.093321 396.000000 538.000000
126.093325 396.000000 431.600000
127.093423 396.000000 521.200000
128.095017 396.000000 465.200000
129.095142 396.000000 526.800000
130.096127 396.000000 560.400000
131.097103 396.000000 470.800000
132.097336 396.000000 543.600000
133.097460 396.000000 575.200000
134.097517 396.000000 532.400000
135.097720 396.000000 424.000000
136.097780 396.000000 424.000000
137.098787 396.000000 468.800000
138.098862 396.000000 515.600000
139.099182 396.000000 412.800000
140.099681 396.000000 429.600000
141.099801 396.000000 502.400000
142.100262 396.000000 504.400000
143.100447 396.000000 661.200000
144.100472 396.000000 577.200000
145.101019 396.000000 526.800000
146.102388 396.000000 502.400000
147.110608 396.000000 773.200000
148.111959 396.000000 521.200000
149.112843 396.000000 526.800000
150.112892 396.000000 409.200000
151.113267 396.000000 463.200000
152.113702 396.000000 437.200000
153.114451 396.000000 661.200000
154.115113 396.000000 519.200000
155.123359 396.000000 773.200000
156.123601 396.000000 650.000000
157.124202 396.000000 407.200000
158.124598 396.000000 431.600000
159.124679 396.000000 470.800000
160.124881 396.000000 661.200000
161.125248 396.000000 487.600000
162.125698 396.000000 431.600000
163.125751 396.000000 510.000000
164.128472 396.000000 457.600000
165.128484 396.000000 474.400000
166.128634 396.000000 541.600000
167.129301 396.000000 515.600000
168.129718 396.000000 491.200000
169.129753 396.000000 448.400000
170.129833 396.000000 435.200000
171.130152 396.000000 435.200000
172.131080 396.000000 532.400000
173.132133 396.000000 510.000000
174.132383 396.000000 650.000000
175.132463 396.000000 706.000000
176.133186 396.000000 521.200000
177.144596 396.000000 767.600000
178.145005 396.000000 616.400000
179.145225 396.000000 431.600000
180.145294 396.000000 510.000000
181.145784 396.000000 762.000000
182.146588 396.000000 485.600000
183.146952 396.000000 424.000000
184.147388 396.000000 470.800000
185.148246 396.000000 418.400000
186.148820 396.000000 502.400000
187.149075 396.000000 586.400000
188.150281 396.000000 577.200000
189.150641 396.000000 745.200000
190.151124 396.000000 412.800000
191.151152 396.000000 446.400000
192.151320 396.000000 480.000000
193.154266 396.000000 526.800000
194.156474 396.000000 745.200000
195.156858 396.000000 424.000000
196.157038 396.000000 571.600000
197.159116 396.000000 424.000000
198.159187 396.000000 407.200000
199.159366 396.000000 536.000000
200.159388 396.000000 519.200000
201.159474 396.000000 515.600000
202.160109 396.000000 496.800000
203.160152 396.000000 480.000000
204.165789 396.000000 588.400000
205.165870 396.000000 638.800000
206.166056 396.000000 452.000000
207.166151 396.000000 465.200000
208.167065 396.000000 491.200000
209.167270 396.000000 459.600000
210.167445 396.000000 526.800000
211.167482 396.000000 437.200000
212.173239 396.000000 435.200000
213.173307 396.000000 554.800000
214.173390 396.000000 440.800000
215.174554 396.000000 582.800000
216.175255 396.000000 452.000000
217.175313 396.000000 412.800000
218.175393 396.000000 582.800000
219.175684 396.000000 446.400000
220.176698 396.000000 524.800000
221.177005 396.000000 485.600000
222.177057 396.000000 412.800000
223.177426 396.000000 418.400000
224.178209 396.000000 496.800000
225.179532 396.000000 588.400000
226.182453 396.000000 468.800000
227.182582 396.000000 412.800000
228.183946 396.000000 661.200000
229.184116 396.000000 773.200000
230.184253 396.000000 426.000000
231.184420 396.000000 655.600000
232.184864 396.000000 661.200000
233.185581 396.000000 480.000000
234.186096 396.000000 424.000000
235.186259 396.000000 588.400000
236.186357 396.000000 521.200000
237.186841 396.000000 429.600000
238.187049 396.000000 429.600000
239.187086 396.000000 543.600000
240.192545 396.000000 773.200000
241.192769 396.000000 491.200000
242.199487 396.000000 739.600000
243.200668 396.000000 571.600000
244.200875 396.000000 538.000000
245.201050 396.000000 463.200000
246.201364 396.000000 429.600000
247.201742 396.000000 446.400000
248.202396 396.000000 435.200000
249.209196 396.000000 767.600000
250.209209 396.000000 493.200000
251.210072 396.000000 407.200000
252.210261 396.000000 424.000000
253.212463 396.000000 407.200000
254.212479 396.000000 515.600000
255.212945 396.000000 661.200000
256.213561 396.000000 666.800000
257.213873 396.000000 577.200000
258.214056 396.000000 420.400000
259.214150 396.000000 554.800000
260.214299 396.000000 426.000000
261.214530 396.000000 496.800000
262.215635 396.000000 429.600000
263.215774 396.000000 424.000000
264.216028 396.000000 474.400000
265.217102 396.000000 549.200000
266.217693 396.000000 491.200000
267.218229 396.000000 491.200000
268.218518 396.000000 502.400000
269.218685 396.000000 412.800000
270.218963 396.000000 482.000000
271.219128 396.000000 532.400000
272.220785 396.000000 599.600000
273.220962 396.000000 661.200000
274.221684 396.000000 429.600000
275.222467 396.000000 530.400000
276.222966 396.000000 510.000000
277.223198 396.000000 560.400000
278.223370 396.000000 435.200000
279.224262 396.000000 541.600000
280.224818 396.000000 577.200000
281.224830 396.000000 560.400000
282.224990 396.000000 549.200000
283.225808 396.000000 491.200000
284.225887 396.000000 454.000000
285.225916 396.000000 521.200000
286.226046 396.000000 414.800000
287.226624 396.000000 560.400000
288.227118 396.000000 452.000000
289.227276 396.000000 577.200000
290.228129 396.000000 424.000000
291.228147 396.000000 435.200000
292.228287 396.000000 470.800000
293.228383 396.000000 543.600000
294.228422 396.000000 418.400000
295.228910 390.400000 474.400000
296.229017 390.400000 493.200000
297.229195 390.400000 485.600000
298.229400 390.400000 622.000000
299.230471 390.400000 420.400000
300.230558 390.400000 448.400000
301.233396 390.400000 470.800000
302.234296 390.400000 496.800000
303.234929 390.400000 470.800000
304.235380 390.400000 424.000000
305.235869 390.400000 412.800000
306.236425 390.400000 474.400000
307.237899 390.400000 440.800000
308.238047 390.400000 463.200000
309.238920 390.400000 504.400000
310.238960 390.400000 418.400000
311.239603 390.400000 418.400000
312.239867 390.400000 524.800000
313.240497 390.400000 418.400000
314.240790 390.400000 435.200000
315.241699 390.400000 435.200000
316.241751 390.400000 655.600000
317.242788 390.400000 446.400000
318.243238 390.400000 418.400000
319.245045 390.400000 493.200000
320.245606 390.400000 470.800000
321.246208 390.400000 429.600000
322.246559 390.400000 454.000000
323.247154 390.400000 407.200000
324.247831 390.400000 560.400000
325.248385 390.400000 504.400000
326.248904 390.400000 412.800000
327.249212 390.400000 448.400000
328.249323 390.400000 468.800000
329.249902 390.400000 515.600000
330.250113 390.400000 513.600000
331.250523 390.400000 672.400000
332.250569 390.400000 437.200000
333.251304 390.400000 599.600000
334.251309 390.400000 474.400000
335.252074 390.400000 655.600000
336.252868 390.400000 756.400000
337.253075 390.400000 424.000000
338.253210 390.400000 515.600000
339.253691 390.400000 429.600000
340.253691 390.400000 493.200000
341.254310 390.400000 524.800000
342.254868 390.400000 577.200000
343.255306 390.400000 457.600000
344.255608 390.400000 426.000000
345.256028 390.400000 508.000000
346.256439 390.400000 491.200000
347.256557 390.400000 396.000000
348.257333 390.400000 554.800000
349.257363 390.400000 504.400000
350.257375 390.400000 496.800000
351.258019 390.400000 508.000000
352.259146 390.400000 560.400000
353.259311 390.400000 541.600000
354.259336 390.400000 532.400000
355.259381 390.400000 468.800000
356.260651 390.400000 661.200000
357.260859 390.400000 661.200000
358.262953 390.400000 767.600000
359.262977 390.400000 470.800000
360.263180 390.400000 554.800000
361.264689 390.400000 711.600000
362.265652 390.400000 655.600000
363.266284 390.400000 424.000000
364.266284 390.400000 407.200000
365.266324 390.400000 513.600000
366.266327 390.400000 482.000000
367.266704 390.400000 582.800000
368.267236 390.400000 457.600000
369.267292 390.400000 452.000000
370.267320 390.400000 521.200000
371.267696 390.400000 566.000000
372.268047 390.400000 448.400000
373.269215 390.400000 661.200000
374.269426 390.400000 605.200000
375.269652 390.400000 459.600000
376.269776 390.400000 491.200000
377.270460 390.400000 498.800000
378.271849 390.400000 666.800000
379.271887 390.400000 532.400000
380.272206 390.400000 426.000000
381.272350 390.400000 407.200000
382.272534 390.400000 454.000000
383.273071 390.400000 515.600000
384.273533 390.400000 569.600000
385.273676 390.400000 510.000000
386.273974 390.400000 532.400000
387.274238 390.400000 508.000000
388.274333 390.400000 508.000000
389.274457 390.400000 532.400000
390.274463 390.400000 412.800000
391.275440 390.400000 549.200000
392.275857 390.400000 515.600000
393.275968 390.400000 519.200000
394.276673 390.400000 457.600000
395.277066 390.400000 465.200000
396.277339 390.400000 480.000000
397.277443 390.400000 508.000000
398.277702 390.400000 470.800000
399.278909 390.400000 672.400000
400.280557 390.400000 661.200000
401.280803 390.400000 474.400000
402.280979 390.400000 582.800000
403.281071 390.400000 424.000000
404.282043 390.400000 571.600000
405.288461 390.400000 773.200000
406.288664 390.400000 463.200000
407.288811 390.400000 463.200000
408.289113 390.400000 474.400000
409.289229 390.400000 510.000000
410.292105 390.400000 627.600000
411.292120 390.400000 493.200000
412.292238 390.400000 476.400000
413.292848 390.400000 650.000000
414.292947 390.400000 412.800000
415.293599 390.400000 412.800000
416.293816 390.400000 424.000000
417.294085 390.400000 407.200000
418.294272 390.400000 470.800000
419.294600 390.400000 739.600000
420.295882 390.400000 480.000000
421.295990 390.400000 437.200000
422.296118 390.400000 655.600000
423.296175 390.400000 429.600000
424.296652 390.400000 465.200000
425.296723 390.400000 454.000000
426.297008 390.400000 452.000000
427.297101 390.400000 424.000000
428.297213 390.400000 504.400000
429.297283 390.400000 496.800000
430.297340 390.400000 655.600000
431.297543 390.400000 515.600000
432.297547 390.400000 493.200000
433.297854 390.400000 440.800000
434.298145 390.400000 566.000000
435.298148 390.400000 407.200000
436.298699 390.400000 446.400000
437.299237 390.400000 429.600000
438.301109 390.400000 482.000000
439.301537 390.400000 409.200000
440.302027 390.400000 498.800000
441.302225 390.400000 407.200000
442.302226 390.400000 666.800000
443.302256 390.400000 470.800000
444.303235 390.400000 480.000000
445.303337 390.400000 485.600000
446.303547 390.400000 424.000000
447.304133 390.400000 437.200000
448.304419 390.400000 515.600000
449.304596 390.400000 474.400000
450.304812 390.400000 407.200000
451.305327 390.400000 571.600000
452.306264 390.400000 407.200000
453.306339 390.400000 457.600000
454.307566 390.400000 440.800000
455.308489 390.400000 431.600000
456.308899 390.400000 457.600000
457.309697 390.400000 407.200000
458.309854 390.400000 474.400000
459.310287 390.400000 515.600000
460.314248 390.400000 773.200000
461.314853 390.400000 485.600000
462.315123 390.400000 418.400000
463.316063 390.400000 457.600000
464.316175 390.400000 566.000000
465.317022 390.400000 407.200000
466.317631 390.400000 571.600000
467.318255 390.400000 454.000000
468.319210 390.400000 424.000000
469.319270 390.400000 554.800000
470.319762 390.400000 476.400000
471.320161 390.400000 407.200000
472.320417 390.400000 577.200000
473.320477 390.400000 521.200000
474.320704 390.400000 566.000000
475.320820 390.400000 424.000000
476.321576 390.400000 543.600000
477.324638 390.400000 666.800000
478.324684 390.400000 412.800000
479.324908 390.400000 493.200000
480.325219 390.400000 468.800000
481.325523 390.400000 496.800000
482.326015 390.400000 661.200000
483.326191 390.400000 493.200000
484.327198 390.400000 678.000000
485.327312 390.400000 519.200000
486.329049 390.400000 515.600000
487.329943 390.400000 429.600000
488.330179 390.400000 412.800000
489.334240 390.400000 778.800000
490.335812 390.400000 424.000000
491.335904 390.400000 504.400000
492.336115 390.400000 498.800000
493.336168 390.400000 588.400000
494.343740 390.400000 767.600000
495.346706 390.400000 487.600000
496.351012 390.400000 504.400000
497.351419 390.400000 571.600000
498.352374 390.400000 661.200000
499.352698 390.400000 493.200000
500.353761 390.400000 480.000000
501.354378 390.400000 424.000000
502.354578 390.400000 435.200000
503.355641 390.400000 515.600000
504.359565 390.400000 773.200000
505.359680 390.400000 424.000000
506.360171 390.400000 519.200000
507.360229 390.400000 437.200000
508.360384 390.400000 543.600000
509.360477 390.400000 498.800000
510.360890 390.400000 521.200000
511.361791 390.400000 452.000000
512.363368 390.400000 521.200000
513.363965 390.400000 577.200000
514.364098 390.400000 480.000000
515.364570 390.400000 424.000000
516.365389 390.400000 420.400000
517.366535 390.400000 418.400000
518.366828 390.400000 513.600000
519.367573 390.400000 465.200000
520.367810 390.400000 474.400000
521.368018 390.400000 440.800000
522.368137 390.400000 409.200000
523.368702 390.400000 521.200000
524.368726 390.400000 504.400000
525.368859 390.400000 457.600000
526.369036 390.400000 496.800000
527.369595 390.400000 504.400000
528.369787 390.400000 513.600000
529.371569 390.400000 504.400000
530.371570 390.400000 468.800000
531.371587 390.400000 678.000000
532.371685 390.400000 424.000000
533.372258 390.400000 463.200000
534.372556 390.400000 412.800000
535.373330 390.400000 526.800000
536.373780 390.400000 465.200000
537.373999 390.400000 502.400000
538.374433 390.400000 470.800000
539.374811 390.400000 496.800000
540.374978 390.400000 424.000000
541.375534 390.400000 594.000000
542.376259 390.400000 767.600000
543.376424 390.400000 526.800000
544.376588 390.400000 521.200000
545.376691 390.400000 491.200000
546.376736 390.400000 429.600000
547.376984 390.400000 414.800000
548.377443 390.400000 440.800000
549.377578 390.400000 435.200000
550.377669 390.400000 538.000000
551.377983 390.400000 448.400000
552.378407 390.400000 485.600000
553.378539 390.400000 678.000000
554.379525 390.400000 498.800000
555.380226 390.400000 480.000000
556.380654 390.400000 508.000000
557.380933 390.400000 454.000000
558.381148 390.400000 538.000000
559.381483 390.400000 491.200000
560.381554 390.400000 515.600000
561.382081 390.400000 440.800000
562.383213 390.400000 487.600000
563.384199 390.400000 448.400000
564.384323 390.400000 491.200000
565.384334 390.400000 412.800000
566.385674 390.400000 672.400000
567.385791 390.400000 566.000000
568.386279 390.400000 412.800000
569.386724 390.400000 452.000000
570.387571 390.400000 510.000000
571.389400 390.400000 549.200000
572.389824 390.400000 418.400000
573.389886 390.400000 532.400000
574.390242 390.400000 452.000000
575.391552 390.400000 442.800000
576.391992 390.400000 414.800000
577.393238 390.400000 487.600000
578.393326 390.400000 482.000000
579.394006 390.400000 566.000000
580.394352 390.400000 496.800000
581.394634 390.400000 672.400000
582.394746 390.400000 508.000000
583.394766 390.400000 610.800000
584.395424 390.400000 666.800000
585.397159 390.400000 435.200000
586.397295 390.400000 435.200000
587.397531 390.400000 482.000000
588.397533 390.400000 571.600000
589.400031 390.400000 485.600000
590.400041 390.400000 485.600000
591.400277 390.400000 435.200000
592.400889 390.400000 465.200000
593.401112 390.400000 661.200000
594.401304 390.400000 627.600000
595.402107 390.400000 487.600000
596.402367 390.400000 633.200000
597.402409 390.400000 767.600000
598.403037 390.400000 424.000000
599.403311 390.400000 454.000000
600.405404 390.400000 480.000000
601.406786 390.400000 588.400000
602.409520 390.400000 582.800000
603.409612 390.400000 418.400000
604.409870 390.400000 420.400000
605.410220 390.400000 414.800000
606.410618 390.400000 407.200000
607.410673 390.400000 463.200000
608.410950 390.400000 414.800000
609.413160 390.400000 446.400000
610.413691 390.400000 510.000000
611.413737 390.400000 564.000000
612.414467 390.400000 412.800000
613.415067 390.400000 418.400000
614.415073 390.400000 459.600000
615.415102 390.400000 485.600000
616.415635 390.400000 482.000000
617.416186 390.400000 560.400000
618.416545 390.400000 429.600000
619.416880 390.400000 666.800000
620.417036 390.400000 521.200000
621.418482 390.400000 418.400000
622.418787 390.400000 420.400000
623.420405 390.400000 454.000000
624.420728 390.400000 457.600000
625.420956 390.400000 448.400000
626.421048 390.400000 588.400000
627.422631 390.400000 521.200000
628.423263 390.400000 521.200000
629.431925 390.400000 773.200000
630.432276 390.400000 474.400000
631.432588 390.400000 493.200000
632.432820 390.400000 431.600000
633.436592 390.400000 440.800000
634.436898 390.400000 526.800000
635.437249 390.400000 480.000000
636.437425 390.400000 487.600000
637.437486 390.400000 418.400000
638.437496 390.400000 431.600000
639.438005 390.400000 424.000000
640.438593 390.400000 610.800000
641.439576 390.400000 745.200000
642.439624 390.400000 482.000000
643.439729 390.400000 482.000000
644.439912 390.400000 480.000000
645.440021 390.400000 424.000000
646.440156 390.400000 502.400000
647.441584 390.400000 666.800000
648.441648 390.400000 412.800000
649.442569 390.400000 515.600000
650.442631 390.400000 412.800000
651.443282 390.400000 599.600000
652.443698 390.400000 524.800000
653.444424 390.400000 498.800000
654.444553 390.400000 521.200000
655.447267 390.400000 448.400000
656.447465 390.400000 711.600000
657.447619 390.400000 448.400000
658.449566 390.400000 661.200000
659.449649 390.400000 412.800000
660.449652 390.400000 571.600000
661.450030 390.400000 549.200000
662.450080 390.400000 532.400000
663.450369 390.400000 487.600000
664.451090 390.400000 412.800000
665.451422 390.400000 588.400000
666.451654 390.400000 426.000000
667.455931 390.400000 778.800000
668.456658 390.400000 420.400000
669.457055 390.400000 526.800000
670.463749 390.400000 762.000000
671.464129 390.400000 412.800000
672.464141 390.400000 485.600000
673.465439 390.400000 482.000000
674.465562 390.400000 566.000000
675.465687 390.400000 409.200000
676.466045 390.400000 463.200000
677.469363 390.400000 605.200000
678.469398 390.400000 661.200000
679.470175 390.400000 498.800000
680.470748 390.400000 493.200000
681.470840 390.400000 519.200000
682.471696 390.400000 482.000000
683.471772 390.400000 538.000000
684.472346 390.400000 577.200000
685.473243 390.400000 435.200000
686.473457 390.400000 549.200000
687.474165 390.400000 650.000000
688.475639 390.400000 491.200000
689.475800 390.400000 616.400000
690.476422 390.400000 767.600000
691.478799 390.400000 745.200000
692.480441 390.400000 773.200000
693.480618 390.400000 650.000000
694.480833 390.400000 526.800000
695.481843 390.400000 459.600000
696.482034 390.400000 476.400000
697.482765 390.400000 442.800000
698.483039 390.400000 418.400000
699.483129 390.400000 502.400000
700.483519 390.400000 588.400000
701.484023 390.400000 773.200000
702.484538 390.400000 549.200000
703.493134 390.400000 773.200000
704.493139 390.400000 513.600000
705.493764 390.400000 549.200000
706.494341 390.400000 407.200000
707.494397 390.400000 412.800000
708.494570 390.400000 543.600000
709.495715 390.400000 526.800000
710.498572 390.400000 491.200000
711.499780 390.400000 448.400000
712.500356 390.400000 418.400000
713.501819 390.400000 418.400000
714.501882 390.400000 429.600000
715.502568 390.400000 446.400000
716.503757 390.400000 554.800000
717.504749 390.400000 424.000000
718.504870 390.400000 532.400000
719.505176 390.400000 440.800000
720.505773 390.400000 536.000000
721.505977 390.400000 468.800000
722.507977 390.400000 412.800000
723.509761 390.400000 414.800000
724.509849 390.400000 440.800000
725.510057 390.400000 480.000000
726.510420 390.400000 560.400000
727.510515 390.400000 407.200000
728.510542 390.400000 519.200000
729.510727 390.400000 452.000000
730.511092 390.400000 440.800000
731.511477 390.400000 508.000000
732.511554 390.400000 532.400000
733.512133 390.400000 468.800000
734.512264 390.400000 532.400000
735.512932 390.400000 424.000000
736.513463 390.400000 435.200000
737.517605 390.400000 418.400000
738.518641 390.400000 418.400000
739.523061 390.400000 465.200000
740.524434 390.400000 560.400000
741.526134 390.400000 502.400000
742.526782 390.400000 407.200000
743.527457 390.400000 418.400000
744.527465 390.400000 599.600000
745.527608 390.400000 407.200000
746.528298 390.400000 485.600000
747.529513 390.400000 661.200000
748.532449 390.400000 610.800000
749.532479 390.400000 407.200000
750.532979 390.400000 418.400000
751.533194 390.400000 493.200000
752.536900 390.400000 767.600000
753.537245 390.400000 543.600000
754.537324 390.400000 457.600000
755.538176 390.400000 448.400000
756.538268 390.400000 448.400000
757.538540 390.400000 429.600000
758.539699 390.400000 429.600000
759.539734 390.400000 429.600000
760.540082 390.400000 418.400000
761.540211 390.400000 588.400000
762.541258 390.400000 538.000000
763.542359 390.400000 468.800000
764.543393 390.400000 429.600000
765.544507 390.400000 519.200000
766.544707 390.400000 502.400000
767.544713 390.400000 666.800000
768.544728 390.400000 448.400000
769.546381 390.400000 778.800000
770.546623 390.400000 414.800000
771.546776 390.400000 491.200000
772.546969 390.400000 582.800000
773.548119 390.400000 412.800000
774.548931 390.400000 566.000000
775.549070 390.400000 485.600000
776.549148 390.400000 435.200000
777.554862 390.400000 767.600000
778.556364 390.400000 435.200000
779.557068 390.400000 622.000000
780.557306 390.400000 485.600000
781.557860 390.400000 435.200000
782.558508 390.400000 515.600000
783.558508 390.400000 672.400000
784.561669 390.400000 435.200000
785.561713 390.400000 482.000000
786.561996 390.400000 496.800000
787.561997 390.400000 519.200000
788.562136 390.400000 491.200000
789.562224 390.400000 474.400000
790.562398 390.400000 412.800000
791.562702 390.400000 424.000000
792.564016 390.400000 418.400000
793.564018 390.400000 510.000000
794.564513 390.400000 513.600000
795.564742 390.400000 532.400000
796.565370 390.400000 426.000000
797.565417 390.400000 407.200000
798.566205 390.400000 566.000000
799.566422 390.400000 571.600000
