38.110180 498.800000 498.800000
39.723454 498.800000 498.800000
41.174657 498.800000 403.600000
42.245494 403.600000 403.600000
43.883641 403.600000 403.600000
45.364399 403.600000 403.600000
48.274673 398.000000 398.000000
50.003307 398.000000 398.000000
51.067431 398.000000 398.000000
52.789725 398.000000 398.000000
54.163774 398.000000 366.400000
55.204089 366.400000 366.400000
57.087960 366.400000 366.400000
58.282452 366.400000 327.200000
59.426345 327.200000 327.200000
62.084339 321.600000 321.600000
63.485126 321.600000 321.600000
65.658759 321.600000 321.600000
67.725319 321.600000 321.600000
69.752627 321.600000 321.600000
70.903836 321.600000 319.600000
71.979793 319.600000 319.600000
73.936123 319.600000 319.600000
75.910747 314.000000 314.000000
78.176650 314.000000 314.000000
79.351484 314.000000 314.000000
80.895278 314.000000 314.000000
82.105249 314.000000 308.400000
83.408378 308.400000 308.400000
85.600530 308.400000 308.400000
86.786981 308.400000 302.800000
87.838100 302.800000 302.800000
89.613176 302.800000 302.800000
91.066611 302.800000 302.800000
92.781734 302.800000 302.800000
94.194147 302.800000 302.800000
95.506480 302.800000 302.800000
96.538761 302.800000 302.800000
97.886631 302.800000 302.800000
99.663850 302.800000 302.800000
101.642872 302.800000 302.800000
102.978441 302.800000 302.800000
105.556655 302.800000 302.800000
107.720940 302.800000 302.800000
109.560944 302.800000 302.800000
110.601586 302.800000 302.800000
111.661717 302.800000 302.800000
113.129706 302.800000 302.800000
114.993440 302.800000 302.800000
116.848523 302.800000 302.800000
117.868473 302.800000 293.600000
119.060146 293.600000 293.600000
120.702096 293.600000 293.600000
123.387710 293.600000 293.600000
124.551168 293.600000 291.600000
125.597060 291.600000 291.600000
128.080707 291.600000 291.600000
130.386801 291.600000 291.600000
132.677862 291.600000 291.600000
135.005156 291.600000 291.600000
136.151945 291.600000 291.600000
138.019993 291.600000 291.600000
140.404273 291.600000 291.600000
141.704699 291.600000 291.600000
143.757890 291.600000 291.600000
144.824123 291.600000 291.600000
145.826182 291.600000 291.600000
148.199440 291.600000 291.600000
149.983570 291.600000 291.600000
152.150895 291.600000 291.600000
154.267463 291.600000 291.600000
156.292003 291.600000 291.600000
158.430653 291.600000 291.600000
159.757958 291.600000 291.600000
161.624508 291.600000 291.600000
162.696607 291.600000 291.600000
164.679710 291.600000 291.600000
165.730486 291.600000 291.600000
167.299619 291.600000 291.600000
169.529471 291.600000 291.600000
170.552848 291.600000 291.600000
171.628790 291.600000 291.600000
172.651440 291.600000 291.600000
174.423532 291.600000 291.600000
177.078546 291.600000 291.600000
179.022198 291.600000 291.600000
180.047959 291.600000 291.600000
182.342287 291.600000 291.600000
184.587508 291.600000 291.600000
186.781782 291.600000 291.600000
187.809852 291.600000 291.600000
188.903743 291.600000 291.600000
190.547693 291.600000 291.600000
192.608326 291.600000 291.600000
193.636243 291.600000 291.600000
195.150670 291.600000 291.600000
196.188986 291.600000 291.600000
197.238834 291.600000 291.600000
198.950760 291.600000 291.600000
200.342961 291.600000 291.600000
201.356853 291.600000 291.600000
202.724534 291.600000 291.600000
204.070077 291.600000 291.600000
206.508451 291.600000 291.600000
207.670557 291.600000 291.600000
208.670902 291.600000 291.600000
210.202856 291.600000 291.600000
211.274874 291.600000 291.600000
214.132859 291.600000 291.600000
216.521546 291.600000 291.600000
219.117199 291.600000 291.600000
220.221539 291.600000 291.600000
251.497372 291.600000 498.800000
253.155293 291.600000 498.800000
254.324122 291.600000 414.800000
256.130170 291.600000 414.800000
257.505951 291.600000 403.600000
259.737740 291.600000 403.600000
262.433372 291.600000 403.600000
264.261089 291.600000 398.000000
266.821060 291.600000 398.000000
267.866320 291.600000 398.000000
269.014019 291.600000 398.000000
270.016743 291.600000 398.000000
272.475100 291.600000 392.400000
273.967425 291.600000 392.400000
275.001490 291.600000 392.400000
277.343716 291.600000 392.400000
279.711815 291.600000 392.400000
281.366042 291.600000 336.400000
283.676266 291.600000 336.400000
284.822204 291.600000 330.800000
285.897708 291.600000 330.800000
287.312737 291.600000 330.800000
288.518179 291.600000 319.600000
290.265539 291.600000 319.600000
291.760289 291.600000 319.600000
292.900991 291.600000 319.600000
294.142980 291.600000 319.600000
295.552228 291.600000 319.600000
297.339495 291.600000 319.600000
298.625600 291.600000 319.600000
299.781009 291.600000 319.600000
301.361032 291.600000 319.600000
302.468126 291.600000 319.600000
304.038987 291.600000 319.600000
305.587783 291.600000 302.800000
307.122169 291.600000 302.800000
308.212574 291.600000 302.800000
309.656534 291.600000 302.800000
310.837817 291.600000 302.800000
312.506715 291.600000 302.800000
314.776804 291.600000 302.800000
316.258596 291.600000 302.800000
318.722845 291.600000 302.800000
319.793771 291.600000 302.800000
320.971293 291.600000 302.800000
322.567062 291.600000 302.800000
324.879200 291.600000 302.800000
326.212090 291.600000 302.800000
327.318921 291.600000 302.800000
329.212548 291.600000 302.800000
330.758441 291.600000 297.200000
332.275327 291.600000 297.200000
333.298395 291.600000 297.200000
335.054837 291.600000 297.200000
336.149226 291.600000 297.200000
337.962642 291.600000 297.200000
339.338856 291.600000 291.600000
340.392143 291.600000 291.600000
341.604477 291.600000 291.600000
343.078264 291.600000 291.600000
344.139475 291.600000 291.600000
345.195332 291.600000 291.600000
346.280413 291.600000 291.600000
347.385678 291.600000 291.600000
349.340186 291.600000 291.600000
350.614408 291.600000 291.600000
351.720079 291.600000 291.600000
353.321097 291.600000 291.600000
354.589091 291.600000 291.600000
356.159456 291.600000 291.600000
357.293645 291.600000 291.600000
359.182139 291.600000 291.600000
360.529503 291.600000 291.600000
361.584879 291.600000 291.600000
363.502991 291.600000 291.600000
364.743482 291.600000 291.600000
365.828636 291.600000 291.600000
367.587022 291.600000 291.600000
369.748693 291.600000 291.600000
372.119618 291.600000 291.600000
373.425943 291.600000 291.600000
374.615966 291.600000 291.600000
375.704146 291.600000 291.600000
376.726339 291.600000 291.600000
378.133544 291.600000 291.600000
379.290734 291.600000 291.600000
380.451941 291.600000 291.600000
381.832827 291.600000 291.600000
382.937127 291.600000 291.600000
384.582697 291.600000 291.600000
385.819034 291.600000 291.600000
386.821318 291.600000 291.600000
387.988518 291.600000 291.600000
389.638340 291.600000 291.600000
390.667233 291.600000 291.600000
392.321831 291.600000 291.600000
394.445456 291.600000 291.600000
396.954733 291.600000 291.600000
398.169290 291.600000 291.600000
400.162579 291.600000 291.600000
402.380265 291.600000 291.600000
404.704178 291.600000 291.600000
405.720623 291.600000 291.600000
407.342210 291.600000 291.600000
409.109346 291.600000 291.600000
410.802579 291.600000 291.600000
412.790925 291.600000 291.600000
414.786251 291.600000 291.600000
416.108297 291.600000 291.600000
417.131275 291.600000 291.600000
419.459740 291.600000 291.600000
421.572193 291.600000 291.600000
423.691284 291.600000 291.600000
424.746201 291.600000 291.600000
425.882689 291.600000 291.600000
457.096314 291.600000 498.800000
458.656411 291.600000 498.800000
460.207458 291.600000 470.800000
461.673344 291.600000 470.800000
462.917967 291.600000 470.800000
464.312489 291.600000 470.800000
465.480963 291.600000 470.800000
467.088759 291.600000 470.800000
468.097256 291.600000 470.800000
469.478151 291.600000 470.800000
470.967764 291.600000 470.800000
472.035566 291.600000 470.800000
473.219928 291.600000 470.800000
475.177990 291.600000 470.800000
477.672952 291.600000 470.800000
479.230214 291.600000 330.800000
480.487016 291.600000 330.800000
481.822992 291.600000 330.800000
483.594941 291.600000 330.800000
485.153870 291.600000 314.000000
487.370419 291.600000 314.000000
488.633063 291.600000 308.400000
489.742741 291.600000 308.400000
491.460868 291.600000 308.400000
492.671223 291.600000 308.400000
494.538839 291.600000 308.400000
495.627256 291.600000 308.400000
496.769160 291.600000 308.400000
497.798721 291.600000 308.400000
499.317348 291.600000 308.400000
500.399974 291.600000 308.400000
501.446995 291.600000 308.400000
503.436192 291.600000 308.400000
505.091510 291.600000 308.400000
506.257989 291.600000 308.400000
508.297217 291.600000 308.400000
510.461354 291.600000 308.400000
512.650384 291.600000 308.400000
514.918392 291.600000 308.400000
517.486047 291.600000 308.400000
518.803804 291.600000 308.400000
520.307529 291.600000 308.400000
521.552957 291.600000 308.400000
523.511084 291.600000 308.400000
524.581985 291.600000 308.400000
525.766327 291.600000 308.400000
527.152104 291.600000 308.400000
529.100482 291.600000 308.400000
531.485146 291.600000 308.400000
533.274772 291.600000 308.400000
534.371816 291.600000 308.400000
535.412468 291.600000 308.400000
536.425801 291.600000 308.400000
538.189947 291.600000 308.400000
539.418056 291.600000 308.400000
540.640690 291.600000 308.400000
542.074060 291.600000 308.400000
543.296160 291.600000 308.400000
545.762552 291.600000 308.400000
547.975290 291.600000 308.400000
550.287177 291.600000 308.400000
552.494882 291.600000 308.400000
554.646449 291.600000 308.400000
556.894798 291.600000 308.400000
557.987667 291.600000 308.400000
559.677805 291.600000 308.400000
561.809597 291.600000 308.400000
563.224305 291.600000 308.400000
564.252544 291.600000 308.400000
565.356996 291.600000 308.400000
566.386857 291.600000 308.400000
567.540426 291.600000 308.400000
568.591573 291.600000 308.400000
570.582782 291.600000 308.400000
571.843250 291.600000 308.400000
573.827514 291.600000 308.400000
575.322189 291.600000 308.400000
576.395436 291.600000 308.400000
577.847035 291.600000 308.400000
579.200527 291.600000 308.400000
580.913900 291.600000 308.400000
581.985732 291.600000 308.400000
613.135948 291.600000 476.400000
614.582218 291.600000 476.400000
615.633389 291.600000 476.400000
616.892083 291.600000 470.800000
619.175379 291.600000 454.000000
621.026728 291.600000 454.000000
622.084581 291.600000 454.000000
623.611076 291.600000 454.000000
624.923669 291.600000 340.000000
626.190732 291.600000 340.000000
627.204522 291.600000 340.000000
628.743053 291.600000 340.000000
629.788365 291.600000 340.000000
630.824761 291.600000 340.000000
631.841140 291.600000 340.000000
633.052192 291.600000 340.000000
634.620708 291.600000 340.000000
635.664707 291.600000 340.000000
636.791984 291.600000 340.000000
637.870351 291.600000 340.000000
638.958565 291.600000 340.000000
640.092836 291.600000 340.000000
642.419631 291.600000 340.000000
644.571451 291.600000 340.000000
645.876695 291.600000 321.600000
646.977452 291.600000 321.600000
648.191050 291.600000 321.600000
650.118388 291.600000 321.600000
651.529113 291.600000 321.600000
652.732608 291.600000 321.600000
654.170266 291.600000 321.600000
656.067345 291.600000 321.600000
657.415229 291.600000 321.600000
658.564555 291.600000 321.600000
660.090192 291.600000 321.600000
661.316213 291.600000 321.600000
662.491702 291.600000 321.600000
664.932425 291.600000 321.600000
666.370699 291.600000 321.600000
667.593113 291.600000 321.600000
669.591333 291.600000 321.600000
671.226302 291.600000 319.600000
672.861514 291.600000 319.600000
674.094629 291.600000 319.600000
675.213167 291.600000 319.600000
677.032300 291.600000 319.600000
678.499497 291.600000 319.600000
680.577448 291.600000 319.600000
682.135525 291.600000 314.000000
683.799393 291.600000 308.400000
685.731802 291.600000 308.400000
687.409223 291.600000 304.800000
690.054331 291.600000 304.800000
691.406207 291.600000 302.800000
692.627921 291.600000 302.800000
693.725687 291.600000 302.800000
694.782058 291.600000 302.800000
696.692091 291.600000 302.800000
698.124695 291.600000 302.800000
700.649367 291.600000 302.800000
701.806914 291.600000 302.800000
703.305221 291.600000 302.800000
704.904803 291.600000 302.800000
705.973857 291.600000 302.800000
707.807005 291.600000 302.800000
709.721317 291.600000 302.800000
711.146974 291.600000 302.800000
712.323732 291.600000 302.800000
713.354242 291.600000 302.800000
714.377328 291.600000 302.800000
715.404915 291.600000 302.800000
716.882582 291.600000 302.800000
718.671828 291.600000 302.800000
720.742897 291.600000 302.800000
722.906288 291.600000 302.800000
725.547911 291.600000 302.800000
727.740795 291.600000 302.800000
729.514018 291.600000 302.800000
730.553189 291.600000 302.800000
731.983731 291.600000 302.800000
733.022019 291.600000 302.800000
734.229196 291.600000 302.800000
735.603193 291.600000 302.800000
736.771448 291.600000 302.800000
738.510229 291.600000 302.800000
739.962064 291.600000 302.800000
741.069767 291.600000 302.800000
742.268512 291.600000 302.800000
743.724207 291.600000 302.800000
745.002003 291.600000 302.800000
747.380375 291.600000 302.800000
749.521158 291.600000 302.800000
750.593399 291.600000 302.800000
751.833537 291.600000 302.800000
752.990592 291.600000 302.800000
754.958191 291.600000 302.800000
757.127838 291.600000 302.800000
759.711456 291.600000 302.800000
761.084043 291.600000 302.800000
762.087662 291.600000 302.800000
763.783695 291.600000 302.800000
765.034474 291.600000 302.800000
766.062966 291.600000 302.800000
767.096712 291.600000 302.800000
768.956625 291.600000 302.800000
797.264520 291.600000 482.000000
798.291446 291.600000 465.200000
799.835942 291.600000 431.600000
