0.023377 767.600000 767.600000
1.024381 412.800000 543.600000
2.025529 412.800000 412.800000
3.025981 412.800000 521.200000
4.026262 412.800000 454.000000
5.027121 412.800000 521.200000
6.027578 412.800000 521.200000
7.027967 412.800000 513.600000
8.028102 412.800000 480.000000
9.029158 412.800000 773.200000
10.029678 407.200000 407.200000
11.030307 407.200000 480.000000
12.033912 407.200000 519.200000
13.034030 407.200000 442.800000
14.035027 407.200000 566.000000
15.035403 407.200000 773.200000
16.037428 407.200000 739.600000
17.038225 407.200000 566.000000
18.039117 407.200000 521.200000
19.039177 407.200000 470.800000
20.039485 407.200000 446.400000
21.039753 407.200000 424.000000
22.040038 407.200000 594.000000
23.040196 407.200000 407.200000
24.041240 407.200000 474.400000
25.041742 407.200000 496.800000
26.047252 390.400000 661.200000
27.047518 390.400000 482.000000
28.047580 390.400000 515.600000
29.047634 390.400000 485.600000
30.047840 390.400000 482.000000
31.049051 390.400000 607.200000
32.049744 390.400000 470.800000
33.049879 390.400000 476.400000
34.050046 390.400000 582.800000
35.051101 390.400000 487.600000
36.051398 390.400000 504.400000
37.055333 390.400000 739.600000
38.055446 390.400000 515.600000
39.055717 390.400000 564.000000
40.055913 390.400000 596.000000
41.058837 390.400000 655.600000
42.059146 390.400000 552.800000
43.059287 390.400000 446.400000
44.059847 390.400000 762.000000
45.059972 390.400000 655.600000
46.060022 390.400000 424.000000
47.068755 390.400000 767.600000
48.069736 390.400000 476.400000
49.070464 390.400000 778.800000
50.070924 390.400000 407.200000
51.070988 390.400000 767.600000
52.071223 390.400000 470.800000
53.071707 390.400000 491.200000
54.071860 390.400000 476.400000
55.072557 390.400000 407.200000
56.073142 390.400000 409.200000
57.073340 390.400000 442.800000
58.073376 390.400000 412.800000
59.074734 390.400000 480.000000
60.074768 390.400000 526.800000
61.074846 390.400000 532.400000
62.075090 390.400000 644.400000
63.075661 390.400000 543.600000
64.075699 390.400000 547.200000
65.076317 390.400000 767.600000
66.076620 390.400000 412.800000
67.076773 390.400000 437.200000
68.077522 390.400000 420.400000
69.077829 390.400000 476.400000
70.077877 390.400000 485.600000
71.078004 390.400000 463.200000
72.078099 390.400000 571.600000
73.078284 390.400000 588.400000
74.078656 390.400000 437.200000
75.079926 390.400000 412.800000
76.080514 390.400000 767.600000
77.081278 390.400000 767.600000
78.082170 390.400000 666.800000
79.083632 390.400000 530.400000
80.083814 390.400000 457.600000
81.084239 390.400000 454.000000
82.084377 390.400000 414.800000
83.085534 390.400000 739.600000
84.085546 390.400000 446.400000
85.085663 390.400000 424.000000
86.089270 390.400000 605.200000
87.089812 390.400000 412.800000
88.089922 390.400000 521.200000
89.090308 390.400000 502.400000
90.090651 390.400000 554.800000
91.090670 390.400000 431.600000
92.091529 390.400000 521.200000
93.092039 390.400000 412.800000
94.092732 390.400000 543.600000
95.095734 390.400000 588.400000
96.096148 390.400000 454.000000
97.097359 390.400000 448.400000
98.098247 390.400000 426.000000
99.098689 390.400000 407.200000
100.098846 390.400000 463.200000
101.099568 390.400000 429.600000
102.100016 390.400000 566.000000
103.100152 390.400000 412.800000
104.100366 390.400000 496.800000
105.100636 390.400000 412.800000
106.101266 390.400000 745.200000
107.102305 390.400000 435.200000
108.102614 390.400000 476.400000
109.102714 390.400000 480.000000
110.103300 390.400000 418.400000
111.103768 390.400000 429.600000
112.104138 390.400000 442.800000
113.104231 390.400000 485.600000
114.104286 390.400000 420.400000
115.104511 390.400000 448.400000
116.104930 390.400000 510.000000
117.105340 390.400000 502.400000
118.106370 390.400000 457.600000
119.106778 390.400000 442.800000
120.108287 390.400000 463.200000
121.108504 390.400000 418.400000
122.108720 390.400000 504.400000
123.109058 390.400000 448.400000
124.109209 390.400000 554.800000
125.111149 390.400000 541.600000
126.111205 390.400000 547.200000
127.111679 390.400000 426.000000
128.113037 390.400000 773.200000
129.113131 390.400000 448.400000
130.113548 390.400000 474.400000
131.113581 390.400000 571.600000
132.114196 390.400000 418.400000
133.114735 390.400000 543.600000
134.117880 390.400000 549.200000
135.117987 390.400000 554.800000
136.118700 390.400000 767.600000
137.119104 390.400000 424.000000
138.119706 390.400000 463.200000
139.119823 390.400000 532.400000
140.119893 390.400000 666.800000
141.119913 390.400000 655.600000
142.119960 390.400000 530.400000
143.120129 390.400000 418.400000
144.120285 390.400000 474.400000
145.120388 390.400000 468.800000
146.120469 390.400000 521.200000
147.120873 390.400000 440.800000
148.120924 390.400000 482.000000
149.121091 390.400000 418.400000
150.121639 390.400000 482.000000
151.121764 390.400000 463.200000
152.121818 390.400000 549.200000
153.122045 390.400000 463.200000
154.124062 390.400000 418.400000
155.126349 390.400000 538.000000
156.126370 390.400000 459.600000
157.126551 390.400000 485.600000
158.126947 390.400000 521.200000
159.127501 390.400000 468.800000
160.127751 390.400000 457.600000
161.128163 390.400000 521.200000
162.128447 390.400000 426.000000
163.128627 390.400000 482.000000
164.128808 390.400000 457.600000
165.129053 390.400000 440.800000
166.129388 390.400000 412.800000
167.131131 390.400000 491.200000
168.131636 390.400000 459.600000
169.132108 390.400000 502.400000
170.132169 390.400000 496.800000
171.132236 390.400000 487.600000
172.133053 390.400000 773.200000
173.134372 390.400000 767.600000
174.135469 390.400000 773.200000
175.135607 390.400000 515.600000
176.135889 390.400000 554.800000
177.135904 390.400000 407.200000
178.136322 390.400000 513.600000
179.138108 390.400000 767.600000
180.138335 390.400000 491.200000
181.138394 390.400000 429.600000
182.138488 390.400000 435.200000
183.139111 390.400000 429.600000
184.139576 390.400000 435.200000
185.140303 390.400000 508.000000
186.140568 390.400000 440.800000
187.141080 390.400000 465.200000
188.141509 390.400000 412.800000
189.141749 390.400000 474.400000
190.141862 390.400000 549.200000
191.142172 390.400000 605.200000
192.142283 390.400000 482.000000
193.142342 390.400000 543.600000
194.144329 390.400000 487.600000
195.145096 390.400000 590.400000
196.145649 390.400000 487.600000
197.146193 390.400000 476.400000
198.146247 390.400000 412.800000
199.146435 390.400000 485.600000
200.146497 390.400000 496.800000
201.146843 390.400000 504.400000
202.147598 390.400000 661.200000
203.148781 390.400000 493.200000
204.149594 390.400000 588.400000
205.149732 390.400000 482.000000
206.150390 390.400000 504.400000
207.150583 390.400000 566.000000
208.151028 390.400000 482.000000
209.151126 390.400000 543.600000
210.151809 390.400000 498.800000
211.152004 390.400000 412.800000
212.155856 390.400000 513.600000
213.156083 390.400000 513.600000
214.160200 390.400000 513.600000
215.160800 390.400000 480.000000
216.160873 390.400000 493.200000
217.160873 390.400000 440.800000
218.161280 390.400000 424.000000
219.161422 390.400000 412.800000
220.161453 390.400000 515.600000
221.161596 390.400000 504.400000
222.161782 390.400000 538.000000
223.161910 390.400000 515.600000
224.162168 390.400000 482.000000
225.163441 390.400000 424.000000
226.163447 390.400000 554.800000
227.163641 390.400000 474.400000
228.163917 390.400000 426.000000
229.164492 390.400000 407.200000
230.164734 390.400000 431.600000
231.164757 390.400000 627.600000
232.165017 390.400000 524.800000
233.165151 390.400000 429.600000
234.166269 390.400000 745.200000
235.166792 390.400000 470.800000
236.167205 390.400000 504.400000
237.167568 390.400000 429.600000
238.167801 390.400000 418.400000
239.167984 390.400000 409.200000
240.168255 390.400000 448.400000
241.168330 390.400000 504.400000
242.168386 390.400000 554.800000
243.168579 390.400000 437.200000
244.169823 390.400000 502.400000
245.171229 390.400000 420.400000
246.171470 390.400000 429.600000
247.172753 390.400000 401.600000
248.173029 390.400000 457.600000
249.173720 390.400000 435.200000
250.173890 390.400000 661.200000
251.174318 390.400000 463.200000
252.174725 390.400000 554.800000
253.174967 390.400000 493.200000
254.175314 390.400000 560.400000
255.175567 390.400000 496.800000
256.175746 390.400000 412.800000
257.175934 390.400000 437.200000
258.176555 390.400000 547.200000
259.176949 390.400000 459.600000
260.177092 390.400000 418.400000
261.178145 390.400000 521.200000
262.178165 390.400000 412.800000
263.178216 390.400000 622.000000
264.178723 390.400000 566.000000
265.179007 390.400000 440.800000
266.179140 390.400000 409.200000
267.179324 390.400000 530.400000
268.181559 390.400000 767.600000
269.181981 390.400000 485.600000
270.182052 390.400000 571.600000
271.183154 390.400000 409.200000
272.183504 390.400000 502.400000
273.183748 390.400000 435.200000
274.184128 390.400000 412.800000
275.184423 390.400000 452.000000
276.184423 390.400000 526.800000
277.184656 390.400000 515.600000
278.185234 390.400000 571.600000
279.186109 390.400000 666.800000
280.192591 390.400000 773.200000
281.192653 390.400000 426.000000
282.193440 390.400000 538.000000
283.194805 390.400000 493.200000
284.195378 390.400000 521.200000
285.195438 390.400000 424.000000
286.195611 390.400000 502.400000
287.195866 390.400000 426.000000
288.198135 390.400000 536.000000
289.198401 390.400000 457.600000
290.198613 390.400000 418.400000
291.199440 390.400000 457.600000
292.199678 390.400000 470.800000
293.199755 390.400000 459.600000
294.199861 390.400000 424.000000
295.200306 390.400000 468.800000
296.200384 390.400000 468.800000
297.200558 390.400000 549.200000
298.200585 390.400000 448.400000
299.201388 390.400000 599.600000
300.202179 390.400000 571.600000
301.202326 390.400000 485.600000
302.203200 390.400000 515.600000
303.204345 390.400000 508.000000
304.204440 390.400000 442.800000
305.205553 390.400000 504.400000
306.205785 390.400000 407.200000
307.205939 390.400000 633.200000
308.206633 390.400000 493.200000
309.207238 390.400000 610.800000
310.207640 390.400000 767.600000
311.207692 390.400000 485.600000
312.208357 390.400000 424.000000
313.209244 390.400000 463.200000
314.209434 390.400000 412.800000
315.211763 390.400000 504.400000
316.211887 390.400000 605.200000
317.212516 390.400000 429.600000
318.212714 390.400000 452.000000
319.213741 390.400000 468.800000
320.213944 390.400000 407.200000
321.214513 390.400000 627.600000
322.214612 390.400000 474.400000
323.214772 390.400000 418.400000
324.215462 390.400000 412.800000
325.216285 390.400000 418.400000
326.216580 390.400000 418.400000
327.216730 390.400000 480.000000
328.217821 390.400000 435.200000
329.217965 390.400000 498.800000
330.218213 390.400000 470.800000
331.219214 390.400000 644.400000
332.219299 390.400000 485.600000
333.219520 390.400000 480.000000
334.219806 390.400000 429.600000
335.223230 390.400000 773.200000
336.223492 390.400000 412.800000
337.223634 390.400000 493.200000
338.223679 390.400000 526.800000
339.224160 390.400000 457.600000
340.224594 390.400000 594.000000
341.224770 390.400000 407.200000
342.225441 390.400000 468.800000
343.225751 390.400000 513.600000
344.225778 390.400000 424.000000
345.225916 390.400000 493.200000
346.226014 390.400000 491.200000
347.226068 390.400000 420.400000
348.226170 390.400000 762.000000
349.226184 390.400000 706.000000
350.226436 390.400000 588.400000
351.229369 390.400000 504.400000
352.229606 390.400000 429.600000
353.230670 390.400000 582.800000
354.230992 390.400000 412.800000
355.231189 390.400000 618.400000
356.231663 390.400000 476.400000
357.231854 390.400000 482.000000
358.231981 390.400000 566.000000
359.232019 390.400000 465.200000
360.232201 390.400000 655.600000
361.232359 390.400000 510.000000
362.232437 390.400000 454.000000
363.232981 390.400000 515.600000
364.233396 390.400000 476.400000
365.233556 390.400000 418.400000
366.233813 390.400000 470.800000
367.233972 390.400000 532.400000
368.234934 390.400000 661.200000
369.235038 390.400000 588.400000
370.239395 390.400000 739.600000
371.240878 390.400000 532.400000
372.243414 390.400000 412.800000
373.244095 390.400000 491.200000
374.244319 390.400000 513.600000
375.244400 390.400000 463.200000
376.244632 390.400000 429.600000
377.244644 390.400000 468.800000
378.244967 390.400000 418.400000
379.245378 390.400000 424.000000
380.245852 390.400000 515.600000
381.245901 390.400000 521.200000
382.245988 390.400000 496.800000
383.246061 390.400000 666.800000
384.246107 390.400000 508.000000
385.246615 390.400000 538.000000
386.246734 390.400000 465.200000
387.247556 390.400000 418.400000
388.247943 390.400000 463.200000
389.248231 390.400000 435.200000
390.248238 390.400000 407.200000
391.249407 390.400000 666.800000
392.249872 390.400000 756.400000
393.250298 390.400000 452.000000
394.250726 390.400000 446.400000
395.250914 390.400000 482.000000
396.251259 390.400000 594.000000
397.251903 390.400000 407.200000
398.252599 390.400000 571.600000
399.253564 390.400000 599.600000
400.253716 390.400000 454.000000
401.253877 390.400000 418.400000
402.255713 390.400000 644.400000
403.255744 390.400000 521.200000
404.255928 390.400000 504.400000
405.256079 390.400000 412.800000
406.257073 390.400000 429.600000
407.257490 390.400000 767.600000
408.258056 390.400000 468.800000
409.258455 390.400000 482.000000
410.258628 390.400000 493.200000
411.258639 390.400000 401.600000
412.258858 390.400000 767.600000
413.258910 390.400000 543.600000
414.259356 390.400000 448.400000
415.260466 390.400000 429.600000
416.261129 390.400000 426.000000
417.263425 390.400000 784.400000
418.263500 390.400000 459.600000
419.263649 390.400000 496.800000
420.263683 390.400000 734.000000
421.263743 390.400000 549.200000
422.264287 390.400000 594.000000
423.265490 390.400000 599.600000
424.265798 390.400000 435.200000
425.265867 390.400000 543.600000
426.266881 390.400000 536.000000
427.267717 390.400000 549.200000
428.268257 390.400000 468.800000
429.268336 390.400000 414.800000
430.269696 390.400000 519.200000
431.270804 390.400000 420.400000
432.271198 390.400000 571.600000
433.271879 390.400000 588.400000
434.272373 390.400000 485.600000
435.272765 390.400000 778.800000
436.274099 390.400000 459.600000
437.274192 390.400000 521.200000
438.274303 390.400000 446.400000
439.274516 390.400000 474.400000
440.275455 390.400000 474.400000
441.275870 390.400000 655.600000
442.276625 390.400000 543.600000
443.276828 390.400000 468.800000
444.279883 390.400000 519.200000
445.280444 390.400000 577.200000
446.280922 390.400000 588.400000
447.281534 390.400000 424.000000
448.281571 390.400000 459.600000
449.284808 390.400000 457.600000
450.285051 390.400000 588.400000
451.285094 390.400000 577.200000
452.293289 390.400000 773.200000
453.294027 390.400000 491.200000
454.294251 390.400000 773.200000
455.294399 390.400000 442.800000
456.294535 390.400000 418.400000
457.294829 390.400000 655.600000
458.294840 390.400000 655.600000
459.295058 390.400000 582.800000
460.295475 390.400000 504.400000
461.295512 390.400000 532.400000
462.295604 390.400000 412.800000
463.296050 390.400000 468.800000
464.296419 390.400000 476.400000
465.296574 390.400000 424.000000
466.296577 390.400000 566.000000
467.296755 390.400000 498.800000
468.296797 390.400000 418.400000
469.296860 390.400000 470.800000
470.296988 390.400000 582.800000
471.297296 390.400000 588.400000
472.297450 390.400000 480.000000
473.297827 390.400000 463.200000
474.298261 390.400000 672.400000
475.298482 390.400000 571.600000
476.299146 390.400000 582.800000
477.299525 390.400000 414.800000
478.299538 390.400000 571.600000
479.299693 390.400000 440.800000
480.299941 390.400000 666.800000
481.300199 390.400000 452.000000
482.301518 390.400000 470.800000
483.304087 390.400000 510.000000
484.304829 390.400000 468.800000
485.304975 390.400000 454.000000
486.305179 390.400000 412.800000
487.305713 390.400000 407.200000
488.305877 390.400000 418.400000
489.306953 390.400000 532.400000
490.307003 390.400000 424.000000
491.307765 390.400000 431.600000
492.308263 390.400000 524.800000
493.308366 390.400000 412.800000
494.308727 390.400000 526.800000
495.309310 390.400000 465.200000
496.309707 390.400000 459.600000
497.309951 390.400000 435.200000
498.309988 390.400000 468.800000
499.310035 390.400000 491.200000
500.310265 390.400000 762.000000
501.310992 390.400000 504.400000
502.311133 390.400000 526.800000
503.311542 390.400000 622.000000
504.311713 390.400000 465.200000
505.311808 390.400000 571.600000
506.311808 390.400000 480.000000
507.312350 390.400000 412.800000
508.313268 390.400000 465.200000
509.314306 390.400000 666.800000
510.314708 390.400000 480.000000
511.315137 390.400000 538.000000
512.322055 390.400000 773.200000
513.322441 390.400000 532.400000
514.324974 390.400000 773.200000
515.327010 390.400000 678.000000
516.327574 390.400000 504.400000
517.328204 390.400000 429.600000
518.329206 390.400000 532.400000
519.329592 390.400000 465.200000
520.329657 390.400000 521.200000
521.329835 390.400000 566.000000
522.329851 390.400000 560.400000
523.330956 390.400000 750.800000
524.332357 390.400000 571.600000
525.333387 390.400000 480.000000
526.335355 390.400000 446.400000
527.335565 390.400000 457.600000
528.336191 390.400000 554.800000
529.336778 390.400000 577.200000
530.338622 390.400000 773.200000
531.338968 390.400000 429.600000
532.339024 390.400000 470.800000
533.339203 390.400000 487.600000
534.340566 390.400000 549.200000
535.343431 390.400000 418.400000
536.343975 390.400000 502.400000
537.344112 390.400000 485.600000
538.344848 390.400000 661.200000
539.345229 390.400000 519.200000
540.345520 390.400000 496.800000
541.345670 390.400000 491.200000
542.347335 390.400000 532.400000
543.347901 390.400000 566.000000
544.348305 390.400000 412.800000
545.348577 390.400000 498.800000
546.348803 390.400000 420.400000
547.349029 390.400000 412.800000
548.349577 390.400000 480.000000
549.349698 390.400000 463.200000
550.349780 390.400000 521.200000
551.349876 390.400000 424.000000
552.349976 390.400000 446.400000
553.350549 390.400000 452.000000
554.350753 390.400000 487.600000
555.350780 390.400000 487.600000
556.350810 390.400000 452.000000
557.351159 390.400000 571.600000
558.351251 390.400000 446.400000
559.351255 390.400000 487.600000
560.351464 390.400000 588.400000
561.351976 390.400000 465.200000
562.352141 390.400000 474.400000
563.352275 390.400000 476.400000
564.352949 390.400000 407.200000
565.353016 390.400000 521.200000
566.353528 390.400000 526.800000
567.361983 390.400000 767.600000
568.362463 390.400000 474.400000
569.363082 390.400000 426.000000
570.363646 390.400000 426.000000
571.364049 390.400000 672.400000
572.364112 390.400000 420.400000
573.364755 390.400000 412.800000
574.365288 390.400000 532.400000
575.366488 390.400000 672.400000
576.366572 390.400000 666.800000
577.366652 390.400000 504.400000
578.366797 390.400000 424.000000
579.367252 390.400000 549.200000
580.367692 390.400000 457.600000
581.367979 390.400000 424.000000
582.368650 390.400000 463.200000
583.369152 390.400000 496.800000
584.369668 390.400000 452.000000
585.370349 390.400000 480.000000
586.370851 390.400000 487.600000
587.371007 390.400000 526.800000
588.371280 390.400000 442.800000
589.371541 390.400000 633.200000
590.371814 390.400000 446.400000
591.372166 390.400000 502.400000
592.372197 390.400000 424.000000
593.372929 390.400000 554.800000
594.373054 390.400000 429.600000
595.373081 390.400000 526.800000
596.373408 390.400000 435.200000
597.373414 390.400000 560.400000
598.374099 390.400000 446.400000
599.374571 390.400000 650.000000
600.375587 390.400000 420.400000
601.375988 390.400000 474.400000
602.378346 390.400000 549.200000
603.378591 390.400000 508.000000
604.379178 390.400000 412.800000
605.384305 390.400000 778.800000
606.384327 390.400000 474.400000
607.384761 390.400000 412.800000
608.384861 390.400000 661.200000
609.385520 390.400000 429.600000
610.385729 390.400000 414.800000
611.386223 390.400000 536.000000
612.389304 390.400000 778.800000
613.389360 390.400000 508.000000
614.390327 390.400000 468.800000
615.391500 390.400000 767.600000
616.391731 390.400000 502.400000
617.391998 390.400000 491.200000
618.392050 390.400000 446.400000
619.392362 390.400000 661.200000
620.393661 390.400000 437.200000
621.394272 390.400000 485.600000
622.394302 390.400000 571.600000
623.394686 390.400000 474.400000
624.394724 390.400000 508.000000
625.395010 390.400000 666.800000
626.395639 390.400000 474.400000
627.396442 390.400000 452.000000
628.396550 390.400000 485.600000
629.396616 390.400000 424.000000
630.398532 390.400000 470.800000
631.398583 390.400000 661.200000
632.398926 390.400000 739.600000
633.399166 390.400000 448.400000
634.399269 390.400000 420.400000
635.399649 390.400000 521.200000
636.399747 390.400000 407.200000
637.406576 390.400000 767.600000
638.409208 390.400000 571.600000
639.409210 390.400000 418.400000
640.409263 390.400000 485.600000
641.410628 390.400000 452.000000
642.410870 390.400000 513.600000
643.411007 390.400000 521.200000
644.411037 390.400000 424.000000
645.411902 390.400000 412.800000
646.412982 390.400000 426.000000
647.413605 390.400000 476.400000
648.413632 390.400000 448.400000
649.413970 390.400000 474.400000
650.414197 390.400000 532.400000
651.414501 390.400000 487.600000
652.421554 390.400000 767.600000
653.421841 390.400000 538.000000
654.422313 390.400000 532.400000
655.422900 390.400000 502.400000
656.423125 390.400000 470.800000
657.423193 390.400000 454.000000
658.423413 390.400000 463.200000
659.423963 390.400000 424.000000
660.424969 390.400000 627.600000
661.425196 390.400000 538.000000
662.425265 390.400000 582.800000
663.427097 390.400000 526.800000
664.427271 390.400000 412.800000
665.427314 390.400000 767.600000
666.427750 390.400000 476.400000
667.427876 390.400000 502.400000
668.427985 390.400000 418.400000
669.428431 390.400000 496.800000
670.428527 390.400000 650.000000
671.428549 390.400000 661.200000
672.428846 390.400000 412.800000
673.429561 390.400000 530.400000
674.430682 390.400000 666.800000
675.430974 390.400000 510.000000
676.431517 390.400000 588.400000
677.432415 390.400000 485.600000
678.434075 390.400000 661.200000
679.435412 390.400000 474.400000
680.435873 390.400000 457.600000
681.436138 390.400000 446.400000
682.436155 390.400000 532.400000
683.436851 390.400000 468.800000
684.437043 390.400000 543.600000
685.437410 390.400000 412.800000
686.439048 390.400000 504.400000
687.441778 390.400000 457.600000
688.442315 390.400000 498.800000
689.444242 390.400000 452.000000
690.444787 390.400000 407.200000
691.444832 390.400000 485.600000
692.445222 390.400000 465.200000
693.445236 390.400000 588.400000
694.445467 390.400000 491.200000
695.446663 390.400000 767.600000
696.449842 390.400000 554.800000
697.455540 390.400000 582.800000
698.455752 390.400000 429.600000
699.457744 390.400000 508.000000
700.458054 390.400000 452.000000
701.458230 390.400000 457.600000
702.458813 390.400000 554.800000
703.459069 390.400000 538.000000
704.459272 390.400000 549.200000
705.459503 390.400000 414.800000
706.459509 390.400000 491.200000
707.459674 390.400000 468.800000
708.460239 390.400000 440.800000
709.461563 390.400000 468.800000
710.461617 390.400000 412.800000
711.461798 390.400000 655.600000
712.461929 390.400000 767.600000
713.462058 390.400000 463.200000
714.462969 390.400000 605.200000
715.463431 390.400000 655.600000
716.463681 390.400000 521.200000
717.463819 390.400000 457.600000
718.465395 390.400000 672.400000
719.465895 390.400000 470.800000
720.468585 390.400000 437.200000
721.468792 390.400000 519.200000
722.470201 390.400000 407.200000
723.470302 390.400000 429.600000
724.480820 390.400000 767.600000
725.480830 390.400000 452.000000
726.481978 390.400000 424.000000
727.482083 390.400000 638.800000
728.482268 390.400000 510.000000
729.482376 390.400000 431.600000
730.482392 390.400000 554.800000
731.482432 390.400000 470.800000
732.482511 390.400000 502.400000
733.482550 390.400000 424.000000
734.491204 390.400000 762.000000
735.491978 390.400000 666.800000
736.492080 390.400000 431.600000
737.493247 390.400000 543.600000
738.494591 390.400000 530.400000
739.497373 390.400000 508.000000
740.497449 390.400000 504.400000
741.498320 390.400000 407.200000
742.498947 390.400000 605.200000
743.499642 390.400000 666.800000
744.499869 390.400000 465.200000
745.500026 390.400000 571.600000
746.500739 390.400000 448.400000
747.500829 390.400000 452.000000
748.501942 390.400000 498.800000
749.501966 390.400000 440.800000
750.502316 390.400000 448.400000
751.503610 390.400000 487.600000
752.503651 390.400000 465.200000
753.504657 390.400000 429.600000
754.504804 390.400000 504.400000
755.504817 390.400000 493.200000
756.505028 390.400000 457.600000
757.505342 390.400000 412.800000
758.506356 390.400000 424.000000
759.508023 390.400000 767.600000
760.508979 390.400000 666.800000
761.509172 390.400000 661.200000
762.510077 390.400000 627.600000
763.511286 390.400000 468.800000
764.512137 390.400000 446.400000
765.512445 390.400000 532.400000
766.512668 390.400000 504.400000
767.512719 390.400000 566.000000
768.512743 390.400000 560.400000
769.512885 390.400000 476.400000
770.513107 390.400000 390.400000
771.513182 390.400000 510.000000
772.513503 390.400000 480.000000
773.513695 390.400000 457.600000
774.513979 390.400000 487.600000
775.513985 390.400000 418.400000
776.514031 390.400000 480.000000
777.514080 390.400000 457.600000
778.514757 390.400000 502.400000
779.515139 390.400000 524.800000
780.515929 390.400000 661.200000
781.516279 390.400000 526.800000
782.516499 390.400000 407.200000
783.516748 390.400000 530.400000
784.516781 390.400000 543.600000
785.517202 390.400000 407.200000
786.517844 390.400000 577.200000
787.517941 390.400000 424.000000
788.518235 390.400000 418.400000
789.518877 390.400000 502.400000
790.518877 390.400000 655.600000
791.518894 390.400000 566.000000
792.519181 390.400000 414.800000
793.523339 390.400000 773.200000
794.523351 390.400000 480.000000
795.523615 390.400000 429.600000
796.523673 390.400000 487.600000
797.523819 390.400000 457.600000
798.524143 390.400000 762.000000
799.524265 390.400000 476.400000
