0 581.2 0.393549 300 0
0 573.6 0.553367 0
0 568 0.751757 0
0 562.4 0.978085 0
0 495.2 1.32745 5
0 330.8 1.51852 5
0 325.2 1.68846 5
0 319.6 2.08536 5
0 310.4 2.24623 5
0 308.4 2.77037 5
0 302.8 2.93788 5
0 291.6 4.67617 23
0 286 4.86125 23
0 278.4 5.04444 23
0 274.8 6.14475 23
0 272.8 6.73501 23
0 272.8 11.5935 300 73
0 272.8 19.0545 300 85
0 269.2 21.4311 85
0 263.6 22.2264 85
0 258 26.0722 85
0 258 30.2746 300 85
0 258 40.1224 300 85
0 252.4 46.6329 85
0 252.4 52.4975 300 85
0 252.4 62.4894 300 85
0 250.4 68.1515 85
0 250.4 74.5927 300 85
0 250.4 82.6014 300 85
0 250.4 92.18 300 85
0 250.4 102.672 300 85
0 250.4 114.04 300 85
0 250.4 125.929 300 85
0 250.4 134.417 300 85
0 250.4 140.915 300 85
0 250.4 149.621 300 85
0 250.4 158.167 300 85
0 250.4 166.164 300 85
0 250.4 177.996 300 88
0 250.4 186.633 300 88
0 250.4 194.49 300 88
0 250.4 206.174 300 88
0 250.4 216.416 300 88
0 250.4 226.627 300 88
0 250.4 234.629 300 88
0 250.4 241.867 300 88
0 250.4 249.914 300 88
0 250.4 258.817 300 88
0 250.4 266.666 300 88
0 250.4 276.11 300 88
0 250.4 283.902 300 88
0 250.4 294.397 300 88
0 250.4 303.484 300 88
0 250.4 312.227 300 88
0 250.4 321.566 300 88
0 250.4 329.98 300 88
0 250.4 339.454 300 88
0 250.4 349.188 300 88
0 250.4 357.543 300 88
0 250.4 371.085 300 88
0 250.4 379.355 300 88
0 250.4 387.304 300 88
0 250.4 397.711 300 88
0 250.4 405.571 300 88
0 250.4 413.833 300 88
0 250.4 423.855 300 88
0 250.4 433.047 300 88
0 250.4 440.416 300 88
0 250.4 451.218 300 88
0 250.4 460.017 300 88
0 250.4 468.004 300 88
0 250.4 476.465 300 88
0 250.4 485.883 300 88
0 250.4 500.012 300 88
0 250.4 511.589 300 88
0 250.4 520.046 300 88
0 250.4 527.972 300 88
0 250.4 537.089 300 88
0 250.4 544.881 300 88
0 250.4 556.055 300 88
0 250.4 564.428 300 88
0 250.4 572.893 300 88
0 250.4 582.766 300 88
0 250.4 591.464 300 88
0 250.4 602.044 300 88
0 250.4 609.837 300 88
0 250.4 621.438 300 88
0 250.4 628.295 300 88
0 250.4 635.76 300 88
0 250.4 643.913 300 88
0 250.4 652.257 300 88
0 250.4 661.013 300 88
0 250.4 670.439 300 88
0 250.4 679.006 300 88
0 250.4 686.611 300 88
0 250.4 698.804 300 88
0 250.4 707.457 300 88
0 250.4 714.787 300 88
0 250.4 720.395 300 88
0 250.4 730.308 300 88
0 250.4 738.586 300 88
0 250.4 747.249 300 88
0 250.4 753.351 300 88
0 250.4 760.703 300 88
0 250.4 768.546 300 88
0 250.4 776.758 300 88
0 250.4 787.753 300 88
0 250.4 795.325 300 88
0 250.4 799.742 300 88
