0 767.6 0.023063 300 0
0 745.2 0.031179 0
0 541.6 0.046477 3
0 532.4 0.057106 3
0 524.8 0.091276 10
0 513.6 0.147878 20
0 508 0.200074 20
0 508 0.326629 300 60
0 485.6 0.374587 60
0 468.8 0.384027 60
0 440.8 0.401716 60
0 412.8 0.416886 60
0 412.8 0.575087 300 70
0 412.8 0.810449 300 70
0 412.8 1.31051 300 72
0 412.8 1.65868 300 72
0 412.8 2.15757 300 72
0 412.8 2.39493 300 72
0 412.8 2.75114 300 85
0 412.8 3.00743 300 85
0 412.8 3.26648 300 85
0 412.8 3.65894 300 85
0 412.8 4.19301 300 85
0 412.8 4.41096 300 85
0 412.8 4.63638 300 85
0 412.8 4.9077 300 85
0 412.8 5.23226 300 85
0 412.8 5.52754 300 85
0 412.8 5.95655 300 85
0 412.8 6.30532 300 85
0 412.8 6.58356 300 85
0 412.8 6.87652 300 85
0 412.8 7.30205 300 85
0 412.8 7.53089 300 85
0 412.8 7.82158 300 85
0 412.8 8.03902 300 85
0 412.8 8.41825 300 85
0 412.8 8.75953 300 85
0 412.8 9.02904 300 85
0 412.8 9.31792 300 85
0 412.8 9.59834 300 85
0 409.2 9.96677 85
0 407.2 9.99775 85
0 407.2 10.1356 300 85
0 407.2 10.4137 300 85
0 407.2 10.8098 300 85
0 407.2 11.0955 300 85
0 407.2 11.4073 300 85
0 407.2 11.7781 300 85
0 407.2 12.3224 300 85
0 407.2 12.5744 300 85
0 407.2 12.9087 300 86
0 407.2 13.3532 300 86
0 407.2 13.6452 300 86
0 407.2 14.0064 300 86
0 407.2 14.3406 300 86
0 407.2 14.6129 300 86
0 407.2 14.8062 300 86
0 407.2 15.0336 300 86
0 407.2 15.3645 300 86
0 407.2 15.5875 300 86
0 407.2 15.832 300 86
0 407.2 16.0373 300 86
0 407.2 16.4957 300 86
0 407.2 16.6261 300 86
0 407.2 16.9712 300 86
0 407.2 17.3185 300 88
0 407.2 17.6302 300 88
0 407.2 17.9811 300 88
0 407.2 18.244 300 88
0 407.2 18.5043 300 88
0 407.2 19.0616 300 88
0 407.2 19.2739 300 88
0 407.2 19.5947 300 88
0 407.2 19.8997 300 88
0 407.2 20.2906 300 88
0 407.2 20.5447 300 88
0 407.2 20.8339 300 88
0 407.2 21.1323 300 88
0 407.2 21.3802 300 88
0 407.2 21.7307 300 88
0 407.2 21.975 300 88
0 407.2 22.3131 300 88
0 407.2 22.5464 300 88
0 407.2 22.7151 300 88
0 407.2 23.2001 300 88
0 407.2 23.5589 300 88
0 407.2 23.7517 300 88
0 407.2 24.1674 300 88
0 407.2 24.4925 300 88
0 407.2 24.7278 300 88
0 407.2 24.9266 300 88
0 407.2 25.114 300 88
0 407.2 25.3456 300 88
0 407.2 25.5041 300 88
0 396 25.6056 88
0 390.4 25.62 88
0 390.4 25.7391 300 88
0 390.4 26.021 300 88
0 390.4 26.4783 300 88
0 390.4 26.9507 300 88
0 390.4 27.1483 300 88
0 390.4 27.4094 300 88
0 390.4 27.7225 300 88
0 390.4 28.1155 300 88
0 390.4 28.3904 300 88
0 390.4 28.5946 300 88
0 390.4 28.9077 300 88
0 390.4 29.0714 300 88
0 390.4 29.2625 300 88
0 390.4 29.5029 300 88
0 390.4 29.6801 300 88
0 390.4 29.8471 300 88
0 390.4 30.168 300 88
0 390.4 30.3346 300 88
0 390.4 30.5102 300 88
0 390.4 30.6711 300 88
0 390.4 30.8235 300 88
0 390.4 31.0193 300 88
0 390.4 31.25 300 88
0 390.4 31.8542 300 88
0 390.4 32.1299 300 88
0 390.4 32.2942 300 88
0 390.4 32.5804 300 88
0 390.4 32.9074 300 88
0 390.4 33.0695 300 88
0 390.4 33.224 300 88
0 390.4 33.3745 300 88
0 390.4 33.5882 300 88
0 390.4 33.7923 300 88
0 390.4 34.0167 300 88
0 390.4 34.3614 300 88
0 390.4 34.5836 300 89
0 390.4 34.8077 300 89
0 390.4 34.9829 300 89
0 390.4 35.2176 300 89
0 390.4 35.4113 300 89
0 390.4 35.6352 300 89
0 390.4 35.8366 300 89
0 390.4 36.1185 300 89
0 390.4 36.3015 300 89
0 390.4 36.52 300 89
0 390.4 36.757 300 89
0 390.4 37.04 300 89
0 390.4 37.2485 300 89
0 390.4 37.7945 300 89
0 390.4 38.002 300 89
0 390.4 38.2376 300 89
0 390.4 38.4309 300 89
0 390.4 39.0363 300 89
0 390.4 39.3774 300 89
0 390.4 40.0302 300 89
0 390.4 40.3961 300 89
0 390.4 40.5833 300 89
0 390.4 40.7931 300 89
0 390.4 41.0406 300 89
0 390.4 41.2002 300 89
0 390.4 41.4238 300 89
0 390.4 41.616 300 89
0 390.4 42.0061 300 89
0 390.4 42.2657 300 89
0 390.4 42.4966 300 89
0 390.4 42.6674 300 89
0 390.4 42.9095 300 89
0 390.4 43.1812 300 89
0 390.4 43.35 300 89
0 390.4 43.5012 300 89
0 390.4 43.7468 300 89
0 390.4 44.0597 300 89
0 390.4 44.2886 300 89
0 390.4 44.6051 300 89
0 390.4 44.8194 300 89
0 390.4 45.0384 300 89
0 390.4 45.2811 300 89
0 390.4 45.4098 300 89
0 390.4 45.6343 300 89
0 390.4 45.8565 300 89
0 390.4 46.0926 300 89
0 390.4 46.4547 300 89
0 390.4 46.6024 300 89
0 390.4 46.8163 300 89
0 390.4 47.0681 300 89
0 390.4 47.4408 300 89
0 390.4 47.7768 300 89
0 390.4 48.0206 300 89
0 390.4 48.2318 300 89
0 390.4 48.4036 300 89
0 390.4 48.6442 300 89
0 390.4 48.7899 300 89
0 390.4 49.0687 300 89
0 390.4 49.3184 300 89
0 390.4 49.4579 300 89
0 390.4 49.6718 300 89
0 390.4 49.8232 300 89
0 390.4 50.128 300 89
0 390.4 50.3705 300 89
0 390.4 50.5373 300 89
0 390.4 50.8181 300 89
0 390.4 51.0709 300 89
0 390.4 51.3606 300 89
0 390.4 51.545 300 89
0 390.4 51.812 300 89
0 390.4 51.9798 300 89
0 390.4 52.1479 300 89
0 390.4 52.3717 300 89
0 390.4 52.622 300 89
0 390.4 52.8836 300 89
0 390.4 53.1464 300 89
0 390.4 53.3264 300 89
0 390.4 53.5017 300 89
0 390.4 53.7276 300 89
0 390.4 53.9067 300 89
0 390.4 54.1705 300 89
0 390.4 54.3772 300 89
0 390.4 54.6448 300 89
0 390.4 54.8048 300 89
0 390.4 55.1475 300 89
0 390.4 55.4449 300 89
0 390.4 55.7254 300 89
0 390.4 55.8589 300 89
0 390.4 56.1981 300 89
0 390.4 56.3801 300 89
0 390.4 56.6722 300 89
0 390.4 56.8902 300 89
0 390.4 57.1169 300 89
0 390.4 57.2483 300 89
0 390.4 57.4725 300 89
0 390.4 57.6126 300 89
0 390.4 57.8697 300 89
0 390.4 58.1283 300 89
0 390.4 58.3199 300 89
0 390.4 58.6189 300 89
0 390.4 58.9079 300 89
0 390.4 59.1552 300 89
0 390.4 59.5098 300 89
0 390.4 59.6808 300 89
0 390.4 59.9876 300 89
0 390.4 60.2223 300 89
0 390.4 60.4065 300 89
0 390.4 60.5704 300 89
0 390.4 60.7556 300 89
0 390.4 61.029 300 89
0 390.4 61.2451 300 89
0 390.4 61.3827 300 89
0 390.4 61.7175 300 89
0 390.4 61.8493 300 89
0 390.4 62.0608 300 89
0 390.4 62.2462 300 89
0 390.4 62.3838 300 89
0 390.4 62.6272 300 89
0 390.4 62.7557 300 89
0 390.4 63.0052 300 89
0 390.4 63.2496 300 89
0 390.4 63.4686 300 89
0 390.4 63.6575 300 89
0 390.4 63.8606 300 89
0 390.4 64.0589 300 89
0 390.4 64.2381 300 89
0 390.4 64.5159 300 89
0 390.4 64.7098 300 89
0 390.4 64.8558 300 89
0 390.4 65.0762 300 89
0 390.4 65.2095 300 89
0 390.4 65.4517 300 89
0 390.4 65.7451 300 89
0 390.4 65.9442 300 89
0 390.4 66.1534 300 89
0 390.4 66.3607 300 89
0 390.4 66.5439 300 89
0 390.4 66.7154 300 89
0 390.4 66.9682 300 89
0 390.4 67.1675 300 89
0 390.4 67.3606 300 89
0 390.4 67.5672 300 89
0 390.4 67.752 300 89
0 390.4 67.8835 300 89
0 390.4 68.1086 300 89
0 390.4 68.3711 300 89
0 390.4 68.5138 300 89
0 390.4 68.6943 300 89
0 390.4 68.9172 300 89
0 390.4 69.1487 300 89
0 390.4 69.3526 300 89
0 390.4 69.5448 300 89
0 390.4 69.7995 300 89
0 390.4 69.9927 300 89
0 390.4 70.244 300 89
0 390.4 70.4923 300 89
0 390.4 70.7119 300 89
0 390.4 70.8945 300 89
0 390.4 71.1422 300 89
0 390.4 71.34 300 89
0 390.4 71.5473 300 89
0 390.4 71.7413 300 89
0 390.4 72.0129 300 89
0 390.4 72.1971 300 89
0 390.4 72.3992 300 89
0 390.4 72.5939 300 89
0 390.4 72.7754 300 89
0 390.4 73.0447 300 89
0 390.4 73.1849 300 89
0 390.4 73.4075 300 89
0 390.4 73.5763 300 89
0 390.4 73.76 300 89
0 390.4 73.8585 300 89
0 390.4 74.0148 300 89
0 390.4 74.1598 300 89
0 390.4 74.2673 300 89
0 390.4 74.3893 300 89
0 390.4 74.5379 300 89
0 390.4 74.6977 300 89
0 390.4 74.8158 300 89
0 390.4 74.9735 300 89
0 390.4 75.0976 300 89
0 390.4 75.2938 300 89
0 390.4 75.4518 300 89
0 390.4 75.6662 300 89
0 390.4 75.8765 300 89
0 390.4 76.0652 300 89
0 390.4 76.2398 300 89
0 390.4 76.4504 300 89
0 390.4 76.6719 300 89
0 390.4 76.9481 300 89
0 390.4 77.0784 300 89
0 390.4 77.2775 300 89
0 390.4 77.5477 300 89
0 390.4 77.7369 300 89
0 390.4 77.9172 300 89
0 390.4 78.0751 300 89
0 390.4 78.3237 300 89
0 390.4 78.5048 300 89
0 390.4 78.6855 300 89
0 390.4 78.8695 300 89
0 390.4 79.0525 300 89
0 390.4 79.2422 300 89
0 390.4 79.4226 300 89
0 390.4 79.737 300 89
0 390.4 79.999 300 89
0 390.4 80.1734 300 89
0 390.4 80.3881 300 89
0 390.4 80.5169 300 89
0 390.4 80.739 300 89
0 390.4 80.9569 300 89
0 390.4 81.1274 300 89
0 390.4 81.3066 300 89
0 390.4 81.617 300 89
0 390.4 81.8439 300 89
0 390.4 82.1398 300 89
0 390.4 82.3127 300 89
0 390.4 82.5949 300 89
0 390.4 82.8107 300 89
0 390.4 83.0811 300 89
0 390.4 83.2674 300 89
0 390.4 83.3826 300 89
0 390.4 83.5586 300 89
0 390.4 83.7038 300 89
0 390.4 83.9145 300 89
0 390.4 84.1505 300 89
0 390.4 84.294 300 89
0 390.4 84.4352 300 89
0 390.4 84.6905 300 89
0 390.4 84.9094 300 89
0 390.4 85.1168 300 89
0 390.4 85.3022 300 89
0 390.4 85.4926 300 89
0 390.4 85.6436 300 89
0 390.4 85.7858 300 89
0 390.4 86.0719 300 89
0 390.4 86.3231 300 89
0 390.4 86.6167 300 89
0 390.4 86.9294 300 89
0 390.4 87.14 300 89
0 390.4 87.2876 300 89
0 390.4 87.3888 300 89
0 390.4 87.5132 300 89
0 390.4 87.659 300 89
0 390.4 87.7746 300 89
0 390.4 87.9635 300 89
0 390.4 88.1734 300 89
0 390.4 88.303 300 89
0 390.4 88.4269 300 89
0 390.4 88.6062 300 89
0 390.4 88.8671 300 89
0 390.4 89.2479 300 89
0 390.4 89.4474 300 89
0 390.4 89.6712 300 89
0 390.4 89.8991 300 89
0 390.4 90.2524 300 89
0 390.4 90.5207 300 89
0 390.4 90.6497 300 89
0 390.4 90.8682 300 89
0 390.4 91.1222 300 89
0 390.4 91.3736 300 89
0 390.4 91.5979 300 89
0 390.4 91.8677 300 89
0 390.4 92.0552 300 89
0 390.4 92.2523 300 89
0 390.4 92.58 300 89
0 390.4 92.8032 300 89
0 390.4 92.9369 300 89
0 390.4 93.117 300 89
0 390.4 93.2923 300 89
0 390.4 93.7097 300 89
0 390.4 93.8925 300 89
0 390.4 94.0798 300 89
0 390.4 94.1997 300 89
0 390.4 94.4068 300 89
0 390.4 94.5795 300 89
0 390.4 94.7223 300 89
0 390.4 94.8543 300 89
0 390.4 95.0709 300 89
0 390.4 95.2885 300 89
0 390.4 95.5005 300 89
0 390.4 95.715 300 89
0 390.4 95.8935 300 89
0 390.4 96.1988 300 89
0 390.4 96.3844 300 89
0 390.4 96.746 300 89
0 390.4 96.967 300 89
0 390.4 97.3465 300 89
0 390.4 97.5526 300 89
0 390.4 97.7308 300 89
0 390.4 97.9048 300 89
0 390.4 98.1798 300 89
0 390.4 98.5142 300 89
0 390.4 98.7146 300 89
0 390.4 98.8697 300 89
0 390.4 99.1287 300 89
0 390.4 99.2881 300 89
0 390.4 99.4557 300 89
0 390.4 99.611 300 89
0 390.4 99.8907 300 89
0 390.4 100.11 300 89
0 390.4 100.384 300 89
0 390.4 100.649 300 89
0 390.4 100.913 300 89
0 390.4 101.335 300 89
0 390.4 101.62 300 89
0 390.4 101.801 300 89
0 390.4 102.044 300 89
0 390.4 102.357 300 89
0 390.4 102.484 300 89
0 390.4 102.693 300 89
0 390.4 102.941 300 89
0 390.4 103.166 300 89
0 390.4 103.45 300 89
0 390.4 103.723 300 89
0 390.4 103.976 300 89
0 390.4 104.282 300 89
0 390.4 104.414 300 89
0 390.4 104.59 300 89
0 390.4 104.817 300 89
0 390.4 105.193 300 89
0 390.4 105.516 300 89
0 390.4 105.729 300 89
0 390.4 105.944 300 89
0 390.4 106.098 300 89
0 390.4 106.356 300 89
0 390.4 106.557 300 89
0 390.4 106.743 300 89
0 390.4 106.921 300 89
0 390.4 107.12 300 89
0 390.4 107.491 300 89
0 390.4 107.785 300 89
0 390.4 108.034 300 89
0 390.4 108.218 300 89
0 390.4 108.459 300 89
0 390.4 108.612 300 89
0 390.4 108.788 300 89
0 390.4 109.022 300 89
0 390.4 109.154 300 89
0 390.4 109.32 300 89
0 390.4 109.496 300 89
0 390.4 109.673 300 89
0 390.4 109.887 300 89
0 390.4 110.136 300 89
0 390.4 110.449 300 89
0 390.4 110.702 300 89
0 390.4 110.909 300 89
0 390.4 111.193 300 89
0 390.4 111.434 300 89
0 390.4 111.613 300 89
0 390.4 111.802 300 89
0 390.4 111.948 300 89
0 390.4 112.171 300 89
0 390.4 112.474 300 89
0 390.4 112.651 300 89
0 390.4 112.951 300 89
0 390.4 113.173 300 89
0 390.4 113.637 300 89
0 390.4 113.9 300 89
0 390.4 114.155 300 89
0 390.4 114.425 300 89
0 390.4 114.647 300 89
0 390.4 114.89 300 89
0 390.4 115.158 300 89
0 390.4 115.345 300 89
0 390.4 115.639 300 89
0 390.4 115.93 300 89
0 390.4 116.169 300 89
0 390.4 116.405 300 89
0 390.4 116.621 300 89
0 390.4 116.857 300 89
0 390.4 117.061 300 89
0 390.4 117.257 300 89
0 390.4 117.445 300 89
0 390.4 117.788 300 89
0 390.4 118.003 300 89
0 390.4 118.242 300 89
0 390.4 118.502 300 89
0 390.4 118.659 300 89
0 390.4 118.939 300 89
0 390.4 119.115 300 89
0 390.4 119.302 300 89
0 390.4 119.488 300 89
0 390.4 119.717 300 89
0 390.4 119.955 300 89
0 390.4 120.224 300 89
0 390.4 120.385 300 89
0 390.4 120.54 300 89
0 390.4 120.782 300 89
0 390.4 120.994 300 89
0 390.4 121.202 300 89
0 390.4 121.461 300 89
0 390.4 121.75 300 89
0 390.4 122.027 300 89
0 390.4 122.27 300 89
0 390.4 122.51 300 89
0 390.4 122.778 300 89
0 390.4 123.008 300 89
0 390.4 123.259 300 89
0 390.4 123.53 300 89
0 390.4 123.722 300 89
0 390.4 123.908 300 89
0 390.4 124.061 300 89
0 390.4 124.29 300 89
0 390.4 124.451 300 89
0 390.4 124.715 300 89
0 390.4 124.866 300 89
0 390.4 125.067 300 89
0 390.4 125.279 300 89
0 390.4 125.554 300 89
0 390.4 125.839 300 89
0 390.4 126.095 300 89
0 390.4 126.235 300 89
0 390.4 126.489 300 89
0 390.4 126.841 300 89
0 390.4 127.119 300 89
0 390.4 127.407 300 89
0 390.4 127.595 300 89
0 390.4 127.749 300 89
0 390.4 127.932 300 89
0 390.4 128.113 300 89
0 390.4 128.257 300 89
0 390.4 128.493 300 89
0 390.4 128.729 300 89
0 390.4 128.931 300 89
0 390.4 129.214 300 89
0 390.4 129.452 300 89
0 390.4 129.627 300 89
0 390.4 129.82 300 89
0 390.4 130.024 300 89
0 390.4 130.35 300 89
0 390.4 130.57 300 89
0 390.4 130.757 300 89
0 390.4 130.934 300 89
0 390.4 131.078 300 89
0 390.4 131.261 300 89
0 390.4 131.488 300 89
0 390.4 131.849 300 89
0 390.4 132.126 300 89
0 390.4 132.358 300 89
0 390.4 132.536 300 89
0 390.4 132.719 300 89
0 390.4 132.911 300 89
0 390.4 133.043 300 89
0 390.4 133.309 300 89
0 390.4 133.495 300 89
0 390.4 133.722 300 89
0 390.4 133.853 300 89
0 390.4 134.044 300 89
0 390.4 134.241 300 89
0 390.4 134.409 300 89
0 390.4 134.794 300 89
0 390.4 135.049 300 89
0 390.4 135.264 300 89
0 390.4 135.536 300 89
0 390.4 135.868 300 89
0 390.4 136.117 300 89
0 390.4 136.322 300 89
0 390.4 136.638 300 89
0 390.4 136.825 300 89
0 390.4 137.011 300 89
0 390.4 137.183 300 89
0 390.4 137.327 300 89
0 390.4 137.618 300 89
0 390.4 137.793 300 89
0 390.4 138.083 300 89
0 390.4 138.235 300 89
0 390.4 138.511 300 89
0 390.4 138.705 300 89
0 390.4 139.002 300 89
0 390.4 139.142 300 89
0 390.4 139.346 300 89
0 390.4 139.566 300 89
0 390.4 139.704 300 89
0 390.4 140.106 300 89
0 390.4 140.475 300 89
0 390.4 140.659 300 89
0 390.4 140.877 300 89
0 390.4 141.112 300 89
0 390.4 141.339 300 89
0 390.4 141.478 300 89
0 390.4 141.614 300 89
0 390.4 141.757 300 89
0 390.4 142.05 300 89
0 390.4 142.196 300 89
0 390.4 142.441 300 89
0 390.4 142.671 300 89
0 390.4 142.913 300 89
0 390.4 143.145 300 89
0 390.4 143.28 300 89
0 390.4 143.495 300 89
0 390.4 143.65 300 89
0 390.4 143.845 300 89
0 390.4 144.028 300 89
0 390.4 144.182 300 89
0 390.4 144.372 300 89
0 390.4 144.723 300 89
0 390.4 144.964 300 89
0 390.4 145.276 300 89
0 390.4 145.469 300 89
0 390.4 145.674 300 89
0 390.4 145.805 300 89
0 390.4 145.958 300 89
0 390.4 146.199 300 89
0 390.4 146.404 300 89
0 390.4 146.608 300 89
0 390.4 146.866 300 89
0 390.4 146.991 300 89
0 390.4 147.18 300 89
0 390.4 147.44 300 89
0 390.4 147.709 300 89
0 390.4 148.014 300 89
0 390.4 148.304 300 89
0 390.4 148.514 300 89
0 390.4 148.859 300 89
0 390.4 149.041 300 89
0 390.4 149.19 300 89
0 390.4 149.336 300 89
0 390.4 149.607 300 89
0 390.4 149.875 300 89
0 390.4 150.014 300 89
0 390.4 150.269 300 89
0 390.4 150.646 300 89
0 390.4 150.899 300 89
0 390.4 151.163 300 89
0 390.4 151.346 300 89
0 390.4 151.576 300 89
0 390.4 151.819 300 89
0 390.4 152.085 300 89
0 390.4 152.239 300 89
0 390.4 152.517 300 89
0 390.4 152.659 300 89
0 390.4 152.811 300 89
0 390.4 152.994 300 89
0 390.4 153.181 300 89
0 390.4 153.419 300 89
0 390.4 153.647 300 89
0 390.4 153.79 300 89
0 390.4 154.016 300 89
0 390.4 154.282 300 89
0 390.4 154.522 300 89
0 390.4 154.67 300 89
0 390.4 154.819 300 89
0 390.4 155.079 300 89
0 390.4 155.321 300 89
0 390.4 155.479 300 89
0 390.4 155.75 300 89
0 390.4 156.027 300 89
0 390.4 156.214 300 89
0 390.4 156.613 300 89
0 390.4 156.952 300 89
0 390.4 157.155 300 89
0 390.4 157.407 300 89
0 390.4 157.701 300 89
0 390.4 157.886 300 89
0 390.4 158.069 300 89
0 390.4 158.255 300 89
0 390.4 158.509 300 89
0 390.4 158.738 300 89
0 390.4 158.947 300 89
0 390.4 159.187 300 89
0 390.4 159.528 300 89
0 390.4 159.75 300 89
0 390.4 159.879 300 89
0 390.4 160.064 300 89
0 390.4 160.256 300 89
0 390.4 160.539 300 89
0 390.4 160.794 300 89
0 390.4 161.047 300 89
0 390.4 161.168 300 89
0 390.4 161.413 300 89
0 390.4 161.639 300 89
0 390.4 161.843 300 89
0 390.4 161.99 300 89
0 390.4 162.275 300 89
0 390.4 162.58 300 89
0 390.4 162.728 300 89
0 390.4 163.046 300 89
0 390.4 163.256 300 89
0 390.4 163.499 300 89
0 390.4 163.644 300 89
0 390.4 163.854 300 89
0 390.4 164.22 300 89
0 390.4 164.37 300 89
0 390.4 164.573 300 89
0 390.4 164.754 300 89
0 390.4 164.908 300 89
0 390.4 165.15 300 89
0 390.4 165.416 300 89
0 390.4 165.665 300 89
0 390.4 165.971 300 89
0 390.4 166.26 300 89
0 390.4 166.473 300 89
0 390.4 166.741 300 89
0 390.4 167.01 300 89
0 390.4 167.237 300 89
0 390.4 167.49 300 89
0 390.4 167.788 300 89
0 390.4 167.938 300 89
0 390.4 168.218 300 89
0 390.4 168.467 300 89
0 390.4 168.653 300 89
0 390.4 168.893 300 89
0 390.4 169.063 300 89
0 390.4 169.317 300 89
0 390.4 169.518 300 89
0 390.4 169.693 300 89
0 390.4 169.965 300 89
0 390.4 170.155 300 89
0 390.4 170.342 300 89
0 390.4 170.579 300 89
0 390.4 170.712 300 89
0 390.4 170.916 300 89
0 390.4 171.168 300 89
0 390.4 171.321 300 89
0 390.4 171.571 300 89
0 390.4 171.778 300 89
0 390.4 171.97 300 89
0 390.4 172.124 300 89
0 390.4 172.318 300 89
0 390.4 172.587 300 89
0 390.4 172.927 300 89
0 390.4 173.134 300 89
0 390.4 173.344 300 89
0 390.4 173.497 300 89
0 390.4 173.668 300 89
0 390.4 173.939 300 89
0 390.4 174.135 300 89
0 390.4 174.278 300 89
0 390.4 174.518 300 89
0 390.4 174.699 300 89
0 390.4 174.873 300 89
0 390.4 175.112 300 89
0 390.4 175.337 300 89
0 390.4 175.612 300 89
0 390.4 175.747 300 89
0 390.4 175.928 300 89
0 390.4 176.066 300 89
0 390.4 176.333 300 89
0 390.4 176.569 300 89
0 390.4 176.763 300 89
0 390.4 176.966 300 89
0 390.4 177.22 300 89
0 390.4 177.467 300 89
0 390.4 177.661 300 89
0 390.4 177.847 300 89
0 390.4 178.116 300 89
0 390.4 178.469 300 89
0 390.4 178.66 300 89
0 390.4 178.938 300 89
0 390.4 179.138 300 89
0 390.4 179.449 300 89
0 390.4 179.629 300 89
0 390.4 179.767 300 89
0 390.4 180.001 300 89
0 390.4 180.196 300 89
0 390.4 180.413 300 89
0 390.4 180.645 300 89
0 390.4 180.825 300 89
0 390.4 181.165 300 89
0 390.4 181.386 300 89
0 390.4 181.628 300 89
0 390.4 181.892 300 89
0 390.4 182.15 300 89
0 390.4 182.369 300 89
0 390.4 182.537 300 89
0 390.4 182.754 300 89
0 390.4 182.935 300 89
0 390.4 183.076 300 89
0 390.4 183.231 300 89
0 390.4 183.525 300 89
0 390.4 183.826 300 89
0 390.4 184.048 300 89
0 390.4 184.248 300 89
0 390.4 184.5 300 89
0 390.4 184.698 300 89
0 390.4 184.898 300 89
0 390.4 185.036 300 89
0 390.4 185.284 300 89
0 390.4 185.447 300 89
0 390.4 185.721 300 89
0 390.4 186.031 300 89
0 390.4 186.195 300 89
0 390.4 186.405 300 89
0 390.4 186.638 300 89
0 390.4 186.826 300 89
0 390.4 187.015 300 89
0 390.4 187.25 300 89
0 390.4 187.48 300 89
0 390.4 187.657 300 89
0 390.4 187.9 300 89
0 390.4 188.229 300 89
0 390.4 188.472 300 89
0 390.4 188.754 300 89
0 390.4 188.887 300 89
0 390.4 189.158 300 89
0 390.4 189.319 300 89
0 390.4 189.56 300 89
0 390.4 189.818 300 89
0 390.4 190.089 300 89
0 390.4 190.384 300 89
0 390.4 190.536 300 89
0 390.4 190.709 300 89
0 390.4 190.905 300 89
0 390.4 191.114 300 89
0 390.4 191.38 300 89
0 390.4 191.703 300 89
0 390.4 191.998 300 89
0 390.4 192.3 300 89
0 390.4 192.527 300 89
0 390.4 192.717 300 89
0 390.4 192.901 300 89
0 390.4 193.048 300 89
0 390.4 193.211 300 89
0 390.4 193.462 300 89
0 390.4 193.785 300 89
0 390.4 194.061 300 89
0 390.4 194.296 300 89
0 390.4 194.482 300 89
0 390.4 194.617 300 89
0 390.4 194.732 300 89
0 390.4 194.913 300 89
0 390.4 195.106 300 89
0 390.4 195.316 300 89
0 390.4 195.461 300 89
0 390.4 195.669 300 89
0 390.4 195.918 300 89
0 390.4 196.202 300 89
0 390.4 196.377 300 89
0 390.4 196.593 300 89
0 390.4 196.721 300 89
0 390.4 196.865 300 89
0 390.4 197.043 300 89
0 390.4 197.252 300 89
0 390.4 197.451 300 89
0 390.4 197.651 300 89
0 390.4 197.931 300 89
0 390.4 198.25 300 89
0 390.4 198.49 300 89
0 390.4 198.743 300 89
0 390.4 198.992 300 89
0 390.4 199.27 300 89
0 390.4 199.467 300 89
0 390.4 199.63 300 89
0 390.4 199.775 300 89
0 390.4 199.994 300 89
0 390.4 200.168 300 89
0 390.4 200.363 300 89
0 390.4 200.612 300 89
0 390.4 200.797 300 89
0 390.4 201.014 300 89
0 390.4 201.356 300 89
0 390.4 201.571 300 89
0 390.4 201.717 300 89
0 390.4 201.894 300 89
0 390.4 202.142 300 89
0 390.4 202.375 300 89
0 390.4 202.614 300 89
0 390.4 202.848 300 89
0 390.4 203.043 300 89
0 390.4 203.234 300 89
0 390.4 203.377 300 89
0 390.4 203.586 300 89
0 390.4 203.876 300 89
0 390.4 204.114 300 89
0 390.4 204.399 300 89
0 390.4 204.638 300 89
0 390.4 204.877 300 89
0 390.4 205.035 300 89
0 390.4 205.276 300 89
0 390.4 205.534 300 89
0 390.4 205.885 300 89
0 390.4 206.079 300 89
0 390.4 206.382 300 89
0 390.4 206.667 300 89
0 390.4 206.874 300 89
0 390.4 207.085 300 89
0 390.4 207.455 300 89
0 390.4 207.603 300 89
0 390.4 207.918 300 89
0 390.4 208.097 300 89
0 390.4 208.41 300 89
0 390.4 208.578 300 89
0 390.4 208.906 300 89
0 390.4 209.108 300 89
0 390.4 209.321 300 89
0 390.4 209.526 300 89
0 390.4 209.725 300 89
0 390.4 210.007 300 89
0 390.4 210.221 300 89
0 390.4 210.362 300 89
0 390.4 210.772 300 89
0 390.4 210.956 300 89
0 390.4 211.28 300 89
0 390.4 211.536 300 89
0 390.4 211.739 300 89
0 390.4 211.94 300 89
0 390.4 212.071 300 89
0 390.4 212.258 300 89
0 390.4 212.547 300 89
0 390.4 212.839 300 89
0 390.4 213.078 300 89
0 390.4 213.306 300 89
0 390.4 213.479 300 89
0 390.4 213.644 300 89
0 390.4 213.79 300 89
0 390.4 214.12 300 89
0 390.4 214.318 300 89
0 390.4 214.504 300 89
0 390.4 214.732 300 89
0 390.4 214.992 300 89
0 390.4 215.242 300 89
0 390.4 215.456 300 89
0 390.4 215.724 300 89
0 390.4 216.014 300 89
0 390.4 216.21 300 89
0 390.4 216.455 300 89
0 390.4 216.722 300 89
0 390.4 216.858 300 89
0 390.4 217.328 300 89
0 390.4 217.488 300 89
0 390.4 217.77 300 89
0 390.4 217.979 300 89
0 390.4 218.333 300 89
0 390.4 218.601 300 89
0 390.4 218.82 300 89
0 390.4 218.968 300 89
0 390.4 219.216 300 89
0 390.4 219.505 300 89
0 390.4 219.805 300 89
0 390.4 220.057 300 89
0 390.4 220.197 300 89
0 390.4 220.336 300 89
0 390.4 220.646 300 89
0 390.4 220.807 300 89
0 390.4 221.102 300 89
0 390.4 221.321 300 89
0 390.4 221.566 300 89
0 390.4 221.824 300 89
0 390.4 222.115 300 89
0 390.4 222.359 300 89
0 390.4 222.536 300 89
0 390.4 222.679 300 89
0 390.4 222.895 300 89
0 390.4 223.072 300 89
0 390.4 223.327 300 89
0 390.4 223.611 300 89
0 390.4 223.757 300 89
0 390.4 224.023 300 89
0 390.4 224.255 300 89
0 390.4 224.493 300 89
0 390.4 224.676 300 89
0 390.4 224.816 300 89
0 390.4 225.037 300 89
0 390.4 225.184 300 89
0 390.4 225.421 300 89
0 390.4 225.719 300 89
0 390.4 225.921 300 89
0 390.4 226.112 300 89
0 390.4 226.36 300 89
0 390.4 226.512 300 89
0 390.4 226.718 300 89
0 390.4 226.957 300 89
0 390.4 227.199 300 89
0 390.4 227.477 300 89
0 390.4 227.806 300 89
0 390.4 227.96 300 89
0 390.4 228.196 300 89
0 390.4 228.342 300 89
0 390.4 228.497 300 89
0 390.4 228.725 300 89
0 390.4 229.009 300 89
0 390.4 229.214 300 89
0 390.4 229.398 300 89
0 390.4 229.535 300 89
0 390.4 229.873 300 89
0 390.4 230.099 300 89
0 390.4 230.271 300 89
0 390.4 230.614 300 89
0 390.4 230.745 300 89
0 390.4 230.941 300 89
0 390.4 231.132 300 89
0 390.4 231.378 300 89
0 390.4 231.614 300 89
0 390.4 231.872 300 89
0 390.4 232.099 300 89
0 390.4 232.351 300 89
0 390.4 232.564 300 89
0 390.4 232.692 300 89
0 390.4 232.986 300 89
0 390.4 233.259 300 89
0 390.4 233.396 300 89
0 390.4 233.626 300 89
0 390.4 233.841 300 89
0 390.4 233.974 300 89
0 390.4 234.161 300 89
0 390.4 234.412 300 89
0 390.4 234.615 300 89
0 390.4 234.99 300 89
0 390.4 235.182 300 89
0 390.4 235.431 300 89
0 390.4 235.794 300 89
0 390.4 236.073 300 89
0 390.4 236.403 300 89
0 390.4 236.64 300 89
0 390.4 236.968 300 89
0 390.4 237.232 300 89
0 390.4 237.502 300 89
0 390.4 237.751 300 89
0 390.4 237.988 300 89
0 390.4 238.181 300 89
0 390.4 238.373 300 89
0 390.4 238.654 300 89
0 390.4 238.85 300 89
0 390.4 239.35 300 89
0 390.4 239.555 300 89
0 390.4 239.757 300 89
0 390.4 239.989 300 89
0 390.4 240.256 300 89
0 390.4 240.507 300 89
0 390.4 240.708 300 89
0 390.4 240.866 300 89
0 390.4 241.028 300 89
0 390.4 241.313 300 89
0 390.4 241.636 300 89
0 390.4 241.84 300 89
0 390.4 242.117 300 89
0 390.4 242.308 300 89
0 390.4 242.537 300 89
0 390.4 242.848 300 89
0 390.4 243.043 300 89
0 390.4 243.201 300 89
0 390.4 243.498 300 89
0 390.4 243.814 300 89
0 390.4 244.069 300 89
0 390.4 244.284 300 89
0 390.4 244.556 300 89
0 390.4 244.859 300 89
0 390.4 245.017 300 89
0 390.4 245.243 300 89
0 390.4 245.502 300 89
0 390.4 245.694 300 89
0 390.4 246.038 300 89
0 390.4 246.293 300 89
0 390.4 246.504 300 89
0 390.4 246.779 300 89
0 390.4 247.002 300 89
0 390.4 247.266 300 89
0 390.4 247.537 300 89
0 390.4 247.652 300 89
0 390.4 247.756 300 89
0 390.4 247.889 300 89
0 390.4 247.961 300 89
0 390.4 248.107 300 89
0 390.4 248.21 300 89
0 390.4 248.35 300 89
0 390.4 248.452 300 89
0 390.4 248.589 300 89
0 390.4 248.785 300 89
0 390.4 249.067 300 89
0 390.4 249.267 300 89
0 390.4 249.497 300 89
0 390.4 249.704 300 89
0 390.4 249.85 300 89
0 390.4 250.025 300 89
0 390.4 250.166 300 89
0 390.4 250.382 300 89
0 390.4 250.656 300 89
0 390.4 250.918 300 89
0 390.4 251.196 300 89
0 390.4 251.343 300 89
0 390.4 251.583 300 89
0 390.4 251.824 300 89
0 390.4 251.955 300 89
0 390.4 252.133 300 89
0 390.4 252.446 300 89
0 390.4 252.669 300 89
0 390.4 252.856 300 89
0 390.4 253.052 300 89
0 390.4 253.234 300 89
0 390.4 253.564 300 89
0 390.4 253.794 300 89
0 390.4 253.996 300 89
0 390.4 254.209 300 89
0 390.4 254.407 300 89
0 390.4 254.634 300 89
0 390.4 254.864 300 89
0 390.4 255.073 300 89
0 390.4 255.291 300 89
0 390.4 255.445 300 89
0 390.4 255.65 300 89
0 390.4 255.854 300 89
0 390.4 256.326 300 89
0 390.4 256.56 300 89
0 390.4 256.853 300 89
0 390.4 257.058 300 89
0 390.4 257.28 300 89
0 390.4 257.525 300 89
0 390.4 257.725 300 89
0 390.4 257.939 300 89
0 390.4 258.131 300 89
0 390.4 258.325 300 89
0 390.4 258.59 300 89
0 390.4 258.898 300 89
0 390.4 259.112 300 89
0 390.4 259.249 300 89
0 390.4 259.384 300 89
0 390.4 259.528 300 89
0 390.4 259.777 300 89
0 390.4 260.01 300 89
0 390.4 260.208 300 89
0 390.4 260.439 300 89
0 390.4 260.606 300 89
0 390.4 260.871 300 89
0 390.4 261.087 300 89
0 390.4 261.281 300 89
0 390.4 261.526 300 89
0 390.4 261.809 300 89
0 390.4 261.985 300 89
0 390.4 262.2 300 89
0 390.4 262.382 300 89
0 390.4 262.617 300 89
0 390.4 262.849 300 89
0 390.4 263.145 300 89
0 390.4 263.386 300 89
0 390.4 263.686 300 89
0 390.4 263.923 300 89
0 390.4 264.101 300 89
0 390.4 264.403 300 89
0 390.4 264.714 300 89
0 390.4 264.952 300 89
0 390.4 265.193 300 89
0 390.4 265.558 300 89
0 390.4 265.84 300 89
0 390.4 266.236 300 89
0 390.4 266.422 300 89
0 390.4 266.691 300 89
0 390.4 267.06 300 89
0 390.4 267.316 300 89
0 390.4 267.511 300 89
0 390.4 267.732 300 89
0 390.4 267.96 300 89
0 390.4 268.181 300 89
0 390.4 268.359 300 89
0 390.4 268.64 300 89
0 390.4 268.88 300 89
0 390.4 269.091 300 89
0 390.4 269.295 300 89
0 390.4 269.573 300 89
0 390.4 269.899 300 89
0 390.4 270.154 300 89
0 390.4 270.356 300 89
0 390.4 270.653 300 89
0 390.4 270.975 300 89
0 390.4 271.245 300 89
0 390.4 271.425 300 89
0 390.4 271.624 300 89
0 390.4 271.895 300 89
0 390.4 272.063 300 89
0 390.4 272.308 300 89
0 390.4 272.541 300 89
0 390.4 272.771 300 89
0 390.4 273.074 300 89
0 390.4 273.22 300 89
0 390.4 273.458 300 89
0 390.4 273.656 300 89
0 390.4 273.83 300 89
0 390.4 274.043 300 89
0 390.4 274.306 300 89
0 390.4 274.566 300 89
0 390.4 274.787 300 89
0 390.4 274.927 300 89
0 390.4 275.076 300 89
0 390.4 275.231 300 89
0 390.4 275.456 300 89
0 390.4 275.704 300 89
0 390.4 275.969 300 89
0 390.4 276.099 300 89
0 390.4 276.237 300 89
0 390.4 276.492 300 89
0 390.4 276.741 300 89
0 390.4 276.931 300 89
0 390.4 277.141 300 89
0 390.4 277.276 300 89
0 390.4 277.672 300 89
0 390.4 277.977 300 89
0 390.4 278.165 300 89
0 390.4 278.327 300 89
0 390.4 278.654 300 89
0 390.4 278.841 300 89
0 390.4 279.037 300 89
0 390.4 279.18 300 89
0 390.4 279.425 300 89
0 390.4 279.655 300 89
0 390.4 279.926 300 89
0 390.4 280.192 300 89
0 390.4 280.38 300 89
0 390.4 280.56 300 89
0 390.4 280.735 300 89
0 390.4 281.009 300 89
0 390.4 281.319 300 89
0 390.4 281.48 300 89
0 390.4 281.695 300 89
0 390.4 281.978 300 89
0 390.4 282.122 300 89
0 390.4 282.312 300 89
0 390.4 282.502 300 89
0 390.4 282.728 300 89
0 390.4 282.909 300 89
0 390.4 283.093 300 89
0 390.4 283.329 300 89
0 390.4 283.581 300 89
0 390.4 283.895 300 89
0 390.4 284.074 300 89
0 390.4 284.361 300 89
0 390.4 284.725 300 89
0 390.4 284.994 300 89
0 390.4 285.224 300 89
0 390.4 285.433 300 89
0 390.4 285.648 300 89
0 390.4 285.91 300 89
0 390.4 286.084 300 89
0 390.4 286.276 300 89
0 390.4 286.573 300 89
0 390.4 286.718 300 89
0 390.4 286.879 300 89
0 390.4 287.033 300 89
0 390.4 287.299 300 89
0 390.4 287.549 300 89
0 390.4 287.79 300 89
0 390.4 287.929 300 89
0 390.4 288.166 300 89
0 390.4 288.492 300 89
0 390.4 288.734 300 89
0 390.4 289.003 300 89
0 390.4 289.283 300 89
0 390.4 289.427 300 89
0 390.4 289.615 300 89
0 390.4 289.812 300 89
0 390.4 289.979 300 89
0 390.4 290.246 300 89
0 390.4 290.454 300 89
0 390.4 290.72 300 89
0 390.4 291.024 300 89
0 390.4 291.312 300 89
0 390.4 291.738 300 89
0 390.4 292.251 300 89
0 390.4 292.488 300 89
0 390.4 292.814 300 89
0 390.4 293.41 300 89
0 390.4 293.606 300 89
0 390.4 293.917 300 89
0 390.4 294.28 300 89
0 390.4 294.565 300 89
0 390.4 294.988 300 89
0 390.4 295.3 300 89
0 390.4 295.62 300 89
0 390.4 295.974 300 89
0 390.4 296.314 300 89
0 390.4 296.747 300 89
0 390.4 297.149 300 89
0 390.4 297.46 300 89
0 390.4 297.636 300 89
0 390.4 297.921 300 89
0 390.4 298.302 300 89
0 390.4 298.68 300 89
0 390.4 298.944 300 89
0 390.4 299.179 300 89
0 390.4 299.438 300 89
0 390.4 299.843 300 89
0 390.4 300.139 300 89
0 390.4 300.437 300 89
0 390.4 300.739 300 89
0 390.4 301.03 300 89
0 390.4 301.229 300 89
0 390.4 301.638 300 89
0 390.4 302.054 300 89
0 390.4 302.402 300 89
0 390.4 302.595 300 89
0 390.4 302.908 300 89
0 390.4 303.099 300 89
0 390.4 303.344 300 89
0 390.4 303.726 300 89
0 390.4 303.965 300 89
0 390.4 304.234 300 89
0 390.4 304.5 300 89
0 390.4 304.776 300 89
0 390.4 305.024 300 89
0 390.4 305.399 300 89
0 390.4 305.557 300 89
0 390.4 305.803 300 89
0 390.4 306.024 300 89
0 390.4 306.286 300 89
0 390.4 306.456 300 89
0 390.4 306.692 300 89
0 390.4 306.961 300 89
0 390.4 307.13 300 89
0 390.4 307.424 300 89
0 390.4 307.905 300 89
0 390.4 308.173 300 89
0 390.4 308.35 300 89
0 390.4 308.682 300 89
0 390.4 308.919 300 89
0 390.4 309.149 300 89
0 390.4 309.505 300 89
0 390.4 309.784 300 89
0 390.4 310.206 300 89
0 390.4 310.433 300 89
0 390.4 310.841 300 89
0 390.4 311.158 300 89
0 390.4 311.352 300 89
0 390.4 311.597 300 89
0 390.4 311.869 300 89
0 390.4 312.219 300 89
0 390.4 312.407 300 89
0 390.4 312.753 300 89
0 390.4 313.113 300 89
0 390.4 313.357 300 89
0 390.4 313.793 300 89
0 390.4 314.062 300 89
0 390.4 314.217 300 89
0 390.4 314.483 300 89
0 390.4 314.79 300 89
0 390.4 315.118 300 89
0 390.4 315.274 300 89
0 390.4 315.391 300 89
0 390.4 315.479 300 89
0 390.4 315.605 300 89
0 390.4 315.731 300 89
0 390.4 315.862 300 89
0 390.4 316.015 300 89
0 390.4 316.185 300 89
0 390.4 316.399 300 89
0 390.4 316.647 300 89
0 390.4 316.827 300 89
0 390.4 317.033 300 89
0 390.4 317.264 300 89
0 390.4 317.496 300 89
0 390.4 317.731 300 89
0 390.4 318.053 300 89
0 390.4 318.272 300 89
0 390.4 318.492 300 89
0 390.4 318.626 300 89
0 390.4 318.765 300 89
0 390.4 318.941 300 89
0 390.4 319.222 300 89
0 390.4 319.644 300 89
0 390.4 319.945 300 89
0 390.4 320.227 300 89
0 390.4 320.404 300 89
0 390.4 320.588 300 89
0 390.4 320.824 300 89
0 390.4 320.994 300 89
0 390.4 321.184 300 89
0 390.4 321.452 300 89
0 390.4 321.678 300 89
0 390.4 321.896 300 89
0 390.4 322.128 300 89
0 390.4 322.427 300 89
0 390.4 322.623 300 89
0 390.4 322.757 300 89
0 390.4 323.06 300 89
0 390.4 323.27 300 89
0 390.4 323.521 300 89
0 390.4 323.76 300 89
0 390.4 323.962 300 89
0 390.4 324.111 300 89
0 390.4 324.286 300 89
0 390.4 324.427 300 89
0 390.4 324.592 300 89
0 390.4 324.727 300 89
0 390.4 325.029 300 89
0 390.4 325.301 300 89
0 390.4 325.558 300 89
0 390.4 325.746 300 89
0 390.4 326.064 300 89
0 390.4 326.268 300 89
0 390.4 326.473 300 89
0 390.4 326.667 300 89
0 390.4 326.859 300 89
0 390.4 327.049 300 89
0 390.4 327.241 300 89
0 390.4 327.455 300 89
0 390.4 327.592 300 89
0 390.4 327.834 300 89
0 390.4 328.047 300 89
0 390.4 328.226 300 89
0 390.4 328.387 300 89
0 390.4 328.561 300 89
0 390.4 328.831 300 89
0 390.4 329.068 300 89
0 390.4 329.411 300 89
0 390.4 329.706 300 89
0 390.4 329.916 300 89
0 390.4 330.137 300 89
0 390.4 330.317 300 89
0 390.4 330.526 300 89
0 390.4 330.762 300 89
0 390.4 330.986 300 89
0 390.4 331.191 300 89
0 390.4 331.531 300 89
0 390.4 331.721 300 89
0 390.4 331.925 300 89
0 390.4 332.109 300 89
0 390.4 332.367 300 89
0 390.4 332.493 300 89
0 390.4 332.631 300 89
0 390.4 332.776 300 89
0 390.4 333.026 300 89
0 390.4 333.159 300 89
0 390.4 333.447 300 89
0 390.4 333.777 300 89
0 390.4 334.037 300 89
0 390.4 334.244 300 89
0 390.4 334.378 300 89
0 390.4 334.608 300 89
0 390.4 334.781 300 89
0 390.4 335 300 89
0 390.4 335.223 300 89
0 390.4 335.446 300 89
0 390.4 335.655 300 89
0 390.4 335.79 300 89
0 390.4 335.935 300 89
0 390.4 336.077 300 89
0 390.4 336.298 300 89
0 390.4 336.606 300 89
0 390.4 336.839 300 89
0 390.4 336.98 300 89
0 390.4 337.188 300 89
0 390.4 337.43 300 89
0 390.4 337.676 300 89
0 390.4 337.904 300 89
0 390.4 338.082 300 89
0 390.4 338.37 300 89
0 390.4 338.566 300 89
0 390.4 338.783 300 89
0 390.4 339.005 300 89
0 390.4 339.327 300 89
0 390.4 339.476 300 89
0 390.4 339.724 300 89
0 390.4 339.971 300 89
0 390.4 340.189 300 89
0 390.4 340.381 300 89
0 390.4 340.638 300 89
0 390.4 340.761 300 89
0 390.4 340.904 300 89
0 390.4 341.044 300 89
0 390.4 341.261 300 89
0 390.4 341.399 300 89
0 390.4 341.552 300 89
0 390.4 341.675 300 89
0 390.4 341.838 300 89
0 390.4 341.972 300 89
0 390.4 342.132 300 89
0 390.4 342.326 300 89
0 390.4 342.467 300 89
0 390.4 342.603 300 89
0 390.4 342.75 300 89
0 390.4 342.924 300 89
0 390.4 343.168 300 89
0 390.4 343.312 300 89
0 390.4 343.557 300 89
0 390.4 343.831 300 89
0 390.4 343.92 300 89
0 390.4 344.116 300 89
0 390.4 344.292 300 89
0 390.4 344.481 300 89
0 390.4 344.663 300 89
0 390.4 344.845 300 89
0 390.4 345.032 300 89
0 390.4 345.154 300 89
0 390.4 345.341 300 89
0 390.4 345.457 300 89
0 390.4 345.588 300 89
0 390.4 345.783 300 89
0 390.4 345.931 300 89
0 390.4 346.162 300 89
0 390.4 346.3 300 89
0 390.4 346.455 300 89
0 390.4 346.584 300 89
0 390.4 346.684 300 89
0 390.4 346.783 300 89
0 390.4 346.893 300 89
0 390.4 347.087 300 89
0 390.4 347.248 300 89
0 390.4 347.35 300 89
0 390.4 347.441 300 89
0 390.4 347.572 300 89
0 390.4 347.701 300 89
0 390.4 347.863 300 89
0 390.4 348.025 300 89
0 390.4 348.226 300 89
0 390.4 348.418 300 89
0 390.4 348.568 300 89
0 390.4 348.91 300 89
0 390.4 349.218 300 89
0 390.4 349.603 300 89
0 390.4 349.929 300 89
0 390.4 350.201 300 89
0 390.4 350.367 300 89
0 390.4 350.666 300 89
0 390.4 350.836 300 89
0 390.4 350.971 300 89
0 390.4 351.177 300 89
0 390.4 351.414 300 89
0 390.4 351.599 300 89
0 390.4 351.826 300 89
0 390.4 352.084 300 89
0 390.4 352.319 300 89
0 390.4 352.606 300 89
0 390.4 352.794 300 89
0 390.4 352.933 300 89
0 390.4 353.222 300 89
0 390.4 353.443 300 89
0 390.4 353.609 300 89
0 390.4 353.856 300 89
0 390.4 354.05 300 89
0 390.4 354.243 300 89
0 390.4 354.435 300 89
0 390.4 354.679 300 89
0 390.4 354.905 300 89
0 390.4 355.199 300 89
0 390.4 355.371 300 89
0 390.4 355.807 300 89
0 390.4 355.957 300 89
0 390.4 356.15 300 89
0 390.4 356.344 300 89
0 390.4 356.654 300 89
0 390.4 356.856 300 89
0 390.4 357.138 300 89
0 390.4 357.313 300 89
0 390.4 357.667 300 89
0 390.4 357.811 300 89
0 390.4 357.998 300 89
0 390.4 358.194 300 89
0 390.4 358.457 300 89
0 390.4 358.644 300 89
0 390.4 358.844 300 89
0 390.4 359.075 300 89
0 390.4 359.34 300 89
0 390.4 359.525 300 89
0 390.4 359.702 300 89
0 390.4 360.024 300 89
0 390.4 360.208 300 89
0 390.4 360.456 300 89
0 390.4 360.605 300 89
0 390.4 360.901 300 89
0 390.4 361.122 300 89
0 390.4 361.386 300 89
0 390.4 361.633 300 89
0 390.4 362.112 300 89
0 390.4 362.318 300 89
0 390.4 362.551 300 89
0 390.4 362.739 300 89
0 390.4 362.859 300 89
0 390.4 362.954 300 89
0 390.4 363.102 300 89
0 390.4 363.436 300 89
0 390.4 363.579 300 89
0 390.4 363.832 300 89
0 390.4 364.137 300 89
0 390.4 364.325 300 89
0 390.4 364.578 300 89
0 390.4 364.728 300 89
0 390.4 364.881 300 89
0 390.4 365.1 300 89
0 390.4 365.285 300 89
0 390.4 365.528 300 89
0 390.4 365.837 300 89
0 390.4 366.057 300 89
0 390.4 366.376 300 89
0 390.4 366.777 300 89
0 390.4 367.139 300 89
0 390.4 367.333 300 89
0 390.4 367.54 300 89
0 390.4 367.827 300 89
0 390.4 368.085 300 89
0 390.4 368.23 300 89
0 390.4 368.421 300 89
0 390.4 368.657 300 89
0 390.4 368.781 300 89
0 390.4 369.011 300 89
0 390.4 369.142 300 89
0 390.4 369.385 300 89
0 390.4 369.562 300 89
0 390.4 369.787 300 89
0 390.4 369.968 300 89
0 390.4 370.221 300 89
0 390.4 370.385 300 89
0 390.4 370.531 300 89
0 390.4 370.719 300 89
0 390.4 370.938 300 89
0 390.4 371.175 300 89
0 390.4 371.353 300 89
0 390.4 371.537 300 89
0 390.4 371.771 300 89
0 390.4 371.943 300 89
0 390.4 372.136 300 89
0 390.4 372.36 300 89
0 390.4 372.552 300 89
0 390.4 372.709 300 89
0 390.4 372.907 300 89
0 390.4 373.134 300 89
0 390.4 373.499 300 89
0 390.4 373.706 300 89
0 390.4 373.989 300 89
0 390.4 374.184 300 89
0 390.4 374.343 300 89
0 390.4 374.535 300 89
0 390.4 374.666 300 89
0 390.4 374.821 300 89
0 390.4 374.966 300 89
0 390.4 375.256 300 89
0 390.4 375.453 300 89
0 390.4 375.646 300 89
0 390.4 375.849 300 89
0 390.4 376.135 300 89
0 390.4 376.331 300 89
0 390.4 376.46 300 89
0 390.4 376.783 300 89
0 390.4 377.002 300 89
0 390.4 377.133 300 89
0 390.4 377.301 300 89
0 390.4 377.547 300 89
0 390.4 377.698 300 89
0 390.4 377.883 300 89
0 390.4 378.105 300 89
0 390.4 378.31 300 89
0 390.4 378.558 300 89
0 390.4 378.804 300 89
0 390.4 379.036 300 89
0 390.4 379.334 300 89
0 390.4 379.625 300 89
0 390.4 379.856 300 89
0 390.4 380.122 300 89
0 390.4 380.396 300 89
0 390.4 380.577 300 89
0 390.4 380.802 300 89
0 390.4 381.107 300 89
0 390.4 381.394 300 89
0 390.4 381.589 300 89
0 390.4 381.778 300 89
0 390.4 381.951 300 89
0 390.4 382.105 300 89
0 390.4 382.383 300 89
0 390.4 382.66 300 89
0 390.4 383.073 300 89
0 390.4 383.215 300 89
0 390.4 383.46 300 89
0 390.4 383.786 300 89
0 390.4 383.989 300 89
0 390.4 384.173 300 89
0 390.4 384.418 300 89
0 390.4 384.598 300 89
0 390.4 384.818 300 89
0 390.4 385.171 300 89
0 390.4 385.312 300 89
0 390.4 385.515 300 89
0 390.4 385.889 300 89
0 390.4 386.116 300 89
0 390.4 386.307 300 89
0 390.4 386.449 300 89
0 390.4 386.635 300 89
0 390.4 386.873 300 89
0 390.4 387.056 300 89
0 390.4 387.282 300 89
0 390.4 387.471 300 89
0 390.4 387.689 300 89
0 390.4 387.931 300 89
0 390.4 388.157 300 89
0 390.4 388.354 300 89
0 390.4 388.676 300 89
0 390.4 388.813 300 89
0 390.4 388.994 300 89
0 390.4 389.181 300 89
0 390.4 389.398 300 89
0 390.4 389.616 300 89
0 390.4 389.771 300 89
0 390.4 390.297 300 89
0 390.4 390.506 300 89
0 390.4 390.655 300 89
0 390.4 390.889 300 89
0 390.4 391.031 300 89
0 390.4 391.231 300 89
0 390.4 391.451 300 89
0 390.4 391.644 300 89
0 390.4 391.821 300 89
0 390.4 391.945 300 89
0 390.4 392.25 300 89
0 390.4 392.453 300 89
0 390.4 392.736 300 89
0 390.4 392.923 300 89
0 390.4 393.119 300 89
0 390.4 393.397 300 89
0 390.4 393.662 300 89
0 390.4 393.958 300 89
0 390.4 394.291 300 89
0 390.4 394.563 300 89
0 390.4 394.709 300 89
0 390.4 394.919 300 89
0 390.4 395.116 300 89
0 390.4 395.27 300 89
0 390.4 395.465 300 89
0 390.4 395.639 300 89
0 390.4 395.898 300 89
0 390.4 396.119 300 89
0 390.4 396.29 300 89
0 390.4 396.423 300 89
0 390.4 396.609 300 89
0 390.4 396.767 300 89
0 390.4 397.102 300 89
0 390.4 397.29 300 89
0 390.4 397.482 300 89
0 390.4 397.785 300 89
0 390.4 398.005 300 89
0 390.4 398.235 300 89
0 390.4 398.467 300 89
0 390.4 398.555 300 89
0 390.4 398.763 300 89
0 390.4 398.95 300 89
0 390.4 399.236 300 89
0 390.4 399.378 300 89
0 390.4 399.537 300 89
0 390.4 399.768 300 89
0 390.4 400.076 300 89
0 390.4 400.317 300 89
0 390.4 400.524 300 89
0 390.4 400.669 300 89
0 390.4 400.858 300 89
0 390.4 401.124 300 89
0 390.4 401.305 300 89
0 390.4 401.637 300 89
0 390.4 401.873 300 89
0 390.4 402.22 300 89
0 390.4 402.435 300 89
0 390.4 402.681 300 89
0 390.4 402.924 300 89
0 390.4 403.218 300 89
0 390.4 403.401 300 89
0 390.4 403.693 300 89
0 390.4 403.909 300 89
0 390.4 404.136 300 89
0 390.4 404.268 300 89
0 390.4 404.502 300 89
0 390.4 404.702 300 89
0 390.4 404.9 300 89
0 390.4 405.052 300 89
0 390.4 405.344 300 89
0 390.4 405.533 300 89
0 390.4 405.796 300 89
0 390.4 405.969 300 89
0 390.4 406.164 300 89
0 390.4 406.399 300 89
0 390.4 406.629 300 89
0 390.4 406.779 300 89
0 390.4 407.061 300 89
0 390.4 407.257 300 89
0 390.4 407.45 300 89
0 390.4 407.795 300 89
0 390.4 407.994 300 89
0 390.4 408.273 300 89
0 390.4 408.395 300 89
0 390.4 408.621 300 89
0 390.4 408.824 300 89
0 390.4 409.009 300 89
0 390.4 409.305 300 89
0 390.4 409.521 300 89
0 390.4 409.74 300 89
0 390.4 409.891 300 89
0 390.4 410.046 300 89
0 390.4 410.27 300 89
0 390.4 410.484 300 89
0 390.4 410.707 300 89
0 390.4 410.963 300 89
0 390.4 411.087 300 89
0 390.4 411.359 300 89
0 390.4 411.558 300 89
0 390.4 411.735 300 89
0 390.4 411.874 300 89
0 390.4 412.067 300 89
0 390.4 412.256 300 89
0 390.4 412.437 300 89
0 390.4 412.626 300 89
0 390.4 412.854 300 89
0 390.4 413.073 300 89
0 390.4 413.23 300 89
0 390.4 413.436 300 89
0 390.4 413.651 300 89
0 390.4 413.899 300 89
0 390.4 414.121 300 89
0 390.4 414.307 300 89
0 390.4 414.446 300 89
0 390.4 414.734 300 89
0 390.4 414.962 300 89
0 390.4 415.148 300 89
0 390.4 415.303 300 89
0 390.4 415.6 300 89
0 390.4 415.813 300 89
0 390.4 415.961 300 89
0 390.4 416.1 300 89
0 390.4 416.296 300 89
0 390.4 416.555 300 89
0 390.4 416.799 300 89
0 390.4 417.071 300 89
0 390.4 417.263 300 89
0 390.4 417.467 300 89
0 390.4 417.711 300 89
0 390.4 418 300 89
0 390.4 418.275 300 89
0 390.4 418.476 300 89
0 390.4 418.604 300 89
0 390.4 418.921 300 90
0 390.4 419.11 300 90
0 390.4 419.297 300 90
0 390.4 419.502 300 90
0 390.4 419.742 300 90
0 390.4 419.921 300 90
0 390.4 420.111 300 90
0 390.4 420.252 300 90
0 390.4 420.477 300 90
0 390.4 420.635 300 90
0 390.4 420.901 300 90
0 390.4 421.107 300 90
0 390.4 421.291 300 90
0 390.4 421.544 300 90
0 390.4 421.667 300 90
0 390.4 421.841 300 90
0 390.4 421.99 300 90
0 390.4 422.23 300 90
0 390.4 422.558 300 90
0 390.4 422.889 300 90
0 390.4 423.07 300 90
0 390.4 423.212 300 90
0 390.4 423.429 300 90
0 390.4 423.593 300 90
0 390.4 423.839 300 90
0 390.4 424.117 300 90
0 390.4 424.393 300 90
0 390.4 424.54 300 90
0 390.4 424.825 300 90
0 390.4 425.16 300 90
0 390.4 425.399 300 90
0 390.4 425.64 300 90
0 390.4 425.95 300 90
0 390.4 426.234 300 90
0 390.4 426.393 300 90
0 390.4 426.615 300 90
0 390.4 426.877 300 90
0 390.4 427.103 300 90
0 390.4 427.242 300 90
0 390.4 427.54 300 90
0 390.4 427.706 300 90
0 390.4 427.908 300 90
0 390.4 428.107 300 90
0 390.4 428.324 300 90
0 390.4 428.557 300 90
0 390.4 428.871 300 90
0 390.4 429.053 300 90
0 390.4 429.429 300 90
0 390.4 429.778 300 90
0 390.4 430.016 300 90
0 390.4 430.281 300 90
0 390.4 430.48 300 90
0 390.4 430.701 300 90
0 390.4 431.008 300 90
0 390.4 431.158 300 90
0 390.4 431.423 300 90
0 390.4 431.589 300 90
0 390.4 431.811 300 90
0 390.4 432.235 300 90
0 390.4 432.458 300 90
0 390.4 432.711 300 90
0 390.4 432.906 300 90
0 390.4 433.097 300 90
0 390.4 433.245 300 90
0 390.4 433.44 300 90
0 390.4 433.644 300 90
0 390.4 433.852 300 90
0 390.4 434.094 300 90
0 390.4 434.293 300 90
0 390.4 434.472 300 90
0 390.4 434.676 300 90
0 390.4 434.859 300 90
0 390.4 435.095 300 90
0 390.4 435.27 300 90
0 390.4 435.526 300 90
0 390.4 435.814 300 90
0 390.4 436.005 300 90
0 390.4 436.149 300 90
0 390.4 436.464 300 90
0 390.4 436.636 300 90
0 390.4 436.867 300 90
0 390.4 437.133 300 90
0 390.4 437.403 300 90
0 390.4 437.618 300 90
0 390.4 437.983 300 90
0 390.4 438.171 300 90
0 390.4 438.333 300 90
0 390.4 438.531 300 90
0 390.4 438.78 300 90
0 390.4 439.104 300 90
0 390.4 439.211 300 90
0 390.4 439.354 300 90
0 390.4 439.581 300 90
0 390.4 439.819 300 90
0 390.4 440.043 300 90
0 390.4 440.323 300 90
0 390.4 440.571 300 90
0 390.4 440.731 300 90
0 390.4 441.031 300 90
0 390.4 441.256 300 90
0 390.4 441.499 300 90
0 390.4 441.666 300 90
0 390.4 441.855 300 90
0 390.4 442.07 300 90
0 390.4 442.238 300 90
0 390.4 442.536 300 90
0 390.4 442.937 300 90
0 390.4 443.082 300 90
0 390.4 443.299 300 90
0 390.4 443.522 300 90
0 390.4 443.882 300 90
0 390.4 444.066 300 90
0 390.4 444.249 300 90
0 390.4 444.389 300 90
0 390.4 444.518 300 90
0 390.4 444.74 300 90
0 390.4 444.99 300 90
0 390.4 445.233 300 90
0 390.4 445.447 300 90
0 390.4 445.859 300 90
0 390.4 446.249 300 90
0 390.4 446.53 300 90
0 390.4 446.712 300 90
0 390.4 447.123 300 90
0 390.4 447.36 300 90
0 390.4 447.618 300 90
0 390.4 447.913 300 90
0 390.4 448.394 300 90
0 390.4 448.605 300 90
0 390.4 448.8 300 90
0 390.4 449.172 300 90
0 390.4 449.444 300 90
0 390.4 449.694 300 90
0 390.4 449.877 300 90
0 390.4 450.226 300 90
0 390.4 450.705 300 90
0 390.4 450.927 300 90
0 390.4 451.238 300 90
0 390.4 451.493 300 90
0 390.4 451.778 300 90
0 390.4 452.028 300 90
0 390.4 452.293 300 90
0 390.4 452.516 300 90
0 390.4 452.844 300 90
0 390.4 453.155 300 90
0 390.4 453.478 300 90
0 390.4 453.836 300 90
0 390.4 454.278 300 90
0 390.4 454.589 300 90
0 390.4 454.879 300 90
0 390.4 455.138 300 90
0 390.4 455.408 300 90
0 390.4 455.71 300 90
0 390.4 455.955 300 90
0 390.4 456.373 300 90
0 390.4 456.931 300 90
0 390.4 457.117 300 90
0 390.4 457.279 300 90
0 390.4 457.446 300 90
0 390.4 457.763 300 90
0 390.4 458.026 300 90
0 390.4 458.279 300 90
0 390.4 458.605 300 90
0 390.4 458.833 300 90
0 390.4 459.217 300 90
0 390.4 459.65 300 90
0 390.4 459.92 300 90
0 390.4 460.212 300 90
0 390.4 460.46 300 90
0 390.4 460.726 300 90
0 390.4 460.953 300 90
0 390.4 461.054 300 90
0 390.4 461.191 300 90
0 390.4 461.377 300 90
0 390.4 461.558 300 90
0 390.4 461.891 300 90
0 390.4 462.168 300 90
0 390.4 462.386 300 90
0 390.4 462.651 300 90
0 390.4 462.847 300 90
0 390.4 463.119 300 90
0 390.4 463.396 300 90
0 390.4 463.69 300 90
0 390.4 463.869 300 90
0 390.4 464.081 300 90
0 390.4 464.33 300 90
0 390.4 464.554 300 90
0 390.4 464.751 300 90
0 390.4 465.195 300 90
0 390.4 465.397 300 90
0 390.4 465.583 300 90
0 390.4 465.901 300 90
0 390.4 466.226 300 90
0 390.4 466.42 300 90
0 390.4 466.605 300 90
0 390.4 466.826 300 90
0 390.4 467.044 300 90
0 390.4 467.225 300 90
0 390.4 467.505 300 90
0 390.4 467.714 300 90
0 390.4 467.891 300 90
0 390.4 468.097 300 90
0 390.4 468.419 300 90
0 390.4 468.606 300 90
0 390.4 468.786 300 90
0 390.4 468.93 300 90
0 390.4 469.203 300 90
0 390.4 469.345 300 90
0 390.4 469.543 300 90
0 390.4 469.887 300 90
0 390.4 470.087 300 90
0 390.4 470.263 300 90
0 390.4 470.53 300 90
0 390.4 470.678 300 90
0 390.4 470.927 300 90
0 390.4 471.086 300 90
0 390.4 471.256 300 90
0 390.4 471.485 300 90
0 390.4 471.716 300 90
0 390.4 472.013 300 90
0 390.4 472.211 300 90
0 390.4 472.412 300 90
0 390.4 472.601 300 90
0 390.4 472.819 300 90
0 390.4 473.009 300 90
0 390.4 473.146 300 90
0 390.4 473.373 300 90
0 390.4 473.705 300 90
0 390.4 473.892 300 90
0 390.4 474.116 300 90
0 390.4 474.29 300 90
0 390.4 474.532 300 90
0 390.4 474.78 300 90
0 390.4 475.089 300 90
0 390.4 475.283 300 90
0 390.4 475.5 300 90
0 390.4 475.71 300 90
0 390.4 475.898 300 90
0 390.4 476.038 300 90
0 390.4 476.255 300 90
0 390.4 476.399 300 90
0 390.4 476.597 300 90
0 390.4 476.786 300 90
0 390.4 476.981 300 90
0 390.4 477.323 300 90
0 390.4 477.657 300 90
0 390.4 477.96 300 90
0 390.4 478.275 300 90
0 390.4 478.526 300 90
0 390.4 478.66 300 90
0 390.4 478.823 300 90
0 390.4 479.081 300 90
0 390.4 479.432 300 90
0 390.4 479.669 300 90
0 390.4 479.945 300 90
0 390.4 480.086 300 90
0 390.4 480.288 300 90
0 390.4 480.475 300 90
0 390.4 480.632 300 90
0 390.4 480.878 300 90
0 390.4 481.04 300 90
0 390.4 481.326 300 90
0 390.4 481.627 300 90
0 390.4 481.77 300 90
0 390.4 481.932 300 90
0 390.4 482.14 300 90
0 390.4 482.418 300 90
0 390.4 482.727 300 90
0 390.4 483.008 300 90
0 390.4 483.246 300 90
0 390.4 483.475 300 90
0 390.4 483.68 300 90
0 390.4 483.939 300 90
0 390.4 484.097 300 90
0 390.4 484.249 300 90
0 390.4 484.409 300 90
0 390.4 484.644 300 90
0 390.4 485.012 300 90
0 390.4 485.378 300 90
0 390.4 485.618 300 90
0 390.4 485.826 300 90
0 390.4 486.131 300 90
0 390.4 486.37 300 90
0 390.4 486.577 300 90
0 390.4 486.816 300 90
0 390.4 486.975 300 90
0 390.4 487.224 300 90
0 390.4 487.424 300 90
0 390.4 487.664 300 90
0 390.4 487.807 300 90
0 390.4 487.966 300 90
0 390.4 488.17 300 90
0 390.4 488.418 300 90
0 390.4 488.623 300 90
0 390.4 488.982 300 90
0 390.4 489.221 300 90
0 390.4 489.437 300 90
0 390.4 489.579 300 90
0 390.4 490.011 300 90
0 390.4 490.207 300 90
0 390.4 490.423 300 90
0 390.4 490.577 300 90
0 390.4 490.807 300 90
0 390.4 491.112 300 90
0 390.4 491.356 300 90
0 390.4 491.642 300 90
0 390.4 491.8 300 90
0 390.4 492.069 300 90
0 390.4 492.536 300 90
0 390.4 492.884 300 90
0 390.4 493.093 300 90
0 390.4 493.325 300 90
0 390.4 493.515 300 90
0 390.4 493.913 300 90
0 390.4 494.164 300 90
0 390.4 494.546 300 90
0 390.4 494.834 300 90
0 390.4 495.141 300 90
0 390.4 495.426 300 90
0 390.4 495.62 300 90
0 390.4 495.82 300 90
0 390.4 496.064 300 90
0 390.4 496.429 300 90
0 390.4 496.567 300 90
0 390.4 496.792 300 90
0 390.4 496.975 300 90
0 390.4 497.13 300 90
0 390.4 497.347 300 90
0 390.4 497.592 300 90
0 390.4 497.809 300 90
0 390.4 498.029 300 90
0 390.4 498.423 300 90
0 390.4 498.71 300 90
0 390.4 498.837 300 90
0 390.4 499.066 300 90
0 390.4 499.342 300 90
0 390.4 499.555 300 90
0 390.4 499.826 300 90
0 390.4 500.075 300 90
0 390.4 500.31 300 90
0 390.4 500.501 300 90
0 390.4 500.684 300 90
0 390.4 500.887 300 90
0 390.4 501.223 300 90
0 390.4 501.499 300 90
0 390.4 501.756 300 90
0 390.4 501.846 300 90
0 390.4 502.005 300 90
0 390.4 502.266 300 90
0 390.4 502.398 300 90
0 390.4 502.59 300 90
0 390.4 502.783 300 90
0 390.4 502.954 300 90
0 390.4 503.08 300 90
0 390.4 503.288 300 90
0 390.4 503.392 300 90
0 390.4 503.489 300 90
0 390.4 503.656 300 90
0 390.4 503.939 300 90
0 390.4 504.224 300 90
0 390.4 504.476 300 90
0 390.4 504.77 300 90
0 390.4 505.081 300 90
0 390.4 505.267 300 90
0 390.4 505.643 300 90
0 390.4 506.079 300 90
0 390.4 506.372 300 90
0 390.4 506.733 300 90
0 390.4 507.024 300 90
0 390.4 507.331 300 90
0 390.4 507.697 300 90
0 390.4 507.867 300 90
0 390.4 508.181 300 90
0 390.4 508.482 300 90
0 390.4 508.802 300 90
0 390.4 509.05 300 90
0 390.4 509.298 300 90
0 390.4 509.711 300 90
0 390.4 510.051 300 90
0 390.4 510.398 300 90
0 390.4 510.644 300 90
0 390.4 510.896 300 90
0 390.4 511.039 300 90
0 390.4 511.247 300 90
0 390.4 511.554 300 90
0 390.4 511.851 300 90
0 390.4 512.065 300 90
0 390.4 512.322 300 90
0 390.4 512.535 300 90
0 390.4 512.838 300 90
0 390.4 513.048 300 90
0 390.4 513.257 300 90
0 390.4 513.519 300 90
0 390.4 513.712 300 90
0 390.4 513.901 300 90
0 390.4 514.064 300 90
0 390.4 514.325 300 90
0 390.4 514.562 300 90
0 390.4 514.716 300 90
0 390.4 514.897 300 90
0 390.4 515.128 300 90
0 390.4 515.314 300 90
0 390.4 515.626 300 90
0 390.4 515.796 300 90
0 390.4 516.042 300 90
0 390.4 516.27 300 90
0 390.4 516.536 300 90
0 390.4 516.857 300 90
0 390.4 517.093 300 90
0 390.4 517.473 300 90
0 390.4 517.68 300 90
0 390.4 517.892 300 90
0 390.4 518.272 300 90
0 390.4 518.6 300 90
0 390.4 518.801 300 90
0 390.4 518.95 300 90
0 390.4 519.111 300 90
0 390.4 519.255 300 90
0 390.4 519.443 300 90
0 390.4 519.65 300 90
0 390.4 519.969 300 90
0 390.4 520.272 300 90
0 390.4 520.478 300 90
0 390.4 520.723 300 90
0 390.4 520.953 300 90
0 390.4 521.09 300 90
0 390.4 521.293 300 90
0 390.4 521.465 300 90
0 390.4 521.76 300 90
0 390.4 521.89 300 90
0 390.4 522.087 300 90
0 390.4 522.305 300 90
0 390.4 522.461 300 90
0 390.4 522.61 300 90
0 390.4 522.833 300 90
0 390.4 523.025 300 90
0 390.4 523.328 300 90
0 390.4 523.56 300 90
0 390.4 523.747 300 90
0 390.4 523.927 300 90
0 390.4 524.112 300 90
0 390.4 524.291 300 90
0 390.4 524.461 300 90
0 390.4 524.629 300 90
0 390.4 524.891 300 90
0 390.4 525.113 300 90
0 390.4 525.376 300 90
0 390.4 525.513 300 90
0 390.4 525.642 300 90
0 390.4 525.818 300 90
0 390.4 525.951 300 90
0 390.4 526.175 300 90
0 390.4 526.302 300 90
0 390.4 526.423 300 90
0 390.4 526.656 300 90
0 390.4 526.856 300 90
0 390.4 527.03 300 90
0 390.4 527.276 300 90
0 390.4 527.459 300 90
0 390.4 527.6 300 90
0 390.4 527.741 300 90
0 390.4 527.992 300 90
0 390.4 528.227 300 90
0 390.4 528.489 300 90
0 390.4 528.814 300 90
0 390.4 529.019 300 90
0 390.4 529.292 300 90
0 390.4 529.523 300 90
0 390.4 529.819 300 90
0 390.4 530.069 300 90
0 390.4 530.339 300 90
0 390.4 530.595 300 90
0 390.4 530.819 300 90
0 390.4 531.012 300 90
0 390.4 531.168 300 90
0 390.4 531.42 300 90
0 390.4 531.56 300 90
0 390.4 531.893 300 90
0 390.4 532.061 300 90
0 390.4 532.262 300 90
0 390.4 532.551 300 90
0 390.4 532.796 300 90
0 390.4 533.137 300 90
0 390.4 533.374 300 90
0 390.4 533.621 300 90
0 390.4 533.873 300 90
0 390.4 534.055 300 90
0 390.4 534.286 300 90
0 390.4 534.518 300 90
0 390.4 534.82 300 90
0 390.4 534.953 300 90
0 390.4 535.19 300 90
0 390.4 535.469 300 90
0 390.4 535.658 300 90
0 390.4 535.934 300 90
0 390.4 536.24 300 90
0 390.4 536.45 300 90
0 390.4 536.632 300 90
0 390.4 536.795 300 90
0 390.4 536.988 300 90
0 390.4 537.243 300 90
0 390.4 537.373 300 90
0 390.4 537.5 300 90
0 390.4 537.652 300 90
0 390.4 537.823 300 90
0 390.4 538.025 300 90
0 390.4 538.326 300 90
0 390.4 538.62 300 90
0 390.4 538.777 300 90
0 390.4 539.03 300 90
0 390.4 539.308 300 90
0 390.4 539.512 300 90
0 390.4 539.864 300 90
0 390.4 540.063 300 90
0 390.4 540.244 300 90
0 390.4 540.423 300 90
0 390.4 540.598 300 90
0 390.4 540.821 300 90
0 390.4 540.991 300 90
0 390.4 541.236 300 90
0 390.4 541.388 300 90
0 390.4 541.61 300 90
0 390.4 541.848 300 90
0 390.4 542.178 300 90
0 390.4 542.314 300 90
0 390.4 542.5 300 90
0 390.4 542.647 300 90
0 390.4 542.883 300 90
0 390.4 543.053 300 90
0 390.4 543.239 300 90
0 390.4 543.518 300 90
0 390.4 543.751 300 90
0 390.4 544.045 300 90
0 390.4 544.198 300 90
0 390.4 544.457 300 90
0 390.4 544.678 300 90
0 390.4 544.889 300 90
0 390.4 545.054 300 90
0 390.4 545.258 300 90
0 390.4 545.441 300 90
0 390.4 545.615 300 90
0 390.4 545.871 300 90
0 390.4 546.158 300 90
0 390.4 546.528 300 90
0 390.4 546.71 300 90
0 390.4 546.903 300 90
0 390.4 547.033 300 90
0 390.4 547.181 300 90
0 390.4 547.424 300 90
0 390.4 547.703 300 90
0 390.4 548.003 300 90
0 390.4 548.207 300 90
0 390.4 548.486 300 90
0 390.4 548.723 300 90
0 390.4 548.904 300 90
0 390.4 549.135 300 90
0 390.4 549.575 300 90
0 390.4 549.88 300 90
0 390.4 550.09 300 90
0 390.4 550.284 300 90
0 390.4 550.543 300 90
0 390.4 550.7 300 90
0 390.4 550.994 300 90
0 390.4 551.278 300 90
0 390.4 551.492 300 90
0 390.4 551.756 300 90
0 390.4 552.116 300 90
0 390.4 552.364 300 90
0 390.4 552.676 300 90
0 390.4 552.889 300 90
0 390.4 553.033 300 90
0 390.4 553.212 300 90
0 390.4 553.444 300 90
0 390.4 553.897 300 90
0 390.4 554.056 300 90
0 390.4 554.425 300 90
0 390.4 554.701 300 90
0 390.4 554.97 300 90
0 390.4 555.223 300 90
0 390.4 555.453 300 90
0 390.4 555.73 300 90
0 390.4 555.938 300 90
0 390.4 556.13 300 90
0 390.4 556.265 300 90
0 390.4 556.513 300 90
0 390.4 556.675 300 90
0 390.4 556.923 300 90
0 390.4 557.121 300 90
0 390.4 557.292 300 90
0 390.4 557.58 300 90
0 390.4 557.929 300 90
0 390.4 558.183 300 90
0 390.4 558.37 300 90
0 390.4 558.607 300 90
0 390.4 558.795 300 90
0 390.4 559.014 300 90
0 390.4 559.192 300 90
0 390.4 559.37 300 90
0 390.4 559.631 300 90
0 390.4 559.803 300 90
0 390.4 559.991 300 90
0 390.4 560.141 300 90
0 390.4 560.327 300 90
0 390.4 560.622 300 90
0 390.4 560.958 300 90
0 390.4 561.179 300 90
0 390.4 561.394 300 90
0 390.4 561.601 300 90
0 390.4 561.777 300 90
0 390.4 562.032 300 90
0 390.4 562.238 300 90
0 390.4 562.415 300 90
0 390.4 562.621 300 90
0 390.4 562.784 300 90
0 390.4 563.005 300 90
0 390.4 563.285 300 90
0 390.4 563.479 300 90
0 390.4 563.897 300 90
0 390.4 564.107 300 90
0 390.4 564.394 300 90
0 390.4 564.523 300 90
0 390.4 564.697 300 90
0 390.4 564.832 300 90
0 390.4 565.098 300 90
0 390.4 565.245 300 90
0 390.4 565.584 300 90
0 390.4 565.716 300 90
0 390.4 565.853 300 90
0 390.4 566.11 300 90
0 390.4 566.324 300 90
0 390.4 566.542 300 90
0 390.4 566.76 300 90
0 390.4 566.891 300 90
0 390.4 567.111 300 90
0 390.4 567.362 300 90
0 390.4 567.521 300 90
0 390.4 567.734 300 90
0 390.4 568.003 300 90
0 390.4 568.257 300 90
0 390.4 568.452 300 90
0 390.4 568.656 300 90
0 390.4 568.837 300 90
0 390.4 569.145 300 90
0 390.4 569.447 300 90
0 390.4 569.771 300 90
0 390.4 569.967 300 90
0 390.4 570.247 300 90
0 390.4 570.462 300 90
0 390.4 570.6 300 90
0 390.4 570.78 300 90
0 390.4 570.916 300 90
0 390.4 571.047 300 90
0 390.4 571.2 300 90
0 390.4 571.358 300 90
0 390.4 571.549 300 90
0 390.4 571.772 300 90
0 390.4 571.965 300 90
0 390.4 572.2 300 90
0 390.4 572.421 300 90
0 390.4 572.696 300 90
0 390.4 572.879 300 90
0 390.4 573.097 300 90
0 390.4 573.378 300 90
0 390.4 573.634 300 90
0 390.4 573.918 300 90
0 390.4 574.084 300 90
0 390.4 574.276 300 90
0 390.4 574.457 300 90
0 390.4 574.641 300 90
0 390.4 574.833 300 90
0 390.4 575.04 300 90
0 390.4 575.176 300 90
0 390.4 575.353 300 90
0 390.4 575.516 300 90
0 390.4 575.691 300 90
0 390.4 575.873 300 90
0 390.4 576.059 300 90
0 390.4 576.358 300 90
0 390.4 576.534 300 90
0 390.4 576.665 300 90
0 390.4 576.841 300 90
0 390.4 576.978 300 90
0 390.4 577.2 300 90
0 390.4 577.416 300 90
0 390.4 577.725 300 90
0 390.4 577.952 300 90
0 390.4 578.171 300 90
0 390.4 578.389 300 90
0 390.4 578.561 300 90
0 390.4 578.688 300 90
0 390.4 579.067 300 90
0 390.4 579.211 300 90
0 390.4 579.527 300 90
0 390.4 579.715 300 90
0 390.4 579.967 300 90
0 390.4 580.254 300 90
0 390.4 580.435 300 90
0 390.4 580.631 300 90
0 390.4 580.901 300 90
0 390.4 581.202 300 90
0 390.4 581.427 300 90
0 390.4 581.656 300 90
0 390.4 581.842 300 90
0 390.4 582.028 300 90
0 390.4 582.21 300 90
0 390.4 582.482 300 90
0 390.4 582.619 300 90
0 390.4 582.799 300 90
0 390.4 583.037 300 90
0 390.4 583.272 300 90
0 390.4 583.499 300 90
0 390.4 583.661 300 90
0 390.4 583.883 300 90
0 390.4 584.07 300 90
0 390.4 584.38 300 90
0 390.4 584.531 300 90
0 390.4 584.753 300 90
0 390.4 584.93 300 90
0 390.4 585.08 300 90
0 390.4 585.319 300 90
0 390.4 585.467 300 90
0 390.4 585.794 300 90
0 390.4 585.999 300 90
0 390.4 586.169 300 90
0 390.4 586.319 300 90
0 390.4 586.489 300 90
0 390.4 586.695 300 90
0 390.4 586.963 300 90
0 390.4 587.329 300 90
0 390.4 587.525 300 90
0 390.4 587.742 300 90
0 390.4 587.95 300 90
0 390.4 588.169 300 90
0 390.4 588.438 300 90
0 390.4 588.725 300 90
0 390.4 588.934 300 90
0 390.4 589.36 300 90
0 390.4 589.593 300 90
0 390.4 589.73 300 90
0 390.4 589.946 300 90
0 390.4 590.293 300 90
0 390.4 590.467 300 90
0 390.4 590.709 300 90
0 390.4 590.89 300 90
0 390.4 591.083 300 90
0 390.4 591.276 300 90
0 390.4 591.55 300 90
0 390.4 591.73 300 90
0 390.4 592.025 300 90
0 390.4 592.383 300 90
0 390.4 592.694 300 90
0 390.4 592.876 300 90
0 390.4 593.034 300 90
0 390.4 593.306 300 90
0 390.4 593.586 300 90
0 390.4 593.73 300 90
0 390.4 593.874 300 90
0 390.4 594.059 300 90
0 390.4 594.266 300 90
0 390.4 594.448 300 90
0 390.4 594.671 300 90
0 390.4 594.835 300 90
0 390.4 595.05 300 90
0 390.4 595.304 300 90
0 390.4 595.567 300 90
0 390.4 595.876 300 90
0 390.4 596.134 300 90
0 390.4 596.397 300 90
0 390.4 596.738 300 90
0 390.4 596.969 300 90
0 390.4 597.188 300 90
0 390.4 597.343 300 90
0 390.4 597.725 300 90
0 390.4 598.014 300 90
0 390.4 598.172 300 90
0 390.4 598.389 300 90
0 390.4 598.529 300 90
0 390.4 598.812 300 90
0 390.4 599.176 300 90
0 390.4 599.366 300 90
0 390.4 599.543 300 90
0 390.4 599.687 300 90
0 390.4 599.837 300 90
0 390.4 600.246 300 90
0 390.4 600.491 300 90
0 390.4 600.722 300 90
0 390.4 601.067 300 90
0 390.4 601.414 300 90
0 390.4 601.731 300 90
0 390.4 602.1 300 90
0 390.4 602.34 300 90
0 390.4 602.534 300 90
0 390.4 602.795 300 90
0 390.4 602.951 300 90
0 390.4 603.327 300 90
0 390.4 603.528 300 90
0 390.4 603.807 300 90
0 390.4 604.102 300 90
0 390.4 604.4 300 90
0 390.4 604.551 300 90
0 390.4 604.751 300 90
0 390.4 604.94 300 90
0 390.4 605.157 300 90
0 390.4 605.384 300 90
0 390.4 605.564 300 90
0 390.4 605.776 300 90
0 390.4 606.08 300 90
0 390.4 606.292 300 90
0 390.4 606.483 300 90
0 390.4 606.876 300 90
0 390.4 607.114 300 90
0 390.4 607.25 300 90
0 390.4 607.429 300 90
0 390.4 607.563 300 90
0 390.4 607.76 300 90
0 390.4 607.942 300 90
0 390.4 608.084 300 90
0 390.4 608.234 300 90
0 390.4 608.375 300 90
0 390.4 608.608 300 90
0 390.4 609.025 300 90
0 390.4 609.19 300 90
0 390.4 609.483 300 90
0 390.4 609.666 300 90
0 390.4 609.981 300 90
0 390.4 610.158 300 90
0 390.4 610.564 300 90
0 390.4 610.764 300 90
0 390.4 610.997 300 90
0 390.4 611.187 300 90
0 390.4 611.369 300 90
0 390.4 611.508 300 90
0 390.4 611.648 300 90
0 390.4 611.876 300 90
0 390.4 612.03 300 90
0 390.4 612.215 300 90
0 390.4 612.389 300 90
0 390.4 612.606 300 90
0 390.4 612.865 300 90
0 390.4 613.03 300 90
0 390.4 613.297 300 90
0 390.4 613.557 300 90
0 390.4 613.833 300 90
0 390.4 614.087 300 90
0 390.4 614.245 300 90
0 390.4 614.545 300 90
0 390.4 614.736 300 90
0 390.4 614.982 300 90
0 390.4 615.188 300 90
0 390.4 615.39 300 90
0 390.4 615.773 300 90
0 390.4 616.015 300 90
0 390.4 616.305 300 90
0 390.4 616.633 300 90
0 390.4 616.815 300 90
0 390.4 617.084 300 90
0 390.4 617.249 300 90
0 390.4 617.466 300 90
0 390.4 617.875 300 90
0 390.4 618.145 300 90
0 390.4 618.302 300 90
0 390.4 618.599 300 90
0 390.4 618.92 300 90
0 390.4 619.197 300 90
0 390.4 619.371 300 90
0 390.4 619.684 300 90
0 390.4 619.934 300 90
0 390.4 620.164 300 90
0 390.4 620.541 300 90
0 390.4 620.774 300 90
0 390.4 620.997 300 90
0 390.4 621.225 300 90
0 390.4 621.416 300 90
0 390.4 621.758 300 90
0 390.4 622.085 300 90
0 390.4 622.343 300 90
0 390.4 622.55 300 90
0 390.4 622.797 300 90
0 390.4 622.987 300 90
0 390.4 623.303 300 90
0 390.4 623.527 300 90
0 390.4 623.764 300 90
0 390.4 623.939 300 90
0 390.4 624.316 300 90
0 390.4 624.515 300 90
0 390.4 624.803 300 90
0 390.4 624.972 300 90
0 390.4 625.171 300 90
0 390.4 625.388 300 90
0 390.4 625.691 300 90
0 390.4 626.052 300 90
0 390.4 626.248 300 90
0 390.4 626.549 300 90
0 390.4 626.789 300 90
0 390.4 626.94 300 90
0 390.4 627.18 300 90
0 390.4 627.432 300 90
0 390.4 627.827 300 90
0 390.4 628.06 300 90
0 390.4 628.3 300 90
0 390.4 628.551 300 90
0 390.4 628.738 300 90
0 390.4 628.935 300 90
0 390.4 629.094 300 90
0 390.4 629.318 300 90
0 390.4 629.572 300 90
0 390.4 629.718 300 90
0 390.4 629.952 300 90
0 390.4 630.215 300 90
0 390.4 630.478 300 90
0 390.4 630.58 300 90
0 390.4 630.762 300 90
0 390.4 630.897 300 90
0 390.4 631.081 300 90
0 390.4 631.197 300 90
0 390.4 631.386 300 90
0 390.4 631.706 300 90
0 390.4 631.925 300 90
0 390.4 632.208 300 90
0 390.4 632.383 300 90
0 390.4 632.619 300 90
0 390.4 632.778 300 90
0 390.4 633.005 300 90
0 390.4 633.211 300 90
0 390.4 633.41 300 90
0 390.4 633.591 300 90
0 390.4 633.756 300 90
0 390.4 634.059 300 90
0 390.4 634.265 300 90
0 390.4 634.523 300 90
0 390.4 634.736 300 90
0 390.4 635.089 300 90
0 390.4 635.23 300 90
0 390.4 635.341 300 90
0 390.4 635.542 300 90
0 390.4 635.68 300 90
0 390.4 635.809 300 90
0 390.4 635.958 300 90
0 390.4 636.096 300 90
0 390.4 636.267 300 90
0 390.4 636.434 300 90
0 390.4 636.622 300 90
0 390.4 636.823 300 90
0 390.4 637.212 300 90
0 390.4 637.406 300 90
0 390.4 637.592 300 90
0 390.4 637.985 300 90
0 390.4 638.222 300 90
0 390.4 638.387 300 90
0 390.4 638.595 300 90
0 390.4 638.844 300 90
0 390.4 639.101 300 90
0 390.4 639.248 300 90
0 390.4 639.5 300 90
0 390.4 639.736 300 90
0 390.4 640.083 300 90
0 390.4 640.323 300 90
0 390.4 640.48 300 90
0 390.4 640.691 300 90
0 390.4 640.884 300 90
0 390.4 641.052 300 90
0 390.4 641.149 300 90
0 390.4 641.347 300 90
0 390.4 641.489 300 90
0 390.4 641.587 300 90
0 390.4 641.696 300 90
0 390.4 641.82 300 90
0 390.4 641.978 300 90
0 390.4 642.132 300 90
0 390.4 642.287 300 90
0 390.4 642.423 300 90
0 390.4 642.549 300 90
0 390.4 642.696 300 90
0 390.4 642.821 300 90
0 390.4 642.925 300 90
0 390.4 643.022 300 90
0 390.4 643.12 300 90
0 390.4 643.343 300 90
0 390.4 643.519 300 90
0 390.4 643.645 300 90
0 390.4 643.751 300 90
0 390.4 643.892 300 90
0 390.4 644.112 300 90
0 390.4 644.282 300 90
0 390.4 644.468 300 90
0 390.4 644.773 300 90
0 390.4 644.98 300 90
0 390.4 645.266 300 90
0 390.4 645.434 300 90
0 390.4 645.601 300 90
0 390.4 645.844 300 90
0 390.4 646.024 300 90
0 390.4 646.159 300 90
0 390.4 646.363 300 90
0 390.4 646.683 300 90
0 390.4 646.946 300 90
0 390.4 647.247 300 90
0 390.4 647.453 300 90
0 390.4 647.636 300 90
0 390.4 647.896 300 90
0 390.4 648.207 300 90
0 390.4 648.467 300 90
0 390.4 648.684 300 90
0 390.4 648.943 300 90
0 390.4 649.163 300 90
0 390.4 649.352 300 90
0 390.4 649.509 300 90
0 390.4 649.881 300 90
0 390.4 650.015 300 90
0 390.4 650.149 300 90
0 390.4 650.34 300 90
0 390.4 650.604 300 90
0 390.4 650.819 300 90
0 390.4 650.972 300 90
0 390.4 651.151 300 90
0 390.4 651.359 300 90
0 390.4 651.552 300 90
0 390.4 651.729 300 90
0 390.4 651.966 300 90
0 390.4 652.227 300 90
0 390.4 652.421 300 90
0 390.4 652.643 300 90
0 390.4 652.851 300 90
0 390.4 653.065 300 90
0 390.4 653.374 300 90
0 390.4 653.69 300 90
0 390.4 653.794 300 90
0 390.4 654.024 300 90
0 390.4 654.148 300 90
0 390.4 654.341 300 90
0 390.4 654.575 300 90
0 390.4 654.912 300 90
0 390.4 655.31 300 90
0 390.4 655.528 300 90
0 390.4 655.7 300 90
0 390.4 655.876 300 90
0 390.4 656.105 300 90
0 390.4 656.318 300 90
0 390.4 656.508 300 90
0 390.4 656.79 300 90
0 390.4 656.999 300 90
0 390.4 657.18 300 90
0 390.4 657.332 300 90
0 390.4 657.658 300 90
0 390.4 657.887 300 90
0 390.4 658.065 300 90
0 390.4 658.146 300 90
0 390.4 658.303 300 90
0 390.4 658.654 300 90
0 390.4 658.786 300 90
0 390.4 659.012 300 90
0 390.4 659.296 300 90
0 390.4 659.494 300 90
0 390.4 659.687 300 90
0 390.4 659.836 300 90
0 390.4 659.973 300 90
0 390.4 660.168 300 90
0 390.4 660.412 300 90
0 390.4 660.651 300 90
0 390.4 660.825 300 90
0 390.4 661.092 300 90
0 390.4 661.299 300 90
0 390.4 661.653 300 90
0 390.4 661.899 300 90
0 390.4 662.133 300 90
0 390.4 662.342 300 90
0 390.4 662.484 300 90
0 390.4 662.776 300 90
0 390.4 662.969 300 90
0 390.4 663.155 300 90
0 390.4 663.397 300 90
0 390.4 663.667 300 90
0 390.4 663.84 300 90
0 390.4 664.041 300 90
0 390.4 664.24 300 90
0 390.4 664.54 300 90
0 390.4 664.753 300 90
0 390.4 664.974 300 90
0 390.4 665.149 300 90
0 390.4 665.427 300 90
0 390.4 665.638 300 90
0 390.4 665.833 300 90
0 390.4 666.087 300 90
0 390.4 666.277 300 90
0 390.4 666.54 300 90
0 390.4 666.797 300 90
0 390.4 667.006 300 90
0 390.4 667.238 300 90
0 390.4 667.456 300 90
0 390.4 667.713 300 90
0 390.4 667.896 300 90
0 390.4 668.042 300 90
0 390.4 668.32 300 90
0 390.4 668.497 300 90
0 390.4 668.655 300 90
0 390.4 668.959 300 90
0 390.4 669.1 300 90
0 390.4 669.317 300 90
0 390.4 669.481 300 90
0 390.4 669.731 300 90
0 390.4 670.044 300 90
0 390.4 670.416 300 90
0 390.4 670.697 300 90
0 390.4 670.956 300 90
0 390.4 671.121 300 90
0 390.4 671.242 300 90
0 390.4 671.423 300 90
0 390.4 671.656 300 90
0 390.4 672.079 300 90
0 390.4 672.238 300 90
0 390.4 672.445 300 90
0 390.4 672.599 300 90
0 390.4 672.831 300 90
0 390.4 673.016 300 90
0 390.4 673.274 300 90
0 390.4 673.643 300 90
0 390.4 673.89 300 90
0 390.4 674.1 300 90
0 390.4 674.236 300 90
0 390.4 674.426 300 90
0 390.4 674.672 300 90
0 390.4 674.805 300 90
0 390.4 674.981 300 90
0 390.4 675.267 300 90
0 390.4 675.68 300 90
0 390.4 675.99 300 90
0 390.4 676.126 300 90
0 390.4 676.391 300 90
0 390.4 676.571 300 90
0 390.4 676.707 300 90
0 390.4 676.836 300 90
0 390.4 676.969 300 90
0 390.4 677.129 300 90
0 390.4 677.485 300 90
0 390.4 677.792 300 90
0 390.4 677.996 300 90
0 390.4 678.254 300 90
0 390.4 678.43 300 90
0 390.4 678.679 300 90
0 390.4 678.837 300 90
0 390.4 678.997 300 90
0 390.4 679.216 300 90
0 390.4 679.362 300 90
0 390.4 679.575 300 90
0 390.4 679.761 300 90
0 390.4 679.99 300 90
0 390.4 680.199 300 90
0 390.4 680.289 300 90
0 390.4 680.448 300 90
0 390.4 680.688 300 90
0 390.4 680.927 300 90
0 390.4 681.11 300 90
0 390.4 681.468 300 90
0 390.4 681.673 300 90
0 390.4 681.933 300 90
0 390.4 682.224 300 90
0 390.4 682.398 300 90
0 390.4 682.719 300 90
0 390.4 683.083 300 90
0 390.4 683.265 300 90
0 390.4 683.474 300 90
0 390.4 683.739 300 90
0 390.4 684.205 300 90
0 390.4 684.407 300 90
0 390.4 684.674 300 90
0 390.4 684.941 300 90
0 390.4 685.457 300 90
0 390.4 685.676 300 90
0 390.4 685.966 300 90
0 390.4 686.187 300 90
0 390.4 686.409 300 90
0 390.4 686.65 300 90
0 390.4 686.885 300 90
0 390.4 687.17 300 90
0 390.4 687.603 300 90
0 390.4 687.818 300 90
0 390.4 688.045 300 90
0 390.4 688.218 300 90
0 390.4 688.519 300 90
0 390.4 688.856 300 90
0 390.4 689.074 300 90
0 390.4 689.284 300 90
0 390.4 689.547 300 90
0 390.4 689.936 300 90
0 390.4 690.174 300 90
0 390.4 690.469 300 90
0 390.4 690.641 300 90
0 390.4 690.869 300 90
0 390.4 691.079 300 90
0 390.4 691.295 300 90
0 390.4 691.601 300 90
0 390.4 691.819 300 90
0 390.4 692.002 300 90
0 390.4 692.349 300 90
0 390.4 692.486 300 90
0 390.4 692.718 300 90
0 390.4 692.896 300 90
0 390.4 693.108 300 90
0 390.4 693.404 300 90
0 390.4 693.611 300 90
0 390.4 693.755 300 90
0 390.4 694.009 300 90
0 390.4 694.271 300 90
0 390.4 694.528 300 90
0 390.4 694.76 300 90
0 390.4 694.962 300 90
0 390.4 695.203 300 90
0 390.4 695.445 300 90
0 390.4 695.65 300 90
0 390.4 695.859 300 90
0 390.4 696.042 300 90
0 390.4 696.217 300 90
0 390.4 696.43 300 90
0 390.4 696.643 300 90
0 390.4 696.913 300 90
0 390.4 697.158 300 90
0 390.4 697.427 300 90
0 390.4 697.706 300 90
0 390.4 697.925 300 90
0 390.4 698.09 300 90
0 390.4 698.294 300 90
0 390.4 698.54 300 90
0 390.4 698.876 300 90
0 390.4 699.143 300 90
0 390.4 699.371 300 90
0 390.4 699.583 300 90
0 390.4 699.796 300 90
0 390.4 700.148 300 90
0 390.4 700.347 300 90
0 390.4 700.556 300 90
0 390.4 700.694 300 90
0 390.4 700.942 300 90
0 390.4 701.195 300 90
0 390.4 701.486 300 90
0 390.4 701.636 300 90
0 390.4 701.872 300 90
0 390.4 702.135 300 90
0 390.4 702.424 300 90
0 390.4 702.607 300 90
0 390.4 702.891 300 90
0 390.4 703.162 300 90
0 390.4 703.417 300 90
0 390.4 703.599 300 90
0 390.4 703.749 300 90
0 390.4 704.027 300 90
0 390.4 704.237 300 90
0 390.4 704.374 300 90
0 390.4 704.617 300 90
0 390.4 704.814 300 90
0 390.4 705.058 300 90
0 390.4 705.285 300 90
0 390.4 705.484 300 90
0 390.4 705.828 300 90
0 390.4 706.007 300 90
0 390.4 706.212 300 90
0 390.4 706.362 300 90
0 390.4 706.609 300 90
0 390.4 706.805 300 90
0 390.4 707.138 300 90
0 390.4 707.311 300 90
0 390.4 707.568 300 90
0 390.4 707.927 300 90
0 390.4 708.091 300 90
0 390.4 708.349 300 90
0 390.4 708.538 300 90
0 390.4 708.807 300 90
0 390.4 708.991 300 90
0 390.4 709.155 300 90
0 390.4 709.357 300 90
0 390.4 709.763 300 90
0 390.4 709.903 300 90
0 390.4 710.071 300 90
0 390.4 710.206 300 90
0 390.4 710.334 300 90
0 390.4 710.515 300 90
0 390.4 710.73 300 90
0 390.4 710.859 300 90
0 390.4 711.048 300 90
0 390.4 711.288 300 90
0 390.4 711.449 300 90
0 390.4 711.545 300 90
0 390.4 711.731 300 90
0 390.4 711.859 300 90
0 390.4 711.927 300 90
0 390.4 712.1 300 90
0 390.4 712.266 300 90
0 390.4 712.361 300 90
0 390.4 712.461 300 90
0 390.4 712.613 300 90
0 390.4 712.747 300 90
0 390.4 712.896 300 90
0 390.4 713.067 300 90
0 390.4 713.216 300 90
0 390.4 713.319 300 90
0 390.4 713.409 300 90
0 390.4 713.522 300 90
0 390.4 713.688 300 90
0 390.4 713.944 300 90
0 390.4 714.156 300 90
0 390.4 714.432 300 90
0 390.4 714.811 300 90
0 390.4 714.985 300 90
0 390.4 715.177 300 90
0 390.4 715.449 300 90
0 390.4 715.673 300 90
0 390.4 715.847 300 90
0 390.4 716.087 300 90
0 390.4 716.337 300 90
0 390.4 716.555 300 90
0 390.4 716.806 300 90
0 390.4 716.954 300 90
0 390.4 717.192 300 90
0 390.4 717.52 300 90
0 390.4 717.806 300 90
0 390.4 717.991 300 90
0 390.4 718.165 300 90
0 390.4 718.445 300 90
0 390.4 718.71 300 90
0 390.4 719.068 300 90
0 390.4 719.215 300 90
0 390.4 719.509 300 90
0 390.4 719.752 300 90
0 390.4 719.943 300 90
0 390.4 720.13 300 90
0 390.4 720.386 300 90
0 390.4 720.594 300 90
0 390.4 720.848 300 90
0 390.4 721.148 300 90
0 390.4 721.413 300 90
0 390.4 721.714 300 90
0 390.4 721.897 300 90
0 390.4 722.125 300 90
0 390.4 722.498 300 90
0 390.4 722.843 300 90
0 390.4 723.095 300 90
0 390.4 723.295 300 90
0 390.4 723.617 300 90
0 390.4 723.804 300 90
0 390.4 724.038 300 90
0 390.4 724.26 300 90
0 390.4 724.481 300 90
0 390.4 724.737 300 90
0 390.4 724.976 300 90
0 390.4 725.267 300 90
0 390.4 725.567 300 90
0 390.4 725.833 300 90
0 390.4 726.193 300 90
0 390.4 726.387 300 90
0 390.4 726.688 300 90
0 390.4 726.886 300 90
0 390.4 727.153 300 90
0 390.4 727.432 300 90
0 390.4 727.572 300 90
0 390.4 728.088 300 90
0 390.4 728.348 300 90
0 390.4 728.547 300 90
0 390.4 728.796 300 90
0 390.4 728.991 300 90
0 390.4 729.13 300 90
0 390.4 729.351 300 90
0 390.4 729.544 300 90
0 390.4 729.771 300 90
0 390.4 729.908 300 90
0 390.4 730.083 300 90
0 390.4 730.216 300 90
0 390.4 730.414 300 90
0 390.4 730.576 300 90
0 390.4 730.768 300 90
0 390.4 730.976 300 90
0 390.4 731.141 300 90
0 390.4 731.348 300 90
0 390.4 731.514 300 90
0 390.4 731.645 300 90
0 390.4 731.809 300 90
0 390.4 731.938 300 90
0 390.4 732.043 300 90
0 390.4 732.233 300 90
0 390.4 732.376 300 90
0 390.4 732.586 300 90
0 390.4 732.728 300 90
0 390.4 732.872 300 90
0 390.4 733.117 300 90
0 390.4 733.24 300 90
0 390.4 733.401 300 90
0 390.4 733.636 300 90
0 390.4 733.835 300 90
0 390.4 734.087 300 90
0 390.4 734.342 300 90
0 390.4 734.491 300 90
0 390.4 734.86 300 90
0 390.4 735.235 300 90
0 390.4 735.481 300 90
0 390.4 735.677 300 90
0 390.4 735.892 300 90
0 390.4 736.147 300 90
0 390.4 736.301 300 90
0 390.4 736.515 300 90
0 390.4 736.657 300 90
0 390.4 736.988 300 90
0 390.4 737.254 300 90
0 390.4 737.447 300 90
0 390.4 737.738 300 90
0 390.4 737.958 300 90
0 390.4 738.222 300 90
0 390.4 738.473 300 90
0 390.4 738.69 300 90
0 390.4 738.832 300 90
0 390.4 739.052 300 90
0 390.4 739.202 300 90
0 390.4 739.465 300 90
0 390.4 739.731 300 90
0 390.4 739.939 300 90
0 390.4 740.106 300 90
0 390.4 740.38 300 90
0 390.4 740.544 300 90
0 390.4 740.811 300 90
0 390.4 741.064 300 90
0 390.4 741.339 300 90
0 390.4 741.538 300 90
0 390.4 741.741 300 90
0 390.4 741.942 300 90
0 390.4 742.128 300 90
0 390.4 742.483 300 90
0 390.4 742.713 300 90
0 390.4 742.866 300 90
0 390.4 743.015 300 90
0 390.4 743.288 300 90
0 390.4 743.495 300 90
0 390.4 743.816 300 90
0 390.4 744.076 300 90
0 390.4 744.291 300 91
0 390.4 744.66 300 91
0 390.4 744.945 300 91
0 390.4 745.274 300 91
0 390.4 745.476 300 91
0 390.4 745.679 300 91
0 390.4 745.913 300 91
0 390.4 746.101 300 91
0 390.4 746.377 300 91
0 390.4 746.62 300 91
0 390.4 746.884 300 91
0 390.4 747.12 300 91
0 390.4 747.363 300 91
0 390.4 747.64 300 91
0 390.4 747.89 300 91
0 390.4 748.085 300 91
0 390.4 748.222 300 91
0 390.4 748.403 300 91
0 390.4 748.589 300 91
0 390.4 748.78 300 91
0 390.4 749.028 300 91
0 390.4 749.242 300 91
0 390.4 749.396 300 91
0 390.4 749.655 300 91
0 390.4 749.901 300 91
0 390.4 750.1 300 91
0 390.4 750.312 300 91
0 390.4 750.662 300 91
0 390.4 750.855 300 91
0 390.4 751.076 300 91
0 390.4 751.303 300 91
0 390.4 751.446 300 91
0 390.4 751.59 300 91
0 390.4 751.968 300 91
0 390.4 752.322 300 91
0 390.4 752.533 300 91
0 390.4 752.798 300 91
0 390.4 753.052 300 91
0 390.4 753.191 300 91
0 390.4 753.372 300 91
0 390.4 753.656 300 91
0 390.4 753.926 300 91
0 390.4 754.08 300 91
0 390.4 754.266 300 91
0 390.4 754.449 300 91
0 390.4 754.733 300 91
0 390.4 754.997 300 91
0 390.4 755.254 300 91
0 390.4 755.596 300 91
0 390.4 755.804 300 91
0 390.4 756.081 300 91
0 390.4 756.328 300 91
0 390.4 756.595 300 91
0 390.4 756.802 300 91
0 390.4 757.022 300 91
0 390.4 757.162 300 91
0 390.4 757.514 300 91
0 390.4 757.804 300 91
0 390.4 758.006 300 91
0 390.4 758.326 300 91
0 390.4 758.578 300 91
0 390.4 758.761 300 91
0 390.4 759.031 300 91
0 390.4 759.218 300 91
0 390.4 759.505 300 91
0 390.4 759.716 300 91
0 390.4 759.871 300 91
0 390.4 760.196 300 91
0 390.4 760.503 300 91
0 390.4 760.651 300 91
0 390.4 760.894 300 91
0 390.4 761.088 300 91
0 390.4 761.195 300 91
0 390.4 761.495 300 91
0 390.4 761.736 300 91
0 390.4 761.918 300 91
0 390.4 762.129 300 91
0 390.4 762.494 300 91
0 390.4 762.742 300 91
0 390.4 762.928 300 91
0 390.4 763.179 300 91
0 390.4 763.374 300 91
0 390.4 763.602 300 91
0 390.4 763.86 300 91
0 390.4 764.075 300 91
0 390.4 764.329 300 91
0 390.4 764.58 300 91
0 390.4 764.749 300 91
0 390.4 764.945 300 91
0 390.4 765.12 300 91
0 390.4 765.265 300 91
0 390.4 765.448 300 91
0 390.4 765.778 300 91
0 390.4 765.989 300 91
0 390.4 766.277 300 91
0 390.4 766.472 300 91
0 390.4 766.704 300 91
0 390.4 767.051 300 91
0 390.4 767.276 300 91
0 390.4 767.459 300 91
0 390.4 767.773 300 91
0 390.4 768.038 300 91
0 390.4 768.23 300 91
0 390.4 768.403 300 91
0 390.4 768.644 300 91
0 390.4 768.848 300 91
0 390.4 769.134 300 91
0 390.4 769.381 300 91
0 390.4 769.728 300 91
0 390.4 770.018 300 91
0 390.4 770.152 300 91
0 390.4 770.309 300 91
0 390.4 770.591 300 91
0 390.4 770.819 300 91
0 390.4 771.01 300 91
0 390.4 771.158 300 91
0 390.4 771.428 300 91
0 390.4 771.562 300 91
0 390.4 771.708 300 91
0 390.4 771.935 300 91
0 390.4 772.272 300 91
0 390.4 772.6 300 91
0 390.4 772.829 300 91
0 390.4 773.142 300 91
0 390.4 773.628 300 91
0 390.4 773.861 300 91
0 390.4 774.071 300 91
0 390.4 774.276 300 91
0 390.4 774.427 300 91
0 390.4 774.644 300 91
0 390.4 774.832 300 91
0 390.4 775.077 300 91
0 390.4 775.221 300 91
0 390.4 775.365 300 91
0 390.4 775.628 300 91
0 390.4 775.827 300 91
0 390.4 776.06 300 91
0 390.4 776.26 300 91
0 390.4 776.553 300 91
0 390.4 776.713 300 91
0 390.4 776.844 300 91
0 390.4 777.163 300 91
0 390.4 777.407 300 91
0 390.4 777.584 300 91
0 390.4 777.911 300 91
0 390.4 778.125 300 91
0 390.4 778.403 300 91
0 390.4 778.703 300 91
0 390.4 778.929 300 91
0 390.4 779.073 300 91
0 390.4 779.269 300 91
0 390.4 779.499 300 91
0 390.4 779.673 300 91
0 390.4 779.835 300 91
0 390.4 780.116 300 91
0 390.4 780.253 300 91
0 390.4 780.5 300 91
0 390.4 780.729 300 91
0 390.4 780.964 300 91
0 390.4 781.235 300 91
0 390.4 781.459 300 91
0 390.4 781.675 300 91
0 390.4 782 300 91
0 390.4 782.266 300 91
0 390.4 782.568 300 91
0 390.4 782.711 300 91
0 390.4 782.879 300 91
0 390.4 783.143 300 91
0 390.4 783.309 300 91
0 390.4 783.464 300 91
0 390.4 783.596 300 91
0 390.4 783.76 300 91
0 390.4 783.884 300 91
0 390.4 784.109 300 91
0 390.4 784.334 300 91
0 390.4 784.468 300 91
0 390.4 784.735 300 91
0 390.4 784.919 300 91
0 390.4 785.026 300 91
0 390.4 785.199 300 91
0 390.4 785.341 300 91
0 390.4 785.549 300 91
0 390.4 785.721 300 91
0 390.4 785.851 300 91
0 390.4 785.991 300 91
0 390.4 786.176 300 91
0 390.4 786.458 300 91
0 390.4 786.639 300 91
0 390.4 786.854 300 91
0 390.4 787.087 300 91
0 390.4 787.278 300 91
0 390.4 787.535 300 91
0 390.4 787.728 300 91
0 390.4 788.056 300 91
0 390.4 788.255 300 91
0 390.4 788.424 300 91
0 390.4 788.604 300 91
0 390.4 788.825 300 91
0 390.4 788.994 300 91
0 390.4 789.085 300 91
0 390.4 789.31 300 91
0 390.4 789.425 300 91
0 390.4 789.683 300 91
0 390.4 789.869 300 91
0 390.4 790.084 300 91
0 390.4 790.205 300 91
0 390.4 790.504 300 91
0 390.4 790.771 300 91
0 390.4 790.894 300 91
0 390.4 790.984 300 91
0 390.4 791.246 300 91
0 390.4 791.499 300 91
0 390.4 791.649 300 91
0 390.4 791.775 300 91
0 390.4 791.908 300 91
0 390.4 792.032 300 91
0 390.4 792.189 300 91
0 390.4 792.277 300 91
0 390.4 792.369 300 91
0 390.4 792.542 300 91
0 390.4 792.668 300 91
0 390.4 792.834 300 91
0 390.4 793.106 300 91
0 390.4 793.294 300 91
0 390.4 793.378 300 91
0 390.4 793.523 300 91
0 390.4 793.644 300 91
0 390.4 793.762 300 91
0 390.4 793.864 300 91
0 390.4 793.955 300 91
0 390.4 794.074 300 91
0 390.4 794.217 300 91
0 390.4 794.357 300 91
0 390.4 794.46 300 91
0 390.4 794.569 300 91
0 390.4 794.649 300 91
0 390.4 794.746 300 91
0 390.4 794.874 300 91
0 390.4 795.013 300 91
0 390.4 795.134 300 91
0 390.4 795.229 300 91
0 390.4 795.333 300 91
0 390.4 795.477 300 91
0 390.4 795.612 300 91
0 390.4 795.752 300 91
0 390.4 795.881 300 91
0 390.4 795.992 300 91
0 390.4 796.065 300 91
0 390.4 796.16 300 91
0 390.4 796.34 300 91
0 390.4 796.459 300 91
0 390.4 796.581 300 91
0 390.4 796.666 300 91
0 390.4 796.769 300 91
0 390.4 796.911 300 91
0 390.4 797.045 300 91
0 390.4 797.15 300 91
0 390.4 797.227 300 91
0 390.4 797.343 300 91
0 390.4 797.43 300 91
0 390.4 797.563 300 91
0 390.4 797.667 300 91
0 390.4 797.771 300 91
0 390.4 797.926 300 91
0 390.4 798.1 300 91
0 390.4 798.228 300 91
0 390.4 798.4 300 91
0 390.4 798.524 300 91
0 390.4 798.658 300 91
0 390.4 798.759 300 91
0 390.4 798.846 300 91
0 390.4 798.965 300 91
0 390.4 799.115 300 91
0 390.4 799.254 300 91
0 390.4 799.338 300 91
0 390.4 799.447 300 91
0 390.4 799.606 300 91
0 390.4 799.777 300 91
0 390.4 799.884 300 91
