0.000361 71.200000 71.200000
1.000361 71.200000 71.200000
2.000362 71.200000 71.200000
3.000377 71.200000 71.200000
4.000377 71.200000 71.200000
5.000379 71.200000 71.200000
6.000379 71.200000 71.200000
7.000382 71.200000 71.200000
8.000382 71.200000 71.200000
9.000384 71.200000 71.200000
10.000384 71.200000 71.200000
11.000443 71.200000 71.200000
12.000452 71.200000 71.200000
13.000452 71.200000 71.200000
14.000453 71.200000 71.200000
15.000454 71.200000 71.200000
16.000492 71.200000 71.200000
17.000492 71.200000 71.200000
18.000496 71.200000 71.200000
19.000497 71.200000 71.200000
20.000497 71.200000 71.200000
21.000502 71.200000 71.200000
22.000504 71.200000 71.200000
23.000505 71.200000 71.200000
24.000507 71.200000 71.200000
25.000515 71.200000 71.200000
26.000515 71.200000 71.200000
27.000529 71.200000 71.200000
28.000529 71.200000 71.200000
29.000533 71.200000 71.200000
30.000542 71.200000 71.200000
31.000545 71.200000 71.200000
32.000555 71.200000 71.200000
33.000559 71.200000 71.200000
34.000559 71.200000 71.200000
35.000564 71.200000 71.200000
36.000567 71.200000 71.200000
37.000570 71.200000 71.200000
38.000581 71.200000 71.200000
39.000609 71.200000 71.200000
40.000611 71.200000 71.200000
41.000611 71.200000 71.200000
42.000612 71.200000 71.200000
43.000624 71.200000 71.200000
44.000626 71.200000 71.200000
45.000626 71.200000 71.200000
46.000626 71.200000 71.200000
47.000630 71.200000 71.200000
48.000630 71.200000 71.200000
49.000631 71.200000 71.200000
50.000631 71.200000 71.200000
51.000632 71.200000 71.200000
52.000632 71.200000 71.200000
53.000635 71.200000 71.200000
54.000636 71.200000 71.200000
55.000637 71.200000 71.200000
56.000637 71.200000 71.200000
57.000647 71.200000 71.200000
58.000647 71.200000 71.200000
59.000649 71.200000 71.200000
60.000649 71.200000 71.200000
61.000649 71.200000 71.200000
62.000650 71.200000 71.200000
63.000650 71.200000 71.200000
64.000654 71.200000 71.200000
65.000654 71.200000 71.200000
66.000654 71.200000 71.200000
67.000664 71.200000 71.200000
68.000664 71.200000 71.200000
69.000703 71.200000 71.200000
70.000703 71.200000 71.200000
71.000705 71.200000 71.200000
72.000706 71.200000 71.200000
73.000707 71.200000 71.200000
74.000708 71.200000 71.200000
75.000710 71.200000 71.200000
76.000712 71.200000 71.200000
77.000718 71.200000 71.200000
78.000723 71.200000 71.200000
79.000732 71.200000 71.200000
80.000745 71.200000 71.200000
81.000748 71.200000 71.200000
82.000750 71.200000 71.200000
83.000758 71.200000 71.200000
84.000762 71.200000 71.200000
85.000762 71.200000 71.200000
86.000762 71.200000 71.200000
87.000762 71.200000 71.200000
88.000765 71.200000 71.200000
89.000765 71.200000 71.200000
90.000765 71.200000 71.200000
91.000769 71.200000 71.200000
92.000769 71.200000 71.200000
93.000772 71.200000 71.200000
94.000805 71.200000 71.200000
95.000808 71.200000 71.200000
96.000808 71.200000 71.200000
97.000810 71.200000 71.200000
98.000810 71.200000 71.200000
99.000812 71.200000 71.200000
100.000813 71.200000 71.200000
101.000814 71.200000 71.200000
102.000817 71.200000 71.200000
103.000817 71.200000 71.200000
104.000820 71.200000 71.200000
105.000822 71.200000 71.200000
106.000830 71.200000 71.200000
107.000830 71.200000 71.200000
108.000831 71.200000 71.200000
109.000834 71.200000 71.200000
110.000835 71.200000 71.200000
111.000835 71.200000 71.200000
112.000837 71.200000 71.200000
113.000840 71.200000 71.200000
114.000852 71.200000 71.200000
115.000874 71.200000 71.200000
116.000874 71.200000 71.200000
117.000875 71.200000 71.200000
118.000875 71.200000 71.200000
119.000876 71.200000 71.200000
120.000878 71.200000 71.200000
121.000878 71.200000 71.200000
122.000880 71.200000 71.200000
123.000884 71.200000 71.200000
124.000884 71.200000 71.200000
125.000886 71.200000 71.200000
126.000889 71.200000 71.200000
127.000889 71.200000 71.200000
128.000891 71.200000 71.200000
129.000891 71.200000 71.200000
130.000892 71.200000 71.200000
131.000901 71.200000 71.200000
132.000913 71.200000 71.200000
133.000914 71.200000 71.200000
134.000915 71.200000 71.200000
135.000917 71.200000 71.200000
136.000919 71.200000 71.200000
137.000922 71.200000 71.200000
138.000922 71.200000 71.200000
139.000922 71.200000 71.200000
140.000925 71.200000 71.200000
141.000934 71.200000 71.200000
142.000937 71.200000 71.200000
143.000941 71.200000 71.200000
144.000941 71.200000 71.200000
145.000956 71.200000 71.200000
146.000956 71.200000 71.200000
147.000964 71.200000 71.200000
148.000977 71.200000 71.200000
149.000979 71.200000 71.200000
150.000983 71.200000 71.200000
151.000983 71.200000 71.200000
152.000986 71.200000 71.200000
153.000994 71.200000 71.200000
154.000995 71.200000 71.200000
155.000999 71.200000 71.200000
156.001000 71.200000 71.200000
157.001000 71.200000 71.200000
158.001015 71.200000 71.200000
159.001023 71.200000 71.200000
160.001027 71.200000 71.200000
161.001036 71.200000 71.200000
162.001037 71.200000 71.200000
163.001039 71.200000 71.200000
164.001039 71.200000 71.200000
165.001040 71.200000 71.200000
166.001041 71.200000 71.200000
167.001042 71.200000 71.200000
168.001045 71.200000 71.200000
169.001065 71.200000 71.200000
170.001065 71.200000 71.200000
171.001065 71.200000 71.200000
172.001079 71.200000 71.200000
173.001080 71.200000 71.200000
174.001089 71.200000 71.200000
175.001092 71.200000 71.200000
176.001092 71.200000 71.200000
177.001092 71.200000 71.200000
178.001092 71.200000 71.200000
179.001094 71.200000 71.200000
180.001094 71.200000 71.200000
181.001095 71.200000 71.200000
182.001095 71.200000 71.200000
183.001097 71.200000 71.200000
184.001099 71.200000 71.200000
185.001102 71.200000 71.200000
186.001104 71.200000 71.200000
187.001104 71.200000 71.200000
188.001104 71.200000 71.200000
189.001105 71.200000 71.200000
190.001110 71.200000 71.200000
191.001144 71.200000 71.200000
192.001144 71.200000 71.200000
193.001144 71.200000 71.200000
194.001155 71.200000 71.200000
195.001156 71.200000 71.200000
196.001157 71.200000 71.200000
197.001158 71.200000 71.200000
198.001158 71.200000 71.200000
199.001162 71.200000 71.200000
200.001163 71.200000 71.200000
201.001163 71.200000 71.200000
202.001163 71.200000 71.200000
203.001171 71.200000 71.200000
204.001171 71.200000 71.200000
205.001174 71.200000 71.200000
206.001175 71.200000 71.200000
207.001180 71.200000 71.200000
208.001184 71.200000 71.200000
209.001201 71.200000 71.200000
210.001205 71.200000 71.200000
211.001209 71.200000 71.200000
212.001209 71.200000 71.200000
213.001214 71.200000 71.200000
214.001215 71.200000 71.200000
215.001219 71.200000 71.200000
216.001219 71.200000 71.200000
217.001224 71.200000 71.200000
218.001224 71.200000 71.200000
219.001259 71.200000 71.200000
220.001268 71.200000 71.200000
221.001270 71.200000 71.200000
222.001271 71.200000 71.200000
223.001271 71.200000 71.200000
224.001272 71.200000 71.200000
225.001277 71.200000 71.200000
226.001277 71.200000 71.200000
227.001278 71.200000 71.200000
228.001279 71.200000 71.200000
229.001287 71.200000 71.200000
230.001289 71.200000 71.200000
231.001334 71.200000 71.200000
232.001337 71.200000 71.200000
233.001338 71.200000 71.200000
234.001341 71.200000 71.200000
235.001355 71.200000 71.200000
236.001364 71.200000 71.200000
237.001366 71.200000 71.200000
238.001366 71.200000 71.200000
239.001366 71.200000 71.200000
240.001368 71.200000 71.200000
241.001368 71.200000 71.200000
242.001369 71.200000 71.200000
243.001369 71.200000 71.200000
244.001397 71.200000 71.200000
245.001397 71.200000 71.200000
246.001398 71.200000 71.200000
247.001398 71.200000 71.200000
248.001399 71.200000 71.200000
249.001400 71.200000 71.200000
250.001400 71.200000 71.200000
251.001400 71.200000 71.200000
252.001403 71.200000 71.200000
253.001403 71.200000 71.200000
254.001406 71.200000 71.200000
255.001409 71.200000 71.200000
256.001409 71.200000 71.200000
257.001411 71.200000 71.200000
258.001416 71.200000 71.200000
259.001416 71.200000 71.200000
260.001418 71.200000 71.200000
261.001425 71.200000 71.200000
262.001425 71.200000 71.200000
263.001425 71.200000 71.200000
264.001430 71.200000 71.200000
265.001430 71.200000 71.200000
266.001436 71.200000 71.200000
267.001510 71.200000 71.200000
268.001510 71.200000 71.200000
269.001510 71.200000 71.200000
270.001520 71.200000 71.200000
271.001525 71.200000 71.200000
272.001525 71.200000 71.200000
273.001525 71.200000 71.200000
274.001525 71.200000 71.200000
275.001545 71.200000 71.200000
276.001546 71.200000 71.200000
277.001548 71.200000 71.200000
278.001550 71.200000 71.200000
279.001550 71.200000 71.200000
280.001550 71.200000 71.200000
281.001551 71.200000 71.200000
282.001552 71.200000 71.200000
283.001565 71.200000 71.200000
284.001566 71.200000 71.200000
285.001572 71.200000 71.200000
286.001572 71.200000 71.200000
287.001572 71.200000 71.200000
288.001576 71.200000 71.200000
289.001581 71.200000 71.200000
290.001581 71.200000 71.200000
291.001592 71.200000 71.200000
292.001595 71.200000 71.200000
293.001604 71.200000 71.200000
294.001605 71.200000 71.200000
295.001605 71.200000 71.200000
296.001606 71.200000 71.200000
297.001606 71.200000 71.200000
298.001606 71.200000 71.200000
299.001607 71.200000 71.200000
300.001608 71.200000 71.200000
301.001612 71.200000 71.200000
302.001618 71.200000 71.200000
303.001618 71.200000 71.200000
304.001619 71.200000 71.200000
305.001621 71.200000 71.200000
306.001678 71.200000 71.200000
307.001678 71.200000 71.200000
308.001678 71.200000 71.200000
309.001727 71.200000 71.200000
310.001727 71.200000 71.200000
311.001737 71.200000 71.200000
312.001737 71.200000 71.200000
313.001737 71.200000 71.200000
314.001775 71.200000 71.200000
315.001776 71.200000 71.200000
316.001777 71.200000 71.200000
317.001779 71.200000 71.200000
318.001781 71.200000 71.200000
319.001781 71.200000 71.200000
320.001785 71.200000 71.200000
321.001785 71.200000 71.200000
322.001787 71.200000 71.200000
323.001787 71.200000 71.200000
324.001787 71.200000 71.200000
325.001788 71.200000 71.200000
326.001793 71.200000 71.200000
327.001797 71.200000 71.200000
328.001798 71.200000 71.200000
329.001798 71.200000 71.200000
330.001802 71.200000 71.200000
331.001811 71.200000 71.200000
332.001811 71.200000 71.200000
333.001861 71.200000 71.200000
334.001862 71.200000 71.200000
335.001862 71.200000 71.200000
336.001866 71.200000 71.200000
337.001866 71.200000 71.200000
338.001866 71.200000 71.200000
339.001866 71.200000 71.200000
340.001918 71.200000 71.200000
341.001919 71.200000 71.200000
342.001919 71.200000 71.200000
343.001919 71.200000 71.200000
344.001920 71.200000 71.200000
345.001920 71.200000 71.200000
346.001923 71.200000 71.200000
347.001924 71.200000 71.200000
348.001930 71.200000 71.200000
349.001934 71.200000 71.200000
350.001934 71.200000 71.200000
351.001938 71.200000 71.200000
352.001938 71.200000 71.200000
353.001938 71.200000 71.200000
354.001938 71.200000 71.200000
355.001938 71.200000 71.200000
356.001938 71.200000 71.200000
357.001947 71.200000 71.200000
358.001949 71.200000 71.200000
359.001953 71.200000 71.200000
360.001954 71.200000 71.200000
361.001965 71.200000 71.200000
362.001966 71.200000 71.200000
363.001980 71.200000 71.200000
364.001983 71.200000 71.200000
365.001989 71.200000 71.200000
366.001999 71.200000 71.200000
367.001999 71.200000 71.200000
368.002003 71.200000 71.200000
369.002005 71.200000 71.200000
370.002005 71.200000 71.200000
371.002005 71.200000 71.200000
372.002005 71.200000 71.200000
373.002007 71.200000 71.200000
374.002011 71.200000 71.200000
375.002014 71.200000 71.200000
376.002026 71.200000 71.200000
377.002029 71.200000 71.200000
378.002029 71.200000 71.200000
379.002040 71.200000 71.200000
380.002049 71.200000 71.200000
381.002057 71.200000 71.200000
382.002057 71.200000 71.200000
383.002057 71.200000 71.200000
384.002063 71.200000 71.200000
385.002063 71.200000 71.200000
386.002063 71.200000 71.200000
387.002067 71.200000 71.200000
388.002077 71.200000 71.200000
389.002087 71.200000 71.200000
390.002093 71.200000 71.200000
391.002094 71.200000 71.200000
392.002097 71.200000 71.200000
393.002097 71.200000 71.200000
394.002138 71.200000 71.200000
395.002138 71.200000 71.200000
396.002141 71.200000 71.200000
397.002147 71.200000 71.200000
398.002150 71.200000 71.200000
399.002171 71.200000 71.200000
400.002171 71.200000 71.200000
401.002173 71.200000 71.200000
402.002174 71.200000 71.200000
403.002177 71.200000 71.200000
404.002184 71.200000 71.200000
405.002184 71.200000 71.200000
406.002184 71.200000 71.200000
407.002187 71.200000 71.200000
408.002187 71.200000 71.200000
409.002187 71.200000 71.200000
410.002200 71.200000 71.200000
411.002202 71.200000 71.200000
412.002203 71.200000 71.200000
413.002204 71.200000 71.200000
414.002227 71.200000 71.200000
415.002227 71.200000 71.200000
416.002228 71.200000 71.200000
417.002236 71.200000 71.200000
418.002249 71.200000 71.200000
419.002255 71.200000 71.200000
420.002256 71.200000 71.200000
421.002263 71.200000 71.200000
422.002266 71.200000 71.200000
423.002266 71.200000 71.200000
424.002287 71.200000 71.200000
425.002288 71.200000 71.200000
426.002293 71.200000 71.200000
427.002301 71.200000 71.200000
428.002304 71.200000 71.200000
429.002304 71.200000 71.200000
430.002317 71.200000 71.200000
431.002318 71.200000 71.200000
432.002321 71.200000 71.200000
433.002323 71.200000 71.200000
434.002323 71.200000 71.200000
435.002323 71.200000 71.200000
436.002323 71.200000 71.200000
437.002324 71.200000 71.200000
438.002324 71.200000 71.200000
439.002328 71.200000 71.200000
440.002330 71.200000 71.200000
441.002330 71.200000 71.200000
442.002333 71.200000 71.200000
443.002343 71.200000 71.200000
444.002343 71.200000 71.200000
445.002343 71.200000 71.200000
446.002343 71.200000 71.200000
447.002346 71.200000 71.200000
448.002398 71.200000 71.200000
449.002405 71.200000 71.200000
450.002409 71.200000 71.200000
451.002409 71.200000 71.200000
452.002413 71.200000 71.200000
453.002413 71.200000 71.200000
454.002413 71.200000 71.200000
455.002414 71.200000 71.200000
456.002414 71.200000 71.200000
457.002416 71.200000 71.200000
458.002420 71.200000 71.200000
459.002429 71.200000 71.200000
460.002432 71.200000 71.200000
461.002439 71.200000 71.200000
462.002439 71.200000 71.200000
463.002439 71.200000 71.200000
464.002441 71.200000 71.200000
465.002442 71.200000 71.200000
466.002442 71.200000 71.200000
467.002445 71.200000 71.200000
468.002445 71.200000 71.200000
469.002484 71.200000 71.200000
470.002485 71.200000 71.200000
471.002487 71.200000 71.200000
472.002487 71.200000 71.200000
473.002488 71.200000 71.200000
474.002491 71.200000 71.200000
475.002494 71.200000 71.200000
476.002495 71.200000 71.200000
477.002497 71.200000 71.200000
478.002500 71.200000 71.200000
479.002510 71.200000 71.200000
480.002510 71.200000 71.200000
481.002514 71.200000 71.200000
482.002515 71.200000 71.200000
483.002515 71.200000 71.200000
484.002515 71.200000 71.200000
485.002519 71.200000 71.200000
486.002526 71.200000 71.200000
487.002536 71.200000 71.200000
488.002542 71.200000 71.200000
489.002542 71.200000 71.200000
490.002542 71.200000 71.200000
491.002542 71.200000 71.200000
492.002544 71.200000 71.200000
493.002544 71.200000 71.200000
494.002550 71.200000 71.200000
495.002572 71.200000 71.200000
496.002574 71.200000 71.200000
497.002574 71.200000 71.200000
498.002575 71.200000 71.200000
499.002585 71.200000 71.200000
500.002588 71.200000 71.200000
501.002588 71.200000 71.200000
502.002595 71.200000 71.200000
503.002604 71.200000 71.200000
504.002656 71.200000 71.200000
505.002660 71.200000 71.200000
506.002661 71.200000 71.200000
507.002661 71.200000 71.200000
508.002661 71.200000 71.200000
509.002661 71.200000 71.200000
510.002661 71.200000 71.200000
511.002661 71.200000 71.200000
512.002664 71.200000 71.200000
513.002667 71.200000 71.200000
514.002677 71.200000 71.200000
515.002695 71.200000 71.200000
516.002701 71.200000 71.200000
517.002733 71.200000 71.200000
518.002735 71.200000 71.200000
519.002735 71.200000 71.200000
520.002736 71.200000 71.200000
521.002741 71.200000 71.200000
522.002742 71.200000 71.200000
523.002756 71.200000 71.200000
524.002756 71.200000 71.200000
525.002760 71.200000 71.200000
526.002760 71.200000 71.200000
527.002761 71.200000 71.200000
528.002765 71.200000 71.200000
529.002794 71.200000 71.200000
530.002796 71.200000 71.200000
531.002796 71.200000 71.200000
532.002796 71.200000 71.200000
533.002798 71.200000 71.200000
534.002800 71.200000 71.200000
535.002803 71.200000 71.200000
536.002812 71.200000 71.200000
537.002815 71.200000 71.200000
538.002815 71.200000 71.200000
539.002819 71.200000 71.200000
540.002821 71.200000 71.200000
541.002824 71.200000 71.200000
542.002831 71.200000 71.200000
543.002833 71.200000 71.200000
544.002833 71.200000 71.200000
545.002833 71.200000 71.200000
546.002834 71.200000 71.200000
547.002834 71.200000 71.200000
548.002836 71.200000 71.200000
549.002841 71.200000 71.200000
550.002843 71.200000 71.200000
551.002845 71.200000 71.200000
552.002846 71.200000 71.200000
553.002846 71.200000 71.200000
554.002848 71.200000 71.200000
555.002849 71.200000 71.200000
556.002849 71.200000 71.200000
557.002851 71.200000 71.200000
558.002858 71.200000 71.200000
559.002868 71.200000 71.200000
560.002868 71.200000 71.200000
561.002870 71.200000 71.200000
562.002870 71.200000 71.200000
563.002894 71.200000 71.200000
564.002897 71.200000 71.200000
565.002917 71.200000 71.200000
566.002917 71.200000 71.200000
567.002918 71.200000 71.200000
568.002920 71.200000 71.200000
569.002920 71.200000 71.200000
570.002921 71.200000 71.200000
571.002924 71.200000 71.200000
572.002924 71.200000 71.200000
573.002924 71.200000 71.200000
574.002924 71.200000 71.200000
575.002934 71.200000 71.200000
576.002938 71.200000 71.200000
577.002945 71.200000 71.200000
578.002953 71.200000 71.200000
579.002953 71.200000 71.200000
580.002953 71.200000 71.200000
581.002953 71.200000 71.200000
582.002961 71.200000 71.200000
583.002961 71.200000 71.200000
584.002961 71.200000 71.200000
585.002961 71.200000 71.200000
586.003011 71.200000 71.200000
587.003012 71.200000 71.200000
588.003024 71.200000 71.200000
589.003024 71.200000 71.200000
590.003034 71.200000 71.200000
591.003035 71.200000 71.200000
592.003035 71.200000 71.200000
593.003035 71.200000 71.200000
594.003037 71.200000 71.200000
595.003037 71.200000 71.200000
596.003051 71.200000 71.200000
597.003063 71.200000 71.200000
598.003063 71.200000 71.200000
599.003065 71.200000 71.200000
600.003065 71.200000 71.200000
601.003067 71.200000 71.200000
602.003067 71.200000 71.200000
603.003068 71.200000 71.200000
604.003071 71.200000 71.200000
605.003072 71.200000 71.200000
606.003076 71.200000 71.200000
607.003076 71.200000 71.200000
608.003083 71.200000 71.200000
609.003086 71.200000 71.200000
610.003090 71.200000 71.200000
611.003090 71.200000 71.200000
612.003090 71.200000 71.200000
613.003102 71.200000 71.200000
614.003125 71.200000 71.200000
615.003128 71.200000 71.200000
616.003128 71.200000 71.200000
617.003129 71.200000 71.200000
618.003132 71.200000 71.200000
619.003140 71.200000 71.200000
620.003145 71.200000 71.200000
621.003147 71.200000 71.200000
622.003147 71.200000 71.200000
623.003152 71.200000 71.200000
624.003152 71.200000 71.200000
625.003154 71.200000 71.200000
626.003155 71.200000 71.200000
627.003160 71.200000 71.200000
628.003162 71.200000 71.200000
629.003165 71.200000 71.200000
630.003165 71.200000 71.200000
631.003166 71.200000 71.200000
632.003166 71.200000 71.200000
633.003169 71.200000 71.200000
634.003169 71.200000 71.200000
635.003169 71.200000 71.200000
636.003187 71.200000 71.200000
637.003196 71.200000 71.200000
638.003210 71.200000 71.200000
639.003212 71.200000 71.200000
640.003216 71.200000 71.200000
641.003219 71.200000 71.200000
642.003219 71.200000 71.200000
643.003226 71.200000 71.200000
644.003226 71.200000 71.200000
645.003226 71.200000 71.200000
646.003288 71.200000 71.200000
647.003289 71.200000 71.200000
648.003289 71.200000 71.200000
649.003289 71.200000 71.200000
650.003323 71.200000 71.200000
651.003323 71.200000 71.200000
652.003324 71.200000 71.200000
653.003326 71.200000 71.200000
654.003329 71.200000 71.200000
655.003330 71.200000 71.200000
656.003330 71.200000 71.200000
657.003330 71.200000 71.200000
658.003330 71.200000 71.200000
659.003332 71.200000 71.200000
660.003345 71.200000 71.200000
661.003353 71.200000 71.200000
662.003353 71.200000 71.200000
663.003354 71.200000 71.200000
664.003356 71.200000 71.200000
665.003375 71.200000 71.200000
666.003376 71.200000 71.200000
667.003387 71.200000 71.200000
668.003387 71.200000 71.200000
669.003387 71.200000 71.200000
670.003387 71.200000 71.200000
671.003388 71.200000 71.200000
672.003391 71.200000 71.200000
673.003394 71.200000 71.200000
674.003394 71.200000 71.200000
675.003394 71.200000 71.200000
676.003394 71.200000 71.200000
677.003394 71.200000 71.200000
678.003403 71.200000 71.200000
679.003405 71.200000 71.200000
680.003405 71.200000 71.200000
681.003408 71.200000 71.200000
682.003410 71.200000 71.200000
683.003410 71.200000 71.200000
684.003416 71.200000 71.200000
685.003425 71.200000 71.200000
686.003425 71.200000 71.200000
687.003432 71.200000 71.200000
688.003435 71.200000 71.200000
689.003436 71.200000 71.200000
690.003439 71.200000 71.200000
691.003440 71.200000 71.200000
692.003442 71.200000 71.200000
693.003442 71.200000 71.200000
694.003443 71.200000 71.200000
695.003443 71.200000 71.200000
696.003443 71.200000 71.200000
697.003443 71.200000 71.200000
698.003443 71.200000 71.200000
699.003460 71.200000 71.200000
700.003460 71.200000 71.200000
701.003460 71.200000 71.200000
702.003460 71.200000 71.200000
703.003460 71.200000 71.200000
704.003463 71.200000 71.200000
705.003465 71.200000 71.200000
706.003465 71.200000 71.200000
707.003467 71.200000 71.200000
708.003467 71.200000 71.200000
709.003468 71.200000 71.200000
710.003469 71.200000 71.200000
711.003469 71.200000 71.200000
712.003469 71.200000 71.200000
713.003471 71.200000 71.200000
714.003519 71.200000 71.200000
715.003519 71.200000 71.200000
716.003519 71.200000 71.200000
717.003521 71.200000 71.200000
718.003532 71.200000 71.200000
719.003532 71.200000 71.200000
720.003532 71.200000 71.200000
721.003537 71.200000 71.200000
722.003537 71.200000 71.200000
723.003537 71.200000 71.200000
724.003541 71.200000 71.200000
725.003541 71.200000 71.200000
726.003543 71.200000 71.200000
727.003565 71.200000 71.200000
728.003583 71.200000 71.200000
729.003591 71.200000 71.200000
730.003591 71.200000 71.200000
731.003591 71.200000 71.200000
732.003592 71.200000 71.200000
733.003592 71.200000 71.200000
734.003603 71.200000 71.200000
735.003604 71.200000 71.200000
736.003613 71.200000 71.200000
737.003613 71.200000 71.200000
738.003613 71.200000 71.200000
739.003616 71.200000 71.200000
740.003625 71.200000 71.200000
741.003627 71.200000 71.200000
742.003627 71.200000 71.200000
743.003628 71.200000 71.200000
744.003632 71.200000 71.200000
745.003633 71.200000 71.200000
746.003633 71.200000 71.200000
747.003634 71.200000 71.200000
748.003635 71.200000 71.200000
749.003637 71.200000 71.200000
750.003638 71.200000 71.200000
751.003645 71.200000 71.200000
752.003645 71.200000 71.200000
753.003647 71.200000 71.200000
754.003647 71.200000 71.200000
755.003647 71.200000 71.200000
756.003683 71.200000 71.200000
757.003683 71.200000 71.200000
758.003683 71.200000 71.200000
759.003684 71.200000 71.200000
760.003684 71.200000 71.200000
761.003684 71.200000 71.200000
762.003687 71.200000 71.200000
763.003687 71.200000 71.200000
764.003691 71.200000 71.200000
765.003704 71.200000 71.200000
766.003705 71.200000 71.200000
767.003705 71.200000 71.200000
768.003705 71.200000 71.200000
769.003716 71.200000 71.200000
770.003718 71.200000 71.200000
771.003718 71.200000 71.200000
772.003722 71.200000 71.200000
773.003722 71.200000 71.200000
774.003722 71.200000 71.200000
775.003722 71.200000 71.200000
776.003725 71.200000 71.200000
777.003725 71.200000 71.200000
778.003725 71.200000 71.200000
779.003732 71.200000 71.200000
780.003741 71.200000 71.200000
781.003741 71.200000 71.200000
782.003743 71.200000 71.200000
783.003743 71.200000 71.200000
784.003748 71.200000 71.200000
785.003788 71.200000 71.200000
786.003789 71.200000 71.200000
787.003790 71.200000 71.200000
788.003790 71.200000 71.200000
789.003802 71.200000 71.200000
790.003803 71.200000 71.200000
791.003804 71.200000 71.200000
792.003807 71.200000 71.200000
793.003810 71.200000 71.200000
794.003810 71.200000 71.200000
795.003810 71.200000 71.200000
796.003811 71.200000 71.200000
797.003841 71.200000 71.200000
798.003841 71.200000 71.200000
799.003842 71.200000 71.200000
