0 601.6 0.472867 300 0
0 584.8 0.637565 0
0 517.6 0.846529 0
0 422.4 1.06947 1
0 388.8 1.4194 3
0 386.8 1.64892 4
0 383.2 1.91272 4
0 342 2.13978 4
0 325.2 2.30534 4
0 319.6 2.47125 4
0 314 2.73829 4
0 308.4 4.01368 18
0 280.4 5.22169 18
0 269.2 5.6639 18
0 263.6 6.18758 18
0 263.6 11.5947 300 85
0 263.6 20.9674 300 89
0 258 25.5592 89
0 256 28.8867 89
0 256 34.7939 300 89
0 252.4 40.3676 89
0 252.4 45.5703 300 89
0 252.4 57.186 300 89
0 252.4 66.8344 300 89
0 252.4 76.0826 300 89
0 252.4 85.5427 300 89
0 252.4 96.3626 300 89
0 252.4 105.705 300 89
0 252.4 116.364 300 89
0 252.4 123.885 300 89
0 252.4 131.181 300 89
0 252.4 138.106 300 89
0 252.4 146.593 300 89
0 252.4 156.027 300 89
0 252.4 164.171 300 89
0 252.4 173.041 300 89
0 252.4 182.287 300 89
0 252.4 190.454 300 89
0 250.4 192.775 89
0 250.4 196.717 300 89
0 250.4 206.194 300 89
0 250.4 215.593 300 89
0 250.4 222.929 300 89
0 250.4 232.898 300 89
0 250.4 244.759 300 89
0 250.4 254.291 300 89
0 250.4 261.068 300 89
0 250.4 268.827 300 89
0 250.4 278.412 300 89
0 250.4 286.832 300 89
0 250.4 294.984 300 89
0 250.4 302.094 300 89
0 250.4 310.4 300 89
0 250.4 319.992 300 89
0 250.4 329.547 300 89
0 250.4 338.633 300 89
0 246.8 340.791 89
0 244.8 341.019 89
0 244.8 346.114 300 89
0 244.8 354.851 300 89
0 244.8 363.806 300 89
0 244.8 372.789 300 89
0 244.8 379.756 300 89
0 244.8 387.321 300 89
0 244.8 397.299 300 89
0 244.8 404.462 300 89
0 244.8 414.249 300 89
0 244.8 422.929 300 89
0 244.8 437.847 300 89
0 244.8 446.079 300 89
0 244.8 456.853 300 89
0 244.8 466.405 300 89
0 244.8 477.451 300 89
0 244.8 486.935 300 89
0 244.8 496.414 300 89
0 244.8 505.282 300 89
0 244.8 514.81 300 89
0 244.8 525.888 300 89
0 244.8 534.832 300 89
0 244.8 543.525 300 89
0 244.8 554.726 300 89
0 244.8 564.556 300 89
0 244.8 574.69 300 89
0 244.8 585.848 300 89
0 244.8 598.495 300 89
0 244.8 608.073 300 89
0 244.8 614.31 300 89
0 244.8 622.036 300 89
0 244.8 633.089 300 89
0 244.8 644.664 300 89
0 244.8 652.956 300 89
0 244.8 660.226 300 89
0 244.8 667.851 300 89
0 244.8 677.595 300 89
0 244.8 687.346 300 89
0 244.8 695.912 300 89
0 244.8 707.321 300 89
0 244.8 718.595 300 89
0 244.8 727.785 300 89
0 244.8 737.106 300 89
0 244.8 743.058 300 89
0 244.8 752.253 300 89
0 244.8 758.158 300 89
0 244.8 766.69 300 89
0 244.8 775.895 300 89
0 244.8 784.63 300 89
0 244.8 791.863 300 89
0 244.8 796.018 300 89
0 244.8 800.119 300 89
