0.015441 773.200000 773.200000
1.015750 474.400000 480.000000
2.023297 446.400000 773.200000
3.023580 412.800000 452.000000
4.025910 407.200000 655.600000
5.026399 407.200000 521.200000
6.026592 407.200000 463.200000
7.026955 407.200000 470.800000
8.027223 407.200000 496.800000
9.027384 407.200000 457.600000
10.027915 407.200000 610.800000
11.028547 407.200000 440.800000
12.028661 407.200000 463.200000
13.028673 407.200000 480.000000
14.028904 407.200000 454.000000
15.029671 407.200000 480.000000
16.029799 407.200000 532.400000
17.029824 407.200000 448.400000
18.030236 407.200000 491.200000
19.031012 407.200000 504.400000
20.032720 407.200000 508.000000
21.036943 407.200000 762.000000
22.037509 407.200000 666.800000
23.037663 407.200000 493.200000
24.038108 407.200000 474.400000
25.038309 407.200000 502.400000
26.038343 407.200000 448.400000
27.038530 407.200000 452.000000
28.038539 407.200000 412.800000
29.038728 407.200000 457.600000
30.039191 407.200000 463.200000
31.039677 407.200000 454.000000
32.039755 390.400000 515.600000
33.040346 390.400000 515.600000
34.040377 390.400000 420.400000
35.043694 390.400000 773.200000
36.044059 390.400000 437.200000
37.044774 390.400000 407.200000
38.046051 390.400000 543.600000
39.046229 390.400000 485.600000
40.046844 390.400000 412.800000
41.046899 390.400000 446.400000
42.047265 390.400000 446.400000
43.049595 390.400000 773.200000
44.050423 390.400000 480.000000
45.050779 390.400000 549.200000
46.051094 390.400000 412.800000
47.051633 390.400000 622.000000
48.052092 390.400000 532.400000
49.052809 390.400000 412.800000
50.053087 390.400000 459.600000
51.053157 390.400000 446.400000
52.053171 390.400000 468.800000
53.053815 390.400000 407.200000
54.055887 390.400000 530.400000
55.056181 390.400000 773.200000
56.056924 390.400000 454.000000
57.058208 390.400000 480.000000
58.058620 390.400000 407.200000
59.059062 390.400000 435.200000
60.059276 390.400000 440.800000
61.062983 390.400000 510.000000
62.063513 390.400000 582.800000
63.063647 390.400000 538.000000
64.063779 390.400000 463.200000
65.064479 390.400000 538.000000
66.065772 390.400000 412.800000
67.065812 390.400000 487.600000
68.065864 390.400000 672.400000
69.065990 390.400000 414.800000
70.066275 390.400000 554.800000
71.066736 390.400000 418.400000
72.067711 390.400000 435.200000
73.067942 390.400000 482.000000
74.072694 390.400000 773.200000
75.075810 390.400000 767.600000
76.076163 390.400000 496.800000
77.078070 390.400000 498.800000
78.079374 390.400000 711.600000
79.079395 390.400000 429.600000
80.079825 390.400000 482.000000
81.080977 390.400000 508.000000
82.085911 390.400000 762.000000
83.087061 390.400000 538.000000
84.087684 390.400000 496.800000
85.087878 390.400000 474.400000
86.087878 390.400000 435.200000
87.089030 390.400000 426.000000
88.089266 390.400000 457.600000
89.089914 390.400000 470.800000
90.091129 390.400000 487.600000
91.091574 390.400000 496.800000
92.093261 390.400000 543.600000
93.093486 390.400000 476.400000
94.093609 390.400000 412.800000
95.094615 390.400000 554.800000
96.094996 390.400000 412.800000
97.096306 390.400000 474.400000
98.096408 390.400000 543.600000
99.096430 390.400000 504.400000
100.096801 390.400000 429.600000
101.097617 390.400000 470.800000
102.098697 390.400000 470.800000
103.098946 390.400000 496.800000
104.099492 390.400000 571.600000
105.099816 390.400000 655.600000
106.100880 390.400000 480.000000
107.100888 390.400000 424.000000
108.101982 390.400000 474.400000
109.102300 390.400000 429.600000
110.102572 390.400000 424.000000
111.102637 390.400000 435.200000
112.109469 390.400000 773.200000
113.109955 390.400000 504.400000
114.110027 390.400000 429.600000
115.110106 390.400000 424.000000
116.111453 390.400000 468.800000
117.111522 390.400000 566.000000
118.111540 390.400000 437.200000
119.112280 390.400000 526.800000
120.112711 390.400000 412.800000
121.112763 390.400000 526.800000
122.113374 390.400000 515.600000
123.113532 390.400000 521.200000
124.113650 390.400000 448.400000
125.114605 390.400000 476.400000
126.115006 390.400000 412.800000
127.115469 390.400000 485.600000
128.115950 390.400000 407.200000
129.116059 390.400000 424.000000
130.116725 390.400000 554.800000
131.117516 390.400000 661.200000
132.118062 390.400000 457.600000
133.118146 390.400000 515.600000
134.118558 390.400000 515.600000
135.118720 390.400000 437.200000
136.119481 390.400000 437.200000
137.120073 390.400000 468.800000
138.120300 390.400000 496.800000
139.120650 390.400000 435.200000
140.121083 390.400000 468.800000
141.122037 390.400000 588.400000
142.122207 390.400000 440.800000
143.123012 390.400000 426.000000
144.125021 390.400000 610.800000
145.125154 390.400000 431.600000
146.125633 390.400000 655.600000
147.126325 390.400000 767.600000
148.126431 390.400000 549.200000
149.127134 390.400000 424.000000
150.127936 390.400000 521.200000
151.128203 390.400000 429.600000
152.128501 390.400000 633.200000
153.128823 390.400000 566.000000
154.129021 390.400000 521.200000
155.129668 390.400000 465.200000
156.131047 390.400000 588.400000
157.131135 390.400000 502.400000
158.132455 390.400000 420.400000
159.132884 390.400000 437.200000
160.133281 390.400000 431.600000
161.133903 390.400000 418.400000
162.134489 390.400000 465.200000
163.134741 390.400000 554.800000
164.134893 390.400000 493.200000
165.134937 390.400000 476.400000
166.135826 390.400000 454.000000
167.136110 390.400000 407.200000
168.136279 390.400000 491.200000
169.136439 390.400000 493.200000
170.138415 390.400000 474.400000
171.139826 390.400000 470.800000
172.139988 390.400000 532.400000
173.140105 390.400000 463.200000
174.140446 390.400000 521.200000
175.145803 390.400000 773.200000
176.145825 390.400000 420.400000
177.147336 390.400000 739.600000
178.148033 390.400000 577.200000
179.148579 390.400000 463.200000
180.148805 390.400000 655.600000
181.149902 390.400000 510.000000
182.149945 390.400000 571.600000
183.150167 390.400000 491.200000
184.150564 390.400000 480.000000
185.151166 390.400000 457.600000
186.151264 390.400000 493.200000
187.151399 390.400000 414.800000
188.151467 390.400000 412.800000
189.151568 390.400000 496.800000
190.151746 390.400000 437.200000
191.154186 390.400000 588.400000
192.154398 390.400000 457.600000
193.154686 390.400000 485.600000
194.154831 390.400000 536.000000
195.155169 390.400000 396.000000
196.155321 390.400000 504.400000
197.155943 390.400000 773.200000
198.156102 390.400000 498.800000
199.156396 390.400000 515.600000
200.157445 390.400000 536.000000
201.157613 390.400000 454.000000
202.158027 390.400000 577.200000
203.158474 390.400000 498.800000
204.158761 390.400000 407.200000
205.158881 390.400000 610.800000
206.159162 390.400000 418.400000
207.159162 390.400000 407.200000
208.159202 390.400000 510.000000
209.159721 390.400000 412.800000
210.159721 390.400000 496.800000
211.160771 390.400000 420.400000
212.162026 390.400000 510.000000
213.162421 390.400000 424.000000
214.163177 390.400000 426.000000
215.163652 390.400000 521.200000
216.163965 390.400000 446.400000
217.164067 390.400000 588.400000
218.164487 390.400000 498.800000
219.164969 390.400000 588.400000
220.165134 390.400000 524.800000
221.165730 390.400000 426.000000
222.166017 390.400000 510.000000
223.167135 390.400000 554.800000
224.167269 390.400000 474.400000
225.167954 390.400000 666.800000
226.168218 390.400000 476.400000
227.168395 390.400000 424.000000
228.172800 390.400000 773.200000
229.173613 390.400000 599.600000
230.174287 390.400000 480.000000
231.174348 390.400000 549.200000
232.174958 390.400000 429.600000
233.175042 390.400000 409.200000
234.175465 390.400000 452.000000
235.175911 390.400000 504.400000
236.176104 390.400000 474.400000
237.176108 390.400000 496.800000
238.176583 390.400000 767.600000
239.177062 390.400000 476.400000
240.177493 390.400000 429.600000
241.177602 390.400000 440.800000
242.178971 390.400000 538.000000
243.179432 390.400000 666.800000
244.179689 390.400000 521.200000
245.180109 390.400000 412.800000
246.180939 390.400000 599.600000
247.181456 390.400000 452.000000
248.182809 390.400000 418.400000
249.183598 390.400000 566.000000
250.184069 390.400000 412.800000
251.192092 390.400000 778.800000
252.192230 390.400000 480.000000
253.192588 390.400000 610.800000
254.193117 390.400000 407.200000
255.193118 390.400000 442.800000
256.194962 390.400000 429.600000
257.195353 390.400000 407.200000
258.195772 390.400000 409.200000
259.196045 390.400000 429.600000
260.196315 390.400000 549.200000
261.196527 390.400000 487.600000
262.197019 390.400000 616.400000
263.197665 390.400000 498.800000
264.199260 390.400000 521.200000
265.199709 390.400000 468.800000
266.199744 390.400000 420.400000
267.199845 390.400000 480.000000
268.199997 390.400000 560.400000
269.200106 390.400000 491.200000
270.200272 390.400000 412.800000
271.200606 390.400000 412.800000
272.201590 390.400000 515.600000
273.201671 390.400000 485.600000
274.201900 390.400000 549.200000
275.202027 390.400000 482.000000
276.202173 390.400000 480.000000
277.202737 390.400000 476.400000
278.202754 390.400000 504.400000
279.202793 390.400000 459.600000
280.202874 390.400000 513.600000
281.203335 390.400000 513.600000
282.204073 390.400000 773.200000
283.204272 390.400000 672.400000
284.204603 390.400000 429.600000
285.205119 390.400000 496.800000
286.205365 390.400000 513.600000
287.205565 390.400000 470.800000
288.206228 390.400000 493.200000
289.207200 390.400000 554.800000
290.207413 390.400000 468.800000
291.207944 390.400000 504.400000
292.208512 390.400000 412.800000
293.209455 390.400000 498.800000
294.209914 390.400000 538.000000
295.210348 390.400000 424.000000
296.211894 390.400000 420.400000
297.212565 390.400000 504.400000
298.212888 390.400000 429.600000
299.213004 390.400000 547.200000
300.213314 390.400000 504.400000
301.213363 390.400000 463.200000
302.213972 390.400000 538.000000
303.214233 390.400000 418.400000
304.214563 390.400000 524.800000
305.214738 390.400000 480.000000
306.214879 390.400000 504.400000
307.215828 390.400000 442.800000
308.215942 390.400000 538.000000
309.216460 390.400000 390.400000
310.217077 390.400000 521.200000
311.217281 390.400000 513.600000
312.217689 390.400000 485.600000
313.217800 390.400000 538.000000
314.217879 390.400000 485.600000
315.218163 390.400000 496.800000
316.223329 390.400000 773.200000
317.224128 390.400000 661.200000
318.224246 390.400000 485.600000
319.224287 390.400000 465.200000
320.225345 390.400000 536.000000
321.225765 390.400000 524.800000
322.226050 390.400000 773.200000
323.226545 390.400000 532.400000
324.226613 390.400000 418.400000
325.226686 390.400000 412.800000
326.226717 390.400000 496.800000
327.226892 390.400000 414.800000
328.226927 390.400000 485.600000
329.229136 390.400000 767.600000
330.229429 390.400000 526.800000
331.229607 390.400000 448.400000
332.230055 390.400000 480.000000
333.230704 390.400000 474.400000
334.230848 390.400000 493.200000
335.231934 390.400000 530.400000
336.232058 390.400000 424.000000
337.232125 390.400000 446.400000
338.232167 390.400000 588.400000
339.232368 390.400000 566.000000
340.232534 390.400000 496.800000
341.232949 390.400000 407.200000
342.233528 390.400000 538.000000
343.234054 390.400000 457.600000
344.234196 390.400000 435.200000
345.234537 390.400000 622.000000
346.235002 390.400000 515.600000
347.235182 390.400000 633.200000
348.235242 390.400000 508.000000
349.235251 390.400000 498.800000
350.235569 390.400000 476.400000
351.236102 390.400000 442.800000
352.236448 390.400000 538.000000
353.236511 390.400000 504.400000
354.236626 390.400000 510.000000
355.237043 390.400000 521.200000
356.237245 390.400000 480.000000
357.237248 390.400000 407.200000
358.237616 390.400000 519.200000
359.239155 390.400000 442.800000
360.239978 390.400000 465.200000
361.240102 390.400000 577.200000
362.240364 390.400000 485.600000
363.241222 390.400000 435.200000
364.241603 390.400000 435.200000
365.241849 390.400000 480.000000
366.242167 390.400000 524.800000
367.248647 390.400000 767.600000
368.249085 390.400000 504.400000
369.249975 390.400000 491.200000
370.250056 390.400000 468.800000
371.250257 390.400000 424.000000
372.250600 390.400000 412.800000
373.251035 390.400000 566.000000
374.251241 390.400000 543.600000
375.251528 390.400000 412.800000
376.251791 390.400000 426.000000
377.251808 390.400000 429.600000
378.252020 390.400000 412.800000
379.252133 390.400000 412.800000
380.252213 390.400000 474.400000
381.252284 390.400000 588.400000
382.252862 390.400000 463.200000
383.253235 390.400000 571.600000
384.253303 390.400000 508.000000
385.254246 390.400000 502.400000
386.254399 390.400000 435.200000
387.254534 390.400000 437.200000
388.255286 390.400000 496.800000
389.255492 390.400000 396.000000
390.258200 390.400000 773.200000
391.259450 390.400000 739.600000
392.259691 390.400000 526.800000
393.260410 390.400000 745.200000
394.260501 390.400000 571.600000
395.260617 390.400000 502.400000
396.260858 390.400000 554.800000
397.261974 390.400000 446.400000
398.262360 390.400000 577.200000
399.264909 390.400000 526.800000
400.265019 390.400000 482.000000
401.265757 390.400000 407.200000
402.266029 390.400000 485.600000
403.266378 390.400000 536.000000
404.266495 390.400000 491.200000
405.266499 390.400000 661.200000
406.267825 390.400000 566.000000
407.269236 390.400000 463.200000
408.269547 390.400000 491.200000
409.270356 390.400000 426.000000
410.272622 390.400000 476.400000
411.272765 390.400000 463.200000
412.272919 390.400000 412.800000
413.273151 390.400000 396.000000
414.273632 390.400000 418.400000
415.274187 390.400000 457.600000
416.274267 390.400000 468.800000
417.274378 390.400000 622.000000
418.274793 390.400000 554.800000
419.274834 390.400000 446.400000
420.275530 390.400000 454.000000
421.276669 390.400000 577.200000
422.277563 390.400000 638.800000
423.277666 390.400000 474.400000
424.277839 390.400000 437.200000
425.277973 390.400000 446.400000
426.281385 390.400000 482.000000
427.281543 390.400000 582.800000
428.283052 390.400000 571.600000
429.283084 390.400000 521.200000
430.283233 390.400000 424.000000
431.283525 390.400000 594.000000
432.283702 390.400000 452.000000
433.284396 390.400000 650.000000
434.285873 390.400000 655.600000
435.286126 390.400000 418.400000
436.286326 390.400000 519.200000
437.286524 390.400000 424.000000
438.286979 390.400000 412.800000
439.287145 390.400000 599.600000
440.288659 390.400000 440.800000
441.288737 390.400000 463.200000
442.289511 390.400000 418.400000
443.292083 390.400000 476.400000
444.292643 390.400000 435.200000
445.293480 390.400000 487.600000
446.293925 390.400000 463.200000
447.294393 390.400000 496.800000
448.294784 390.400000 463.200000
449.294797 390.400000 491.200000
450.295141 390.400000 457.600000
451.296234 390.400000 426.000000
452.296649 390.400000 566.000000
453.296667 390.400000 412.800000
454.296771 390.400000 429.600000
455.297071 390.400000 457.600000
456.297074 390.400000 463.200000
457.297148 390.400000 487.600000
458.297952 390.400000 435.200000
459.298404 390.400000 496.800000
460.298677 390.400000 650.000000
461.298960 390.400000 493.200000
462.299078 390.400000 538.000000
463.299283 390.400000 412.800000
464.299487 390.400000 551.200000
465.299731 390.400000 468.800000
466.300824 390.400000 599.600000
467.301034 390.400000 448.400000
468.301722 390.400000 407.200000
469.301847 390.400000 666.800000
470.303090 390.400000 666.800000
471.303426 390.400000 515.600000
472.303995 390.400000 526.800000
473.308453 390.400000 420.400000
474.311393 390.400000 549.200000
475.312918 390.400000 588.400000
476.313098 390.400000 412.800000
477.313308 390.400000 429.600000
478.313810 390.400000 454.000000
479.313839 390.400000 543.600000
480.314026 390.400000 487.600000
481.317630 390.400000 762.000000
482.317883 390.400000 575.200000
483.318502 390.400000 459.600000
484.319006 390.400000 407.200000
485.319158 390.400000 412.800000
486.320325 390.400000 409.200000
487.321054 390.400000 401.600000
488.321623 390.400000 519.200000
489.321952 390.400000 412.800000
490.322086 390.400000 448.400000
491.324580 390.400000 584.800000
492.325088 390.400000 418.400000
493.325246 390.400000 599.600000
494.325784 390.400000 412.800000
495.325955 390.400000 412.800000
496.325957 390.400000 515.600000
497.327439 390.400000 502.400000
498.328045 390.400000 739.600000
499.329109 390.400000 407.200000
500.329354 390.400000 508.000000
501.329355 390.400000 437.200000
502.333700 390.400000 773.200000
503.339659 390.400000 672.400000
504.339997 390.400000 412.800000
505.344448 390.400000 575.200000
506.344565 390.400000 502.400000
507.345039 390.400000 577.200000
508.346525 390.400000 661.200000
509.346898 390.400000 412.800000
510.346981 390.400000 666.800000
511.347535 390.400000 418.400000
512.347997 390.400000 491.200000
513.348460 390.400000 532.400000
514.349476 390.400000 532.400000
515.349797 390.400000 532.400000
516.350929 390.400000 440.800000
517.352309 390.400000 515.600000
518.354155 390.400000 468.800000
519.354452 390.400000 554.800000
520.354844 390.400000 502.400000
521.355240 390.400000 482.000000
522.355596 390.400000 496.800000
523.356231 390.400000 457.600000
524.356232 390.400000 502.400000
525.356232 390.400000 476.400000
526.356425 390.400000 560.400000
527.357149 390.400000 440.800000
528.357790 390.400000 442.800000
529.357812 390.400000 577.200000
530.362007 390.400000 655.600000
531.362051 390.400000 498.800000
532.368389 390.400000 773.200000
533.368766 390.400000 418.400000
534.369216 390.400000 543.600000
535.371695 390.400000 482.000000
536.372063 390.400000 429.600000
537.372274 390.400000 412.800000
538.372848 390.400000 476.400000
539.372986 390.400000 571.600000
540.373660 390.400000 560.400000
541.373731 384.800000 384.800000
542.374122 384.800000 532.400000
543.374473 384.800000 622.000000
544.375672 384.800000 435.200000
545.376129 384.800000 452.000000
546.378985 384.800000 504.400000
547.379169 384.800000 452.000000
548.386947 384.800000 778.800000
549.392180 384.800000 767.600000
550.392243 384.800000 485.600000
551.392612 384.800000 412.800000
552.392640 384.800000 485.600000
553.394620 384.800000 407.200000
554.395646 384.800000 513.600000
555.396149 384.800000 446.400000
556.396551 384.800000 446.400000
557.397080 384.800000 424.000000
558.397624 384.800000 496.800000
559.397989 384.800000 767.600000
560.398245 384.800000 420.400000
561.398410 384.800000 442.800000
562.399864 384.800000 470.800000
563.400146 384.800000 457.600000
564.400681 384.800000 429.600000
565.400813 384.800000 468.800000
566.400846 384.800000 515.600000
567.401272 384.800000 502.400000
568.401326 384.800000 407.200000
569.402506 384.800000 510.000000
570.403021 384.800000 463.200000
571.403051 384.800000 554.800000
572.403656 384.800000 538.000000
573.404025 384.800000 468.800000
574.404453 384.800000 412.800000
575.404573 384.800000 491.200000
576.405374 384.800000 437.200000
577.405619 384.800000 549.200000
578.405749 384.800000 582.800000
579.405771 384.800000 431.600000
580.408706 384.800000 666.800000
581.408707 384.800000 582.800000
582.410459 384.800000 543.600000
583.410932 384.800000 491.200000
584.411608 384.800000 526.800000
585.412926 384.800000 457.600000
586.412929 384.800000 412.800000
587.413247 384.800000 540.000000
588.413416 384.800000 463.200000
589.414263 384.800000 767.600000
590.414414 384.800000 773.200000
591.415597 384.800000 510.000000
592.416758 384.800000 442.800000
593.417222 384.800000 571.600000
594.417714 384.800000 491.200000
595.417945 384.800000 424.000000
596.418090 384.800000 474.400000
597.418198 384.800000 515.600000
598.419380 384.800000 554.800000
599.419773 384.800000 429.600000
600.420182 384.800000 496.800000
601.420676 384.800000 493.200000
602.420712 384.800000 446.400000
603.420838 384.800000 594.000000
604.420864 384.800000 412.800000
605.421394 384.800000 412.800000
606.421530 384.800000 418.400000
607.421629 384.800000 480.000000
608.421741 384.800000 412.800000
609.422102 384.800000 519.200000
610.422667 384.800000 431.600000
611.422858 384.800000 452.000000
612.423248 384.800000 582.800000
613.423651 384.800000 468.800000
614.424511 384.800000 655.600000
615.425393 384.800000 412.800000
616.426334 384.800000 418.400000
617.431291 384.800000 762.000000
618.431944 384.800000 519.200000
619.431960 384.800000 468.800000
620.432751 384.800000 407.200000
621.432869 384.800000 448.400000
622.432992 384.800000 493.200000
623.433697 384.800000 424.000000
624.437193 384.800000 526.800000
625.437529 384.800000 440.800000
626.438699 384.800000 437.200000
627.439247 384.800000 482.000000
628.439405 384.800000 435.200000
629.439454 384.800000 407.200000
630.440836 384.800000 588.400000
631.441069 384.800000 513.600000
632.441515 384.800000 424.000000
633.441550 384.800000 571.600000
634.441873 384.800000 412.800000
635.442134 384.800000 412.800000
636.442263 384.800000 504.400000
637.442790 384.800000 773.200000
638.445510 384.800000 530.400000
639.445703 384.800000 496.800000
640.446514 384.800000 508.000000
641.449307 384.800000 429.600000
642.450792 384.800000 412.800000
643.451034 384.800000 532.400000
644.451275 384.800000 541.600000
645.461298 384.800000 773.200000
646.461668 384.800000 491.200000
647.462170 384.800000 739.600000
648.463014 384.800000 745.200000
649.464280 384.800000 560.400000
650.464456 384.800000 480.000000
651.464726 384.800000 437.200000
652.465679 384.800000 468.800000
653.467136 384.800000 459.600000
654.468429 384.800000 480.000000
655.468721 384.800000 412.800000
656.468865 384.800000 510.000000
657.469197 384.800000 496.800000
658.469421 384.800000 498.800000
659.469460 384.800000 418.400000
660.470087 384.800000 454.000000
661.470622 384.800000 577.200000
662.470886 384.800000 482.000000
663.472444 384.800000 487.600000
664.472943 384.800000 513.600000
665.473160 384.800000 437.200000
666.473336 384.800000 412.800000
667.473520 384.800000 678.000000
668.473583 384.800000 661.200000
669.474859 384.800000 463.200000
670.475285 384.800000 440.800000
671.476009 384.800000 452.000000
672.476428 384.800000 412.800000
673.476623 384.800000 508.000000
674.478279 384.800000 463.200000
675.478660 384.800000 435.200000
676.478773 384.800000 414.800000
677.478839 384.800000 431.600000
678.479232 384.800000 418.400000
679.479728 384.800000 571.600000
680.480002 384.800000 446.400000
681.490282 384.800000 773.200000
682.490987 384.800000 459.600000
683.491056 384.800000 480.000000
684.491230 384.800000 515.600000
685.491385 384.800000 519.200000
686.491617 384.800000 627.600000
687.492726 384.800000 470.800000
688.495206 384.800000 418.400000
689.495445 384.800000 487.600000
690.495452 384.800000 504.400000
691.495647 384.800000 476.400000
692.501055 384.800000 773.200000
693.501182 384.800000 418.400000
694.502503 384.800000 476.400000
695.504050 384.800000 554.800000
696.504823 384.800000 504.400000
697.505034 384.800000 582.800000
698.505204 384.800000 571.600000
699.505282 384.800000 543.600000
700.505602 384.800000 431.600000
701.505818 384.800000 480.000000
702.505861 384.800000 778.800000
703.506894 384.800000 468.800000
704.506896 384.800000 457.600000
705.507117 384.800000 767.600000
706.507716 384.800000 577.200000
707.507896 384.800000 482.000000
708.508062 384.800000 468.800000
709.508670 384.800000 588.400000
710.508734 384.800000 485.600000
711.508854 384.800000 452.000000
712.509254 384.800000 577.200000
713.509919 384.800000 599.600000
714.509951 384.800000 566.000000
715.509951 384.800000 532.400000
716.510744 384.800000 508.000000
717.510770 384.800000 418.400000
718.511190 384.800000 554.800000
719.511460 384.800000 504.400000
720.511708 384.800000 502.400000
721.511719 384.800000 521.200000
722.512138 384.800000 437.200000
723.512877 384.800000 446.400000
724.513230 384.800000 429.600000
725.513451 384.800000 426.000000
726.514061 384.800000 532.400000
727.514205 384.800000 412.800000
728.514939 384.800000 519.200000
729.516255 384.800000 566.000000
730.517641 384.800000 560.400000
731.518382 384.800000 435.200000
732.518511 384.800000 457.600000
733.518921 384.800000 661.200000
734.519028 384.800000 485.600000
735.519642 384.800000 482.000000
736.519941 384.800000 412.800000
737.520143 384.800000 577.200000
738.520238 384.800000 549.200000
739.520361 384.800000 396.000000
740.520531 384.800000 493.200000
741.520955 384.800000 638.800000
742.521070 384.800000 435.200000
743.521185 384.800000 778.800000
744.522104 384.800000 513.600000
745.522439 384.800000 437.200000
746.523639 384.800000 666.800000
747.524723 384.800000 429.600000
748.525072 384.800000 515.600000
749.525544 384.800000 412.800000
750.526328 384.800000 459.600000
751.527208 384.800000 412.800000
752.527269 384.800000 493.200000
753.527490 384.800000 498.800000
754.534999 384.800000 773.200000
755.535128 384.800000 418.400000
756.536814 384.800000 524.800000
757.537139 384.800000 566.000000
758.537161 384.800000 474.400000
759.537478 384.800000 526.800000
760.538016 384.800000 424.000000
761.539811 384.800000 605.200000
762.540755 384.800000 426.000000
763.541036 384.800000 482.000000
764.541632 384.800000 524.800000
765.541999 384.800000 532.400000
766.542870 384.800000 582.800000
767.542958 384.800000 588.400000
768.543053 384.800000 412.800000
769.543723 384.800000 538.000000
770.543766 384.800000 412.800000
771.544334 384.800000 541.600000
772.545536 384.800000 577.200000
773.545667 384.800000 661.200000
774.547471 384.800000 638.800000
775.547690 384.800000 487.600000
776.548149 384.800000 435.200000
777.548413 384.800000 510.000000
778.549532 384.800000 491.200000
779.550356 384.800000 515.600000
780.550403 384.800000 468.800000
781.550433 384.800000 502.400000
782.550865 384.800000 476.400000
783.550923 384.800000 577.200000
784.554117 384.800000 734.000000
785.555596 384.800000 407.200000
786.555904 384.800000 446.400000
787.556431 384.800000 508.000000
788.556674 384.800000 412.800000
789.556720 384.800000 440.800000
790.556755 384.800000 496.800000
791.557259 384.800000 465.200000
792.557428 384.800000 424.000000
793.557462 384.800000 532.400000
794.558031 384.800000 496.800000
795.558100 384.800000 424.000000
796.558283 384.800000 508.000000
797.558370 384.800000 476.400000
798.558743 384.800000 543.600000
799.558789 384.800000 409.200000
