37.890323 498.800000 498.800000
40.065775 498.800000 498.800000
41.809631 498.800000 403.600000
43.800843 403.600000 403.600000
44.871408 403.600000 403.600000
46.384060 403.600000 403.600000
47.481556 403.600000 403.600000
48.770283 403.600000 403.600000
51.134671 398.000000 398.000000
52.549745 398.000000 398.000000
54.300935 398.000000 394.400000
55.553140 394.400000 394.400000
57.154220 394.400000 394.400000
58.762438 394.400000 386.800000
60.069147 386.800000 386.800000
61.152116 386.800000 386.800000
62.152529 386.800000 386.800000
63.681342 386.800000 386.800000
64.740120 386.800000 386.800000
65.955341 386.800000 386.800000
67.203347 386.800000 386.800000
68.553851 386.800000 347.600000
69.597493 347.600000 347.600000
70.730221 347.600000 347.600000
71.889796 347.600000 347.600000
73.012445 347.600000 347.600000
74.357098 347.600000 347.600000
76.115901 347.600000 347.600000
78.380541 347.600000 347.600000
79.729268 347.600000 314.000000
80.811164 314.000000 314.000000
82.811739 314.000000 314.000000
84.067262 314.000000 308.400000
85.377983 308.400000 308.400000
87.416901 308.400000 308.400000
88.499579 308.400000 308.400000
90.074301 308.400000 308.400000
91.312908 308.400000 308.400000
92.403860 308.400000 308.400000
94.893395 308.400000 308.400000
96.153165 308.400000 308.400000
97.887397 308.400000 308.400000
100.124504 308.400000 308.400000
102.316173 308.400000 308.400000
103.598452 308.400000 308.400000
105.440742 308.400000 308.400000
106.480611 308.400000 308.400000
107.831424 308.400000 308.400000
109.271710 308.400000 308.400000
110.640361 308.400000 308.400000
112.098513 308.400000 308.400000
113.175893 308.400000 308.400000
114.196268 308.400000 308.400000
115.998221 308.400000 308.400000
118.825520 304.800000 304.800000
120.316346 304.800000 304.800000
122.366564 304.800000 304.800000
123.943126 304.800000 304.800000
125.070978 304.800000 304.800000
126.856494 304.800000 304.800000
127.885115 304.800000 304.800000
129.058311 304.800000 304.800000
130.257429 304.800000 304.800000
131.373335 304.800000 304.800000
132.402794 304.800000 304.800000
133.673216 304.800000 304.800000
135.717886 304.800000 304.800000
138.081949 304.800000 304.800000
139.108463 304.800000 302.800000
140.303897 302.800000 302.800000
141.660599 302.800000 302.800000
144.050145 302.800000 302.800000
145.145628 302.800000 302.800000
146.951827 302.800000 302.800000
148.169193 302.800000 302.800000
149.181278 302.800000 302.800000
151.079787 302.800000 302.800000
153.204556 302.800000 302.800000
155.252943 302.800000 302.800000
156.416864 302.800000 302.800000
158.706157 302.800000 302.800000
159.802866 302.800000 302.800000
160.970554 302.800000 302.800000
162.272249 302.800000 302.800000
163.605981 302.800000 302.800000
164.998263 302.800000 302.800000
166.566375 302.800000 302.800000
167.853125 302.800000 302.800000
169.036277 302.800000 302.800000
170.336350 302.800000 302.800000
171.452441 302.800000 302.800000
172.616699 302.800000 302.800000
173.998171 302.800000 302.800000
175.015376 302.800000 302.800000
176.890452 302.800000 302.800000
179.288312 302.800000 302.800000
180.511065 302.800000 302.800000
182.295681 302.800000 302.800000
183.909336 302.800000 302.800000
185.144626 302.800000 302.800000
186.676588 302.800000 302.800000
187.679915 302.800000 302.800000
189.149633 302.800000 302.800000
190.403713 302.800000 302.800000
191.798691 302.800000 302.800000
194.044723 302.800000 302.800000
195.518914 302.800000 302.800000
197.454979 302.800000 302.800000
199.476339 302.800000 302.800000
200.677271 302.800000 302.800000
201.710713 302.800000 302.800000
203.643328 302.800000 302.800000
205.392066 302.800000 302.800000
206.414301 302.800000 302.800000
208.246143 302.800000 302.800000
209.647615 302.800000 302.800000
211.552166 302.800000 302.800000
212.746910 302.800000 302.800000
214.204873 302.800000 302.800000
215.438904 302.800000 302.800000
217.339792 302.800000 302.800000
219.066761 302.800000 302.800000
220.226432 302.800000 302.800000
221.753140 302.800000 302.800000
222.949753 302.800000 302.800000
224.724089 302.800000 302.800000
227.298287 302.800000 302.800000
228.509133 302.800000 302.800000
229.589765 302.800000 302.800000
266.439038 302.800000 504.400000
268.255439 302.800000 504.400000
269.449245 302.800000 409.200000
271.206249 302.800000 409.200000
272.531737 302.800000 403.600000
274.056019 302.800000 403.600000
275.832801 302.800000 398.000000
277.614665 302.800000 398.000000
279.812680 302.800000 398.000000
281.005662 302.800000 330.800000
282.279101 302.800000 330.800000
283.571446 302.800000 330.800000
285.398961 302.800000 330.800000
286.620207 302.800000 330.800000
288.202019 302.800000 330.800000
290.221080 302.800000 330.800000
291.726504 302.800000 325.200000
292.935084 302.800000 325.200000
294.403576 302.800000 325.200000
295.670785 302.800000 314.000000
297.138320 302.800000 314.000000
299.327958 302.800000 314.000000
300.576703 302.800000 314.000000
301.781905 302.800000 314.000000
303.155785 302.800000 314.000000
304.352939 302.800000 314.000000
305.633118 302.800000 314.000000
307.097682 302.800000 314.000000
308.375073 302.800000 314.000000
309.863470 302.800000 314.000000
312.045103 302.800000 314.000000
314.000550 302.800000 314.000000
315.975685 302.800000 314.000000
317.195524 302.800000 314.000000
318.395579 302.800000 314.000000
319.681015 302.800000 314.000000
320.852787 302.800000 314.000000
322.033145 302.800000 314.000000
323.715305 302.800000 314.000000
325.653045 302.800000 314.000000
327.567357 302.800000 314.000000
328.869933 302.800000 297.200000
330.231520 297.200000 297.200000
332.399167 297.200000 297.200000
333.504814 297.200000 297.200000
334.704168 297.200000 297.200000
335.977087 297.200000 297.200000
337.969368 297.200000 297.200000
340.304129 297.200000 297.200000
341.416750 297.200000 293.600000
342.516108 293.600000 293.600000
344.052513 293.600000 293.600000
346.185871 293.600000 293.600000
347.597087 293.600000 291.600000
348.733103 291.600000 291.600000
350.499049 291.600000 291.600000
352.483302 291.600000 291.600000
353.696355 291.600000 289.600000
354.889598 289.600000 289.600000
357.038321 289.600000 289.600000
358.227808 289.600000 289.600000
359.630122 289.600000 289.600000
361.874511 289.600000 289.600000
363.203426 289.600000 286.000000
364.318778 286.000000 286.000000
366.059773 286.000000 286.000000
367.138766 286.000000 284.000000
368.317665 284.000000 284.000000
370.079976 284.000000 284.000000
372.012406 284.000000 284.000000
373.192277 284.000000 282.400000
374.295299 282.400000 282.400000
376.017321 282.400000 282.400000
377.968120 282.400000 282.400000
379.031410 282.400000 282.400000
380.187720 282.400000 282.400000
381.652513 282.400000 282.400000
382.723380 282.400000 282.400000
384.208370 282.400000 282.400000
385.255987 282.400000 282.400000
386.463343 282.400000 282.400000
387.925884 282.400000 282.400000
389.798547 282.400000 282.400000
391.019809 282.400000 280.400000
392.202940 280.400000 280.400000
393.720252 280.400000 280.400000
395.634875 280.400000 280.400000
396.742149 280.400000 280.400000
397.937822 280.400000 280.400000
399.004327 280.400000 280.400000
400.484569 280.400000 280.400000
402.803830 280.400000 280.400000
405.220064 280.400000 280.400000
406.361413 280.400000 280.400000
407.417169 280.400000 280.400000
408.950100 280.400000 280.400000
410.557324 280.400000 280.400000
411.650157 280.400000 280.400000
412.691541 280.400000 280.400000
414.159309 280.400000 280.400000
415.197203 280.400000 280.400000
416.364342 280.400000 280.400000
417.874669 280.400000 280.400000
419.483589 280.400000 280.400000
420.484556 280.400000 280.400000
421.645081 280.400000 280.400000
423.143115 280.400000 280.400000
425.210142 280.400000 280.400000
427.067238 280.400000 280.400000
428.971192 280.400000 280.400000
430.975500 280.400000 280.400000
432.882650 280.400000 280.400000
434.883751 280.400000 280.400000
436.123031 280.400000 280.400000
437.235531 280.400000 280.400000
439.276084 280.400000 280.400000
440.848129 280.400000 280.400000
441.878821 280.400000 280.400000
443.941725 280.400000 280.400000
446.156035 280.400000 280.400000
447.777198 280.400000 280.400000
448.854648 280.400000 280.400000
450.214266 280.400000 280.400000
452.073510 280.400000 280.400000
453.418685 280.400000 280.400000
454.766325 280.400000 280.400000
456.263112 280.400000 280.400000
457.328531 280.400000 280.400000
458.743112 280.400000 280.400000
459.931250 280.400000 280.400000
461.638513 280.400000 280.400000
463.597442 280.400000 280.400000
465.694593 280.400000 280.400000
467.300062 280.400000 280.400000
468.362109 280.400000 280.400000
469.484931 280.400000 280.400000
470.952962 280.400000 280.400000
472.058166 280.400000 280.400000
473.601079 280.400000 280.400000
475.738766 280.400000 280.400000
477.133651 280.400000 280.400000
478.556177 280.400000 280.400000
480.008742 280.400000 280.400000
482.190483 280.400000 280.400000
483.440243 280.400000 280.400000
484.487746 280.400000 280.400000
485.594852 280.400000 280.400000
487.103387 280.400000 280.400000
489.185749 280.400000 280.400000
491.207529 280.400000 280.400000
492.301399 280.400000 280.400000
493.357338 280.400000 280.400000
494.714703 280.400000 280.400000
495.761390 280.400000 280.400000
497.369587 280.400000 280.400000
527.754556 280.400000 504.400000
529.665724 280.400000 476.400000
531.436579 280.400000 476.400000
532.579161 280.400000 403.600000
534.349874 280.400000 403.600000
535.393372 280.400000 403.600000
537.336745 280.400000 394.400000
538.461696 280.400000 394.400000
539.888153 280.400000 394.400000
541.001510 280.400000 394.400000
542.450818 280.400000 394.400000
543.745157 280.400000 394.400000
544.956951 280.400000 394.400000
546.501444 280.400000 394.400000
548.565292 280.400000 394.400000
549.973330 280.400000 364.400000
551.276077 280.400000 364.400000
553.123586 280.400000 364.400000
554.490729 280.400000 319.600000
556.321946 280.400000 319.600000
557.880460 280.400000 314.000000
558.944836 280.400000 314.000000
560.025502 280.400000 314.000000
561.109758 280.400000 314.000000
562.613107 280.400000 314.000000
564.732703 280.400000 314.000000
566.383674 280.400000 314.000000
567.479174 280.400000 314.000000
569.045420 280.400000 314.000000
570.518407 280.400000 314.000000
571.549649 280.400000 314.000000
573.173003 280.400000 314.000000
575.371230 280.400000 314.000000
577.031769 280.400000 314.000000
578.469523 280.400000 314.000000
580.472648 280.400000 314.000000
582.747814 280.400000 314.000000
583.928905 280.400000 302.800000
584.934822 280.400000 302.800000
586.410625 280.400000 302.800000
588.052262 280.400000 302.800000
589.284702 280.400000 302.800000
590.904360 280.400000 302.800000
592.019053 280.400000 302.800000
593.283038 280.400000 302.800000
594.679717 280.400000 302.800000
596.962857 280.400000 302.800000
598.044866 280.400000 297.200000
599.146257 280.400000 297.200000
600.493124 280.400000 297.200000
601.771059 280.400000 297.200000
603.952515 280.400000 297.200000
605.879068 280.400000 297.200000
607.298797 280.400000 297.200000
609.739393 280.400000 297.200000
610.789231 280.400000 297.200000
611.905337 280.400000 297.200000
613.455123 280.400000 297.200000
615.776866 280.400000 297.200000
617.632554 280.400000 297.200000
619.618973 280.400000 297.200000
621.089319 280.400000 297.200000
622.285246 280.400000 297.200000
623.575487 280.400000 297.200000
624.727695 280.400000 297.200000
626.212681 280.400000 297.200000
628.616151 280.400000 297.200000
630.904800 280.400000 297.200000
632.776441 280.400000 297.200000
634.725100 280.400000 297.200000
635.764276 280.400000 297.200000
637.004847 280.400000 297.200000
638.475388 280.400000 297.200000
640.902382 280.400000 297.200000
641.958965 280.400000 297.200000
643.107619 280.400000 297.200000
644.444710 280.400000 297.200000
646.788677 280.400000 297.200000
648.742491 280.400000 297.200000
650.327530 280.400000 297.200000
651.809325 280.400000 297.200000
653.718652 280.400000 297.200000
654.788426 280.400000 297.200000
655.807948 280.400000 297.200000
657.727930 280.400000 297.200000
658.759737 280.400000 297.200000
660.321897 280.400000 297.200000
662.381888 280.400000 297.200000
663.500145 280.400000 297.200000
664.728129 280.400000 297.200000
666.300024 280.400000 297.200000
668.281913 280.400000 297.200000
669.575323 280.400000 297.200000
671.376068 280.400000 297.200000
672.480318 280.400000 297.200000
674.043130 280.400000 297.200000
676.111756 280.400000 297.200000
677.598315 280.400000 297.200000
678.710200 280.400000 297.200000
679.759116 280.400000 297.200000
680.887858 280.400000 297.200000
682.304127 280.400000 297.200000
683.800623 280.400000 297.200000
685.328502 280.400000 297.200000
686.345533 280.400000 297.200000
687.739984 280.400000 297.200000
689.843534 280.400000 297.200000
690.935364 280.400000 297.200000
692.190369 280.400000 297.200000
693.607603 280.400000 297.200000
694.936635 280.400000 297.200000
696.122451 280.400000 297.200000
697.434962 280.400000 297.200000
727.847208 280.400000 510.000000
729.378743 280.400000 510.000000
731.511143 280.400000 476.400000
733.296450 280.400000 476.400000
734.403402 280.400000 476.400000
736.011524 280.400000 476.400000
737.129160 280.400000 336.400000
739.216486 280.400000 336.400000
740.429525 280.400000 314.000000
742.140562 280.400000 314.000000
743.170919 280.400000 314.000000
744.330506 280.400000 314.000000
745.534009 280.400000 314.000000
746.565939 280.400000 314.000000
748.659084 280.400000 314.000000
750.491810 280.400000 314.000000
752.708038 280.400000 314.000000
754.583913 280.400000 314.000000
755.683658 280.400000 314.000000
756.726297 280.400000 314.000000
758.373597 280.400000 314.000000
759.481710 280.400000 308.400000
761.664801 280.400000 308.400000
762.821629 280.400000 304.800000
764.511456 280.400000 304.800000
765.894952 280.400000 304.800000
767.595131 280.400000 304.800000
769.476276 280.400000 304.800000
770.562569 280.400000 304.800000
771.733571 280.400000 304.800000
773.222661 280.400000 304.800000
774.729738 280.400000 304.800000
775.819683 280.400000 304.800000
777.727370 280.400000 304.800000
778.904713 280.400000 304.800000
780.080034 280.400000 304.800000
781.464120 280.400000 304.800000
782.782125 280.400000 304.800000
783.980202 280.400000 304.800000
785.940873 280.400000 304.800000
787.180020 280.400000 299.200000
788.444763 280.400000 299.200000
790.251225 280.400000 299.200000
791.729025 280.400000 299.200000
792.962297 280.400000 299.200000
794.683852 280.400000 299.200000
795.774099 280.400000 299.200000
797.300416 280.400000 299.200000
798.366422 280.400000 299.200000
799.371067 280.400000 299.200000
800.499116 280.400000 299.200000
