0.000590 71.200000 71.200000
1.000590 71.200000 71.200000
2.000608 71.200000 71.200000
3.000629 71.200000 71.200000
4.000639 71.200000 71.200000
5.000639 71.200000 71.200000
6.000639 71.200000 71.200000
7.000641 71.200000 71.200000
8.000647 71.200000 71.200000
9.000647 71.200000 71.200000
10.000659 71.200000 71.200000
11.000659 71.200000 71.200000
12.000661 71.200000 71.200000
13.000677 71.200000 71.200000
14.000686 71.200000 71.200000
15.000689 71.200000 71.200000
16.000694 71.200000 71.200000
17.000696 71.200000 71.200000
18.000697 71.200000 71.200000
19.000699 71.200000 71.200000
20.000699 71.200000 71.200000
21.000704 71.200000 71.200000
22.000708 71.200000 71.200000
23.000708 71.200000 71.200000
24.000708 71.200000 71.200000
25.000717 71.200000 71.200000
26.000717 71.200000 71.200000
27.000719 71.200000 71.200000
28.000994 71.200000 71.200000
29.000994 71.200000 71.200000
30.000999 71.200000 71.200000
31.000999 71.200000 71.200000
32.000999 71.200000 71.200000
33.001001 71.200000 71.200000
34.001006 71.200000 71.200000
35.001007 71.200000 71.200000
36.001008 71.200000 71.200000
37.001008 71.200000 71.200000
38.001010 71.200000 71.200000
39.001012 71.200000 71.200000
40.001012 71.200000 71.200000
41.001019 71.200000 71.200000
42.001020 71.200000 71.200000
43.001029 71.200000 71.200000
44.001035 71.200000 71.200000
45.001036 71.200000 71.200000
46.001036 71.200000 71.200000
47.001036 71.200000 71.200000
48.001036 71.200000 71.200000
49.001036 71.200000 71.200000
50.001036 71.200000 71.200000
51.001042 71.200000 71.200000
52.001045 71.200000 71.200000
53.001047 71.200000 71.200000
54.001047 71.200000 71.200000
55.001048 71.200000 71.200000
56.001049 71.200000 71.200000
57.001050 71.200000 71.200000
58.001053 71.200000 71.200000
59.001065 71.200000 71.200000
60.001065 71.200000 71.200000
61.001065 71.200000 71.200000
62.001065 71.200000 71.200000
63.001069 71.200000 71.200000
64.001076 71.200000 71.200000
65.001076 71.200000 71.200000
66.001080 71.200000 71.200000
67.001084 71.200000 71.200000
68.001084 71.200000 71.200000
69.001088 71.200000 71.200000
70.001089 71.200000 71.200000
71.001103 71.200000 71.200000
72.001105 71.200000 71.200000
73.001105 71.200000 71.200000
74.001109 71.200000 71.200000
75.001109 71.200000 71.200000
76.001109 71.200000 71.200000
77.001109 71.200000 71.200000
78.001111 71.200000 71.200000
79.001114 71.200000 71.200000
80.001121 71.200000 71.200000
81.001121 71.200000 71.200000
82.001126 71.200000 71.200000
83.001126 71.200000 71.200000
84.001126 71.200000 71.200000
85.001127 71.200000 71.200000
86.001134 71.200000 71.200000
87.001177 71.200000 71.200000
88.001177 71.200000 71.200000
89.001191 71.200000 71.200000
90.001191 71.200000 71.200000
91.001191 71.200000 71.200000
92.001191 71.200000 71.200000
93.001192 71.200000 71.200000
94.001193 71.200000 71.200000
95.001194 71.200000 71.200000
96.001197 71.200000 71.200000
97.001264 71.200000 71.200000
98.001268 71.200000 71.200000
99.001270 71.200000 71.200000
100.001274 71.200000 71.200000
101.001274 71.200000 71.200000
102.001274 71.200000 71.200000
103.001274 71.200000 71.200000
104.001276 71.200000 71.200000
105.001278 71.200000 71.200000
106.001278 71.200000 71.200000
107.001281 71.200000 71.200000
108.001285 71.200000 71.200000
109.001289 71.200000 71.200000
110.001290 71.200000 71.200000
111.001290 71.200000 71.200000
112.001320 71.200000 71.200000
113.001320 71.200000 71.200000
114.001324 71.200000 71.200000
115.001349 71.200000 71.200000
116.001367 71.200000 71.200000
117.001407 71.200000 71.200000
118.001407 71.200000 71.200000
119.001408 71.200000 71.200000
120.001409 71.200000 71.200000
121.001414 71.200000 71.200000
122.001418 71.200000 71.200000
123.001418 71.200000 71.200000
124.001420 71.200000 71.200000
125.001422 71.200000 71.200000
126.001424 71.200000 71.200000
127.001428 71.200000 71.200000
128.001434 71.200000 71.200000
129.001434 71.200000 71.200000
130.001434 71.200000 71.200000
131.001434 71.200000 71.200000
132.001435 71.200000 71.200000
133.001439 71.200000 71.200000
134.001442 71.200000 71.200000
135.001442 71.200000 71.200000
136.001442 71.200000 71.200000
137.001442 71.200000 71.200000
138.001448 71.200000 71.200000
139.001455 71.200000 71.200000
140.001455 71.200000 71.200000
141.001455 71.200000 71.200000
142.001459 71.200000 71.200000
143.001460 71.200000 71.200000
144.001463 71.200000 71.200000
145.001463 71.200000 71.200000
146.001467 71.200000 71.200000
147.001467 71.200000 71.200000
148.001467 71.200000 71.200000
149.001469 71.200000 71.200000
150.001473 71.200000 71.200000
151.001473 71.200000 71.200000
152.001474 71.200000 71.200000
153.001474 71.200000 71.200000
154.001476 71.200000 71.200000
155.001525 71.200000 71.200000
156.001525 71.200000 71.200000
157.001525 71.200000 71.200000
158.001525 71.200000 71.200000
159.001525 71.200000 71.200000
160.001525 71.200000 71.200000
161.001525 71.200000 71.200000
162.001525 71.200000 71.200000
163.001527 71.200000 71.200000
164.001554 71.200000 71.200000
165.001554 71.200000 71.200000
166.001561 71.200000 71.200000
167.001563 71.200000 71.200000
168.001563 71.200000 71.200000
169.001574 71.200000 71.200000
170.001576 71.200000 71.200000
171.001577 71.200000 71.200000
172.001583 71.200000 71.200000
173.001583 71.200000 71.200000
174.001584 71.200000 71.200000
175.001585 71.200000 71.200000
176.001585 71.200000 71.200000
177.001586 71.200000 71.200000
178.001593 71.200000 71.200000
179.001605 71.200000 71.200000
180.001650 71.200000 71.200000
181.001657 71.200000 71.200000
182.001659 71.200000 71.200000
183.001659 71.200000 71.200000
184.001660 71.200000 71.200000
185.001660 71.200000 71.200000
186.001662 71.200000 71.200000
187.001663 71.200000 71.200000
188.001664 71.200000 71.200000
189.001664 71.200000 71.200000
190.001668 71.200000 71.200000
191.001668 71.200000 71.200000
192.001668 71.200000 71.200000
193.001671 71.200000 71.200000
194.001708 71.200000 71.200000
195.001720 71.200000 71.200000
196.001728 71.200000 71.200000
197.001738 71.200000 71.200000
198.001740 71.200000 71.200000
199.001743 71.200000 71.200000
200.001747 71.200000 71.200000
201.001751 71.200000 71.200000
202.001754 71.200000 71.200000
203.001754 71.200000 71.200000
204.001761 71.200000 71.200000
205.001761 71.200000 71.200000
206.001765 71.200000 71.200000
207.001765 71.200000 71.200000
208.001765 71.200000 71.200000
209.001770 71.200000 71.200000
210.001771 71.200000 71.200000
211.001790 71.200000 71.200000
212.001792 71.200000 71.200000
213.001792 71.200000 71.200000
214.001794 71.200000 71.200000
215.001809 71.200000 71.200000
216.001813 71.200000 71.200000
217.001813 71.200000 71.200000
218.001813 71.200000 71.200000
219.001813 71.200000 71.200000
220.001816 71.200000 71.200000
221.001822 71.200000 71.200000
222.001822 71.200000 71.200000
223.001823 71.200000 71.200000
224.001838 71.200000 71.200000
225.001838 71.200000 71.200000
226.001840 71.200000 71.200000
227.001840 71.200000 71.200000
228.001843 71.200000 71.200000
229.001844 71.200000 71.200000
230.001844 71.200000 71.200000
231.001846 71.200000 71.200000
232.001846 71.200000 71.200000
233.001858 71.200000 71.200000
234.001858 71.200000 71.200000
235.001858 71.200000 71.200000
236.001861 71.200000 71.200000
237.001863 71.200000 71.200000
238.001872 71.200000 71.200000
239.001877 71.200000 71.200000
240.001877 71.200000 71.200000
241.001877 71.200000 71.200000
242.001877 71.200000 71.200000
243.001881 71.200000 71.200000
244.001889 71.200000 71.200000
245.001935 71.200000 71.200000
246.001937 71.200000 71.200000
247.001945 71.200000 71.200000
248.001946 71.200000 71.200000
249.001952 71.200000 71.200000
250.001952 71.200000 71.200000
251.001952 71.200000 71.200000
252.001952 71.200000 71.200000
253.001955 71.200000 71.200000
254.001959 71.200000 71.200000
255.001973 71.200000 71.200000
256.001973 71.200000 71.200000
257.001974 71.200000 71.200000
258.001977 71.200000 71.200000
259.001977 71.200000 71.200000
260.001977 71.200000 71.200000
261.001977 71.200000 71.200000
262.001981 71.200000 71.200000
263.001986 71.200000 71.200000
264.001986 71.200000 71.200000
265.001993 71.200000 71.200000
266.001994 71.200000 71.200000
267.001994 71.200000 71.200000
268.001994 71.200000 71.200000
269.001994 71.200000 71.200000
270.001994 71.200000 71.200000
271.001994 71.200000 71.200000
272.002052 71.200000 71.200000
273.002052 71.200000 71.200000
274.002053 71.200000 71.200000
275.002060 71.200000 71.200000
276.002069 71.200000 71.200000
277.002071 71.200000 71.200000
278.002083 71.200000 71.200000
279.002089 71.200000 71.200000
280.002089 71.200000 71.200000
281.002102 71.200000 71.200000
282.002109 71.200000 71.200000
283.002110 71.200000 71.200000
284.002110 71.200000 71.200000
285.002110 71.200000 71.200000
286.002111 71.200000 71.200000
287.002146 71.200000 71.200000
288.002147 71.200000 71.200000
289.002161 71.200000 71.200000
290.002162 71.200000 71.200000
291.002165 71.200000 71.200000
292.002165 71.200000 71.200000
293.002173 71.200000 71.200000
294.002176 71.200000 71.200000
295.002180 71.200000 71.200000
296.002192 71.200000 71.200000
297.002192 71.200000 71.200000
298.002193 71.200000 71.200000
299.002193 71.200000 71.200000
300.002194 71.200000 71.200000
301.002207 71.200000 71.200000
302.002207 71.200000 71.200000
303.002216 71.200000 71.200000
304.002216 71.200000 71.200000
305.002216 71.200000 71.200000
306.002219 71.200000 71.200000
307.002224 71.200000 71.200000
308.002226 71.200000 71.200000
309.002226 71.200000 71.200000
310.002226 71.200000 71.200000
311.002239 71.200000 71.200000
312.002243 71.200000 71.200000
313.002250 71.200000 71.200000
314.002253 71.200000 71.200000
315.002253 71.200000 71.200000
316.002265 71.200000 71.200000
317.002273 71.200000 71.200000
318.002274 71.200000 71.200000
319.002281 71.200000 71.200000
320.002282 71.200000 71.200000
321.002282 71.200000 71.200000
322.002282 71.200000 71.200000
323.002289 71.200000 71.200000
324.002296 71.200000 71.200000
325.002296 71.200000 71.200000
326.002296 71.200000 71.200000
327.002306 71.200000 71.200000
328.002314 71.200000 71.200000
329.002317 71.200000 71.200000
330.002317 71.200000 71.200000
331.002319 71.200000 71.200000
332.002321 71.200000 71.200000
333.002322 71.200000 71.200000
334.002322 71.200000 71.200000
335.002322 71.200000 71.200000
336.002322 71.200000 71.200000
337.002329 71.200000 71.200000
338.002329 71.200000 71.200000
339.002329 71.200000 71.200000
340.002331 71.200000 71.200000
341.002331 71.200000 71.200000
342.002334 71.200000 71.200000
343.002374 71.200000 71.200000
344.002412 71.200000 71.200000
345.002414 71.200000 71.200000
346.002414 71.200000 71.200000
347.002417 71.200000 71.200000
348.002438 71.200000 71.200000
349.002446 71.200000 71.200000
350.002458 71.200000 71.200000
351.002465 71.200000 71.200000
352.002478 71.200000 71.200000
353.002495 71.200000 71.200000
354.002560 71.200000 71.200000
355.002560 71.200000 71.200000
356.002566 71.200000 71.200000
357.002568 71.200000 71.200000
358.002568 71.200000 71.200000
359.002568 71.200000 71.200000
360.002570 71.200000 71.200000
361.002578 71.200000 71.200000
362.002578 71.200000 71.200000
363.002614 71.200000 71.200000
364.002616 71.200000 71.200000
365.002618 71.200000 71.200000
366.002625 71.200000 71.200000
367.002625 71.200000 71.200000
368.002632 71.200000 71.200000
369.002633 71.200000 71.200000
370.002634 71.200000 71.200000
371.002634 71.200000 71.200000
372.002635 71.200000 71.200000
373.002643 71.200000 71.200000
374.002643 71.200000 71.200000
375.002643 71.200000 71.200000
376.002643 71.200000 71.200000
377.002643 71.200000 71.200000
378.002644 71.200000 71.200000
379.002653 71.200000 71.200000
380.002662 71.200000 71.200000
381.002662 71.200000 71.200000
382.002662 71.200000 71.200000
383.002682 71.200000 71.200000
384.002686 71.200000 71.200000
385.002690 71.200000 71.200000
386.002700 71.200000 71.200000
387.002707 71.200000 71.200000
388.002707 71.200000 71.200000
389.002715 71.200000 71.200000
390.002728 71.200000 71.200000
391.002733 71.200000 71.200000
392.002747 71.200000 71.200000
393.002748 71.200000 71.200000
394.002748 71.200000 71.200000
395.002761 71.200000 71.200000
396.002761 71.200000 71.200000
397.002766 71.200000 71.200000
398.002769 71.200000 71.200000
399.002770 71.200000 71.200000
400.002772 71.200000 71.200000
401.002780 71.200000 71.200000
402.002784 71.200000 71.200000
403.002784 71.200000 71.200000
404.002787 71.200000 71.200000
405.002789 71.200000 71.200000
406.002801 71.200000 71.200000
407.002801 71.200000 71.200000
408.002801 71.200000 71.200000
409.002802 71.200000 71.200000
410.002811 71.200000 71.200000
411.002812 71.200000 71.200000
412.002814 71.200000 71.200000
413.002817 71.200000 71.200000
414.002827 71.200000 71.200000
415.002829 71.200000 71.200000
416.002830 71.200000 71.200000
417.002831 71.200000 71.200000
418.002833 71.200000 71.200000
419.002833 71.200000 71.200000
420.002866 71.200000 71.200000
421.002867 71.200000 71.200000
422.002869 71.200000 71.200000
423.002869 71.200000 71.200000
424.002873 71.200000 71.200000
425.002875 71.200000 71.200000
426.002875 71.200000 71.200000
427.002875 71.200000 71.200000
428.002875 71.200000 71.200000
429.002875 71.200000 71.200000
430.002877 71.200000 71.200000
431.002885 71.200000 71.200000
432.002885 71.200000 71.200000
433.002886 71.200000 71.200000
434.002886 71.200000 71.200000
435.002887 71.200000 71.200000
436.002887 71.200000 71.200000
437.002890 71.200000 71.200000
438.002890 71.200000 71.200000
439.002890 71.200000 71.200000
440.002890 71.200000 71.200000
441.002892 71.200000 71.200000
442.002892 71.200000 71.200000
443.002894 71.200000 71.200000
444.002894 71.200000 71.200000
445.002899 71.200000 71.200000
446.002905 71.200000 71.200000
447.002932 71.200000 71.200000
448.002935 71.200000 71.200000
449.002936 71.200000 71.200000
450.002937 71.200000 71.200000
451.002951 71.200000 71.200000
452.002951 71.200000 71.200000
453.002969 71.200000 71.200000
454.002969 71.200000 71.200000
455.002969 71.200000 71.200000
456.002978 71.200000 71.200000
457.002982 71.200000 71.200000
458.002984 71.200000 71.200000
459.002985 71.200000 71.200000
460.002987 71.200000 71.200000
461.002989 71.200000 71.200000
462.002989 71.200000 71.200000
463.002997 71.200000 71.200000
464.003005 71.200000 71.200000
465.003005 71.200000 71.200000
466.003005 71.200000 71.200000
467.003008 71.200000 71.200000
468.003012 71.200000 71.200000
469.003018 71.200000 71.200000
470.003028 71.200000 71.200000
471.003040 71.200000 71.200000
472.003040 71.200000 71.200000
473.003041 71.200000 71.200000
474.003042 71.200000 71.200000
475.003042 71.200000 71.200000
476.003044 71.200000 71.200000
477.003044 71.200000 71.200000
478.003054 71.200000 71.200000
479.003054 71.200000 71.200000
480.003058 71.200000 71.200000
481.003069 71.200000 71.200000
482.003076 71.200000 71.200000
483.003076 71.200000 71.200000
484.003078 71.200000 71.200000
485.003078 71.200000 71.200000
486.003091 71.200000 71.200000
487.003103 71.200000 71.200000
488.003110 71.200000 71.200000
489.003110 71.200000 71.200000
490.003110 71.200000 71.200000
491.003111 71.200000 71.200000
492.003111 71.200000 71.200000
493.003122 71.200000 71.200000
494.003125 71.200000 71.200000
495.003125 71.200000 71.200000
496.003125 71.200000 71.200000
497.003128 71.200000 71.200000
498.003129 71.200000 71.200000
499.003133 71.200000 71.200000
500.003133 71.200000 71.200000
501.003134 71.200000 71.200000
502.003136 71.200000 71.200000
503.003137 71.200000 71.200000
504.003139 71.200000 71.200000
505.003150 71.200000 71.200000
506.003150 71.200000 71.200000
507.003193 71.200000 71.200000
508.003200 71.200000 71.200000
509.003204 71.200000 71.200000
510.003204 71.200000 71.200000
511.003204 71.200000 71.200000
512.003207 71.200000 71.200000
513.003210 71.200000 71.200000
514.003215 71.200000 71.200000
515.003219 71.200000 71.200000
516.003223 71.200000 71.200000
517.003224 71.200000 71.200000
518.003234 71.200000 71.200000
519.003234 71.200000 71.200000
520.003235 71.200000 71.200000
521.003235 71.200000 71.200000
522.003237 71.200000 71.200000
523.003246 71.200000 71.200000
524.003250 71.200000 71.200000
525.003250 71.200000 71.200000
526.003250 71.200000 71.200000
527.003250 71.200000 71.200000
528.003250 71.200000 71.200000
529.003250 71.200000 71.200000
530.003252 71.200000 71.200000
531.003252 71.200000 71.200000
532.003255 71.200000 71.200000
533.003262 71.200000 71.200000
534.003262 71.200000 71.200000
535.003262 71.200000 71.200000
536.003273 71.200000 71.200000
537.003273 71.200000 71.200000
538.003294 71.200000 71.200000
539.003302 71.200000 71.200000
540.003305 71.200000 71.200000
541.003308 71.200000 71.200000
542.003310 71.200000 71.200000
543.003317 71.200000 71.200000
544.003318 71.200000 71.200000
545.003320 71.200000 71.200000
546.003324 71.200000 71.200000
547.003324 71.200000 71.200000
548.003324 71.200000 71.200000
549.003324 71.200000 71.200000
550.003324 71.200000 71.200000
551.003326 71.200000 71.200000
552.003327 71.200000 71.200000
553.003332 71.200000 71.200000
554.003347 71.200000 71.200000
555.003347 71.200000 71.200000
556.003347 71.200000 71.200000
557.003355 71.200000 71.200000
558.003356 71.200000 71.200000
559.003356 71.200000 71.200000
560.003357 71.200000 71.200000
561.003358 71.200000 71.200000
562.003358 71.200000 71.200000
563.003359 71.200000 71.200000
564.003360 71.200000 71.200000
565.003361 71.200000 71.200000
566.003364 71.200000 71.200000
567.003364 71.200000 71.200000
568.003365 71.200000 71.200000
569.003366 71.200000 71.200000
570.003418 71.200000 71.200000
571.003423 71.200000 71.200000
572.003424 71.200000 71.200000
573.003430 71.200000 71.200000
574.003441 71.200000 71.200000
575.003491 71.200000 71.200000
576.003498 71.200000 71.200000
577.003534 71.200000 71.200000
578.003546 71.200000 71.200000
579.003546 71.200000 71.200000
580.003548 71.200000 71.200000
581.003548 71.200000 71.200000
582.003548 71.200000 71.200000
583.003550 71.200000 71.200000
584.003553 71.200000 71.200000
585.003561 71.200000 71.200000
586.003564 71.200000 71.200000
587.003565 71.200000 71.200000
588.003568 71.200000 71.200000
589.003568 71.200000 71.200000
590.003570 71.200000 71.200000
591.003572 71.200000 71.200000
592.003574 71.200000 71.200000
593.003594 71.200000 71.200000
594.003594 71.200000 71.200000
595.003595 71.200000 71.200000
596.003596 71.200000 71.200000
597.003596 71.200000 71.200000
598.003596 71.200000 71.200000
599.003598 71.200000 71.200000
600.003599 71.200000 71.200000
601.003603 71.200000 71.200000
602.003603 71.200000 71.200000
603.003603 71.200000 71.200000
604.003605 71.200000 71.200000
605.003605 71.200000 71.200000
606.003608 71.200000 71.200000
607.003628 71.200000 71.200000
608.003628 71.200000 71.200000
609.003628 71.200000 71.200000
610.003633 71.200000 71.200000
611.003633 71.200000 71.200000
612.003636 71.200000 71.200000
613.003638 71.200000 71.200000
614.003638 71.200000 71.200000
615.003638 71.200000 71.200000
616.003693 71.200000 71.200000
617.003693 71.200000 71.200000
618.003695 71.200000 71.200000
619.003746 71.200000 71.200000
620.003757 71.200000 71.200000
621.003758 71.200000 71.200000
622.003758 71.200000 71.200000
623.003772 71.200000 71.200000
624.003772 71.200000 71.200000
625.003774 71.200000 71.200000
626.003775 71.200000 71.200000
627.003775 71.200000 71.200000
628.003780 71.200000 71.200000
629.003780 71.200000 71.200000
630.003780 71.200000 71.200000
631.003783 71.200000 71.200000
632.003783 71.200000 71.200000
633.003790 71.200000 71.200000
634.003800 71.200000 71.200000
635.003822 71.200000 71.200000
636.003824 71.200000 71.200000
637.003824 71.200000 71.200000
638.003826 71.200000 71.200000
639.003829 71.200000 71.200000
640.003844 71.200000 71.200000
641.003846 71.200000 71.200000
642.003849 71.200000 71.200000
643.003851 71.200000 71.200000
644.003865 71.200000 71.200000
645.003869 71.200000 71.200000
646.003869 71.200000 71.200000
647.003877 71.200000 71.200000
648.003878 71.200000 71.200000
649.003882 71.200000 71.200000
650.003885 71.200000 71.200000
651.003896 71.200000 71.200000
652.003899 71.200000 71.200000
653.003910 71.200000 71.200000
654.003910 71.200000 71.200000
655.003910 71.200000 71.200000
656.003913 71.200000 71.200000
657.003913 71.200000 71.200000
658.003923 71.200000 71.200000
659.003927 71.200000 71.200000
660.003976 71.200000 71.200000
661.003976 71.200000 71.200000
662.003990 71.200000 71.200000
663.003990 71.200000 71.200000
664.003999 71.200000 71.200000
665.003999 71.200000 71.200000
666.004003 71.200000 71.200000
667.004012 71.200000 71.200000
668.004012 71.200000 71.200000
669.004013 71.200000 71.200000
670.004018 71.200000 71.200000
671.004021 71.200000 71.200000
672.004027 71.200000 71.200000
673.004030 71.200000 71.200000
674.004030 71.200000 71.200000
675.004030 71.200000 71.200000
676.004032 71.200000 71.200000
677.004039 71.200000 71.200000
678.004040 71.200000 71.200000
679.004043 71.200000 71.200000
680.004043 71.200000 71.200000
681.004050 71.200000 71.200000
682.004054 71.200000 71.200000
683.004054 71.200000 71.200000
684.004054 71.200000 71.200000
685.004054 71.200000 71.200000
686.004054 71.200000 71.200000
687.004055 71.200000 71.200000
688.004065 71.200000 71.200000
689.004065 71.200000 71.200000
690.004065 71.200000 71.200000
691.004070 71.200000 71.200000
692.004070 71.200000 71.200000
693.004071 71.200000 71.200000
694.004071 71.200000 71.200000
695.004077 71.200000 71.200000
696.004078 71.200000 71.200000
697.004081 71.200000 71.200000
698.004081 71.200000 71.200000
699.004093 71.200000 71.200000
700.004094 71.200000 71.200000
701.004095 71.200000 71.200000
702.004095 71.200000 71.200000
703.004098 71.200000 71.200000
704.004098 71.200000 71.200000
705.004100 71.200000 71.200000
706.004100 71.200000 71.200000
707.004100 71.200000 71.200000
708.004100 71.200000 71.200000
709.004132 71.200000 71.200000
710.004132 71.200000 71.200000
711.004133 71.200000 71.200000
712.004133 71.200000 71.200000
713.004133 71.200000 71.200000
714.004133 71.200000 71.200000
715.004134 71.200000 71.200000
716.004142 71.200000 71.200000
717.004147 71.200000 71.200000
718.004157 71.200000 71.200000
719.004169 71.200000 71.200000
720.004174 71.200000 71.200000
721.004174 71.200000 71.200000
722.004180 71.200000 71.200000
723.004197 71.200000 71.200000
724.004210 71.200000 71.200000
725.004219 71.200000 71.200000
726.004219 71.200000 71.200000
727.004219 71.200000 71.200000
728.004219 71.200000 71.200000
729.004272 71.200000 71.200000
730.004312 71.200000 71.200000
731.004312 71.200000 71.200000
732.004331 71.200000 71.200000
733.004336 71.200000 71.200000
734.004345 71.200000 71.200000
735.004345 71.200000 71.200000
736.004358 71.200000 71.200000
737.004366 71.200000 71.200000
738.004372 71.200000 71.200000
739.004381 71.200000 71.200000
740.004383 71.200000 71.200000
741.004383 71.200000 71.200000
742.004383 71.200000 71.200000
743.004383 71.200000 71.200000
744.004384 71.200000 71.200000
745.004384 71.200000 71.200000
746.004386 71.200000 71.200000
747.004392 71.200000 71.200000
748.004393 71.200000 71.200000
749.004400 71.200000 71.200000
750.004401 71.200000 71.200000
751.004401 71.200000 71.200000
752.004405 71.200000 71.200000
753.004409 71.200000 71.200000
754.004410 71.200000 71.200000
755.004411 71.200000 71.200000
756.004411 71.200000 71.200000
757.004416 71.200000 71.200000
758.004417 71.200000 71.200000
759.004426 71.200000 71.200000
760.004428 71.200000 71.200000
761.004430 71.200000 71.200000
762.004430 71.200000 71.200000
763.004431 71.200000 71.200000
764.004432 71.200000 71.200000
765.004436 71.200000 71.200000
766.004436 71.200000 71.200000
767.004438 71.200000 71.200000
768.004440 71.200000 71.200000
769.004441 71.200000 71.200000
770.004443 71.200000 71.200000
771.004444 71.200000 71.200000
772.004493 71.200000 71.200000
773.004504 71.200000 71.200000
774.004507 71.200000 71.200000
775.004508 71.200000 71.200000
776.004508 71.200000 71.200000
777.004511 71.200000 71.200000
778.004513 71.200000 71.200000
779.004513 71.200000 71.200000
780.004514 71.200000 71.200000
781.004534 71.200000 71.200000
782.004539 71.200000 71.200000
783.004539 71.200000 71.200000
784.004548 71.200000 71.200000
785.004582 71.200000 71.200000
786.004583 71.200000 71.200000
787.004583 71.200000 71.200000
788.004584 71.200000 71.200000
789.004584 71.200000 71.200000
790.004586 71.200000 71.200000
791.004586 71.200000 71.200000
792.004591 71.200000 71.200000
793.004591 71.200000 71.200000
794.004596 71.200000 71.200000
795.004601 71.200000 71.200000
796.004601 71.200000 71.200000
797.004603 71.200000 71.200000
798.004611 71.200000 71.200000
799.004611 71.200000 71.200000
