0 573.6 0.401191 300 0
0 568 0.57807 0
0 562.4 0.86702 3
0 411.2 1.41417 6
0 353.2 1.5988 6
0 342 1.78105 6
0 336.4 1.96378 6
0 302.8 2.82462 11
0 280.4 3.52183 11
0 280.4 9.17069 300 87
0 274.8 12.4823 87
0 274.8 17.6249 300 87
0 272.8 21.9081 87
0 269.2 22.0628 87
0 263.6 24.7166 87
0 263.6 30.2291 300 87
0 263.6 42.4699 300 87
0 263.6 52.4276 300 87
0 263.6 64.7044 300 88
0 263.6 73.1883 300 88
0 263.6 84.615 300 88
0 263.6 96.1949 300 88
0 263.6 109.798 300 88
0 263.6 119.952 300 88
0 263.6 130.702 300 88
0 261.6 134.497 88
0 258 136.101 88
0 252.4 137.106 88
0 246.8 138.857 88
0 246.8 145.144 300 88
0 246.8 152.272 300 88
0 246.8 161.061 300 88
0 246.8 167.324 300 88
0 246.8 174.257 300 88
0 246.8 187.258 300 88
0 246.8 196.398 300 88
0 246.8 208.252 300 88
0 244.8 213.593 88
0 244.8 218.144 300 88
0 244.8 231.415 300 88
0 244.8 240.826 300 88
0 244.8 249.916 300 88
0 244.8 259.633 300 88
0 244.8 269.461 300 88
0 244.8 279.78 300 88
0 244.8 288.461 300 88
0 244.8 301.285 300 88
0 244.8 310.863 300 88
0 244.8 323.311 300 88
0 244.8 332.765 300 88
0 244.8 342.323 300 88
0 244.8 353.467 300 88
0 244.8 362.291 300 88
0 244.8 371.337 300 88
0 244.8 381.504 300 88
0 244.8 389.488 300 88
0 244.8 399.962 300 88
0 244.8 408.226 300 88
0 244.8 417.311 300 88
0 244.8 426.997 300 88
0 244.8 436.962 300 88
0 244.8 442.804 300 88
0 244.8 452.602 300 88
0 244.8 462.004 300 88
0 244.8 472.157 300 88
0 244.8 479.304 300 88
0 244.8 491.286 300 88
0 244.8 499.868 300 88
0 244.8 508.171 300 88
0 244.8 517.545 300 88
0 244.8 525.658 300 88
0 244.8 535.719 300 88
0 244.8 545.016 300 88
0 244.8 554.791 300 88
0 244.8 562.926 300 88
0 244.8 568.414 300 88
0 244.8 577.953 300 88
0 244.8 585.419 300 88
0 244.8 593.078 300 88
0 244.8 603.832 300 88
0 244.8 612.543 300 88
0 244.8 621.401 300 88
0 244.8 630.711 300 88
0 244.8 639.084 300 88
0 244.8 646.216 300 88
0 244.8 650.881 300 88
0 244.8 660.249 300 88
0 244.8 668.21 300 88
0 244.8 677.191 300 88
0 244.8 685.55 300 88
0 244.8 694.249 300 88
0 244.8 704.506 300 89
0 244.8 717.258 300 89
0 244.8 731.138 300 89
0 244.8 739.907 300 89
0 244.8 748.803 300 89
0 244.8 757.784 300 89
0 244.8 771.539 300 89
0 244.8 781.743 300 89
0 244.8 792.034 300 89
0 244.8 796.718 300 89
