0.016135 773.200000 773.200000
1.016663 412.800000 448.400000
2.016863 401.600000 502.400000
3.017285 401.600000 510.000000
4.017539 401.600000 599.600000
5.019038 401.600000 498.800000
6.019178 401.600000 480.000000
7.019289 401.600000 401.600000
8.020075 401.600000 412.800000
9.021085 401.600000 474.400000
10.022405 401.600000 463.200000
11.022530 401.600000 566.000000
12.022698 401.600000 519.200000
13.022952 401.600000 605.200000
14.022996 401.600000 543.600000
15.023328 401.600000 571.600000
16.024279 401.600000 526.800000
17.024725 401.600000 599.600000
18.025203 401.600000 468.800000
19.025282 401.600000 508.000000
20.027825 401.600000 666.800000
21.028622 401.600000 571.600000
22.028710 401.600000 454.000000
23.029095 401.600000 468.800000
24.029369 401.600000 424.000000
25.030115 401.600000 429.600000
26.030256 401.600000 452.000000
27.030905 401.600000 418.400000
28.031175 401.600000 577.200000
29.031414 401.600000 485.600000
30.036760 401.600000 767.600000
31.037568 401.600000 424.000000
32.038497 401.600000 515.600000
33.038957 401.600000 463.200000
34.039006 401.600000 459.600000
35.039232 401.600000 566.000000
36.039303 401.600000 418.400000
37.040999 401.600000 586.400000
38.041394 401.600000 420.400000
39.041432 401.600000 431.600000
40.041742 401.600000 485.600000
41.042169 401.600000 504.400000
42.042675 401.600000 560.400000
43.044878 401.600000 510.000000
44.045058 401.600000 566.000000
45.046187 401.600000 435.200000
46.046339 401.600000 538.000000
47.046707 401.600000 407.200000
48.048991 401.600000 655.600000
49.051636 401.600000 526.800000
50.051736 401.600000 560.400000
51.054968 401.600000 633.200000
52.055048 401.600000 508.000000
53.056101 401.600000 549.200000
54.057982 396.000000 474.400000
55.058009 396.000000 487.600000
56.058133 396.000000 463.200000
57.059170 396.000000 661.200000
58.059597 396.000000 700.400000
59.060035 396.000000 457.600000
60.060582 396.000000 496.800000
61.060795 396.000000 429.600000
62.060888 396.000000 435.200000
63.061337 396.000000 457.600000
64.061707 396.000000 420.400000
65.062280 396.000000 521.200000
66.062370 396.000000 594.000000
67.063335 396.000000 661.200000
68.063703 396.000000 491.200000
69.064532 396.000000 588.400000
70.065165 396.000000 459.600000
71.065396 396.000000 508.000000
72.065425 396.000000 515.600000
73.065659 396.000000 442.800000
74.065716 396.000000 476.400000
75.066360 396.000000 496.800000
76.066430 390.400000 532.400000
77.066586 390.400000 496.800000
78.066927 390.400000 452.000000
79.067244 390.400000 412.800000
80.067245 390.400000 739.600000
81.067347 390.400000 491.200000
82.067687 390.400000 480.000000
83.068195 390.400000 582.800000
84.071325 390.400000 482.000000
85.071474 390.400000 487.600000
86.080610 390.400000 778.800000
87.080668 390.400000 594.000000
88.080677 390.400000 429.600000
89.080715 390.400000 521.200000
90.081538 390.400000 739.600000
91.081714 390.400000 454.000000
92.081827 390.400000 745.200000
93.081968 390.400000 566.000000
94.082787 390.400000 582.800000
95.083028 390.400000 418.400000
96.084303 390.400000 566.000000
97.084442 390.400000 446.400000
98.085547 390.400000 412.800000
99.085661 390.400000 468.800000
100.085756 390.400000 457.600000
101.085837 390.400000 412.800000
102.087222 390.400000 543.600000
103.087409 390.400000 498.800000
104.087479 390.400000 459.600000
105.087785 390.400000 588.400000
106.087990 390.400000 454.000000
107.089206 390.400000 446.400000
108.089523 390.400000 508.000000
109.091990 390.400000 470.800000
110.092330 390.400000 448.400000
111.092469 390.400000 661.200000
112.092522 390.400000 554.800000
113.092737 390.400000 412.800000
114.093222 390.400000 582.800000
115.093558 390.400000 474.400000
116.094080 390.400000 538.000000
117.094398 390.400000 476.400000
118.094601 390.400000 487.600000
119.094950 390.400000 504.400000
120.095147 390.400000 655.600000
121.095265 390.400000 554.800000
122.095393 390.400000 418.400000
123.095690 390.400000 412.800000
124.095854 390.400000 519.200000
125.096307 390.400000 409.200000
126.097356 390.400000 661.200000
127.097550 390.400000 440.800000
128.097882 390.400000 412.800000
129.098002 390.400000 661.200000
130.098269 390.400000 457.600000
131.098853 390.400000 513.600000
132.099002 390.400000 412.800000
133.099644 390.400000 454.000000
134.099978 390.400000 435.200000
135.100697 390.400000 448.400000
136.100857 390.400000 401.600000
137.101174 390.400000 442.800000
138.101700 390.400000 524.800000
139.102654 390.400000 491.200000
140.102688 390.400000 532.400000
141.102944 390.400000 407.200000
142.103193 390.400000 549.200000
143.103295 390.400000 424.000000
144.104155 390.400000 491.200000
145.104344 390.400000 446.400000
146.105233 390.400000 756.400000
147.105425 390.400000 442.800000
148.111547 390.400000 773.200000
149.111601 390.400000 480.000000
150.112957 390.400000 519.200000
151.113983 390.400000 773.200000
152.114541 390.400000 672.400000
153.114861 390.400000 424.000000
154.115191 390.400000 465.200000
155.115330 390.400000 672.400000
156.118460 390.400000 569.600000
157.118932 390.400000 476.400000
158.120075 390.400000 457.600000
159.120765 390.400000 510.000000
160.121008 390.400000 418.400000
161.121413 390.400000 435.200000
162.121611 390.400000 468.800000
163.121963 390.400000 474.400000
164.121975 390.400000 442.800000
165.122344 390.400000 418.400000
166.124477 390.400000 773.200000
167.124952 390.400000 538.000000
168.125744 390.400000 739.600000
169.126604 390.400000 582.800000
170.126700 390.400000 407.200000
171.127548 390.400000 468.800000
172.127716 390.400000 487.600000
173.127756 390.400000 457.600000
174.127947 390.400000 440.800000
175.128296 390.400000 773.200000
176.128609 390.400000 762.000000
177.129042 390.400000 508.000000
178.129092 390.400000 437.200000
179.129309 390.400000 470.800000
180.130253 390.400000 610.800000
181.131103 390.400000 442.800000
182.131665 390.400000 418.400000
183.132720 390.400000 498.800000
184.133118 390.400000 571.600000
185.133269 390.400000 666.800000
186.133776 390.400000 407.200000
187.134244 390.400000 493.200000
188.134445 390.400000 554.800000
189.135638 390.400000 498.800000
190.136655 390.400000 454.000000
191.136758 390.400000 485.600000
192.136999 390.400000 650.000000
193.137257 390.400000 543.600000
194.137461 390.400000 530.400000
195.137487 390.400000 424.000000
196.138630 390.400000 599.600000
197.138647 390.400000 440.800000
198.138784 390.400000 429.600000
199.139701 390.400000 577.200000
200.140411 390.400000 440.800000
201.140576 390.400000 554.800000
202.140938 390.400000 457.600000
203.141160 390.400000 440.800000
204.141398 390.400000 594.000000
205.141426 390.400000 412.800000
206.141564 390.400000 454.000000
207.141772 390.400000 429.600000
208.142803 390.400000 650.000000
209.143705 390.400000 498.800000
210.144354 390.400000 431.600000
211.144385 390.400000 429.600000
212.147485 390.400000 627.600000
213.147907 390.400000 582.800000
214.148490 390.400000 442.800000
215.149276 390.400000 407.200000
216.150147 390.400000 498.800000
217.151076 390.400000 519.200000
218.151265 390.400000 446.400000
219.151410 390.400000 538.000000
220.151444 390.400000 452.000000
221.151624 390.400000 767.600000
222.151833 390.400000 463.200000
223.151913 390.400000 773.200000
224.152689 390.400000 498.800000
225.153288 390.400000 504.400000
226.153366 390.400000 474.400000
227.153717 390.400000 429.600000
228.155149 390.400000 633.200000
229.161627 390.400000 767.600000
230.161858 390.400000 474.400000
231.162103 390.400000 454.000000
232.162196 390.400000 440.800000
233.162258 390.400000 474.400000
234.162441 390.400000 418.400000
235.162813 390.400000 454.000000
236.162824 390.400000 532.400000
237.164040 390.400000 498.800000
238.164221 390.400000 510.000000
239.164402 390.400000 470.800000
240.164520 390.400000 575.200000
241.164793 390.400000 431.600000
242.165192 390.400000 666.800000
243.165662 390.400000 532.400000
244.167103 390.400000 502.400000
245.167268 390.400000 429.600000
246.167294 390.400000 510.000000
247.167438 390.400000 459.600000
248.167488 390.400000 487.600000
249.167613 390.400000 502.400000
250.167685 390.400000 474.400000
251.167916 390.400000 429.600000
252.168064 390.400000 496.800000
253.168358 390.400000 524.800000
254.168420 390.400000 429.600000
255.168485 390.400000 487.600000
256.168674 390.400000 496.800000
257.168889 390.400000 521.200000
258.169305 390.400000 599.600000
259.170926 390.400000 493.200000
260.172318 390.400000 745.200000
261.173615 390.400000 666.800000
262.173856 390.400000 496.800000
263.175883 390.400000 560.400000
264.176246 390.400000 504.400000
265.177017 390.400000 465.200000
266.184485 390.400000 722.800000
267.184776 390.400000 448.400000
268.184848 390.400000 498.800000
269.185054 390.400000 418.400000
270.185264 390.400000 459.600000
271.185542 390.400000 515.600000
272.186326 390.400000 424.000000
273.186777 390.400000 510.000000
274.187898 390.400000 476.400000
275.188283 390.400000 554.800000
276.188445 390.400000 508.000000
277.190264 390.400000 442.800000
278.190424 390.400000 493.200000
279.190932 390.400000 566.000000
280.191074 390.400000 504.400000
281.191125 390.400000 435.200000
282.193528 390.400000 465.200000
283.193716 390.400000 407.200000
284.193774 390.400000 549.200000
285.197202 390.400000 519.200000
286.198194 390.400000 661.200000
287.198435 390.400000 480.000000
288.198502 390.400000 571.600000
289.198785 390.400000 412.800000
290.199326 390.400000 504.400000
291.199480 390.400000 474.400000
292.200563 390.400000 575.200000
293.200585 390.400000 666.800000
294.201229 390.400000 558.400000
295.201475 390.400000 418.400000
296.201770 390.400000 767.600000
297.201777 390.400000 470.800000
298.201952 390.400000 480.000000
299.202050 390.400000 496.800000
300.202244 390.400000 510.000000
301.202770 390.400000 446.400000
302.202926 390.400000 459.600000
303.203455 390.400000 480.000000
304.203811 390.400000 549.200000
305.204461 390.400000 521.200000
306.204545 390.400000 491.200000
307.204963 390.400000 491.200000
308.205372 390.400000 440.800000
309.206418 390.400000 577.200000
310.206444 390.400000 493.200000
311.207041 390.400000 409.200000
312.209408 390.400000 498.800000
313.210193 390.400000 491.200000
314.210662 390.400000 554.800000
315.210898 390.400000 480.000000
316.211692 390.400000 487.600000
317.212060 390.400000 644.400000
318.212263 390.400000 426.000000
319.212333 390.400000 474.400000
320.212394 390.400000 543.600000
321.212436 390.400000 491.200000
322.212451 390.400000 412.800000
323.212864 390.400000 435.200000
324.213255 390.400000 412.800000
325.213423 390.400000 474.400000
326.214468 390.400000 440.800000
327.215033 390.400000 513.600000
328.215158 390.400000 418.400000
329.216566 390.400000 594.000000
330.216944 390.400000 446.400000
331.217399 390.400000 414.800000
332.217614 390.400000 474.400000
333.219870 390.400000 442.800000
334.220059 390.400000 454.000000
335.220914 390.400000 554.800000
336.221053 390.400000 493.200000
337.222132 390.400000 496.800000
338.223449 390.400000 424.000000
339.225307 390.400000 661.200000
340.225448 390.400000 773.200000
341.225513 390.400000 429.600000
342.225999 390.400000 577.200000
343.226631 390.400000 414.800000
344.226839 390.400000 504.400000
345.227366 390.400000 452.000000
346.227819 390.400000 530.400000
347.228605 390.400000 468.800000
348.229727 390.400000 429.600000
349.230540 390.400000 480.000000
350.231134 390.400000 459.600000
351.231564 390.400000 491.200000
352.235886 390.400000 745.200000
353.235984 390.400000 644.400000
354.236943 390.400000 468.800000
355.237199 390.400000 496.800000
356.237958 390.400000 474.400000
357.238051 390.400000 431.600000
358.238373 390.400000 390.400000
359.238838 390.400000 412.800000
360.239055 390.400000 491.200000
361.239121 390.400000 554.800000
362.239692 390.400000 440.800000
363.239785 390.400000 519.200000
364.239996 390.400000 558.400000
365.242218 390.400000 734.000000
366.242892 390.400000 429.600000
367.242912 390.400000 588.400000
368.243244 390.400000 666.800000
369.243646 390.400000 491.200000
370.244935 390.400000 560.400000
371.245233 390.400000 459.600000
372.245242 390.400000 521.200000
373.245496 390.400000 487.600000
374.245885 390.400000 412.800000
375.246011 390.400000 493.200000
376.246451 390.400000 526.800000
377.246646 390.400000 571.600000
378.246918 390.400000 484.000000
379.247003 390.400000 532.400000
380.247449 390.400000 412.800000
381.247557 390.400000 526.800000
382.247692 390.400000 435.200000
383.248169 390.400000 414.800000
384.249318 390.400000 412.800000
385.249622 390.400000 431.600000
386.250128 390.400000 566.000000
387.250699 390.400000 640.800000
388.252382 390.400000 424.000000
389.252773 390.400000 457.600000
390.253666 390.400000 498.800000
391.254484 390.400000 407.200000
392.254615 390.400000 435.200000
393.255499 390.400000 482.000000
394.255517 390.400000 538.000000
395.255938 390.400000 429.600000
396.257489 390.400000 588.400000
397.257555 390.400000 429.600000
398.257938 390.400000 418.400000
399.257963 390.400000 666.800000
400.258006 390.400000 644.400000
401.258309 390.400000 401.600000
402.258488 390.400000 532.400000
403.258540 390.400000 407.200000
404.258632 390.400000 622.000000
405.259246 390.400000 560.400000
406.259515 390.400000 666.800000
407.259697 390.400000 468.800000
408.260444 390.400000 482.000000
409.261924 390.400000 554.800000
410.262043 390.400000 638.800000
411.262131 390.400000 468.800000
412.262174 390.400000 521.200000
413.262472 390.400000 470.800000
414.262598 390.400000 474.400000
415.262671 390.400000 530.400000
416.262679 390.400000 739.600000
417.263119 390.400000 440.800000
418.263487 390.400000 502.400000
419.263748 390.400000 491.200000
420.263874 390.400000 496.800000
421.264046 390.400000 482.000000
422.264130 390.400000 543.600000
423.264292 390.400000 480.000000
424.264507 390.400000 482.000000
425.265485 390.400000 457.600000
426.266235 390.400000 571.600000
427.267043 390.400000 491.200000
428.268565 390.400000 431.600000
429.268797 390.400000 491.200000
430.269372 390.400000 424.000000
431.269642 390.400000 435.200000
432.269819 390.400000 412.800000
433.270792 390.400000 504.400000
434.271333 390.400000 532.400000
435.271377 390.400000 560.400000
436.271431 390.400000 459.600000
437.272317 390.400000 616.400000
438.272685 390.400000 485.600000
439.272961 390.400000 409.200000
440.273123 390.400000 521.200000
441.273338 390.400000 547.200000
442.273502 390.400000 554.800000
443.274527 390.400000 538.000000
444.275428 390.400000 655.600000
445.275591 390.400000 457.600000
446.275640 390.400000 480.000000
447.275736 390.400000 566.000000
448.276109 390.400000 526.800000
449.277187 390.400000 457.600000
450.277797 390.400000 424.000000
451.278700 390.400000 426.000000
452.278793 390.400000 407.200000
453.280003 390.400000 661.200000
454.280066 390.400000 485.600000
455.280154 390.400000 435.200000
456.280266 390.400000 498.800000
457.280314 390.400000 571.600000
458.280861 390.400000 498.800000
459.282063 390.400000 476.400000
460.282235 390.400000 435.200000
461.282336 390.400000 571.600000
462.283021 390.400000 482.000000
463.283071 390.400000 487.600000
464.283204 390.400000 429.600000
465.283266 390.400000 457.600000
466.283418 390.400000 538.000000
467.283594 390.400000 532.400000
468.283595 390.400000 412.800000
469.283807 390.400000 491.200000
470.284435 390.400000 454.000000
471.284696 390.400000 510.000000
472.286409 390.400000 452.000000
473.286883 390.400000 468.800000
474.287531 390.400000 502.400000
475.288008 390.400000 560.400000
476.288709 390.400000 442.800000
477.288959 390.400000 577.200000
478.289704 390.400000 661.200000
479.289811 390.400000 493.200000
480.290188 390.400000 560.400000
481.290764 390.400000 767.600000
482.291664 390.400000 435.200000
483.291768 390.400000 521.200000
484.293775 390.400000 773.200000
485.293886 390.400000 418.400000
486.298028 390.400000 778.800000
487.304324 390.400000 767.600000
488.304473 390.400000 463.200000
489.305473 390.400000 521.200000
490.307625 390.400000 773.200000
491.309868 390.400000 440.800000
492.310693 390.400000 767.600000
493.313729 390.400000 767.600000
494.314221 390.400000 554.800000
495.314350 390.400000 538.000000
496.314518 390.400000 435.200000
497.314552 390.400000 666.800000
498.314570 390.400000 610.800000
499.314859 390.400000 435.200000
500.315300 390.400000 493.200000
501.315488 390.400000 552.800000
502.316118 390.400000 493.200000
503.318521 390.400000 474.400000
504.318786 390.400000 515.600000
505.318989 390.400000 569.600000
506.319220 390.400000 538.000000
507.319975 390.400000 418.400000
508.320530 390.400000 485.600000
509.320711 390.400000 502.400000
510.320917 390.400000 480.000000
511.323215 390.400000 588.400000
512.323362 390.400000 538.000000
513.323403 390.400000 493.200000
514.323528 390.400000 496.800000
515.324862 390.400000 508.000000
516.325557 390.400000 493.200000
517.327680 390.400000 745.200000
518.327745 390.400000 515.600000
519.327765 390.400000 463.200000
520.329217 390.400000 554.800000
521.329258 390.400000 678.000000
522.330280 390.400000 452.000000
523.330385 390.400000 739.600000
524.330785 390.400000 435.200000
525.331325 390.400000 571.600000
526.331500 390.400000 429.600000
527.332592 390.400000 571.600000
528.333666 390.400000 463.200000
529.333718 390.400000 566.000000
530.334320 390.400000 655.600000
531.334447 390.400000 452.000000
532.334588 390.400000 513.600000
533.336304 390.400000 502.400000
534.336559 390.400000 496.800000
535.337664 390.400000 515.600000
536.337732 390.400000 429.600000
537.338965 390.400000 429.600000
538.339336 390.400000 487.600000
539.339902 390.400000 571.600000
540.340463 390.400000 454.000000
541.341980 390.400000 452.000000
542.342423 390.400000 482.000000
543.343068 390.400000 577.200000
544.343354 390.400000 409.200000
545.343830 390.400000 485.600000
546.343968 390.400000 418.400000
547.344605 390.400000 457.600000
548.344837 390.400000 526.800000
549.345028 390.400000 463.200000
550.345680 390.400000 532.400000
551.345734 390.400000 476.400000
552.345904 390.400000 493.200000
553.346046 390.400000 582.800000
554.346124 390.400000 418.400000
555.346124 390.400000 655.600000
556.346348 390.400000 577.200000
557.346971 390.400000 463.200000
558.347621 390.400000 549.200000
559.348088 390.400000 424.000000
560.348216 390.400000 412.800000
561.350495 390.400000 661.200000
562.351564 390.400000 435.200000
563.351831 390.400000 412.800000
564.352504 390.400000 426.000000
565.352743 390.400000 498.800000
566.352957 390.400000 610.800000
567.353104 390.400000 418.400000
568.353243 390.400000 463.200000
569.353492 390.400000 577.200000
570.354127 390.400000 672.400000
571.355149 390.400000 431.600000
572.356031 390.400000 468.800000
573.356563 390.400000 420.400000
574.357544 390.400000 655.600000
575.358446 390.400000 610.800000
576.358891 390.400000 463.200000
577.360308 390.400000 661.200000
578.360848 390.400000 773.200000
579.361399 390.400000 493.200000
580.361479 390.400000 588.400000
581.361486 390.400000 457.600000
582.361674 390.400000 577.200000
583.361805 390.400000 426.000000
584.361919 390.400000 541.600000
585.362433 390.400000 526.800000
586.362687 390.400000 566.000000
587.363051 390.400000 440.800000
588.363397 390.400000 554.800000
589.363479 390.400000 468.800000
590.363504 390.400000 541.600000
591.364709 390.400000 622.000000
592.364970 390.400000 457.600000
593.365472 390.400000 521.200000
594.365756 390.400000 412.800000
595.365973 390.400000 480.000000
596.366151 390.400000 446.400000
597.366182 390.400000 454.000000
598.366512 390.400000 418.400000
599.366775 390.400000 504.400000
600.366830 390.400000 767.600000
601.369357 390.400000 420.400000
602.369975 390.400000 412.800000
603.370434 390.400000 476.400000
604.370803 390.400000 560.400000
605.370990 390.400000 622.000000
606.371101 390.400000 448.400000
607.372782 390.400000 773.200000
608.372838 390.400000 424.000000
609.372856 390.400000 424.000000
610.373368 390.400000 532.400000
611.375945 390.400000 582.800000
612.376115 390.400000 526.800000
613.376116 390.400000 538.000000
614.376118 390.400000 491.200000
615.376986 390.400000 485.600000
616.377692 390.400000 532.400000
617.378087 390.400000 496.800000
618.378306 390.400000 476.400000
619.378569 390.400000 480.000000
620.379284 390.400000 521.200000
621.379605 390.400000 510.000000
622.379651 390.400000 571.600000
623.379680 390.400000 440.800000
624.379688 390.400000 459.600000
625.380635 390.400000 496.800000
626.381056 390.400000 435.200000
627.381561 390.400000 474.400000
628.381845 390.400000 510.000000
629.383109 390.400000 549.200000
630.383191 390.400000 459.600000
631.383261 390.400000 491.200000
632.383344 390.400000 412.800000
633.383647 390.400000 582.800000
634.383738 390.400000 532.400000
635.383849 390.400000 485.600000
636.384110 390.400000 498.800000
637.384229 390.400000 407.200000
638.385052 390.400000 524.800000
639.386144 390.400000 412.800000
640.386709 390.400000 418.400000
641.387753 390.400000 465.200000
642.387894 390.400000 485.600000
643.388003 390.400000 582.800000
644.388074 390.400000 457.600000
645.389059 390.400000 485.600000
646.389295 390.400000 767.600000
647.389493 390.400000 457.600000
648.390188 390.400000 412.800000
649.390987 390.400000 543.600000
650.391420 390.400000 437.200000
651.391524 390.400000 571.600000
652.393327 390.400000 496.800000
653.393451 390.400000 463.200000
654.393803 390.400000 435.200000
655.393825 390.400000 510.000000
656.394502 390.400000 526.800000
657.394664 390.400000 485.600000
658.394760 390.400000 491.200000
659.395343 390.400000 457.600000
660.395566 390.400000 442.800000
661.395763 390.400000 485.600000
662.396299 390.400000 661.200000
663.396576 390.400000 418.400000
664.397757 390.400000 554.800000
665.398240 390.400000 412.800000
666.398340 390.400000 457.600000
667.398363 390.400000 482.000000
668.398804 390.400000 424.000000
669.398866 390.400000 418.400000
670.398999 390.400000 446.400000
671.399247 390.400000 778.800000
672.400038 390.400000 412.800000
673.400640 390.400000 446.400000
674.400722 390.400000 429.600000
675.400924 390.400000 510.000000
676.401314 390.400000 491.200000
677.401734 390.400000 547.200000
678.402304 390.400000 605.200000
679.403147 390.400000 504.400000
680.403374 390.400000 474.400000
681.403468 390.400000 424.000000
682.403497 390.400000 487.600000
683.404686 390.400000 465.200000
684.404862 390.400000 463.200000
685.406381 390.400000 627.600000
686.406528 390.400000 560.400000
687.407230 390.400000 650.000000
688.407513 390.400000 470.800000
689.407609 390.400000 412.800000
690.407715 390.400000 454.000000
691.408038 390.400000 498.800000
692.408276 390.400000 504.400000
693.408674 390.400000 530.400000
694.413814 390.400000 756.400000
695.414243 390.400000 412.800000
696.414998 390.400000 407.200000
697.415272 390.400000 638.800000
698.415392 390.400000 491.200000
699.415488 390.400000 504.400000
700.416153 390.400000 426.000000
701.416920 390.400000 577.200000
702.417380 390.400000 412.800000
703.417437 390.400000 446.400000
704.417710 390.400000 655.600000
705.417737 390.400000 470.800000
706.418007 390.400000 435.200000
707.418051 390.400000 496.800000
708.418525 390.400000 560.400000
709.418601 390.400000 446.400000
710.418911 390.400000 459.600000
711.419077 390.400000 470.800000
712.419096 390.400000 487.600000
713.419172 390.400000 429.600000
714.419278 390.400000 560.400000
715.419833 390.400000 418.400000
716.419925 390.400000 594.000000
717.420682 390.400000 554.800000
718.427187 390.400000 750.800000
719.427307 390.400000 424.000000
720.427595 390.400000 435.200000
721.427678 390.400000 538.000000
722.428043 390.400000 474.400000
723.428521 390.400000 543.600000
724.429595 390.400000 547.200000
725.430276 390.400000 409.200000
726.433154 390.400000 468.800000
727.433161 390.400000 424.000000
728.433390 390.400000 661.200000
729.433404 390.400000 463.200000
730.433480 390.400000 429.600000
731.433971 390.400000 502.400000
732.434031 390.400000 468.800000
733.434241 390.400000 655.600000
734.434413 390.400000 435.200000
735.436013 390.400000 543.600000
736.436307 390.400000 549.200000
737.436492 390.400000 560.400000
738.436527 390.400000 493.200000
739.437515 390.400000 487.600000
740.438596 390.400000 470.800000
741.439370 390.400000 493.200000
742.439571 390.400000 457.600000
743.440832 390.400000 448.400000
744.440892 390.400000 429.600000
745.442520 390.400000 672.400000
746.443052 390.400000 429.600000
747.443116 390.400000 566.000000
748.444632 390.400000 429.600000
749.444638 390.400000 459.600000
750.447898 390.400000 424.000000
751.447939 390.400000 429.600000
752.448300 390.400000 530.400000
753.448506 390.400000 457.600000
754.448747 390.400000 424.000000
755.451331 390.400000 482.000000
756.451566 390.400000 498.800000
757.451720 390.400000 504.400000
758.452611 390.400000 424.000000
759.452744 390.400000 457.600000
760.453689 390.400000 412.800000
761.454330 390.400000 476.400000
762.454420 390.400000 515.600000
763.454769 390.400000 457.600000
764.455249 390.400000 502.400000
765.455325 390.400000 454.000000
766.456026 390.400000 526.800000
767.456162 390.400000 474.400000
768.456448 390.400000 412.800000
769.457903 390.400000 554.800000
770.458766 390.400000 463.200000
771.458947 390.400000 491.200000
772.459007 390.400000 412.800000
773.459132 390.400000 569.600000
774.459254 390.400000 424.000000
775.460147 390.400000 412.800000
776.460359 390.400000 482.000000
777.462906 390.400000 524.800000
778.462916 390.400000 418.400000
779.463110 390.400000 515.600000
780.463350 390.400000 622.000000
781.463942 390.400000 465.200000
782.464008 390.400000 429.600000
783.464015 390.400000 549.200000
784.464040 390.400000 666.800000
785.464145 390.400000 577.200000
786.465490 390.400000 521.200000
787.465714 390.400000 476.400000
788.465811 390.400000 493.200000
789.466088 390.400000 519.200000
790.466214 390.400000 560.400000
791.466888 390.400000 459.600000
792.467000 390.400000 412.800000
793.467150 390.400000 412.800000
794.468933 390.400000 493.200000
795.469264 390.400000 549.200000
796.469265 390.400000 513.600000
797.469367 390.400000 532.400000
798.469462 390.400000 418.400000
799.469506 390.400000 538.000000
