0.015917 762.000000 762.000000
1.016543 412.800000 412.800000
2.016897 407.200000 424.000000
3.017555 407.200000 431.600000
4.017575 407.200000 672.400000
5.017915 407.200000 496.800000
6.018119 407.200000 644.400000
7.018514 407.200000 457.600000
8.018590 396.000000 476.400000
9.019265 396.000000 412.800000
10.019312 396.000000 465.200000
11.021389 396.000000 457.600000
12.021406 396.000000 440.800000
13.021879 396.000000 429.600000
14.022302 396.000000 446.400000
15.022377 396.000000 468.800000
16.022432 396.000000 530.400000
17.023146 396.000000 564.000000
18.024482 396.000000 482.000000
19.024508 396.000000 582.800000
20.025714 396.000000 435.200000
21.025910 396.000000 470.800000
22.026229 396.000000 448.400000
23.026825 396.000000 440.800000
24.027392 396.000000 661.200000
25.027466 396.000000 496.800000
26.027942 396.000000 482.000000
27.028242 396.000000 491.200000
28.029283 396.000000 580.800000
29.029617 396.000000 459.600000
30.030547 396.000000 521.200000
31.030743 396.000000 510.000000
32.030862 396.000000 442.800000
33.031068 396.000000 459.600000
34.031261 396.000000 457.600000
35.031880 396.000000 412.800000
36.031881 396.000000 571.600000
37.032109 396.000000 468.800000
38.032804 396.000000 418.400000
39.033044 396.000000 418.400000
40.033507 396.000000 418.400000
41.033613 396.000000 508.000000
42.035335 396.000000 496.800000
43.036241 396.000000 547.200000
44.036399 396.000000 491.200000
45.036438 396.000000 521.200000
46.036650 396.000000 412.800000
47.037190 396.000000 521.200000
48.038100 396.000000 568.000000
49.039210 396.000000 508.000000
50.039620 396.000000 519.200000
51.039942 396.000000 418.400000
52.040182 396.000000 599.600000
53.040599 396.000000 407.200000
54.041622 396.000000 468.800000
55.042098 396.000000 739.600000
56.042358 396.000000 480.000000
57.042552 396.000000 513.600000
58.043328 396.000000 412.800000
59.043757 396.000000 429.600000
60.043838 396.000000 412.800000
61.044375 396.000000 538.000000
62.044494 396.000000 412.800000
63.044612 396.000000 412.800000
64.045565 396.000000 482.000000
65.046998 396.000000 468.800000
66.047080 384.800000 442.800000
67.047403 384.800000 599.600000
68.047857 384.800000 491.200000
69.048025 384.800000 435.200000
70.048035 384.800000 454.000000
71.048726 384.800000 496.800000
72.049151 384.800000 510.000000
73.049638 384.800000 491.200000
74.050096 384.800000 457.600000
75.050170 384.800000 429.600000
76.050460 384.800000 498.800000
77.050608 384.800000 424.000000
78.050865 384.800000 538.000000
79.050970 384.800000 437.200000
80.051087 384.800000 532.400000
81.051913 384.800000 524.800000
82.052042 384.800000 524.800000
83.052462 384.800000 566.000000
84.053430 384.800000 407.200000
85.053500 384.800000 588.400000
86.053923 384.800000 571.600000
87.054505 384.800000 446.400000
88.054666 384.800000 463.200000
89.055154 384.800000 554.800000
90.055435 384.800000 605.200000
91.055856 384.800000 448.400000
92.056647 384.800000 409.200000
93.057241 384.800000 739.600000
94.057263 384.800000 498.800000
95.057627 384.800000 465.200000
96.059444 384.800000 610.800000
97.060033 384.800000 452.000000
98.060361 384.800000 773.200000
99.060364 384.800000 655.600000
100.060740 384.800000 543.600000
101.060918 384.800000 666.800000
102.061087 384.800000 519.200000
103.061107 384.800000 485.600000
104.065242 384.800000 435.200000
105.066274 384.800000 431.600000
106.066844 384.800000 468.800000
107.067552 384.800000 412.800000
108.067779 384.800000 418.400000
109.069548 384.800000 571.600000
110.069697 384.800000 474.400000
111.069944 384.800000 454.000000
112.070197 384.800000 491.200000
113.070674 384.800000 577.200000
114.071120 384.800000 579.200000
115.072066 384.800000 554.800000
116.072626 384.800000 661.200000
117.074732 384.800000 502.400000
118.074748 384.800000 482.000000
119.074934 384.800000 424.000000
120.075335 384.800000 412.800000
121.075358 384.800000 560.400000
122.075402 384.800000 429.600000
123.075641 384.800000 448.400000
124.077047 384.800000 599.600000
125.078940 384.800000 547.200000
126.080142 384.800000 474.400000
127.081061 384.800000 485.600000
128.081200 384.800000 508.000000
129.082608 384.800000 437.200000
130.082628 384.800000 508.000000
131.082683 384.800000 543.600000
132.083232 384.800000 560.400000
133.083424 384.800000 498.800000
134.083957 384.800000 515.600000
135.086893 384.800000 519.200000
136.086923 384.800000 474.400000
137.087026 384.800000 582.800000
138.087645 384.800000 739.600000
139.087711 384.800000 459.600000
140.088084 384.800000 418.400000
141.088870 384.800000 440.800000
142.089393 384.800000 519.200000
143.089571 384.800000 493.200000
144.089784 384.800000 435.200000
145.089874 384.800000 480.000000
146.089917 384.800000 672.400000
147.090290 384.800000 599.600000
148.090490 384.800000 429.600000
149.091380 384.800000 418.400000
150.092139 384.800000 599.600000
151.092158 384.800000 457.600000
152.092603 384.800000 482.000000
153.094062 384.800000 468.800000
154.095581 384.800000 571.600000
155.095907 384.800000 496.800000
156.099092 384.800000 560.400000
157.102056 384.800000 554.800000
158.102312 384.800000 412.800000
159.102515 384.800000 504.400000
160.103227 384.800000 547.200000
161.104757 384.800000 508.000000
162.105481 384.800000 547.200000
163.105529 384.800000 482.000000
164.106807 384.800000 650.000000
165.107736 384.800000 468.800000
166.107836 384.800000 463.200000
167.109626 384.800000 627.600000
168.109818 384.800000 412.800000
169.110249 384.800000 429.600000
170.112961 384.800000 773.200000
171.113042 384.800000 532.400000
172.113239 384.800000 538.000000
173.113841 384.800000 412.800000
174.114039 384.800000 412.800000
175.114251 384.800000 407.200000
176.114895 384.800000 437.200000
177.115168 384.800000 605.200000
178.115228 384.800000 530.400000
179.117529 384.800000 510.000000
180.117559 384.800000 435.200000
181.117733 384.800000 616.400000
182.118558 384.800000 538.000000
183.119099 384.800000 424.000000
184.119670 384.800000 485.600000
185.120857 384.800000 549.200000
186.121295 384.800000 560.400000
187.121922 384.800000 650.000000
188.122132 384.800000 599.600000
189.126502 384.800000 480.000000
190.126667 384.800000 476.400000
191.127627 384.800000 452.000000
192.127877 384.800000 524.800000
193.128486 384.800000 424.000000
194.129916 384.800000 513.600000
195.131790 384.800000 459.600000
196.132516 384.800000 566.000000
197.132823 384.800000 532.400000
198.133600 384.800000 480.000000
199.133960 384.800000 577.200000
200.134168 384.800000 418.400000
201.135692 384.800000 463.200000
202.136014 384.800000 412.800000
203.136855 384.800000 526.800000
204.137935 384.800000 496.800000
205.138013 384.800000 429.600000
206.138176 384.800000 672.400000
207.139853 384.800000 513.600000
208.140297 384.800000 435.200000
209.141760 384.800000 524.800000
210.142182 384.800000 582.800000
211.142552 384.800000 412.800000
212.142707 384.800000 485.600000
213.143739 384.800000 666.800000
214.144248 384.800000 412.800000
215.144711 384.800000 524.800000
216.145454 384.800000 672.400000
217.145551 384.800000 530.400000
218.145712 384.800000 448.400000
219.146230 384.800000 435.200000
220.146883 384.800000 418.400000
221.147065 384.800000 424.000000
222.147190 384.800000 418.400000
223.147456 384.800000 412.800000
224.147477 384.800000 424.000000
225.147652 384.800000 476.400000
226.148208 384.800000 519.200000
227.148558 384.800000 650.000000
228.148963 384.800000 468.800000
229.150135 384.800000 739.600000
230.150408 384.800000 474.400000
231.150559 384.800000 502.400000
232.150765 384.800000 412.800000
233.150788 384.800000 480.000000
234.154494 384.800000 493.200000
235.154626 384.800000 448.400000
236.154820 384.800000 424.000000
237.154929 384.800000 409.200000
238.154945 384.800000 496.800000
239.155015 384.800000 437.200000
240.156120 384.800000 549.200000
241.157447 384.800000 504.400000
242.157541 384.800000 407.200000
243.157776 384.800000 418.400000
244.158061 384.800000 554.800000
245.158479 384.800000 510.000000
246.158870 384.800000 491.200000
247.159161 384.800000 521.200000
248.159384 384.800000 521.200000
249.160745 384.800000 526.800000
250.161138 384.800000 468.800000
251.161439 384.800000 515.600000
252.161667 384.800000 437.200000
253.163278 384.800000 487.600000
254.163881 384.800000 426.000000
255.166811 384.800000 524.800000
256.167141 384.800000 476.400000
257.167421 384.800000 532.400000
258.168068 384.800000 448.400000
259.168386 384.800000 482.000000
260.168607 384.800000 407.200000
261.169148 384.800000 412.800000
262.170066 384.800000 504.400000
263.172598 384.800000 504.400000
264.172660 384.800000 474.400000
265.172751 384.800000 526.800000
266.172904 384.800000 519.200000
267.173286 384.800000 582.800000
268.173801 384.800000 468.800000
269.173833 384.800000 571.600000
270.174469 384.800000 476.400000
271.174493 384.800000 485.600000
272.174730 384.800000 435.200000
273.175081 384.800000 470.800000
274.176218 384.800000 767.600000
275.176306 384.800000 543.600000
276.177294 384.800000 526.800000
277.178731 384.800000 454.000000
278.179478 384.800000 480.000000
279.179483 384.800000 532.400000
280.181410 384.800000 767.600000
281.181471 384.800000 560.400000
282.183034 384.800000 420.400000
283.183050 384.800000 463.200000
284.183897 384.800000 487.600000
285.184302 384.800000 465.200000
286.184525 384.800000 418.400000
287.185089 384.800000 414.800000
288.185718 384.800000 519.200000
289.186122 384.800000 418.400000
290.186632 384.800000 661.200000
291.187516 384.800000 560.400000
292.187734 384.800000 762.000000
293.187790 384.800000 493.200000
294.188259 384.800000 521.200000
295.189174 384.800000 414.800000
296.189464 384.800000 661.200000
297.189969 384.800000 429.600000
298.190454 384.800000 566.000000
299.190608 384.800000 596.000000
300.192419 384.800000 622.000000
301.193265 384.800000 549.200000
302.194802 384.800000 480.000000
303.194805 384.800000 577.200000
304.195015 384.800000 435.200000
305.195038 384.800000 519.200000
306.195610 384.800000 429.600000
307.195968 384.800000 401.600000
308.196270 384.800000 510.000000
309.197783 384.800000 435.200000
310.197949 384.800000 424.000000
311.199101 384.800000 452.000000
312.200502 384.800000 521.200000
313.200909 384.800000 504.400000
314.201343 384.800000 412.800000
315.202332 384.800000 454.000000
316.202686 384.800000 482.000000
317.203184 384.800000 429.600000
318.206037 384.800000 773.200000
319.206163 384.800000 633.200000
320.206455 384.800000 412.800000
321.206596 384.800000 666.800000
322.206827 384.800000 485.600000
323.206833 384.800000 560.400000
324.207434 384.800000 530.400000
325.207551 384.800000 459.600000
326.207928 384.800000 571.600000
327.208541 384.800000 457.600000
328.210021 384.800000 480.000000
329.210314 384.800000 515.600000
330.210874 384.800000 566.000000
331.210906 384.800000 418.400000
332.210939 384.800000 429.600000
333.211267 384.800000 412.800000
334.211444 384.800000 407.200000
335.211448 384.800000 530.400000
336.212278 384.800000 431.600000
337.213459 384.800000 491.200000
338.213562 384.800000 491.200000
339.213625 384.800000 661.200000
340.213960 384.800000 463.200000
341.214519 384.800000 524.800000
342.215995 384.800000 543.600000
343.216154 384.800000 560.400000
344.216191 384.800000 504.400000
345.219946 384.800000 424.000000
346.220259 384.800000 487.600000
347.220376 384.800000 594.000000
348.220862 384.800000 429.600000
349.221322 384.800000 474.400000
350.221339 384.800000 487.600000
351.221533 384.800000 552.800000
352.221991 384.800000 502.400000
353.222356 384.800000 532.400000
354.223145 384.800000 543.600000
355.223440 384.800000 431.600000
356.223519 384.800000 521.200000
357.223738 384.800000 543.600000
358.223805 384.800000 504.400000
359.224015 384.800000 476.400000
360.225007 384.800000 577.200000
361.225156 384.800000 418.400000
362.225436 384.800000 463.200000
363.225904 384.800000 435.200000
364.226045 384.800000 571.600000
365.226478 384.800000 409.200000
366.226844 384.800000 459.600000
367.228079 384.800000 571.600000
368.229220 384.800000 452.000000
369.232387 384.800000 605.200000
370.232893 384.800000 538.000000
371.233109 384.800000 526.800000
372.233440 384.800000 487.600000
373.233498 384.800000 491.200000
374.234080 384.800000 446.400000
375.234335 384.800000 605.200000
376.234372 384.800000 459.600000
377.234712 384.800000 513.600000
378.235187 384.800000 480.000000
379.235384 384.800000 485.600000
380.235792 384.800000 474.400000
381.237121 384.800000 502.400000
382.237547 384.800000 452.000000
383.237808 384.800000 496.800000
384.238776 384.800000 480.000000
385.238856 384.800000 487.600000
386.239035 384.800000 470.800000
387.239325 384.800000 435.200000
388.239954 384.800000 465.200000
389.240540 384.800000 496.800000
390.241086 384.800000 468.800000
391.241866 384.800000 431.600000
392.242505 384.800000 424.000000
393.242561 384.800000 519.200000
394.243732 384.800000 526.800000
395.243930 384.800000 412.800000
396.244270 384.800000 521.200000
397.244482 384.800000 463.200000
398.244908 384.800000 519.200000
399.251312 384.800000 773.200000
400.253211 384.800000 711.600000
401.253505 384.800000 418.400000
402.253606 384.800000 498.800000
403.255392 384.800000 496.800000
404.255444 384.800000 487.600000
405.255824 384.800000 521.200000
406.255881 384.800000 526.800000
407.256675 384.800000 454.000000
408.256717 384.800000 566.000000
409.256827 384.800000 463.200000
410.256943 384.800000 480.000000
411.257482 384.800000 532.400000
412.258332 384.800000 468.800000
413.260524 384.800000 773.200000
414.260737 384.800000 554.800000
415.261280 384.800000 465.200000
416.261417 384.800000 424.000000
417.261624 384.800000 504.400000
418.262164 384.800000 622.000000
419.262233 384.800000 474.400000
420.262284 384.800000 431.600000
421.262428 384.800000 515.600000
422.262917 384.800000 442.800000
423.263336 384.800000 440.800000
424.263514 384.800000 519.200000
425.263720 384.800000 502.400000
426.264225 384.800000 524.800000
427.264842 384.800000 644.400000
428.265181 384.800000 543.600000
429.265583 384.800000 431.600000
430.266336 384.800000 672.400000
431.266666 384.800000 440.800000
432.266760 384.800000 493.200000
433.268446 384.800000 498.800000
434.269070 384.800000 474.400000
435.269422 384.800000 515.600000
436.270718 384.800000 750.800000
437.270740 384.800000 429.600000
438.271588 384.800000 485.600000
439.275004 384.800000 463.200000
440.275508 384.800000 661.200000
441.276307 384.800000 521.200000
442.277167 384.800000 463.200000
443.277681 384.800000 672.400000
444.277857 384.800000 538.000000
445.278224 384.800000 661.200000
446.278239 384.800000 424.000000
447.278635 384.800000 571.600000
448.279070 384.800000 396.000000
449.280080 384.800000 526.800000
450.280092 384.800000 446.400000
451.280552 384.800000 440.800000
452.280898 384.800000 390.400000
453.281182 384.800000 412.800000
454.281638 384.800000 412.800000
455.283942 384.800000 739.600000
456.284859 384.800000 435.200000
457.286650 384.800000 541.600000
458.286740 384.800000 412.800000
459.286986 384.800000 414.800000
460.286997 384.800000 510.000000
461.287058 384.800000 554.800000
462.287085 384.800000 468.800000
463.288243 384.800000 468.800000
464.288330 384.800000 459.600000
465.288731 384.800000 459.600000
466.288981 384.800000 437.200000
467.289006 384.800000 412.800000
468.289089 384.800000 521.200000
469.289168 384.800000 446.400000
470.289970 384.800000 440.800000
471.290053 384.800000 491.200000
472.291265 384.800000 543.600000
473.291508 384.800000 485.600000
474.291589 384.800000 524.800000
475.291871 384.800000 418.400000
476.291975 384.800000 502.400000
477.292099 384.800000 440.800000
478.295146 384.800000 465.200000
479.295494 384.800000 454.000000
480.295631 384.800000 566.000000
481.295858 384.800000 728.400000
482.295890 384.800000 582.800000
483.296321 384.800000 510.000000
484.296446 384.800000 480.000000
485.297320 384.800000 429.600000
486.298626 384.800000 773.200000
487.298806 384.800000 532.400000
488.298809 384.800000 482.000000
489.299437 384.800000 435.200000
490.299713 384.800000 482.000000
491.299774 384.800000 571.600000
492.300111 384.800000 493.200000
493.304194 384.800000 482.000000
494.304541 384.800000 560.400000
495.306214 384.800000 560.400000
496.307504 384.800000 437.200000
497.307671 384.800000 502.400000
498.308486 384.800000 508.000000
499.308851 384.800000 435.200000
500.308930 384.800000 510.000000
501.309848 384.800000 515.600000
502.309900 384.800000 454.000000
503.312655 384.800000 778.800000
504.312970 384.800000 412.800000
505.313087 384.800000 465.200000
506.313781 384.800000 468.800000
507.314878 384.800000 508.000000
508.320762 384.800000 773.200000
509.320935 384.800000 519.200000
510.321801 384.800000 502.400000
511.322033 384.800000 482.000000
512.322093 384.800000 463.200000
513.322492 384.800000 446.400000
514.322804 384.800000 452.000000
515.323049 384.800000 521.200000
516.323150 384.800000 412.800000
517.323195 384.800000 610.800000
518.323842 384.800000 480.000000
519.325791 384.800000 773.200000
520.328286 384.800000 582.800000
521.328349 384.800000 468.800000
522.328565 384.800000 424.000000
523.329092 384.800000 554.800000
524.329288 384.800000 446.400000
525.329415 384.800000 414.800000
526.329999 384.800000 435.200000
527.331879 384.800000 412.800000
528.332453 384.800000 463.200000
529.336820 384.800000 508.000000
530.337839 384.800000 407.200000
531.338068 384.800000 482.000000
532.339114 384.800000 482.000000
533.339628 384.800000 476.400000
534.341063 384.800000 560.400000
535.341101 384.800000 412.800000
536.341305 384.800000 480.000000
537.341606 384.800000 418.400000
538.341889 384.800000 485.600000
539.341889 384.800000 571.600000
540.342555 384.800000 465.200000
541.345816 384.800000 504.400000
542.346364 384.800000 482.000000
543.347020 384.800000 465.200000
544.347386 384.800000 476.400000
545.347545 384.800000 526.800000
546.347671 384.800000 661.200000
547.351996 384.800000 739.600000
548.352534 384.800000 457.600000
549.352971 384.800000 470.800000
550.353589 384.800000 655.600000
551.354143 384.800000 594.000000
552.354169 384.800000 418.400000
553.354656 384.800000 412.800000
554.354657 384.800000 524.800000
555.355305 384.800000 521.200000
556.355449 384.800000 491.200000
557.356463 384.800000 498.800000
558.356740 384.800000 622.000000
559.356816 384.800000 554.800000
560.365341 384.800000 666.800000
561.365447 384.800000 493.200000
562.365800 384.800000 543.600000
563.365889 384.800000 426.000000
564.366115 384.800000 592.000000
565.366529 384.800000 424.000000
566.366800 384.800000 560.400000
567.367075 384.800000 446.400000
568.370226 384.800000 474.400000
569.371025 384.800000 418.400000
570.371128 384.800000 530.400000
571.371165 384.800000 418.400000
572.371330 384.800000 412.800000
573.371469 384.800000 412.800000
574.371773 384.800000 513.600000
575.372777 384.800000 582.800000
576.379158 384.800000 773.200000
577.379409 384.800000 773.200000
578.379639 384.800000 418.400000
579.380063 384.800000 476.400000
580.380138 384.800000 412.800000
581.380227 384.800000 457.600000
582.381020 384.800000 521.200000
583.381052 384.800000 412.800000
584.381163 384.800000 504.400000
585.381250 384.800000 650.000000
586.383807 384.800000 435.200000
587.384031 384.800000 412.800000
588.384335 384.800000 446.400000
589.384574 384.800000 454.000000
590.384834 384.800000 448.400000
591.384983 384.800000 508.000000
592.385269 384.800000 666.800000
593.385291 384.800000 420.400000
594.385559 384.800000 418.400000
595.385579 384.800000 396.000000
596.385696 384.800000 538.000000
597.385784 384.800000 521.200000
598.386094 384.800000 446.400000
599.386611 384.800000 521.200000
600.387314 384.800000 515.600000
601.394252 384.800000 778.800000
602.395090 384.800000 463.200000
603.396279 384.800000 536.000000
604.398748 384.800000 778.800000
605.399259 384.800000 571.600000
606.399371 384.800000 560.400000
607.399417 384.800000 655.600000
608.399771 384.800000 491.200000
609.399896 384.800000 485.600000
610.400416 384.800000 407.200000
611.400914 384.800000 407.200000
612.401350 384.800000 448.400000
613.401594 384.800000 515.600000
614.401607 384.800000 543.600000
615.402046 384.800000 435.200000
616.402125 384.800000 485.600000
617.402224 384.800000 577.200000
618.402391 384.800000 435.200000
619.402727 384.800000 435.200000
620.403213 384.800000 498.800000
621.404102 384.800000 554.800000
622.404264 384.800000 496.800000
623.404821 384.800000 470.800000
624.404887 384.800000 431.600000
625.405150 384.800000 532.400000
626.405363 384.800000 566.000000
627.405900 384.800000 532.400000
628.406054 384.800000 457.600000
629.406828 384.800000 538.000000
630.408939 384.800000 431.600000
631.409035 384.800000 440.800000
632.409265 384.800000 414.800000
633.409501 384.800000 424.000000
634.409729 384.800000 666.800000
635.409889 384.800000 435.200000
636.410655 384.800000 459.600000
637.410680 384.800000 429.600000
638.410796 384.800000 412.800000
639.411039 384.800000 594.000000
640.412226 384.800000 510.000000
641.412638 384.800000 470.800000
642.412958 384.800000 435.200000
643.413725 384.800000 521.200000
644.413726 384.800000 515.600000
645.414304 384.800000 508.000000
646.415041 384.800000 504.400000
647.415116 384.800000 508.000000
648.415279 384.800000 566.000000
649.415476 384.800000 480.000000
650.415693 384.800000 493.200000
651.415709 384.800000 463.200000
652.416220 384.800000 482.000000
653.417477 384.800000 485.600000
654.418185 384.800000 510.000000
655.418253 384.800000 510.000000
656.419599 384.800000 502.400000
657.419607 384.800000 560.400000
658.419692 384.800000 457.600000
659.419847 384.800000 463.200000
660.420012 384.800000 521.200000
661.420248 384.800000 448.400000
662.422766 384.800000 560.400000
663.423046 384.800000 412.800000
664.423320 384.800000 547.200000
665.423490 384.800000 418.400000
666.424621 384.800000 750.800000
667.424638 384.800000 504.400000
668.426001 384.800000 448.400000
669.426223 384.800000 435.200000
670.426763 384.800000 496.800000
671.426932 384.800000 468.800000
672.427034 384.800000 412.800000
673.427272 384.800000 554.800000
674.429457 384.800000 446.400000
675.429724 384.800000 767.600000
676.429841 384.800000 418.400000
677.430578 384.800000 482.000000
678.430703 384.800000 538.000000
679.433871 384.800000 773.200000
680.434196 384.800000 530.400000
681.434485 384.800000 424.000000
682.434507 384.800000 446.400000
683.434731 384.800000 424.000000
684.439976 384.800000 767.600000
685.440488 384.800000 504.400000
686.440952 384.800000 582.800000
687.441045 384.800000 524.800000
688.441172 384.800000 519.200000
689.441274 384.800000 513.600000
690.441924 384.800000 418.400000
691.442125 384.800000 468.800000
692.442350 384.800000 482.000000
693.442674 384.800000 426.000000
694.442852 384.800000 435.200000
695.442992 384.800000 577.200000
696.443449 384.800000 588.400000
697.443629 384.800000 446.400000
698.443749 384.800000 482.000000
699.444572 384.800000 661.200000
700.445629 384.800000 496.800000
701.445866 384.800000 431.600000
702.446101 384.800000 493.200000
703.446166 384.800000 440.800000
704.446245 384.800000 424.000000
705.446263 384.800000 437.200000
706.447019 384.800000 470.800000
707.447472 384.800000 672.400000
708.447639 384.800000 480.000000
709.447901 384.800000 412.800000
710.448466 384.800000 442.800000
711.448496 384.800000 468.800000
712.449587 384.800000 401.600000
713.451234 384.800000 549.200000
714.451377 384.800000 440.800000
715.451592 384.800000 476.400000
716.451800 384.800000 655.600000
717.452694 384.800000 521.200000
718.453645 384.800000 762.000000
719.453900 384.800000 571.600000
720.454428 384.800000 429.600000
721.454700 384.800000 566.000000
722.455245 384.800000 515.600000
723.455699 384.800000 414.800000
724.461446 384.800000 739.600000
725.461488 384.800000 412.800000
726.472592 384.800000 778.800000
727.473016 384.800000 437.200000
728.473141 384.800000 526.800000
729.474720 384.800000 767.600000
730.475196 384.800000 560.400000
731.475354 384.800000 582.800000
732.478258 384.800000 767.600000
733.479426 384.800000 435.200000
734.479469 384.800000 440.800000
735.479919 384.800000 482.000000
736.480286 384.800000 435.200000
737.480972 384.800000 470.800000
738.481251 384.800000 543.600000
739.481389 384.800000 515.600000
740.481600 384.800000 487.600000
741.482085 384.800000 767.600000
742.482218 384.800000 487.600000
743.483022 384.800000 412.800000
744.483242 384.800000 521.200000
745.483367 384.800000 424.000000
746.484162 384.800000 412.800000
747.485891 384.800000 424.000000
748.485892 384.800000 468.800000
749.485960 384.800000 437.200000
750.486175 384.800000 582.800000
751.486795 384.800000 491.200000
752.487060 384.800000 571.600000
753.487560 384.800000 515.600000
754.488652 384.800000 412.800000
755.488847 384.800000 431.600000
756.489065 384.800000 440.800000
757.489306 384.800000 504.400000
758.490721 384.800000 513.600000
759.491004 384.800000 577.200000
760.491192 384.800000 519.200000
761.492005 384.800000 571.600000
762.492292 384.800000 412.800000
763.493209 384.800000 446.400000
764.493262 384.800000 498.800000
765.494447 384.800000 778.800000
766.494864 384.800000 426.000000
767.495530 384.800000 661.200000
768.495565 384.800000 459.600000
769.496393 384.800000 508.000000
770.496603 384.800000 496.800000
771.496777 384.800000 407.200000
772.497681 384.800000 582.800000
773.498204 384.800000 549.200000
774.498316 384.800000 498.800000
775.499705 384.800000 661.200000
776.502798 384.800000 773.200000
777.502881 384.800000 424.000000
778.503142 384.800000 739.600000
779.503167 384.800000 412.800000
780.503298 384.800000 515.600000
781.504258 384.800000 407.200000
782.504397 384.800000 468.800000
783.504647 384.800000 418.400000
784.505182 384.800000 407.200000
785.505203 384.800000 524.800000
786.507783 384.800000 655.600000
787.508337 384.800000 412.800000
788.508551 384.800000 605.200000
789.508794 384.800000 513.600000
790.509192 384.800000 487.600000
791.509586 384.800000 526.800000
792.509607 384.800000 482.000000
793.510206 384.800000 457.600000
794.510855 384.800000 407.200000
795.511041 384.800000 412.800000
796.511123 384.800000 538.000000
797.511920 384.800000 496.800000
798.511932 384.800000 465.200000
799.512029 384.800000 418.400000
