0.000366 71.200000 71.200000
1.000368 71.200000 71.200000
2.000368 71.200000 71.200000
3.000377 71.200000 71.200000
4.000377 71.200000 71.200000
5.000377 71.200000 71.200000
6.000384 71.200000 71.200000
7.000405 71.200000 71.200000
8.000405 71.200000 71.200000
9.000406 71.200000 71.200000
10.000409 71.200000 71.200000
11.000423 71.200000 71.200000
12.000438 71.200000 71.200000
13.000440 71.200000 71.200000
14.000440 71.200000 71.200000
15.000441 71.200000 71.200000
16.000443 71.200000 71.200000
17.000455 71.200000 71.200000
18.000461 71.200000 71.200000
19.000473 71.200000 71.200000
20.000482 71.200000 71.200000
21.000485 71.200000 71.200000
22.000485 71.200000 71.200000
23.000550 71.200000 71.200000
24.000554 71.200000 71.200000
25.000555 71.200000 71.200000
26.000555 71.200000 71.200000
27.000561 71.200000 71.200000
28.000562 71.200000 71.200000
29.000572 71.200000 71.200000
30.000577 71.200000 71.200000
31.000577 71.200000 71.200000
32.000581 71.200000 71.200000
33.000594 71.200000 71.200000
34.000594 71.200000 71.200000
35.000594 71.200000 71.200000
36.000598 71.200000 71.200000
37.000599 71.200000 71.200000
38.000599 71.200000 71.200000
39.000602 71.200000 71.200000
40.000605 71.200000 71.200000
41.000616 71.200000 71.200000
42.000619 71.200000 71.200000
43.000619 71.200000 71.200000
44.000620 71.200000 71.200000
45.000621 71.200000 71.200000
46.000634 71.200000 71.200000
47.000635 71.200000 71.200000
48.000635 71.200000 71.200000
49.000637 71.200000 71.200000
50.000659 71.200000 71.200000
51.000661 71.200000 71.200000
52.000663 71.200000 71.200000
53.000663 71.200000 71.200000
54.000666 71.200000 71.200000
55.000667 71.200000 71.200000
56.000670 71.200000 71.200000
57.000670 71.200000 71.200000
58.000671 71.200000 71.200000
59.000671 71.200000 71.200000
60.000674 71.200000 71.200000
61.000674 71.200000 71.200000
62.000674 71.200000 71.200000
63.000675 71.200000 71.200000
64.000675 71.200000 71.200000
65.000681 71.200000 71.200000
66.000685 71.200000 71.200000
67.000687 71.200000 71.200000
68.000688 71.200000 71.200000
69.000697 71.200000 71.200000
70.000697 71.200000 71.200000
71.000726 71.200000 71.200000
72.000728 71.200000 71.200000
73.000728 71.200000 71.200000
74.000728 71.200000 71.200000
75.000732 71.200000 71.200000
76.000737 71.200000 71.200000
77.000742 71.200000 71.200000
78.000742 71.200000 71.200000
79.000743 71.200000 71.200000
80.000746 71.200000 71.200000
81.000746 71.200000 71.200000
82.000747 71.200000 71.200000
83.000787 71.200000 71.200000
84.000787 71.200000 71.200000
85.000787 71.200000 71.200000
86.000788 71.200000 71.200000
87.000798 71.200000 71.200000
88.000798 71.200000 71.200000
89.000807 71.200000 71.200000
90.000807 71.200000 71.200000
91.000829 71.200000 71.200000
92.000829 71.200000 71.200000
93.000829 71.200000 71.200000
94.000836 71.200000 71.200000
95.000839 71.200000 71.200000
96.000845 71.200000 71.200000
97.000853 71.200000 71.200000
98.000853 71.200000 71.200000
99.000853 71.200000 71.200000
100.000853 71.200000 71.200000
101.000856 71.200000 71.200000
102.000856 71.200000 71.200000
103.000857 71.200000 71.200000
104.000857 71.200000 71.200000
105.000857 71.200000 71.200000
106.000862 71.200000 71.200000
107.000862 71.200000 71.200000
108.000868 71.200000 71.200000
109.000869 71.200000 71.200000
110.000874 71.200000 71.200000
111.000874 71.200000 71.200000
112.000875 71.200000 71.200000
113.000877 71.200000 71.200000
114.000884 71.200000 71.200000
115.000918 71.200000 71.200000
116.000920 71.200000 71.200000
117.000920 71.200000 71.200000
118.000923 71.200000 71.200000
119.000923 71.200000 71.200000
120.000924 71.200000 71.200000
121.000932 71.200000 71.200000
122.000935 71.200000 71.200000
123.000949 71.200000 71.200000
124.000994 71.200000 71.200000
125.000995 71.200000 71.200000
126.000995 71.200000 71.200000
127.001005 71.200000 71.200000
128.001006 71.200000 71.200000
129.001008 71.200000 71.200000
130.001009 71.200000 71.200000
131.001011 71.200000 71.200000
132.001024 71.200000 71.200000
133.001024 71.200000 71.200000
134.001027 71.200000 71.200000
135.001029 71.200000 71.200000
136.001041 71.200000 71.200000
137.001041 71.200000 71.200000
138.001042 71.200000 71.200000
139.001042 71.200000 71.200000
140.001048 71.200000 71.200000
141.001051 71.200000 71.200000
142.001051 71.200000 71.200000
143.001051 71.200000 71.200000
144.001055 71.200000 71.200000
145.001059 71.200000 71.200000
146.001059 71.200000 71.200000
147.001061 71.200000 71.200000
148.001065 71.200000 71.200000
149.001065 71.200000 71.200000
150.001065 71.200000 71.200000
151.001066 71.200000 71.200000
152.001067 71.200000 71.200000
153.001080 71.200000 71.200000
154.001091 71.200000 71.200000
155.001104 71.200000 71.200000
156.001104 71.200000 71.200000
157.001106 71.200000 71.200000
158.001109 71.200000 71.200000
159.001110 71.200000 71.200000
160.001121 71.200000 71.200000
161.001121 71.200000 71.200000
162.001129 71.200000 71.200000
163.001131 71.200000 71.200000
164.001132 71.200000 71.200000
165.001140 71.200000 71.200000
166.001144 71.200000 71.200000
167.001151 71.200000 71.200000
168.001155 71.200000 71.200000
169.001156 71.200000 71.200000
170.001170 71.200000 71.200000
171.001171 71.200000 71.200000
172.001180 71.200000 71.200000
173.001180 71.200000 71.200000
174.001180 71.200000 71.200000
175.001190 71.200000 71.200000
176.001190 71.200000 71.200000
177.001191 71.200000 71.200000
178.001191 71.200000 71.200000
179.001193 71.200000 71.200000
180.001194 71.200000 71.200000
181.001194 71.200000 71.200000
182.001196 71.200000 71.200000
183.001199 71.200000 71.200000
184.001227 71.200000 71.200000
185.001229 71.200000 71.200000
186.001232 71.200000 71.200000
187.001233 71.200000 71.200000
188.001233 71.200000 71.200000
189.001233 71.200000 71.200000
190.001234 71.200000 71.200000
191.001289 71.200000 71.200000
192.001289 71.200000 71.200000
193.001301 71.200000 71.200000
194.001301 71.200000 71.200000
195.001305 71.200000 71.200000
196.001308 71.200000 71.200000
197.001314 71.200000 71.200000
198.001322 71.200000 71.200000
199.001325 71.200000 71.200000
200.001327 71.200000 71.200000
201.001336 71.200000 71.200000
202.001348 71.200000 71.200000
203.001357 71.200000 71.200000
204.001359 71.200000 71.200000
205.001369 71.200000 71.200000
206.001372 71.200000 71.200000
207.001372 71.200000 71.200000
208.001373 71.200000 71.200000
209.001374 71.200000 71.200000
210.001374 71.200000 71.200000
211.001385 71.200000 71.200000
212.001386 71.200000 71.200000
213.001390 71.200000 71.200000
214.001392 71.200000 71.200000
215.001392 71.200000 71.200000
216.001392 71.200000 71.200000
217.001394 71.200000 71.200000
218.001399 71.200000 71.200000
219.001417 71.200000 71.200000
220.001430 71.200000 71.200000
221.001430 71.200000 71.200000
222.001430 71.200000 71.200000
223.001433 71.200000 71.200000
224.001434 71.200000 71.200000
225.001437 71.200000 71.200000
226.001442 71.200000 71.200000
227.001442 71.200000 71.200000
228.001477 71.200000 71.200000
229.001478 71.200000 71.200000
230.001478 71.200000 71.200000
231.001482 71.200000 71.200000
232.001482 71.200000 71.200000
233.001486 71.200000 71.200000
234.001490 71.200000 71.200000
235.001496 71.200000 71.200000
236.001496 71.200000 71.200000
237.001496 71.200000 71.200000
238.001496 71.200000 71.200000
239.001506 71.200000 71.200000
240.001508 71.200000 71.200000
241.001509 71.200000 71.200000
242.001509 71.200000 71.200000
243.001509 71.200000 71.200000
244.001510 71.200000 71.200000
245.001518 71.200000 71.200000
246.001520 71.200000 71.200000
247.001522 71.200000 71.200000
248.001527 71.200000 71.200000
249.001537 71.200000 71.200000
250.001538 71.200000 71.200000
251.001538 71.200000 71.200000
252.001538 71.200000 71.200000
253.001538 71.200000 71.200000
254.001540 71.200000 71.200000
255.001554 71.200000 71.200000
256.001554 71.200000 71.200000
257.001561 71.200000 71.200000
258.001561 71.200000 71.200000
259.001587 71.200000 71.200000
260.001590 71.200000 71.200000
261.001597 71.200000 71.200000
262.001638 71.200000 71.200000
263.001638 71.200000 71.200000
264.001640 71.200000 71.200000
265.001642 71.200000 71.200000
266.001642 71.200000 71.200000
267.001652 71.200000 71.200000
268.001652 71.200000 71.200000
269.001652 71.200000 71.200000
270.001654 71.200000 71.200000
271.001681 71.200000 71.200000
272.001687 71.200000 71.200000
273.001688 71.200000 71.200000
274.001689 71.200000 71.200000
275.001692 71.200000 71.200000
276.001696 71.200000 71.200000
277.001697 71.200000 71.200000
278.001705 71.200000 71.200000
279.001705 71.200000 71.200000
280.001720 71.200000 71.200000
281.001722 71.200000 71.200000
282.001722 71.200000 71.200000
283.001724 71.200000 71.200000
284.001724 71.200000 71.200000
285.001726 71.200000 71.200000
286.001738 71.200000 71.200000
287.001740 71.200000 71.200000
288.001747 71.200000 71.200000
289.001747 71.200000 71.200000
290.001755 71.200000 71.200000
291.001761 71.200000 71.200000
292.001761 71.200000 71.200000
293.001764 71.200000 71.200000
294.001765 71.200000 71.200000
295.001765 71.200000 71.200000
296.001768 71.200000 71.200000
297.001768 71.200000 71.200000
298.001779 71.200000 71.200000
299.001829 71.200000 71.200000
300.001830 71.200000 71.200000
301.001840 71.200000 71.200000
302.001884 71.200000 71.200000
303.001892 71.200000 71.200000
304.001892 71.200000 71.200000
305.001901 71.200000 71.200000
306.001901 71.200000 71.200000
307.001901 71.200000 71.200000
308.001901 71.200000 71.200000
309.001905 71.200000 71.200000
310.001908 71.200000 71.200000
311.001913 71.200000 71.200000
312.001923 71.200000 71.200000
313.001930 71.200000 71.200000
314.001974 71.200000 71.200000
315.001977 71.200000 71.200000
316.001977 71.200000 71.200000
317.001979 71.200000 71.200000
318.001979 71.200000 71.200000
319.001980 71.200000 71.200000
320.001981 71.200000 71.200000
321.001990 71.200000 71.200000
322.001994 71.200000 71.200000
323.001997 71.200000 71.200000
324.001999 71.200000 71.200000
325.001999 71.200000 71.200000
326.002008 71.200000 71.200000
327.002009 71.200000 71.200000
328.002009 71.200000 71.200000
329.002010 71.200000 71.200000
330.002011 71.200000 71.200000
331.002012 71.200000 71.200000
332.002012 71.200000 71.200000
333.002012 71.200000 71.200000
334.002022 71.200000 71.200000
335.002022 71.200000 71.200000
336.002023 71.200000 71.200000
337.002037 71.200000 71.200000
338.002038 71.200000 71.200000
339.002050 71.200000 71.200000
340.002051 71.200000 71.200000
341.002059 71.200000 71.200000
342.002060 71.200000 71.200000
343.002084 71.200000 71.200000
344.002084 71.200000 71.200000
345.002086 71.200000 71.200000
346.002092 71.200000 71.200000
347.002105 71.200000 71.200000
348.002105 71.200000 71.200000
349.002105 71.200000 71.200000
350.002106 71.200000 71.200000
351.002106 71.200000 71.200000
352.002108 71.200000 71.200000
353.002111 71.200000 71.200000
354.002112 71.200000 71.200000
355.002115 71.200000 71.200000
356.002127 71.200000 71.200000
357.002135 71.200000 71.200000
358.002144 71.200000 71.200000
359.002146 71.200000 71.200000
360.002157 71.200000 71.200000
361.002159 71.200000 71.200000
362.002159 71.200000 71.200000
363.002165 71.200000 71.200000
364.002166 71.200000 71.200000
365.002173 71.200000 71.200000
366.002179 71.200000 71.200000
367.002191 71.200000 71.200000
368.002193 71.200000 71.200000
369.002196 71.200000 71.200000
370.002196 71.200000 71.200000
371.002208 71.200000 71.200000
372.002214 71.200000 71.200000
373.002215 71.200000 71.200000
374.002215 71.200000 71.200000
375.002224 71.200000 71.200000
376.002224 71.200000 71.200000
377.002229 71.200000 71.200000
378.002268 71.200000 71.200000
379.002268 71.200000 71.200000
380.002271 71.200000 71.200000
381.002272 71.200000 71.200000
382.002276 71.200000 71.200000
383.002291 71.200000 71.200000
384.002291 71.200000 71.200000
385.002291 71.200000 71.200000
386.002319 71.200000 71.200000
387.002320 71.200000 71.200000
388.002320 71.200000 71.200000
389.002320 71.200000 71.200000
390.002320 71.200000 71.200000
391.002320 71.200000 71.200000
392.002324 71.200000 71.200000
393.002325 71.200000 71.200000
394.002326 71.200000 71.200000
395.002328 71.200000 71.200000
396.002328 71.200000 71.200000
397.002328 71.200000 71.200000
398.002334 71.200000 71.200000
399.002334 71.200000 71.200000
400.002335 71.200000 71.200000
401.002340 71.200000 71.200000
402.002340 71.200000 71.200000
403.002341 71.200000 71.200000
404.002344 71.200000 71.200000
405.002354 71.200000 71.200000
406.002354 71.200000 71.200000
407.002363 71.200000 71.200000
408.002368 71.200000 71.200000
409.002374 71.200000 71.200000
410.002374 71.200000 71.200000
411.002374 71.200000 71.200000
412.002374 71.200000 71.200000
413.002377 71.200000 71.200000
414.002377 71.200000 71.200000
415.002384 71.200000 71.200000
416.002384 71.200000 71.200000
417.002389 71.200000 71.200000
418.002394 71.200000 71.200000
419.002394 71.200000 71.200000
420.002397 71.200000 71.200000
421.002407 71.200000 71.200000
422.002407 71.200000 71.200000
423.002410 71.200000 71.200000
424.002422 71.200000 71.200000
425.002429 71.200000 71.200000
426.002430 71.200000 71.200000
427.002444 71.200000 71.200000
428.002455 71.200000 71.200000
429.002466 71.200000 71.200000
430.002466 71.200000 71.200000
431.002472 71.200000 71.200000
432.002480 71.200000 71.200000
433.002504 71.200000 71.200000
434.002504 71.200000 71.200000
435.002504 71.200000 71.200000
436.002506 71.200000 71.200000
437.002508 71.200000 71.200000
438.002509 71.200000 71.200000
439.002517 71.200000 71.200000
440.002519 71.200000 71.200000
441.002526 71.200000 71.200000
442.002539 71.200000 71.200000
443.002543 71.200000 71.200000
444.002548 71.200000 71.200000
445.002554 71.200000 71.200000
446.002556 71.200000 71.200000
447.002617 71.200000 71.200000
448.002619 71.200000 71.200000
449.002620 71.200000 71.200000
450.002620 71.200000 71.200000
451.002620 71.200000 71.200000
452.002622 71.200000 71.200000
453.002622 71.200000 71.200000
454.002627 71.200000 71.200000
455.002630 71.200000 71.200000
456.002631 71.200000 71.200000
457.002642 71.200000 71.200000
458.002642 71.200000 71.200000
459.002643 71.200000 71.200000
460.002652 71.200000 71.200000
461.002686 71.200000 71.200000
462.002696 71.200000 71.200000
463.002697 71.200000 71.200000
464.002697 71.200000 71.200000
465.002698 71.200000 71.200000
466.002746 71.200000 71.200000
467.002746 71.200000 71.200000
468.002750 71.200000 71.200000
469.002750 71.200000 71.200000
470.002807 71.200000 71.200000
471.002818 71.200000 71.200000
472.002820 71.200000 71.200000
473.002821 71.200000 71.200000
474.002821 71.200000 71.200000
475.002831 71.200000 71.200000
476.002832 71.200000 71.200000
477.002832 71.200000 71.200000
478.002835 71.200000 71.200000
479.002839 71.200000 71.200000
480.002841 71.200000 71.200000
481.002849 71.200000 71.200000
482.002849 71.200000 71.200000
483.002849 71.200000 71.200000
484.002882 71.200000 71.200000
485.002883 71.200000 71.200000
486.002883 71.200000 71.200000
487.002896 71.200000 71.200000
488.002907 71.200000 71.200000
489.002908 71.200000 71.200000
490.002909 71.200000 71.200000
491.002910 71.200000 71.200000
492.002911 71.200000 71.200000
493.002912 71.200000 71.200000
494.002912 71.200000 71.200000
495.002912 71.200000 71.200000
496.002912 71.200000 71.200000
497.002912 71.200000 71.200000
498.002923 71.200000 71.200000
499.002926 71.200000 71.200000
500.002927 71.200000 71.200000
501.002927 71.200000 71.200000
502.002927 71.200000 71.200000
503.002927 71.200000 71.200000
504.002929 71.200000 71.200000
505.002935 71.200000 71.200000
506.002938 71.200000 71.200000
507.002938 71.200000 71.200000
508.002939 71.200000 71.200000
509.002941 71.200000 71.200000
510.002942 71.200000 71.200000
511.002943 71.200000 71.200000
512.002947 71.200000 71.200000
513.002988 71.200000 71.200000
514.002994 71.200000 71.200000
515.003034 71.200000 71.200000
516.003035 71.200000 71.200000
517.003049 71.200000 71.200000
518.003071 71.200000 71.200000
519.003084 71.200000 71.200000
520.003092 71.200000 71.200000
521.003092 71.200000 71.200000
522.003092 71.200000 71.200000
523.003101 71.200000 71.200000
524.003104 71.200000 71.200000
525.003111 71.200000 71.200000
526.003112 71.200000 71.200000
527.003113 71.200000 71.200000
528.003113 71.200000 71.200000
529.003113 71.200000 71.200000
530.003114 71.200000 71.200000
531.003114 71.200000 71.200000
532.003115 71.200000 71.200000
533.003117 71.200000 71.200000
534.003121 71.200000 71.200000
535.003129 71.200000 71.200000
536.003129 71.200000 71.200000
537.003131 71.200000 71.200000
538.003131 71.200000 71.200000
539.003153 71.200000 71.200000
540.003154 71.200000 71.200000
541.003154 71.200000 71.200000
542.003166 71.200000 71.200000
543.003170 71.200000 71.200000
544.003183 71.200000 71.200000
545.003183 71.200000 71.200000
546.003192 71.200000 71.200000
547.003192 71.200000 71.200000
548.003202 71.200000 71.200000
549.003204 71.200000 71.200000
550.003206 71.200000 71.200000
551.003206 71.200000 71.200000
552.003209 71.200000 71.200000
553.003212 71.200000 71.200000
554.003212 71.200000 71.200000
555.003221 71.200000 71.200000
556.003221 71.200000 71.200000
557.003224 71.200000 71.200000
558.003225 71.200000 71.200000
559.003225 71.200000 71.200000
560.003230 71.200000 71.200000
561.003234 71.200000 71.200000
562.003238 71.200000 71.200000
563.003243 71.200000 71.200000
564.003248 71.200000 71.200000
565.003255 71.200000 71.200000
566.003259 71.200000 71.200000
567.003260 71.200000 71.200000
568.003261 71.200000 71.200000
569.003261 71.200000 71.200000
570.003263 71.200000 71.200000
571.003265 71.200000 71.200000
572.003281 71.200000 71.200000
573.003284 71.200000 71.200000
574.003284 71.200000 71.200000
575.003287 71.200000 71.200000
576.003289 71.200000 71.200000
577.003292 71.200000 71.200000
578.003295 71.200000 71.200000
579.003295 71.200000 71.200000
580.003296 71.200000 71.200000
581.003296 71.200000 71.200000
582.003296 71.200000 71.200000
583.003297 71.200000 71.200000
584.003307 71.200000 71.200000
585.003307 71.200000 71.200000
586.003317 71.200000 71.200000
587.003329 71.200000 71.200000
588.003334 71.200000 71.200000
589.003346 71.200000 71.200000
590.003348 71.200000 71.200000
591.003348 71.200000 71.200000
592.003348 71.200000 71.200000
593.003348 71.200000 71.200000
594.003362 71.200000 71.200000
595.003363 71.200000 71.200000
596.003363 71.200000 71.200000
597.003363 71.200000 71.200000
598.003364 71.200000 71.200000
599.003368 71.200000 71.200000
600.003368 71.200000 71.200000
601.003404 71.200000 71.200000
602.003404 71.200000 71.200000
603.003404 71.200000 71.200000
604.003407 71.200000 71.200000
605.003439 71.200000 71.200000
606.003439 71.200000 71.200000
607.003443 71.200000 71.200000
608.003443 71.200000 71.200000
609.003448 71.200000 71.200000
610.003448 71.200000 71.200000
611.003448 71.200000 71.200000
612.003449 71.200000 71.200000
613.003451 71.200000 71.200000
614.003455 71.200000 71.200000
615.003455 71.200000 71.200000
616.003456 71.200000 71.200000
617.003456 71.200000 71.200000
618.003468 71.200000 71.200000
619.003469 71.200000 71.200000
620.003471 71.200000 71.200000
621.003472 71.200000 71.200000
622.003476 71.200000 71.200000
623.003477 71.200000 71.200000
624.003486 71.200000 71.200000
625.003542 71.200000 71.200000
626.003545 71.200000 71.200000
627.003545 71.200000 71.200000
628.003549 71.200000 71.200000
629.003549 71.200000 71.200000
630.003559 71.200000 71.200000
631.003560 71.200000 71.200000
632.003564 71.200000 71.200000
633.003599 71.200000 71.200000
634.003606 71.200000 71.200000
635.003610 71.200000 71.200000
636.003613 71.200000 71.200000
637.003613 71.200000 71.200000
638.003614 71.200000 71.200000
639.003614 71.200000 71.200000
640.003625 71.200000 71.200000
641.003627 71.200000 71.200000
642.003628 71.200000 71.200000
643.003630 71.200000 71.200000
644.003633 71.200000 71.200000
645.003634 71.200000 71.200000
646.003635 71.200000 71.200000
647.003638 71.200000 71.200000
648.003640 71.200000 71.200000
649.003640 71.200000 71.200000
650.003640 71.200000 71.200000
651.003640 71.200000 71.200000
652.003649 71.200000 71.200000
653.003660 71.200000 71.200000
654.003661 71.200000 71.200000
655.003662 71.200000 71.200000
656.003663 71.200000 71.200000
657.003666 71.200000 71.200000
658.003666 71.200000 71.200000
659.003675 71.200000 71.200000
660.003675 71.200000 71.200000
661.003687 71.200000 71.200000
662.003687 71.200000 71.200000
663.003688 71.200000 71.200000
664.003692 71.200000 71.200000
665.003706 71.200000 71.200000
666.003713 71.200000 71.200000
667.003713 71.200000 71.200000
668.003715 71.200000 71.200000
669.003715 71.200000 71.200000
670.003715 71.200000 71.200000
671.003716 71.200000 71.200000
672.003721 71.200000 71.200000
673.003723 71.200000 71.200000
674.003723 71.200000 71.200000
675.003736 71.200000 71.200000
676.003744 71.200000 71.200000
677.003744 71.200000 71.200000
678.003751 71.200000 71.200000
679.003755 71.200000 71.200000
680.003760 71.200000 71.200000
681.003762 71.200000 71.200000
682.003762 71.200000 71.200000
683.003775 71.200000 71.200000
684.003775 71.200000 71.200000
685.003776 71.200000 71.200000
686.003782 71.200000 71.200000
687.003785 71.200000 71.200000
688.003788 71.200000 71.200000
689.003791 71.200000 71.200000
690.003791 71.200000 71.200000
691.003791 71.200000 71.200000
692.003791 71.200000 71.200000
693.003791 71.200000 71.200000
694.003825 71.200000 71.200000
695.003828 71.200000 71.200000
696.003833 71.200000 71.200000
697.003835 71.200000 71.200000
698.003836 71.200000 71.200000
699.003843 71.200000 71.200000
700.003848 71.200000 71.200000
701.003848 71.200000 71.200000
702.003909 71.200000 71.200000
703.003909 71.200000 71.200000
704.003909 71.200000 71.200000
705.003914 71.200000 71.200000
706.003914 71.200000 71.200000
707.003921 71.200000 71.200000
708.003926 71.200000 71.200000
709.003930 71.200000 71.200000
710.003930 71.200000 71.200000
711.003935 71.200000 71.200000
712.003938 71.200000 71.200000
713.003948 71.200000 71.200000
714.003948 71.200000 71.200000
715.003948 71.200000 71.200000
716.003969 71.200000 71.200000
717.003971 71.200000 71.200000
718.003972 71.200000 71.200000
719.003976 71.200000 71.200000
720.003976 71.200000 71.200000
721.004036 71.200000 71.200000
722.004047 71.200000 71.200000
723.004048 71.200000 71.200000
724.004050 71.200000 71.200000
725.004054 71.200000 71.200000
726.004064 71.200000 71.200000
727.004065 71.200000 71.200000
728.004065 71.200000 71.200000
729.004078 71.200000 71.200000
730.004079 71.200000 71.200000
731.004104 71.200000 71.200000
732.004107 71.200000 71.200000
733.004108 71.200000 71.200000
734.004111 71.200000 71.200000
735.004118 71.200000 71.200000
736.004118 71.200000 71.200000
737.004124 71.200000 71.200000
738.004130 71.200000 71.200000
739.004133 71.200000 71.200000
740.004138 71.200000 71.200000
741.004138 71.200000 71.200000
742.004138 71.200000 71.200000
743.004141 71.200000 71.200000
744.004141 71.200000 71.200000
745.004141 71.200000 71.200000
746.004142 71.200000 71.200000
747.004142 71.200000 71.200000
748.004149 71.200000 71.200000
749.004180 71.200000 71.200000
750.004181 71.200000 71.200000
751.004181 71.200000 71.200000
752.004227 71.200000 71.200000
753.004229 71.200000 71.200000
754.004233 71.200000 71.200000
755.004233 71.200000 71.200000
756.004237 71.200000 71.200000
757.004239 71.200000 71.200000
758.004250 71.200000 71.200000
759.004256 71.200000 71.200000
760.004257 71.200000 71.200000
761.004301 71.200000 71.200000
762.004303 71.200000 71.200000
763.004363 71.200000 71.200000
764.004429 71.200000 71.200000
765.004450 71.200000 71.200000
766.004457 71.200000 71.200000
767.004459 71.200000 71.200000
768.004467 71.200000 71.200000
769.004469 71.200000 71.200000
770.004469 71.200000 71.200000
771.004469 71.200000 71.200000
772.004470 71.200000 71.200000
773.004471 71.200000 71.200000
774.004475 71.200000 71.200000
775.004485 71.200000 71.200000
776.004485 71.200000 71.200000
777.004487 71.200000 71.200000
778.004518 71.200000 71.200000
779.004523 71.200000 71.200000
780.004525 71.200000 71.200000
781.004527 71.200000 71.200000
782.004527 71.200000 71.200000
783.004528 71.200000 71.200000
784.004538 71.200000 71.200000
785.004538 71.200000 71.200000
786.004539 71.200000 71.200000
787.004543 71.200000 71.200000
788.004601 71.200000 71.200000
789.004601 71.200000 71.200000
790.004602 71.200000 71.200000
791.004607 71.200000 71.200000
792.004609 71.200000 71.200000
793.004610 71.200000 71.200000
794.004610 71.200000 71.200000
795.004613 71.200000 71.200000
796.004617 71.200000 71.200000
797.004685 71.200000 71.200000
798.004690 71.200000 71.200000
799.004691 71.200000 71.200000
