0.218604 581.200000 581.200000
1.218777 556.800000 556.800000
2.225040 551.200000 551.200000
3.231351 540.000000 540.000000
4.235363 526.800000 526.800000
5.301262 523.200000 523.200000
6.302036 517.600000 517.600000
7.314256 515.600000 515.600000
8.333137 512.000000 512.000000
9.350464 512.000000 512.000000
10.371102 510.000000 510.000000
11.408233 504.400000 504.400000
12.419904 500.800000 500.800000
13.442531 500.800000 500.800000
14.448611 500.800000 500.800000
15.453605 498.800000 498.800000
16.463859 498.800000 498.800000
17.482032 495.200000 495.200000
18.497261 495.200000 495.200000
19.518104 495.200000 495.200000
20.530478 489.600000 489.600000
21.535470 487.600000 487.600000
22.543234 484.000000 484.000000
23.550946 482.000000 482.000000
24.573937 478.400000 478.400000
25.579255 478.400000 478.400000
26.596084 476.400000 476.400000
27.602164 472.800000 472.800000
28.645451 470.800000 470.800000
29.658771 470.800000 470.800000
30.670305 465.200000 465.200000
31.672527 465.200000 465.200000
32.690493 465.200000 465.200000
33.711683 465.200000 579.200000
34.719458 465.200000 568.000000
35.740892 465.200000 562.400000
36.746579 465.200000 556.800000
37.770250 465.200000 556.800000
38.774153 465.200000 573.600000
39.795183 465.200000 568.000000
40.875637 465.200000 562.400000
41.900395 465.200000 562.400000
42.923508 465.200000 562.400000
43.951602 465.200000 556.800000
44.975398 465.200000 556.800000
46.004509 465.200000 556.800000
47.027996 465.200000 554.800000
48.065150 465.200000 554.800000
49.100513 465.200000 551.200000
50.110075 465.200000 545.600000
51.128989 465.200000 545.600000
52.166981 465.200000 545.600000
53.182344 465.200000 540.000000
54.202308 465.200000 540.000000
55.207360 465.200000 534.400000
56.214423 465.200000 528.800000
57.244792 465.200000 526.800000
58.258157 465.200000 521.200000
59.291114 465.200000 521.200000
60.298704 465.200000 517.600000
61.328103 465.200000 517.600000
62.357457 465.200000 515.600000
63.388328 465.200000 512.000000
64.411208 465.200000 512.000000
65.416775 465.200000 512.000000
66.430414 465.200000 512.000000
67.459881 465.200000 512.000000
68.465890 465.200000 510.000000
69.476652 465.200000 506.400000
70.483638 465.200000 504.400000
71.510266 465.200000 500.800000
72.551443 465.200000 495.200000
73.604217 465.200000 489.600000
74.640105 465.200000 487.600000
75.647579 465.200000 487.600000
76.651461 465.200000 484.000000
77.673278 465.200000 482.000000
78.699376 465.200000 478.400000
79.727856 465.200000 478.400000
80.768035 465.200000 478.400000
81.772516 465.200000 478.400000
82.967754 465.200000 652.000000
83.999837 465.200000 573.600000
85.029481 465.200000 570.000000
86.061555 465.200000 570.000000
87.084437 465.200000 564.400000
88.089087 465.200000 556.800000
89.091166 465.200000 556.800000
90.106210 465.200000 556.800000
91.120103 465.200000 556.800000
92.251121 465.200000 601.600000
93.314543 465.200000 570.000000
94.350643 465.200000 568.000000
95.357885 465.200000 568.000000
96.382438 465.200000 566.000000
97.390695 465.200000 562.400000
98.472588 465.200000 560.400000
99.479029 465.200000 556.800000
100.485356 465.200000 556.800000
101.508072 465.200000 556.800000
102.532009 465.200000 554.800000
103.537211 465.200000 554.800000
104.538951 465.200000 554.800000
105.550582 465.200000 549.200000
106.585186 465.200000 548.000000
107.589108 465.200000 545.600000
108.601416 465.200000 545.600000
109.631558 465.200000 545.600000
110.644715 465.200000 540.000000
111.665911 465.200000 540.000000
112.672384 465.200000 538.000000
113.696323 465.200000 534.400000
114.696666 465.200000 534.400000
115.715688 465.200000 534.400000
116.717073 465.200000 534.400000
117.743353 465.200000 573.600000
118.751696 465.200000 562.400000
119.753044 465.200000 521.600000
120.759384 465.200000 521.600000
121.770810 465.200000 521.600000
122.796783 465.200000 521.600000
123.825282 465.200000 570.000000
124.832718 465.200000 562.400000
125.934994 465.200000 556.800000
126.952935 465.200000 556.800000
127.978382 465.200000 556.800000
128.980681 465.200000 556.800000
129.984160 465.200000 551.200000
131.000597 465.200000 545.600000
132.019331 465.200000 545.600000
133.032090 465.200000 540.000000
134.059243 465.200000 540.000000
135.069489 465.200000 540.000000
136.087529 465.200000 540.000000
137.088731 465.200000 568.000000
138.105774 465.200000 568.000000
139.114860 465.200000 562.400000
140.143511 465.200000 562.400000
141.143621 465.200000 556.800000
142.151129 465.200000 556.800000
143.226952 465.200000 551.200000
144.233615 465.200000 551.200000
145.260981 465.200000 551.200000
146.268212 465.200000 545.600000
147.289822 465.200000 545.600000
148.317962 465.200000 545.600000
149.358948 465.200000 540.000000
150.360621 465.200000 540.000000
151.364578 465.200000 534.400000
152.380872 465.200000 528.800000
153.383065 465.200000 526.800000
154.387857 465.200000 523.200000
155.404029 465.200000 523.200000
156.412175 465.200000 517.600000
157.420061 465.200000 512.000000
158.444084 465.200000 512.000000
159.454567 465.200000 512.000000
160.611122 465.200000 575.600000
161.629563 465.200000 568.000000
162.637998 465.200000 566.000000
163.655036 465.200000 566.000000
164.692969 465.200000 564.400000
165.702962 465.200000 556.800000
166.720203 465.200000 556.800000
167.775265 465.200000 551.200000
168.777738 465.200000 551.200000
169.789308 465.200000 545.600000
170.807146 465.200000 545.600000
171.831737 465.200000 545.600000
172.840473 465.200000 545.600000
173.868293 465.200000 540.000000
174.874922 465.200000 534.400000
175.889835 465.200000 534.400000
176.902636 465.200000 534.400000
177.916395 465.200000 573.600000
178.930995 465.200000 562.400000
179.947830 465.200000 562.400000
180.977330 465.200000 562.400000
181.992521 465.200000 562.400000
182.997244 465.200000 568.000000
184.007617 465.200000 562.400000
185.049170 465.200000 558.800000
186.080197 465.200000 556.800000
187.087209 465.200000 556.800000
188.095357 465.200000 551.200000
189.113205 465.200000 551.200000
190.122064 465.200000 545.600000
191.129838 465.200000 545.600000
192.151643 465.200000 543.600000
193.170699 465.200000 540.000000
194.189068 465.200000 534.400000
195.195612 465.200000 528.800000
196.202116 465.200000 528.800000
197.215835 465.200000 528.800000
198.231863 465.200000 573.600000
199.235897 465.200000 568.000000
200.256364 465.200000 562.400000
201.256650 465.200000 556.800000
202.264131 465.200000 556.800000
203.275937 465.200000 554.800000
204.301884 465.200000 554.800000
205.314301 465.200000 551.200000
206.325880 465.200000 551.200000
207.334941 465.200000 540.000000
208.348413 465.200000 540.000000
209.384069 465.200000 538.000000
210.386006 465.200000 534.400000
211.410339 465.200000 534.400000
212.415772 465.200000 532.400000
213.430323 465.200000 528.800000
214.438700 465.200000 526.800000
215.440206 465.200000 523.200000
216.447977 465.200000 523.200000
217.462198 465.200000 573.600000
218.483243 465.200000 556.800000
219.499026 465.200000 556.800000
220.516930 465.200000 573.600000
221.518160 465.200000 556.800000
222.519316 465.200000 551.200000
223.531749 465.200000 551.200000
224.533781 465.200000 551.200000
225.548029 465.200000 571.600000
226.573226 465.200000 568.000000
227.593047 465.200000 568.000000
228.597973 465.200000 568.000000
229.692460 465.200000 573.600000
230.703240 465.200000 566.000000
231.716140 465.200000 562.400000
232.738767 465.200000 556.800000
233.759801 465.200000 556.800000
234.762788 465.200000 556.800000
235.766605 465.200000 553.200000
236.781319 465.200000 549.200000
237.794263 465.200000 549.200000
238.811820 465.200000 579.200000
239.813278 465.200000 562.400000
240.829662 465.200000 560.400000
241.840121 465.200000 556.800000
242.846708 465.200000 556.800000
243.851045 465.200000 573.600000
244.862920 465.200000 573.600000
245.875393 465.200000 568.000000
246.878485 465.200000 562.400000
247.898270 465.200000 556.800000
248.914306 465.200000 556.800000
249.920429 465.200000 556.800000
250.954793 465.200000 551.200000
251.974756 465.200000 545.600000
252.979385 465.200000 540.000000
253.998993 465.200000 534.400000
255.030026 465.200000 534.400000
256.244905 465.200000 579.200000
257.268647 465.200000 568.000000
258.285431 465.200000 556.800000
259.289684 465.200000 556.800000
260.298526 465.200000 556.800000
261.300520 465.200000 556.800000
262.319643 465.200000 568.000000
263.324846 465.200000 551.200000
264.336597 465.200000 551.200000
265.352330 465.200000 551.200000
266.355455 465.200000 562.400000
267.374962 465.200000 562.400000
268.401291 465.200000 562.400000
269.422960 465.200000 607.200000
270.431327 465.200000 573.600000
271.437596 465.200000 564.400000
272.441701 465.200000 562.400000
273.443588 465.200000 560.400000
274.448823 465.200000 556.800000
275.454778 465.200000 556.800000
276.459250 465.200000 551.200000
277.481585 465.200000 551.200000
278.491143 465.200000 545.600000
279.564877 465.200000 538.000000
280.570510 465.200000 534.400000
281.577911 465.200000 528.800000
282.592276 465.200000 528.800000
283.609580 465.200000 528.800000
284.635053 465.200000 528.800000
285.639551 465.200000 568.000000
286.655159 465.200000 568.000000
287.660287 465.200000 562.400000
288.669961 465.200000 558.800000
289.695914 465.200000 556.800000
290.712619 465.200000 590.400000
291.721575 465.200000 566.000000
292.744710 465.200000 558.800000
293.775087 465.200000 556.800000
294.778960 465.200000 556.800000
295.783790 465.200000 556.800000
296.784120 465.200000 551.200000
297.816161 465.200000 545.600000
298.829725 465.200000 545.600000
299.835065 465.200000 543.600000
300.857888 465.200000 540.000000
301.862010 465.200000 540.000000
302.879903 465.200000 538.000000
303.883640 465.200000 534.400000
304.888509 465.200000 534.400000
305.907129 465.200000 534.400000
306.940382 465.200000 528.800000
307.946679 465.200000 523.200000
308.948946 465.200000 523.200000
309.964054 465.200000 517.600000
310.966124 465.200000 517.600000
311.988253 465.200000 517.600000
313.008156 465.200000 573.600000
314.009401 465.200000 564.400000
315.028148 465.200000 562.400000
316.052437 465.200000 556.800000
317.055375 465.200000 556.800000
318.222402 465.200000 575.600000
319.244066 465.200000 571.600000
320.262677 465.200000 568.000000
321.280747 465.200000 568.000000
322.300165 465.200000 568.000000
323.320288 465.200000 556.800000
324.341205 465.200000 556.800000
325.357909 465.200000 556.800000
326.369028 465.200000 551.200000
327.375023 465.200000 545.600000
328.382998 465.200000 545.600000
329.401012 465.200000 540.000000
330.426877 465.200000 534.400000
331.454491 465.200000 534.400000
332.485612 465.200000 528.800000
333.502421 465.200000 528.800000
334.519658 465.200000 523.200000
335.534054 465.200000 523.200000
336.553659 465.200000 523.200000
337.640511 465.200000 579.200000
338.666192 465.200000 568.000000
339.683601 465.200000 568.000000
340.691242 465.200000 568.000000
341.714221 465.200000 562.400000
342.737154 465.200000 562.400000
343.793530 465.200000 579.200000
344.799205 465.200000 568.000000
345.814140 465.200000 562.400000
346.832642 465.200000 556.800000
347.849254 465.200000 551.200000
348.870185 465.200000 551.200000
349.892400 465.200000 551.200000
350.909531 465.200000 551.200000
351.932237 465.200000 560.400000
352.942648 465.200000 545.600000
353.946689 465.200000 545.600000
354.949099 465.200000 545.600000
356.032269 465.200000 562.400000
357.036619 465.200000 562.400000
358.046488 465.200000 562.400000
359.047720 465.200000 556.800000
360.052067 465.200000 556.800000
361.077220 465.200000 556.800000
362.178953 465.200000 584.800000
363.195030 465.200000 558.800000
364.223317 465.200000 558.800000
365.238674 465.200000 558.800000
366.241036 465.200000 558.800000
367.263058 465.200000 570.000000
368.267451 465.200000 562.400000
369.286820 465.200000 556.800000
370.298635 465.200000 556.800000
371.328911 465.200000 556.800000
372.337908 465.200000 554.800000
373.345768 465.200000 551.200000
374.358287 465.200000 545.600000
375.372796 465.200000 540.000000
376.399559 465.200000 540.000000
377.422243 465.200000 540.000000
378.464229 465.200000 568.000000
379.480010 465.200000 556.800000
380.503213 465.200000 556.800000
381.505712 465.200000 556.800000
382.516846 465.200000 568.000000
383.539904 465.200000 568.000000
384.542533 465.200000 562.400000
385.568691 465.200000 560.400000
386.574072 465.200000 556.800000
387.595117 465.200000 556.800000
388.595801 465.200000 551.200000
389.605201 465.200000 545.600000
390.621707 465.200000 545.600000
391.623898 465.200000 540.000000
392.641887 465.200000 540.000000
393.653287 465.200000 538.000000
394.660620 465.200000 534.400000
395.698400 465.200000 528.800000
396.716222 465.200000 528.800000
397.727374 465.200000 528.800000
398.727983 465.200000 523.200000
399.768587 465.200000 521.200000
400.778731 465.200000 521.200000
401.796330 465.200000 517.600000
402.830053 465.200000 517.600000
403.849568 465.200000 517.600000
404.861776 465.200000 517.600000
405.874854 465.200000 568.000000
406.885085 465.200000 564.400000
407.887580 465.200000 556.800000
408.917609 465.200000 556.800000
409.934350 465.200000 556.800000
411.013371 465.200000 568.000000
412.015008 465.200000 556.800000
413.020454 465.200000 556.800000
414.036972 465.200000 545.600000
415.039347 465.200000 545.600000
416.052642 465.200000 545.600000
417.148378 465.200000 601.600000
418.167499 465.200000 553.200000
419.190490 465.200000 553.200000
420.200632 465.200000 553.200000
421.214844 465.200000 553.200000
422.278087 465.200000 566.000000
423.280026 465.200000 562.400000
424.293733 465.200000 562.400000
425.294743 465.200000 562.400000
426.316246 465.200000 562.400000
427.341454 465.200000 573.600000
428.342071 465.200000 568.000000
429.351731 465.200000 568.000000
430.366909 465.200000 568.000000
431.388489 465.200000 564.400000
432.415106 465.200000 562.400000
433.435936 465.200000 562.400000
434.468133 465.200000 556.800000
435.479065 465.200000 551.200000
436.481633 465.200000 551.200000
437.496070 465.200000 551.200000
438.518186 465.200000 545.600000
439.544678 465.200000 543.600000
440.546730 465.200000 543.600000
441.564916 465.200000 540.000000
442.583553 465.200000 534.400000
443.585607 465.200000 532.400000
444.586929 465.200000 528.800000
445.598130 465.200000 528.800000
446.610238 465.200000 526.800000
447.618545 465.200000 523.200000
448.622911 465.200000 523.200000
449.623211 465.200000 521.200000
450.626928 465.200000 517.600000
451.630088 465.200000 517.600000
452.643679 465.200000 517.600000
453.650350 465.200000 517.600000
454.717611 465.200000 571.600000
455.729719 465.200000 566.000000
456.761495 465.200000 564.400000
457.763145 465.200000 562.400000
458.783487 465.200000 556.800000
459.785955 465.200000 556.800000
460.804892 465.200000 556.800000
461.810985 465.200000 551.200000
462.817582 465.200000 549.200000
463.833432 465.200000 549.200000
464.833463 465.200000 545.600000
465.844187 465.200000 540.000000
466.865412 465.200000 540.000000
467.870104 465.200000 534.400000
468.898858 465.200000 534.400000
469.914179 465.200000 534.400000
470.919930 465.200000 534.400000
471.937512 465.200000 568.000000
472.953854 465.200000 568.000000
473.957796 465.200000 568.000000
474.960823 465.200000 562.400000
475.979455 465.200000 562.400000
477.000291 465.200000 562.400000
478.022958 465.200000 560.400000
479.030481 465.200000 556.800000
480.035406 465.200000 556.800000
481.066003 465.200000 556.800000
482.073083 465.200000 551.200000
483.086244 465.200000 549.200000
484.091887 465.200000 545.600000
485.122018 465.200000 543.600000
486.136635 465.200000 534.400000
487.150824 465.200000 534.400000
488.151041 465.200000 528.800000
489.166963 465.200000 528.800000
490.179013 465.200000 526.800000
491.181754 465.200000 523.200000
492.200316 465.200000 523.200000
493.216106 465.200000 517.600000
494.229797 465.200000 515.600000
495.244697 465.200000 515.600000
496.256339 465.200000 515.600000
497.257077 465.200000 512.000000
498.267899 465.200000 512.000000
499.276480 465.200000 510.000000
500.279841 465.200000 506.400000
501.302821 465.200000 504.400000
502.306955 465.200000 498.800000
503.313334 465.200000 495.200000
504.314008 465.200000 495.200000
505.318324 465.200000 489.600000
506.321433 465.200000 484.000000
507.331160 465.200000 484.000000
508.334953 465.200000 484.000000
509.336308 465.200000 482.000000
510.355510 465.200000 478.400000
511.362982 465.200000 478.400000
512.414308 465.200000 584.800000
513.438306 465.200000 560.400000
514.469819 465.200000 556.800000
515.478581 465.200000 556.800000
516.488335 465.200000 556.800000
517.498841 465.200000 562.400000
518.512429 465.200000 562.400000
519.529331 465.200000 562.400000
520.543191 465.200000 562.400000
521.555158 465.200000 573.600000
522.564930 465.200000 562.400000
523.588926 465.200000 562.400000
524.651254 465.200000 556.800000
525.657268 465.200000 556.800000
526.669848 465.200000 551.200000
527.670282 465.200000 551.200000
528.673913 465.200000 551.200000
529.847028 465.200000 579.200000
530.872799 465.200000 568.000000
531.893401 465.200000 568.000000
532.912182 465.200000 566.000000
533.919405 465.200000 560.400000
534.946956 465.200000 560.400000
535.951844 465.200000 556.800000
536.969621 465.200000 556.800000
537.995690 465.200000 549.200000
539.006941 465.200000 549.200000
540.020673 465.200000 545.600000
541.040170 465.200000 540.000000
542.042803 465.200000 540.000000
543.048174 465.200000 540.000000
544.056136 465.200000 538.000000
545.071337 465.200000 534.400000
546.091973 465.200000 532.400000
547.110899 465.200000 528.800000
548.118785 465.200000 526.800000
549.144946 465.200000 526.800000
550.176730 465.200000 523.200000
551.199948 465.200000 523.200000
552.219683 465.200000 517.600000
553.243043 465.200000 517.600000
554.254875 465.200000 515.600000
555.266172 465.200000 515.600000
556.276647 465.200000 512.000000
557.277955 465.200000 512.000000
558.286603 465.200000 510.000000
559.306245 465.200000 506.400000
560.372663 465.200000 498.800000
561.375031 465.200000 495.200000
562.381624 465.200000 495.200000
563.385502 465.200000 489.600000
564.398964 465.200000 487.600000
565.402466 465.200000 487.600000
566.478566 465.200000 581.200000
567.491539 465.200000 568.000000
568.561462 465.200000 551.600000
569.576788 465.200000 551.600000
570.579684 465.200000 551.600000
571.587356 465.200000 551.600000
572.598196 465.200000 551.200000
573.609694 465.200000 551.200000
574.621334 465.200000 551.200000
575.624707 465.200000 573.600000
576.641680 465.200000 562.400000
577.661909 465.200000 562.400000
578.668198 465.200000 562.400000
579.693675 465.200000 579.200000
580.694059 465.200000 573.600000
581.696465 465.200000 568.000000
582.712194 465.200000 562.400000
583.742512 465.200000 556.800000
584.758786 465.200000 556.800000
585.772997 465.200000 556.800000
586.787694 465.200000 551.200000
587.787765 465.200000 549.200000
588.811909 465.200000 545.600000
589.830677 465.200000 543.600000
590.834700 465.200000 543.600000
591.852630 465.200000 534.400000
592.859883 465.200000 528.800000
593.877864 465.200000 528.800000
594.889645 465.200000 528.800000
595.903263 465.200000 523.200000
596.908978 465.200000 523.200000
597.985124 465.200000 584.800000
598.988177 465.200000 568.000000
599.991236 465.200000 568.000000
600.992356 465.200000 566.000000
602.002941 465.200000 562.400000
603.049626 465.200000 528.800000
604.064055 465.200000 523.200000
605.077872 465.200000 523.200000
606.092533 465.200000 573.600000
607.102065 465.200000 568.000000
608.152070 465.200000 558.800000
609.160017 465.200000 556.800000
610.173083 465.200000 556.800000
611.181248 465.200000 551.200000
612.198146 465.200000 545.600000
613.198901 465.200000 540.000000
614.217979 465.200000 540.000000
615.233812 465.200000 540.000000
616.245257 465.200000 562.400000
617.260400 465.200000 562.400000
618.260545 465.200000 556.800000
619.264666 465.200000 556.800000
620.285226 465.200000 556.800000
621.289639 465.200000 556.800000
622.306256 465.200000 556.800000
623.307955 465.200000 545.600000
624.323040 465.200000 540.000000
625.343361 465.200000 540.000000
626.357706 465.200000 540.000000
627.365103 465.200000 573.600000
628.374251 465.200000 566.000000
629.379385 465.200000 562.400000
630.384222 465.200000 556.800000
631.438201 465.200000 547.600000
632.451768 465.200000 540.000000
633.454802 465.200000 540.000000
634.476851 465.200000 540.000000
635.492455 465.200000 540.000000
636.493088 465.200000 566.000000
637.500648 465.200000 566.000000
638.512440 465.200000 562.400000
639.526678 465.200000 556.800000
640.528085 465.200000 556.800000
641.548626 465.200000 556.800000
642.568522 465.200000 554.800000
643.583750 465.200000 545.600000
644.589568 465.200000 545.600000
645.600424 465.200000 545.600000
646.601432 465.200000 568.000000
647.603378 465.200000 553.200000
648.610920 465.200000 553.200000
649.632361 465.200000 553.200000
650.634661 465.200000 551.200000
651.656152 465.200000 551.200000
652.659486 465.200000 551.200000
653.667701 465.200000 568.000000
654.678176 465.200000 534.400000
655.684275 465.200000 534.400000
656.686863 465.200000 534.400000
657.692838 465.200000 534.400000
658.701510 465.200000 568.000000
659.704360 465.200000 562.400000
660.726919 465.200000 528.800000
661.737456 465.200000 528.800000
662.749678 465.200000 528.800000
663.750773 465.200000 573.600000
664.764392 465.200000 562.400000
665.796914 465.200000 556.800000
666.814797 465.200000 556.800000
667.818209 465.200000 556.800000
668.820777 465.200000 556.800000
669.821747 465.200000 573.600000
670.857379 465.200000 562.400000
671.867662 465.200000 562.400000
672.868873 465.200000 562.400000
673.877681 465.200000 556.800000
674.878748 465.200000 545.600000
675.925038 465.200000 534.400000
676.929142 465.200000 534.400000
677.949161 465.200000 534.400000
678.956179 465.200000 534.400000
679.956660 465.200000 570.000000
680.977382 465.200000 562.400000
681.997235 465.200000 556.800000
683.007964 465.200000 556.800000
684.011100 465.200000 554.800000
685.025084 465.200000 551.200000
686.043829 465.200000 551.200000
687.061187 465.200000 579.200000
688.086685 465.200000 568.000000
689.096221 465.200000 568.000000
690.103899 465.200000 566.000000
691.112908 465.200000 556.800000
692.120806 465.200000 556.800000
693.146131 465.200000 554.800000
694.162449 465.200000 551.200000
695.174292 465.200000 545.600000
696.179225 465.200000 545.600000
697.193703 465.200000 545.600000
698.202747 465.200000 540.000000
699.218970 465.200000 534.400000
700.243223 465.200000 534.400000
701.259305 465.200000 534.400000
702.284294 465.200000 532.400000
703.288428 465.200000 528.800000
704.299229 465.200000 528.800000
705.314652 465.200000 528.800000
706.338022 465.200000 523.200000
707.378998 465.200000 518.000000
708.395119 465.200000 517.600000
709.414115 465.200000 517.600000
710.426182 465.200000 517.600000
711.434221 465.200000 579.200000
712.500511 465.200000 564.400000
713.507486 465.200000 564.400000
714.512269 465.200000 564.400000
715.532026 465.200000 562.400000
716.548860 465.200000 556.800000
717.563006 465.200000 556.800000
718.574619 465.200000 554.800000
719.578412 465.200000 554.800000
720.601679 465.200000 545.600000
721.602837 465.200000 543.600000
722.611520 465.200000 540.000000
723.611571 465.200000 538.000000
724.616235 465.200000 534.400000
725.627619 465.200000 534.400000
726.648875 465.200000 534.400000
727.657382 465.200000 528.800000
728.662309 465.200000 528.800000
729.669756 465.200000 528.800000
730.688238 465.200000 573.600000
731.708120 465.200000 568.000000
732.723625 465.200000 564.400000
733.732999 465.200000 556.800000
734.750414 465.200000 556.800000
735.763010 465.200000 556.800000
736.781400 465.200000 573.600000
737.781936 465.200000 562.400000
738.788395 465.200000 562.400000
739.798521 465.200000 562.400000
740.813608 465.200000 573.600000
741.824953 465.200000 568.000000
742.843182 465.200000 562.400000
743.853303 465.200000 562.400000
744.869602 465.200000 562.400000
745.874628 465.200000 584.800000
746.879698 465.200000 568.000000
747.902756 465.200000 564.400000
748.924684 465.200000 562.400000
749.927575 465.200000 556.800000
750.938201 465.200000 556.800000
751.938540 465.200000 556.800000
752.949812 465.200000 555.200000
753.955357 465.200000 545.600000
754.969342 465.200000 545.600000
755.977932 465.200000 543.600000
757.001789 465.200000 538.000000
758.005370 465.200000 534.400000
759.016428 465.200000 528.800000
760.024287 465.200000 528.800000
761.029436 465.200000 523.200000
762.038592 465.200000 523.200000
763.043225 465.200000 517.600000
764.047134 465.200000 517.600000
765.060257 465.200000 573.600000
766.067342 465.200000 562.400000
767.070564 465.200000 558.800000
768.078913 465.200000 558.800000
769.148933 465.200000 584.800000
770.170004 465.200000 568.000000
771.200308 465.200000 562.400000
772.207990 465.200000 562.400000
773.234859 465.200000 556.800000
774.243328 465.200000 551.200000
775.250393 465.200000 551.200000
776.259305 465.200000 573.600000
777.292456 465.200000 568.000000
778.304823 465.200000 568.000000
779.312053 465.200000 562.400000
780.322890 465.200000 556.800000
781.329513 465.200000 556.800000
782.343398 465.200000 554.800000
783.373123 465.200000 551.200000
784.396745 465.200000 545.600000
785.439950 465.200000 544.000000
786.455099 465.200000 540.000000
787.479133 465.200000 538.000000
788.494821 465.200000 534.400000
789.502813 465.200000 528.800000
790.515416 465.200000 528.800000
791.525733 465.200000 528.800000
792.535643 465.200000 568.000000
793.547146 465.200000 560.400000
794.563571 465.200000 556.800000
795.577874 465.200000 556.800000
796.670520 465.200000 573.600000
797.672130 465.200000 540.000000
798.679516 465.200000 540.000000
799.679830 465.200000 540.000000
