0.015940 773.200000 773.200000
1.016154 582.800000 655.600000
2.016370 582.800000 666.800000
3.016419 582.800000 745.200000
4.016733 582.800000 644.400000
5.016857 582.800000 672.400000
6.017182 582.800000 655.600000
7.017358 582.800000 655.600000
8.017546 582.800000 661.200000
9.017681 582.800000 706.000000
10.018593 582.800000 739.600000
11.018911 582.800000 655.600000
12.019403 582.800000 655.600000
13.022468 582.800000 773.200000
14.023212 582.800000 672.400000
15.023212 582.800000 661.200000
16.028430 582.800000 778.800000
17.028703 582.800000 661.200000
18.028792 582.800000 767.600000
19.029213 582.800000 666.800000
20.029580 582.800000 666.800000
21.030019 577.200000 666.800000
22.031244 577.200000 661.200000
23.031661 577.200000 666.800000
24.031908 577.200000 666.800000
25.032076 577.200000 661.200000
26.032265 571.600000 734.000000
27.036368 571.600000 750.800000
28.037023 571.600000 672.400000
29.038651 571.600000 700.400000
30.039288 571.600000 650.000000
31.046506 571.600000 762.000000
32.046666 571.600000 666.800000
33.046698 571.600000 638.800000
34.047405 571.600000 661.200000
35.047894 571.600000 672.400000
36.048367 571.600000 650.000000
37.048948 571.600000 666.800000
38.049914 571.600000 666.800000
39.050588 571.600000 661.200000
40.050596 571.600000 655.600000
41.051329 571.600000 672.400000
42.051781 571.600000 661.200000
43.051839 571.600000 655.600000
44.052056 571.600000 745.200000
45.053026 571.600000 650.000000
46.053555 571.600000 577.200000
47.053972 571.600000 655.600000
48.053998 571.600000 700.400000
49.054029 571.600000 588.400000
50.054814 571.600000 661.200000
51.055485 571.600000 655.600000
52.055563 571.600000 655.600000
53.057296 571.600000 650.000000
54.057655 571.600000 655.600000
55.058447 571.600000 745.200000
56.058904 571.600000 588.400000
57.059600 571.600000 661.200000
58.059870 571.600000 655.600000
59.060341 571.600000 577.200000
60.060371 571.600000 638.800000
61.060805 571.600000 661.200000
62.061419 571.600000 627.600000
63.061668 571.600000 644.400000
64.061995 571.600000 582.800000
65.062431 571.600000 661.200000
66.067098 571.600000 750.800000
67.068047 571.600000 655.600000
68.068954 571.600000 694.800000
69.069433 571.600000 655.600000
70.069849 571.600000 650.000000
71.070913 571.600000 650.000000
72.070964 571.600000 616.400000
73.072024 571.600000 661.200000
74.072341 571.600000 672.400000
75.072492 571.600000 672.400000
76.073380 571.600000 661.200000
77.074083 571.600000 588.400000
78.075392 571.600000 666.800000
79.076143 549.200000 577.200000
80.076201 549.200000 638.800000
81.076861 549.200000 694.800000
82.077141 549.200000 582.800000
83.078718 549.200000 773.200000
84.078936 549.200000 577.200000
85.079800 549.200000 678.000000
86.079857 549.200000 655.600000
87.080609 549.200000 661.200000
88.081547 549.200000 599.600000
89.082539 549.200000 706.000000
90.082957 549.200000 650.000000
91.083296 549.200000 666.800000
92.084182 549.200000 655.600000
93.084973 549.200000 655.600000
94.090071 549.200000 778.800000
95.090307 549.200000 678.000000
96.090558 549.200000 666.800000
97.090570 549.200000 700.400000
98.090810 549.200000 612.800000
99.090824 549.200000 694.800000
100.092428 549.200000 666.800000
101.092930 549.200000 655.600000
102.093247 549.200000 661.200000
103.094113 549.200000 655.600000
104.094179 549.200000 689.200000
105.098977 549.200000 745.200000
106.099078 549.200000 650.000000
107.100208 549.200000 633.200000
108.100998 549.200000 644.400000
109.101154 549.200000 655.600000
110.101270 549.200000 650.000000
111.103600 549.200000 661.200000
112.104046 549.200000 762.000000
113.104128 549.200000 661.200000
114.104809 549.200000 724.800000
115.105549 549.200000 577.200000
116.107239 549.200000 767.600000
117.107523 549.200000 661.200000
118.107868 549.200000 739.600000
119.107909 549.200000 650.000000
120.107996 549.200000 633.200000
121.108082 549.200000 650.000000
122.108768 549.200000 672.400000
123.108918 549.200000 655.600000
124.109008 549.200000 655.600000
125.109320 549.200000 672.400000
126.109610 549.200000 655.600000
127.110555 549.200000 661.200000
128.110739 549.200000 661.200000
129.110966 549.200000 650.000000
130.112026 549.200000 655.600000
131.112553 549.200000 678.000000
132.113386 549.200000 661.200000
133.113498 549.200000 655.600000
134.117300 549.200000 767.600000
135.117516 549.200000 644.400000
136.118727 549.200000 582.800000
137.119182 549.200000 661.200000
138.119340 549.200000 706.000000
139.119991 549.200000 655.600000
140.120263 549.200000 650.000000
141.120426 549.200000 767.600000
142.120647 549.200000 661.200000
143.120760 549.200000 655.600000
144.120854 549.200000 622.000000
145.121221 549.200000 655.600000
146.121449 549.200000 745.200000
147.122030 549.200000 655.600000
148.122393 549.200000 588.400000
149.122762 549.200000 650.000000
150.122914 549.200000 694.800000
151.123248 549.200000 577.200000
152.124411 549.200000 661.200000
153.124705 549.200000 655.600000
154.124882 549.200000 638.800000
155.125885 549.200000 650.000000
156.125968 549.200000 655.600000
157.126733 549.200000 655.600000
158.126940 549.200000 661.200000
159.127354 549.200000 666.800000
160.127456 549.200000 661.200000
161.127559 549.200000 672.400000
162.127796 549.200000 655.600000
163.128237 549.200000 650.000000
164.128408 549.200000 655.600000
165.128518 549.200000 694.800000
166.129214 549.200000 672.400000
167.129611 549.200000 655.600000
168.129895 549.200000 594.000000
169.130814 549.200000 644.400000
170.131923 549.200000 689.200000
171.132009 549.200000 650.000000
172.132185 549.200000 622.000000
173.132429 549.200000 644.400000
174.132494 549.200000 661.200000
175.132659 549.200000 661.200000
176.132815 549.200000 706.000000
177.132854 549.200000 762.000000
178.134616 549.200000 706.000000
179.134867 549.200000 672.400000
180.135268 549.200000 650.000000
181.135274 549.200000 655.600000
182.136163 549.200000 655.600000
183.136747 549.200000 588.400000
184.136848 549.200000 655.600000
185.139263 549.200000 739.600000
186.139787 549.200000 661.200000
187.140021 549.200000 655.600000
188.140193 549.200000 700.400000
189.140385 549.200000 734.000000
190.140575 549.200000 655.600000
191.140667 549.200000 655.600000
192.141093 549.200000 767.600000
193.142349 549.200000 650.000000
194.143120 549.200000 650.000000
195.143636 549.200000 650.000000
196.144795 549.200000 655.600000
197.144817 549.200000 650.000000
198.146274 549.200000 661.200000
199.147351 549.200000 650.000000
200.147781 549.200000 666.800000
201.148727 549.200000 778.800000
202.149285 549.200000 644.400000
203.149607 549.200000 661.200000
204.150046 549.200000 655.600000
205.150650 549.200000 734.000000
206.151164 549.200000 655.600000
207.151265 549.200000 650.000000
208.152278 549.200000 655.600000
209.152409 549.200000 650.000000
210.153802 549.200000 734.000000
211.153995 549.200000 650.000000
212.154274 549.200000 627.600000
213.154533 549.200000 689.200000
214.154885 549.200000 666.800000
215.154931 549.200000 644.400000
216.155900 549.200000 577.200000
217.157051 549.200000 661.200000
218.157448 549.200000 571.600000
219.157752 549.200000 588.400000
220.159319 549.200000 661.200000
221.161182 549.200000 666.800000
222.161587 549.200000 661.200000
223.161670 549.200000 661.200000
224.162114 549.200000 672.400000
225.162238 549.200000 672.400000
226.162941 549.200000 661.200000
227.162979 549.200000 672.400000
228.163437 549.200000 655.600000
229.163681 549.200000 655.600000
230.164229 549.200000 661.200000
231.164447 549.200000 638.800000
232.170383 549.200000 767.600000
233.170574 549.200000 672.400000
234.171074 549.200000 661.200000
235.171987 549.200000 661.200000
236.172077 549.200000 627.600000
237.174730 549.200000 773.200000
238.175634 549.200000 767.600000
239.175769 549.200000 655.600000
240.175910 549.200000 655.600000
241.176418 549.200000 728.400000
242.177075 549.200000 650.000000
243.177669 549.200000 616.400000
244.178320 549.200000 773.200000
245.178362 549.200000 582.800000
246.178831 549.200000 577.200000
247.180036 549.200000 650.000000
248.180175 549.200000 666.800000
249.180304 549.200000 773.200000
250.180870 549.200000 655.600000
251.181258 549.200000 638.800000
252.181792 549.200000 549.200000
253.182950 549.200000 661.200000
254.183188 549.200000 661.200000
255.183795 549.200000 577.200000
256.184248 549.200000 661.200000
257.184485 549.200000 666.800000
258.187005 549.200000 655.600000
259.187180 549.200000 571.600000
260.187391 549.200000 655.600000
261.187705 549.200000 644.400000
262.187759 549.200000 661.200000
263.188557 549.200000 661.200000
264.188921 549.200000 655.600000
265.189384 549.200000 655.600000
266.189698 549.200000 672.400000
267.192654 549.200000 661.200000
268.193216 549.200000 767.600000
269.193515 549.200000 650.000000
270.193557 549.200000 577.200000
271.193650 549.200000 678.000000
272.193769 549.200000 661.200000
273.194003 549.200000 655.600000
274.194054 549.200000 650.000000
275.194317 549.200000 655.600000
276.194825 549.200000 661.200000
277.195579 549.200000 678.000000
278.195879 549.200000 661.200000
279.198738 549.200000 773.200000
280.199244 549.200000 739.600000
281.199830 549.200000 661.200000
282.201755 549.200000 672.400000
283.203160 549.200000 745.200000
284.203447 549.200000 666.800000
285.204630 549.200000 756.400000
286.205300 549.200000 650.000000
287.205366 549.200000 655.600000
288.205512 549.200000 622.000000
289.206364 549.200000 650.000000
290.207758 549.200000 773.200000
291.209317 549.200000 588.400000
292.209986 549.200000 773.200000
293.210591 549.200000 644.400000
294.210990 549.200000 650.000000
295.211149 549.200000 661.200000
296.211582 549.200000 582.800000
297.211978 549.200000 672.400000
298.211980 549.200000 773.200000
299.215787 549.200000 666.800000
300.216083 549.200000 650.000000
301.216726 549.200000 661.200000
302.217128 549.200000 655.600000
303.218378 549.200000 700.400000
304.218514 549.200000 650.000000
305.218987 549.200000 657.600000
306.219777 549.200000 655.600000
307.219927 549.200000 655.600000
308.227210 549.200000 773.200000
309.227497 549.200000 655.600000
310.227509 549.200000 655.600000
311.227658 549.200000 767.600000
312.227916 549.200000 571.600000
313.229280 549.200000 577.200000
314.229604 549.200000 655.600000
315.229798 549.200000 655.600000
316.230334 549.200000 661.200000
317.230421 549.200000 666.800000
318.230876 549.200000 650.000000
319.231387 549.200000 655.600000
320.231763 549.200000 666.800000
321.231876 549.200000 661.200000
322.232126 549.200000 655.600000
323.238018 549.200000 773.200000
324.238370 549.200000 610.800000
325.239747 549.200000 734.000000
326.239840 549.200000 588.400000
327.239842 549.200000 644.400000
328.240859 549.200000 638.800000
329.240890 549.200000 650.000000
330.241430 549.200000 773.200000
331.241600 549.200000 666.800000
332.242262 549.200000 706.000000
333.243601 549.200000 655.600000
334.243717 549.200000 577.200000
335.243893 549.200000 650.000000
336.245729 549.200000 655.600000
337.246180 549.200000 655.600000
338.247185 549.200000 655.600000
339.247891 549.200000 661.200000
340.248268 549.200000 655.600000
341.248369 549.200000 672.400000
342.248617 549.200000 666.800000
343.249149 549.200000 588.400000
344.249257 549.200000 588.400000
345.249367 549.200000 655.600000
346.249551 549.200000 655.600000
347.249983 549.200000 739.600000
348.250932 549.200000 588.400000
349.253146 549.200000 644.400000
350.253206 549.200000 762.000000
351.253439 549.200000 638.800000
352.254058 549.200000 655.600000
353.254743 549.200000 655.600000
354.261177 549.200000 773.200000
355.261336 549.200000 655.600000
356.261352 549.200000 644.400000
357.261700 549.200000 750.800000
358.262213 549.200000 655.600000
359.262354 549.200000 588.400000
360.262539 549.200000 655.600000
361.266514 549.200000 778.800000
362.266630 549.200000 650.000000
363.267118 549.200000 644.400000
364.267418 549.200000 644.400000
365.267628 549.200000 582.800000
366.267850 549.200000 666.800000
367.267947 549.200000 644.400000
368.268447 549.200000 655.600000
369.269087 549.200000 644.400000
370.269523 549.200000 577.200000
371.269612 549.200000 666.800000
372.270386 549.200000 655.600000
373.270521 549.200000 616.400000
374.270792 549.200000 650.000000
375.271551 549.200000 577.200000
376.272220 549.200000 650.000000
377.272346 549.200000 672.400000
378.273028 549.200000 666.800000
379.273434 549.200000 666.800000
380.274108 549.200000 661.200000
381.274300 549.200000 655.600000
382.274817 549.200000 661.200000
383.275227 549.200000 661.200000
384.275437 549.200000 672.400000
385.276490 549.200000 666.800000
386.276732 549.200000 655.600000
387.277013 549.200000 661.200000
388.277236 549.200000 655.600000
389.277495 549.200000 650.000000
390.280386 549.200000 778.800000
391.280579 549.200000 655.600000
392.280948 549.200000 644.400000
393.281191 549.200000 672.400000
394.281898 549.200000 666.800000
395.283614 549.200000 644.400000
396.283620 549.200000 644.400000
397.284402 549.200000 762.000000
398.285009 549.200000 739.600000
399.285242 549.200000 666.800000
400.285954 549.200000 661.200000
401.286114 549.200000 661.200000
402.286534 549.200000 661.200000
403.286610 549.200000 655.600000
404.287448 549.200000 661.200000
405.287882 549.200000 655.600000
406.288983 549.200000 661.200000
407.289369 549.200000 655.600000
408.289781 549.200000 655.600000
409.290211 549.200000 672.400000
410.291221 549.200000 650.000000
411.291470 549.200000 666.800000
412.291520 549.200000 666.800000
413.292740 549.200000 666.800000
414.293163 549.200000 661.200000
415.293811 549.200000 655.600000
416.293868 549.200000 661.200000
417.294057 549.200000 734.000000
418.294854 549.200000 655.600000
419.295561 549.200000 650.000000
420.296145 549.200000 666.800000
421.296675 549.200000 588.400000
422.296799 549.200000 661.200000
423.296997 549.200000 605.200000
424.297538 549.200000 728.400000
425.297936 549.200000 666.800000
426.298658 549.200000 644.400000
427.299543 549.200000 599.600000
428.299685 549.200000 577.200000
429.299706 549.200000 661.200000
430.299854 549.200000 672.400000
431.301558 549.200000 773.200000
432.301681 549.200000 666.800000
433.304211 549.200000 778.800000
434.308987 549.200000 773.200000
435.309375 549.200000 739.600000
436.309976 549.200000 672.400000
437.311402 549.200000 672.400000
438.311947 549.200000 655.600000
439.312057 549.200000 655.600000
440.313871 549.200000 666.800000
441.313933 549.200000 644.400000
442.315048 549.200000 655.600000
443.315632 549.200000 666.800000
444.315760 549.200000 661.200000
445.316691 549.200000 734.000000
446.316872 549.200000 655.600000
447.317911 549.200000 706.000000
448.318418 549.200000 739.600000
449.318922 549.200000 644.400000
450.319741 549.200000 745.200000
451.320349 549.200000 650.000000
452.321235 549.200000 650.000000
453.321679 549.200000 655.600000
454.321912 549.200000 605.200000
455.322048 549.200000 650.000000
456.322128 549.200000 739.600000
457.322423 549.200000 655.600000
458.322903 549.200000 655.600000
459.323297 549.200000 661.200000
460.323516 549.200000 706.000000
461.323883 549.200000 650.000000
462.324022 549.200000 700.400000
463.324554 549.200000 661.200000
464.325978 549.200000 666.800000
465.326156 549.200000 711.600000
466.326567 549.200000 644.400000
467.326765 549.200000 655.600000
468.326862 549.200000 650.000000
469.327431 549.200000 588.400000
470.329367 549.200000 750.800000
471.329548 549.200000 672.400000
472.330286 549.200000 706.000000
473.330825 549.200000 650.000000
474.330957 549.200000 672.400000
475.332481 549.200000 661.200000
476.332771 549.200000 750.800000
477.333284 549.200000 661.200000
478.337549 549.200000 767.600000
479.338437 549.200000 577.200000
480.338994 549.200000 745.200000
481.339098 549.200000 678.000000
482.339639 549.200000 661.200000
483.339880 549.200000 661.200000
484.340018 549.200000 655.600000
485.340147 549.200000 627.600000
486.340719 549.200000 571.600000
487.340755 549.200000 655.600000
488.340879 549.200000 672.400000
489.341492 549.200000 655.600000
490.341737 549.200000 650.000000
491.341818 549.200000 588.400000
492.342623 549.200000 650.000000
493.342670 549.200000 706.000000
494.342859 549.200000 661.200000
495.343032 549.200000 666.800000
496.343534 549.200000 750.800000
497.344280 549.200000 666.800000
498.344507 549.200000 661.200000
499.344998 549.200000 767.600000
500.345443 549.200000 672.400000
501.346013 549.200000 661.200000
502.346412 549.200000 582.800000
503.346972 549.200000 661.200000
504.347228 549.200000 650.000000
505.347611 549.200000 666.800000
506.348165 549.200000 638.800000
507.348460 549.200000 633.200000
508.348587 549.200000 655.600000
509.348765 549.200000 650.000000
510.348907 549.200000 666.800000
511.349317 549.200000 700.400000
512.350017 549.200000 655.600000
513.350905 549.200000 700.400000
514.351129 549.200000 650.000000
515.352367 549.200000 655.600000
516.352405 549.200000 661.200000
517.352651 549.200000 644.400000
518.352880 549.200000 706.000000
519.353589 549.200000 666.800000
520.354431 549.200000 666.800000
521.354556 549.200000 655.600000
522.355277 549.200000 650.000000
523.356232 549.200000 666.800000
524.356987 549.200000 666.800000
525.357531 549.200000 773.200000
526.358068 549.200000 638.800000
527.358107 549.200000 650.000000
528.359231 549.200000 622.000000
529.359550 549.200000 678.000000
530.360630 549.200000 672.400000
531.361002 549.200000 678.000000
532.361325 549.200000 655.600000
533.361413 549.200000 672.400000
534.362367 549.200000 577.200000
535.362862 549.200000 650.000000
536.363313 549.200000 655.600000
537.363483 549.200000 666.800000
538.363602 549.200000 661.200000
539.364139 549.200000 655.600000
540.364294 549.200000 644.400000
541.364570 549.200000 672.400000
542.364707 549.200000 650.000000
543.364745 549.200000 745.200000
544.364834 549.200000 655.600000
545.364843 549.200000 672.400000
546.365191 549.200000 577.200000
547.365587 549.200000 650.000000
548.365853 549.200000 655.600000
549.366078 549.200000 661.200000
550.366524 549.200000 661.200000
551.368040 549.200000 655.600000
552.368088 549.200000 661.200000
553.368227 549.200000 762.000000
554.369114 549.200000 672.400000
555.369261 549.200000 711.600000
556.370113 549.200000 610.800000
557.370547 549.200000 661.200000
558.370570 549.200000 661.200000
559.371508 549.200000 666.800000
560.371827 549.200000 666.800000
561.372543 549.200000 650.000000
562.372791 549.200000 666.800000
563.373486 549.200000 571.600000
564.374036 549.200000 633.200000
565.375187 549.200000 650.000000
566.375694 549.200000 678.000000
567.375814 549.200000 666.800000
568.376272 549.200000 672.400000
569.376417 549.200000 661.200000
570.376694 549.200000 661.200000
571.377143 549.200000 672.400000
572.377444 549.200000 644.400000
573.377737 549.200000 655.600000
574.377888 549.200000 582.800000
575.378199 549.200000 650.000000
576.378546 549.200000 566.000000
577.379469 549.200000 638.800000
578.379884 549.200000 661.200000
579.380049 549.200000 655.600000
580.380392 549.200000 666.800000
581.381350 549.200000 650.000000
582.381823 549.200000 582.800000
583.382187 549.200000 655.600000
584.382476 549.200000 655.600000
585.382658 549.200000 655.600000
586.382858 549.200000 638.800000
587.383122 549.200000 745.200000
588.383529 549.200000 666.800000
589.383709 549.200000 655.600000
590.383722 549.200000 627.600000
591.383927 549.200000 672.400000
592.384559 549.200000 655.600000
593.384781 549.200000 655.600000
594.384964 549.200000 582.800000
595.385025 549.200000 678.000000
596.385468 549.200000 655.600000
597.391069 549.200000 756.400000
598.391866 549.200000 666.800000
599.392134 549.200000 767.600000
600.392703 549.200000 655.600000
601.392841 549.200000 655.600000
602.393419 549.200000 644.400000
603.393788 549.200000 655.600000
604.394058 549.200000 655.600000
605.394276 549.200000 655.600000
606.394711 549.200000 672.400000
607.394864 549.200000 588.400000
608.395669 549.200000 661.200000
609.396022 549.200000 655.600000
610.396324 549.200000 672.400000
611.397246 549.200000 655.600000
612.397298 549.200000 661.200000
613.398616 549.200000 672.400000
614.398645 549.200000 661.200000
615.400065 549.200000 773.200000
616.400994 549.200000 655.600000
617.402573 549.200000 700.400000
618.403051 549.200000 661.200000
619.403427 549.200000 661.200000
620.403871 549.200000 655.600000
621.403945 549.200000 582.800000
622.409495 549.200000 773.200000
623.411363 549.200000 767.600000
624.412062 549.200000 666.800000
625.412296 549.200000 773.200000
626.413132 549.200000 778.800000
627.413448 549.200000 655.600000
628.413452 549.200000 661.200000
629.413960 549.200000 655.600000
630.415032 549.200000 661.200000
631.417265 549.200000 644.400000
632.417415 549.200000 633.200000
633.418490 549.200000 655.600000
634.419043 549.200000 655.600000
635.419075 549.200000 773.200000
636.419608 549.200000 588.400000
637.419822 549.200000 644.400000
638.419960 549.200000 661.200000
639.420120 549.200000 627.600000
640.422482 549.200000 739.600000
641.422883 549.200000 739.600000
642.425130 549.200000 655.600000
643.425725 549.200000 666.800000
644.425884 549.200000 661.200000
645.426251 549.200000 655.600000
646.427733 549.200000 655.600000
647.427773 549.200000 661.200000
648.428391 549.200000 582.800000
649.428476 549.200000 638.800000
650.428679 549.200000 672.400000
651.433772 549.200000 773.200000
652.434218 549.200000 650.000000
653.435159 549.200000 588.400000
654.435514 549.200000 655.600000
655.435728 549.200000 622.000000
656.436001 549.200000 762.000000
657.436007 549.200000 661.200000
658.436462 549.200000 582.800000
659.436801 549.200000 644.400000
660.438244 549.200000 734.000000
661.438448 549.200000 672.400000
662.438907 549.200000 666.800000
663.439223 549.200000 650.000000
664.439721 549.200000 666.800000
665.439819 549.200000 582.800000
666.441025 549.200000 655.600000
667.441516 549.200000 582.800000
668.441538 549.200000 739.600000
669.444772 549.200000 767.600000
670.444864 549.200000 582.800000
671.445250 549.200000 655.600000
672.448041 549.200000 666.800000
673.448205 549.200000 655.600000
674.449584 549.200000 666.800000
675.450070 549.200000 666.800000
676.451247 549.200000 582.800000
677.451540 549.200000 650.000000
678.452021 549.200000 661.200000
679.453257 549.200000 661.200000
680.453717 549.200000 672.400000
681.453812 549.200000 644.400000
682.454128 549.200000 655.600000
683.454515 549.200000 577.200000
684.460413 549.200000 773.200000
685.460731 549.200000 650.000000
686.460850 549.200000 655.600000
687.460893 549.200000 655.600000
688.461810 549.200000 577.200000
689.462367 549.200000 588.400000
690.463190 549.200000 739.600000
691.463294 549.200000 661.200000
692.464151 549.200000 666.800000
693.464173 549.200000 588.400000
694.464749 549.200000 655.600000
695.464901 549.200000 655.600000
696.465403 549.200000 661.200000
697.466160 549.200000 661.200000
698.466211 549.200000 661.200000
699.467153 549.200000 655.600000
700.467243 549.200000 666.800000
701.469299 549.200000 745.200000
702.469454 549.200000 661.200000
703.469592 549.200000 666.800000
704.470644 549.200000 739.600000
705.473879 549.200000 655.600000
706.474182 549.200000 655.600000
707.474220 549.200000 655.600000
708.474305 549.200000 672.400000
709.474977 549.200000 661.200000
710.475186 549.200000 652.000000
711.475291 549.200000 666.800000
712.476138 549.200000 666.800000
713.476762 549.200000 655.600000
714.477225 549.200000 666.800000
715.477744 549.200000 666.800000
716.478215 549.200000 650.000000
717.478766 549.200000 582.800000
718.480058 549.200000 666.800000
719.481028 549.200000 661.200000
720.481466 549.200000 655.600000
721.481715 549.200000 655.600000
722.482638 549.200000 700.400000
723.483022 549.200000 734.000000
724.483041 549.200000 650.000000
725.483179 549.200000 661.200000
726.483597 549.200000 661.200000
727.484291 549.200000 655.600000
728.484566 549.200000 644.400000
729.484842 549.200000 745.200000
730.490745 549.200000 767.600000
731.491189 549.200000 728.400000
732.491407 549.200000 666.800000
733.491915 549.200000 650.000000
734.492039 549.200000 638.800000
735.492234 549.200000 588.400000
736.492753 549.200000 672.400000
737.492927 549.200000 784.400000
738.493942 549.200000 711.600000
739.496453 549.200000 778.800000
740.496704 549.200000 750.800000
741.496935 549.200000 655.600000
742.497942 549.200000 650.000000
743.498523 549.200000 588.400000
744.499035 549.200000 655.600000
745.500326 549.200000 633.200000
746.500362 549.200000 610.800000
747.500821 549.200000 706.000000
748.500976 549.200000 745.200000
749.503771 549.200000 767.600000
750.503802 549.200000 700.400000
751.509341 549.200000 767.600000
752.509404 549.200000 661.200000
753.510530 549.200000 655.600000
754.513001 549.200000 582.800000
755.513049 549.200000 661.200000
756.513544 549.200000 661.200000
757.514068 549.200000 745.200000
758.521888 549.200000 767.600000
759.525285 549.200000 694.800000
760.525463 549.200000 661.200000
761.533228 549.200000 773.200000
762.534571 549.200000 655.600000
763.534812 549.200000 655.600000
764.535601 549.200000 661.200000
765.536452 549.200000 655.600000
766.537027 549.200000 650.000000
767.537254 549.200000 672.400000
768.537659 549.200000 655.600000
769.538258 549.200000 616.400000
770.539506 549.200000 655.600000
771.539761 549.200000 672.400000
772.540040 549.200000 655.600000
773.542210 549.200000 745.200000
774.542310 549.200000 655.600000
775.543034 549.200000 661.200000
776.543304 549.200000 666.800000
777.543901 549.200000 672.400000
778.545047 549.200000 750.800000
779.545307 549.200000 588.400000
780.552537 549.200000 767.600000
781.553077 549.200000 672.400000
782.553326 549.200000 722.800000
783.554948 549.200000 610.800000
784.555184 549.200000 661.200000
785.555236 549.200000 745.200000
786.556061 549.200000 650.000000
787.556452 549.200000 650.000000
788.556684 549.200000 588.400000
789.564126 549.200000 773.200000
790.564893 549.200000 661.200000
791.565074 549.200000 650.000000
792.565408 549.200000 661.200000
793.566740 549.200000 672.400000
794.568294 549.200000 644.400000
795.575865 549.200000 767.600000
796.576802 549.200000 655.600000
797.577248 549.200000 655.600000
798.578317 549.200000 655.600000
799.578402 549.200000 767.600000
