32.696794 521.200000 521.200000
34.021562 521.200000 521.200000
35.822884 431.600000 431.600000
37.033518 431.600000 431.600000
38.787444 431.600000 420.400000
40.209566 420.400000 420.400000
41.226574 420.400000 420.400000
42.333404 420.400000 420.400000
43.883732 420.400000 420.400000
44.992359 420.400000 420.400000
46.640585 420.400000 420.400000
48.034324 420.400000 420.400000
49.188464 420.400000 420.400000
50.695088 420.400000 420.400000
51.729771 420.400000 420.400000
52.814837 420.400000 420.400000
54.382747 420.400000 420.400000
55.859626 420.400000 420.400000
57.473779 420.400000 420.400000
58.998367 420.400000 420.400000
60.039236 420.400000 420.400000
61.146163 420.400000 420.400000
62.178078 420.400000 420.400000
63.771839 420.400000 420.400000
65.129323 420.400000 420.400000
66.211777 420.400000 420.400000
67.816736 420.400000 420.400000
69.075613 420.400000 420.400000
70.437167 420.400000 420.400000
72.395345 420.400000 414.800000
73.890386 414.800000 414.800000
74.926120 414.800000 414.800000
76.003924 414.800000 414.800000
77.616526 414.800000 414.800000
78.722112 414.800000 414.800000
80.448359 414.800000 414.800000
81.630370 414.800000 414.800000
83.055022 414.800000 414.800000
84.329796 414.800000 414.800000
85.587741 414.800000 414.800000
86.736027 414.800000 414.800000
88.281056 414.800000 414.800000
89.348450 414.800000 414.800000
90.998987 414.800000 414.800000
92.316899 414.800000 414.800000
93.402907 414.800000 414.800000
95.095038 414.800000 414.800000
96.718446 414.800000 414.800000
97.742644 414.800000 414.800000
98.846439 414.800000 414.800000
99.898513 414.800000 414.800000
100.968559 414.800000 414.800000
102.166482 414.800000 414.800000
103.454391 414.800000 414.800000
104.783999 414.800000 414.800000
106.305174 414.800000 414.800000
107.707541 414.800000 414.800000
108.918242 414.800000 414.800000
109.977578 414.800000 414.800000
111.464566 414.800000 414.800000
112.664742 414.800000 414.800000
114.044065 414.800000 414.800000
115.284744 414.800000 414.800000
116.599915 414.800000 414.800000
117.820667 414.800000 414.800000
119.081759 414.800000 414.800000
120.545451 414.800000 414.800000
122.242796 414.800000 414.800000
123.403869 414.800000 414.800000
124.624726 414.800000 414.800000
125.771103 414.800000 414.800000
127.012906 414.800000 414.800000
128.306487 414.800000 414.800000
129.679114 414.800000 414.800000
131.304716 414.800000 414.800000
132.405377 414.800000 414.800000
134.031209 414.800000 414.800000
135.256257 414.800000 414.800000
136.601686 414.800000 414.800000
137.729112 414.800000 414.800000
138.839766 414.800000 414.800000
140.221999 414.800000 414.800000
141.810402 414.800000 414.800000
142.820333 414.800000 414.800000
144.205342 414.800000 414.800000
145.207012 414.800000 414.800000
146.570191 414.800000 414.800000
147.588240 414.800000 414.800000
148.590925 414.800000 414.800000
150.118217 414.800000 414.800000
151.241109 414.800000 414.800000
152.717484 414.800000 414.800000
153.798090 414.800000 414.800000
154.839024 414.800000 414.800000
156.344188 414.800000 414.800000
193.595597 414.800000 504.400000
195.134101 414.800000 504.400000
196.542379 414.800000 465.200000
197.907152 414.800000 465.200000
198.993315 414.800000 465.200000
200.068123 414.800000 437.200000
201.731150 414.800000 437.200000
203.018854 414.800000 437.200000
204.177458 414.800000 437.200000
205.349419 414.800000 420.400000
206.825716 414.800000 420.400000
210.426292 409.200000 409.200000
211.966768 409.200000 409.200000
213.125953 409.200000 409.200000
214.505177 409.200000 409.200000
215.967271 409.200000 409.200000
217.595456 409.200000 409.200000
218.640647 409.200000 409.200000
219.648885 409.200000 409.200000
221.300746 409.200000 409.200000
222.418122 409.200000 409.200000
223.455826 409.200000 409.200000
224.740781 409.200000 409.200000
225.922490 409.200000 409.200000
227.426019 409.200000 409.200000
228.775026 409.200000 409.200000
229.860778 409.200000 409.200000
231.153301 409.200000 409.200000
232.459274 409.200000 409.200000
233.669835 409.200000 409.200000
234.956283 409.200000 409.200000
236.270230 409.200000 409.200000
237.276055 409.200000 409.200000
238.477016 409.200000 409.200000
239.668370 409.200000 409.200000
240.886721 409.200000 409.200000
242.076562 409.200000 409.200000
243.255364 409.200000 409.200000
244.412263 409.200000 409.200000
245.412987 409.200000 409.200000
246.876700 409.200000 409.200000
248.095790 409.200000 409.200000
249.447731 409.200000 409.200000
250.581747 409.200000 409.200000
251.756334 409.200000 409.200000
253.216195 409.200000 409.200000
254.237754 409.200000 409.200000
255.631576 409.200000 409.200000
256.856951 409.200000 409.200000
257.923160 409.200000 409.200000
259.001104 409.200000 409.200000
260.450783 409.200000 409.200000
261.498396 409.200000 409.200000
263.176123 409.200000 409.200000
264.178562 409.200000 409.200000
265.598903 409.200000 409.200000
266.830880 409.200000 409.200000
267.967418 409.200000 409.200000
269.389618 409.200000 409.200000
270.727235 409.200000 409.200000
271.793603 409.200000 409.200000
273.129269 409.200000 409.200000
274.537909 409.200000 409.200000
275.624017 409.200000 409.200000
277.052453 409.200000 409.200000
278.320779 409.200000 409.200000
279.461528 409.200000 409.200000
280.614470 409.200000 409.200000
282.167580 409.200000 409.200000
283.511988 409.200000 409.200000
284.933590 409.200000 409.200000
286.513430 409.200000 409.200000
287.714284 409.200000 409.200000
289.004996 409.200000 409.200000
290.122616 409.200000 409.200000
291.509744 409.200000 409.200000
293.088062 409.200000 409.200000
324.281311 409.200000 504.400000
325.328478 409.200000 504.400000
327.392708 409.200000 448.400000
328.424854 409.200000 448.400000
330.936999 409.200000 431.600000
332.083804 409.200000 431.600000
333.263986 409.200000 431.600000
334.720163 409.200000 431.600000
336.041281 409.200000 420.400000
337.599008 409.200000 420.400000
339.090048 409.200000 420.400000
340.094073 409.200000 420.400000
341.525753 409.200000 409.200000
342.718281 409.200000 409.200000
343.811845 409.200000 409.200000
345.397208 409.200000 409.200000
347.185691 409.200000 409.200000
348.504909 409.200000 409.200000
350.057482 409.200000 409.200000
351.448841 409.200000 409.200000
352.490136 409.200000 409.200000
353.703694 409.200000 409.200000
355.062394 409.200000 409.200000
356.501213 409.200000 409.200000
357.532475 409.200000 409.200000
358.868883 409.200000 409.200000
360.056142 409.200000 409.200000
361.231548 409.200000 409.200000
362.243880 409.200000 409.200000
363.609507 409.200000 409.200000
364.941940 409.200000 409.200000
365.965394 409.200000 409.200000
367.460509 409.200000 409.200000
368.655856 409.200000 409.200000
369.742310 409.200000 409.200000
371.017012 409.200000 409.200000
372.273003 409.200000 409.200000
373.395696 409.200000 409.200000
374.675044 409.200000 409.200000
375.750498 409.200000 409.200000
377.214009 409.200000 409.200000
378.421631 409.200000 409.200000
379.721173 409.200000 409.200000
381.169889 409.200000 409.200000
382.410167 409.200000 409.200000
383.483519 409.200000 409.200000
384.555687 409.200000 409.200000
385.751844 409.200000 409.200000
386.910099 409.200000 409.200000
388.579976 409.200000 409.200000
389.727147 409.200000 409.200000
390.772064 409.200000 409.200000
392.395524 409.200000 409.200000
393.501257 409.200000 409.200000
394.699009 409.200000 409.200000
395.813999 409.200000 409.200000
397.544519 409.200000 409.200000
398.665484 409.200000 409.200000
399.822672 409.200000 409.200000
401.394960 409.200000 409.200000
402.606925 409.200000 409.200000
403.919734 409.200000 409.200000
404.969238 409.200000 409.200000
405.994113 409.200000 409.200000
407.240198 409.200000 409.200000
408.359717 409.200000 409.200000
410.120216 409.200000 409.200000
411.281228 409.200000 409.200000
412.539755 409.200000 409.200000
413.745966 409.200000 409.200000
414.822370 409.200000 409.200000
415.879221 409.200000 409.200000
417.154178 409.200000 409.200000
418.416273 409.200000 409.200000
420.251114 409.200000 409.200000
421.548388 409.200000 409.200000
423.103435 409.200000 409.200000
424.507294 409.200000 409.200000
426.026622 409.200000 409.200000
427.434424 409.200000 409.200000
428.728414 409.200000 409.200000
430.965251 409.200000 409.200000
432.336926 409.200000 409.200000
434.080351 409.200000 409.200000
435.414298 409.200000 409.200000
437.452836 409.200000 409.200000
438.850839 409.200000 409.200000
471.200174 409.200000 504.400000
472.601390 409.200000 504.400000
473.935804 409.200000 426.000000
475.280262 409.200000 426.000000
476.640217 409.200000 426.000000
477.914978 409.200000 409.200000
479.373992 409.200000 409.200000
482.866683 403.600000 403.600000
484.282493 403.600000 403.600000
485.289406 403.600000 403.600000
486.942768 403.600000 403.600000
488.266512 403.600000 403.600000
489.597479 403.600000 403.600000
490.642941 403.600000 403.600000
491.986935 403.600000 403.600000
493.409836 403.600000 403.600000
494.936786 403.600000 403.600000
495.938298 403.600000 403.600000
497.293497 403.600000 403.600000
498.608754 403.600000 403.600000
499.637632 403.600000 403.600000
500.817586 403.600000 403.600000
502.141379 403.600000 403.600000
503.210936 403.600000 403.600000
504.636048 403.600000 403.600000
505.812624 403.600000 403.600000
506.849674 403.600000 403.600000
508.076378 403.600000 403.600000
509.083467 403.600000 403.600000
510.444576 403.600000 403.600000
511.446687 403.600000 403.600000
512.492939 403.600000 403.600000
513.867367 403.600000 403.600000
515.293602 403.600000 403.600000
516.335065 403.600000 403.600000
517.787969 403.600000 403.600000
519.063370 403.600000 403.600000
520.116008 403.600000 403.600000
521.483029 403.600000 403.600000
522.501969 403.600000 403.600000
523.692552 403.600000 403.600000
524.973088 403.600000 403.600000
526.443672 403.600000 403.600000
527.742819 403.600000 403.600000
529.341839 403.600000 403.600000
530.806137 403.600000 403.600000
533.998390 400.000000 400.000000
534.999194 400.000000 400.000000
536.070755 400.000000 400.000000
537.567030 400.000000 400.000000
538.821423 400.000000 400.000000
540.271986 400.000000 400.000000
541.685918 400.000000 400.000000
542.760178 400.000000 400.000000
544.086169 400.000000 400.000000
545.196021 400.000000 400.000000
546.576661 400.000000 400.000000
547.905505 400.000000 400.000000
549.041325 400.000000 400.000000
551.617128 398.000000 398.000000
552.659943 398.000000 398.000000
554.121326 398.000000 398.000000
555.646254 398.000000 398.000000
556.664702 398.000000 398.000000
557.792343 398.000000 398.000000
559.053168 398.000000 398.000000
560.342771 398.000000 398.000000
561.390003 398.000000 398.000000
562.742257 398.000000 398.000000
563.867074 398.000000 398.000000
565.132839 398.000000 398.000000
566.236130 398.000000 398.000000
567.670612 398.000000 398.000000
568.840697 398.000000 398.000000
570.086859 398.000000 398.000000
571.323533 398.000000 398.000000
572.623711 398.000000 398.000000
573.724984 398.000000 398.000000
574.967497 398.000000 398.000000
576.334901 398.000000 398.000000
577.351493 398.000000 398.000000
578.778571 398.000000 398.000000
580.100080 398.000000 398.000000
581.271105 398.000000 398.000000
582.607219 398.000000 398.000000
583.850009 398.000000 398.000000
584.887029 398.000000 398.000000
586.220850 398.000000 398.000000
587.565879 398.000000 398.000000
589.076150 398.000000 398.000000
590.346303 398.000000 398.000000
591.788762 398.000000 398.000000
593.150830 398.000000 398.000000
594.543146 398.000000 398.000000
595.774484 398.000000 398.000000
596.875559 398.000000 398.000000
598.330254 398.000000 398.000000
599.417793 398.000000 398.000000
600.691834 398.000000 398.000000
601.990426 398.000000 398.000000
603.259651 398.000000 398.000000
604.601511 398.000000 398.000000
605.988689 398.000000 398.000000
607.565689 398.000000 398.000000
608.811449 398.000000 398.000000
609.831364 398.000000 398.000000
611.344111 398.000000 398.000000
612.598031 398.000000 398.000000
613.691974 398.000000 398.000000
614.841568 398.000000 398.000000
616.258654 398.000000 398.000000
617.420314 398.000000 398.000000
619.052558 398.000000 398.000000
620.343210 398.000000 398.000000
621.808275 398.000000 398.000000
622.935873 398.000000 398.000000
624.412673 398.000000 398.000000
657.900697 398.000000 482.000000
659.720080 398.000000 476.400000
661.172516 398.000000 476.400000
662.615217 398.000000 476.400000
664.089337 398.000000 470.800000
665.643837 398.000000 470.800000
666.916132 398.000000 470.800000
668.444324 398.000000 470.800000
669.710354 398.000000 470.800000
670.832205 398.000000 470.800000
672.109480 398.000000 470.800000
674.059732 398.000000 448.400000
675.728068 398.000000 442.800000
677.183837 398.000000 441.200000
678.614603 398.000000 430.000000
680.002329 398.000000 430.000000
681.452088 398.000000 430.000000
682.647989 398.000000 430.000000
683.723038 398.000000 420.400000
685.086837 398.000000 420.400000
686.116127 398.000000 420.400000
687.515175 398.000000 420.400000
688.677875 398.000000 420.400000
690.071193 398.000000 420.400000
691.134767 398.000000 420.400000
692.452592 398.000000 420.400000
693.652039 398.000000 420.400000
694.911339 398.000000 420.400000
696.193836 398.000000 420.400000
697.810406 398.000000 420.400000
699.405459 398.000000 420.400000
700.521636 398.000000 420.400000
701.533225 398.000000 420.400000
702.875455 398.000000 420.400000
703.987892 398.000000 420.400000
705.132369 398.000000 420.400000
706.273638 398.000000 420.400000
707.770172 398.000000 420.400000
709.116021 398.000000 420.400000
710.153717 398.000000 420.400000
711.677520 398.000000 420.400000
712.868975 398.000000 420.400000
714.134125 398.000000 420.400000
715.461452 398.000000 420.400000
716.736565 398.000000 420.400000
718.281860 398.000000 420.400000
719.729688 398.000000 420.400000
720.905950 398.000000 420.400000
722.390902 398.000000 420.400000
723.460624 398.000000 420.400000
724.477029 398.000000 420.400000
725.641523 398.000000 420.400000
727.094218 398.000000 420.400000
728.198089 398.000000 420.400000
729.241788 398.000000 420.400000
730.473494 398.000000 420.400000
731.931394 398.000000 420.400000
733.486790 398.000000 420.400000
734.619257 398.000000 420.400000
735.694112 398.000000 420.400000
736.845958 398.000000 420.400000
737.900020 398.000000 420.400000
739.109667 398.000000 420.400000
740.182742 398.000000 420.400000
741.454112 398.000000 420.400000
743.079454 398.000000 420.400000
744.307303 398.000000 420.400000
745.811796 398.000000 420.400000
747.005549 398.000000 420.400000
748.029334 398.000000 420.400000
749.494521 398.000000 420.400000
751.869895 398.000000 414.800000
753.392198 398.000000 414.800000
754.504392 398.000000 414.800000
755.642347 398.000000 414.800000
757.188666 398.000000 414.800000
758.882670 398.000000 414.800000
760.055755 398.000000 414.800000
761.434214 398.000000 414.800000
762.587663 398.000000 414.800000
763.647379 398.000000 414.800000
764.683854 398.000000 414.800000
766.172552 398.000000 414.800000
767.308505 398.000000 414.800000
768.956565 398.000000 414.800000
770.030769 398.000000 414.800000
771.422474 398.000000 414.800000
772.789110 398.000000 414.800000
773.898795 398.000000 414.800000
775.185757 398.000000 414.800000
776.642063 398.000000 414.800000
777.790322 398.000000 414.800000
779.199419 398.000000 414.800000
780.239609 398.000000 414.800000
781.275814 398.000000 414.800000
782.739843 398.000000 414.800000
783.816564 398.000000 414.800000
785.291216 398.000000 414.800000
786.585679 398.000000 414.800000
788.205590 398.000000 414.800000
789.482548 398.000000 414.800000
791.178646 398.000000 414.800000
792.306308 398.000000 414.800000
793.696333 398.000000 414.800000
795.007648 398.000000 414.800000
796.044130 398.000000 414.800000
797.442226 398.000000 414.800000
798.825863 398.000000 414.800000
799.962266 398.000000 414.800000
