0.013756 773.200000 773.200000
1.013898 577.200000 661.200000
2.014133 577.200000 666.800000
3.014807 577.200000 767.600000
4.015518 571.600000 588.400000
5.015816 571.600000 778.800000
6.015927 571.600000 655.600000
7.016272 571.600000 655.600000
8.016507 571.600000 588.400000
9.017596 571.600000 655.600000
10.018371 571.600000 661.200000
11.019225 571.600000 655.600000
12.019460 571.600000 661.200000
13.019780 571.600000 655.600000
14.019812 571.600000 655.600000
15.020289 571.600000 661.200000
16.020693 571.600000 655.600000
17.020990 571.600000 691.200000
18.022170 571.600000 655.600000
19.022969 571.600000 672.400000
20.023217 571.600000 773.200000
21.024091 571.600000 666.800000
22.025704 571.600000 739.600000
23.026104 571.600000 650.000000
24.026358 571.600000 666.800000
25.026777 571.600000 650.000000
26.027034 571.600000 655.600000
27.027657 571.600000 627.600000
28.028487 571.600000 588.400000
29.028514 571.600000 672.400000
30.028574 571.600000 655.600000
31.028692 571.600000 650.000000
32.028846 571.600000 666.800000
33.030257 571.600000 750.800000
34.031130 571.600000 706.000000
35.032450 571.600000 661.200000
36.037114 571.600000 767.600000
37.037465 571.600000 700.400000
38.038356 571.600000 638.800000
39.038733 571.600000 582.800000
40.038804 571.600000 661.200000
41.039061 571.600000 666.800000
42.040030 571.600000 655.600000
43.040105 571.600000 666.800000
44.040191 571.600000 666.800000
45.040867 571.600000 582.800000
46.041415 571.600000 655.600000
47.042222 571.600000 655.600000
48.042578 571.600000 650.000000
49.043016 571.600000 666.800000
50.043628 571.600000 661.200000
51.051623 571.600000 773.200000
52.052023 571.600000 666.800000
53.052573 571.600000 661.200000
54.053158 571.600000 666.800000
55.053651 571.600000 588.400000
56.053827 571.600000 627.600000
57.056046 571.600000 666.800000
58.056195 571.600000 661.200000
59.056430 571.600000 655.600000
60.056693 571.600000 655.600000
61.056995 571.600000 661.200000
62.057360 571.600000 666.800000
63.057484 571.600000 588.400000
64.062990 571.600000 661.200000
65.063451 571.600000 655.600000
66.063800 571.600000 672.400000
67.064670 571.600000 655.600000
68.064784 571.600000 689.200000
69.065036 571.600000 650.000000
70.065166 571.600000 661.200000
71.066542 571.600000 672.400000
72.066930 571.600000 666.800000
73.067284 571.600000 773.200000
74.069339 571.600000 711.600000
75.069388 571.600000 661.200000
76.069868 571.600000 616.400000
77.069962 571.600000 672.400000
78.070042 571.600000 588.400000
79.070496 571.600000 666.800000
80.070510 571.600000 666.800000
81.070659 571.600000 644.400000
82.071934 571.600000 655.600000
83.072380 571.600000 672.400000
84.073506 571.600000 661.200000
85.073875 571.600000 678.000000
86.074141 571.600000 650.000000
87.074625 571.600000 644.400000
88.075480 571.600000 655.600000
89.075700 571.600000 655.600000
90.075768 571.600000 672.400000
91.076188 571.600000 655.600000
92.076653 571.600000 650.000000
93.077065 571.600000 661.200000
94.077162 571.600000 650.000000
95.077637 571.600000 739.600000
96.078901 571.600000 767.600000
97.079004 571.600000 655.600000
98.079179 571.600000 650.000000
99.080787 571.600000 577.200000
100.082128 571.600000 734.000000
101.084008 571.600000 666.800000
102.084315 571.600000 644.400000
103.084403 571.600000 661.200000
104.084646 571.600000 672.400000
105.085165 571.600000 655.600000
106.086505 571.600000 661.200000
107.086796 571.600000 650.000000
108.087375 571.600000 767.600000
109.087616 571.600000 655.600000
110.087974 571.600000 655.600000
111.087980 571.600000 672.400000
112.089813 571.600000 661.200000
113.090032 571.600000 661.200000
114.094024 571.600000 773.200000
115.094460 571.600000 655.600000
116.094744 571.600000 655.600000
117.094923 571.600000 661.200000
118.095204 571.600000 650.000000
119.095239 571.600000 655.600000
120.095313 571.600000 672.400000
121.095341 571.600000 650.000000
122.095481 571.600000 650.000000
123.095980 571.600000 582.800000
124.096443 571.600000 588.400000
125.096569 571.600000 666.800000
126.096684 571.600000 666.800000
127.097290 571.600000 638.800000
128.097709 571.600000 655.600000
129.097810 571.600000 661.200000
130.097934 571.600000 678.000000
131.098358 571.600000 655.600000
132.098477 571.600000 661.200000
133.098573 571.600000 661.200000
134.099845 571.600000 655.600000
135.100022 571.600000 655.600000
136.100510 571.600000 650.000000
137.100835 571.600000 655.600000
138.100938 571.600000 661.200000
139.101262 571.600000 655.600000
140.102014 571.600000 650.000000
141.108270 571.600000 762.000000
142.109216 571.600000 694.800000
143.109869 571.600000 594.000000
144.110088 571.600000 706.000000
145.110239 571.600000 672.400000
146.110417 571.600000 655.600000
147.110681 571.600000 666.800000
148.111711 571.600000 655.600000
149.112474 571.600000 650.000000
150.112521 571.600000 666.800000
151.112747 571.600000 661.200000
152.113088 571.600000 650.000000
153.119122 571.600000 773.200000
154.119152 571.600000 745.200000
155.120525 571.600000 694.800000
156.120655 571.600000 582.800000
157.120727 571.600000 655.600000
158.121684 571.600000 655.600000
159.122064 571.600000 678.000000
160.122258 571.600000 706.000000
161.122339 571.600000 745.200000
162.123078 571.600000 582.800000
163.124058 571.600000 655.600000
164.124090 571.600000 672.400000
165.124116 571.600000 745.200000
166.124589 571.600000 655.600000
167.124788 571.600000 655.600000
168.124813 571.600000 711.600000
169.128691 571.600000 661.200000
170.128874 571.600000 577.200000
171.129220 571.600000 700.400000
172.129412 571.600000 644.400000
173.129456 571.600000 661.200000
174.129828 571.600000 650.000000
175.130132 571.600000 689.200000
176.133978 571.600000 672.400000
177.134464 571.600000 650.000000
178.134493 571.600000 661.200000
179.134892 571.600000 655.600000
180.135697 571.600000 655.600000
181.136056 571.600000 638.800000
182.136402 571.600000 672.400000
183.137066 571.600000 633.200000
184.138002 571.600000 666.800000
185.138076 571.600000 655.600000
186.138140 571.600000 655.600000
187.138281 571.600000 672.400000
188.138762 571.600000 655.600000
189.139814 571.600000 739.600000
190.140381 571.600000 655.600000
191.140437 571.600000 655.600000
192.140767 571.600000 650.000000
193.141077 571.600000 655.600000
194.142288 571.600000 655.600000
195.142485 571.600000 661.200000
196.142981 571.600000 767.600000
197.143073 571.600000 655.600000
198.143466 571.600000 582.800000
199.143626 571.600000 655.600000
200.143950 571.600000 650.000000
201.144369 571.600000 655.600000
202.144537 571.600000 661.200000
203.145397 571.600000 661.200000
204.145432 571.600000 661.200000
205.146886 571.600000 577.200000
206.147183 571.600000 666.800000
207.147807 571.600000 666.800000
208.147863 571.600000 655.600000
209.148961 571.600000 650.000000
210.149124 571.600000 577.200000
211.150122 571.600000 571.600000
212.150293 571.600000 661.200000
213.150886 571.600000 666.800000
214.154322 571.600000 666.800000
215.154541 571.600000 773.200000
216.154615 571.600000 661.200000
217.155136 571.600000 655.600000
218.155454 571.600000 655.600000
219.156070 571.600000 588.400000
220.156075 571.600000 627.600000
221.156627 571.600000 644.400000
222.157199 571.600000 655.600000
223.157842 571.600000 745.200000
224.158400 566.000000 655.600000
225.158611 566.000000 672.400000
226.158757 566.000000 655.600000
227.159172 566.000000 655.600000
228.159360 566.000000 644.400000
229.159595 566.000000 745.200000
230.159823 566.000000 650.000000
231.159864 566.000000 711.600000
232.159977 566.000000 661.200000
233.159981 566.000000 666.800000
234.162044 566.000000 767.600000
235.162799 566.000000 655.600000
236.162852 566.000000 661.200000
237.163164 566.000000 694.800000
238.163411 566.000000 773.200000
239.164269 566.000000 661.200000
240.164370 566.000000 577.200000
241.164569 566.000000 650.000000
242.165097 566.000000 655.600000
243.165116 566.000000 678.000000
244.165928 566.000000 666.800000
245.166181 566.000000 661.200000
246.166536 566.000000 577.200000
247.167602 566.000000 745.200000
248.167631 566.000000 577.200000
249.167992 566.000000 661.200000
250.168406 566.000000 706.000000
251.168723 566.000000 650.000000
252.169317 566.000000 655.600000
253.169434 566.000000 666.800000
254.169450 566.000000 644.400000
255.170021 566.000000 582.800000
256.171674 566.000000 734.000000
257.172093 566.000000 661.200000
258.172734 566.000000 655.600000
259.172890 566.000000 672.400000
260.185042 566.000000 773.200000
261.186274 566.000000 767.600000
262.186677 566.000000 661.200000
263.191264 566.000000 773.200000
264.192389 566.000000 661.200000
265.192535 566.000000 666.800000
266.192870 566.000000 767.600000
267.193142 566.000000 655.600000
268.193261 566.000000 655.600000
269.193468 566.000000 594.000000
270.193602 566.000000 661.200000
271.194618 566.000000 655.600000
272.196184 566.000000 571.600000
273.196545 566.000000 655.600000
274.197396 566.000000 650.000000
275.197823 566.000000 650.000000
276.198331 566.000000 655.600000
277.198577 566.000000 582.800000
278.198644 566.000000 700.400000
279.199039 566.000000 666.800000
280.199657 566.000000 661.200000
281.200421 566.000000 655.600000
282.200709 566.000000 672.400000
283.202389 566.000000 661.200000
284.202514 566.000000 661.200000
285.202653 566.000000 655.600000
286.203789 566.000000 661.200000
287.204401 566.000000 582.800000
288.204471 566.000000 661.200000
289.204499 566.000000 644.400000
290.204525 566.000000 616.400000
291.204873 566.000000 661.200000
292.205290 566.000000 666.800000
293.205707 566.000000 672.400000
294.206507 566.000000 666.800000
295.206566 566.000000 655.600000
296.207749 566.000000 661.200000
297.208203 566.000000 661.200000
298.208304 566.000000 661.200000
299.208393 566.000000 661.200000
300.208546 566.000000 722.800000
301.209296 566.000000 610.800000
302.210235 566.000000 650.000000
303.212522 566.000000 661.200000
304.213062 566.000000 661.200000
305.213811 566.000000 655.600000
306.214635 566.000000 661.200000
307.215273 566.000000 734.000000
308.215677 566.000000 739.600000
309.216644 566.000000 650.000000
310.216740 566.000000 661.200000
311.216838 566.000000 650.000000
312.220644 566.000000 655.600000
313.221712 566.000000 655.600000
314.223722 566.000000 750.800000
315.224571 566.000000 655.600000
316.224757 566.000000 661.200000
317.225107 566.000000 773.200000
318.225355 566.000000 655.600000
319.226118 566.000000 661.200000
320.226251 566.000000 655.600000
321.226512 566.000000 588.400000
322.227013 566.000000 588.400000
323.228402 566.000000 582.800000
324.228959 566.000000 734.000000
325.229375 566.000000 661.200000
326.229410 566.000000 661.200000
327.229855 566.000000 666.800000
328.229897 566.000000 661.200000
329.230507 566.000000 655.600000
330.230675 566.000000 594.000000
331.230987 566.000000 650.000000
332.231700 566.000000 672.400000
333.231981 566.000000 661.200000
334.232618 566.000000 650.000000
335.233354 566.000000 655.600000
336.233801 566.000000 661.200000
337.234190 566.000000 661.200000
338.234560 566.000000 655.600000
339.234746 566.000000 650.000000
340.235209 566.000000 655.600000
341.237857 566.000000 672.400000
342.237901 566.000000 666.800000
343.238782 566.000000 655.600000
344.245183 566.000000 773.200000
345.245626 566.000000 661.200000
346.245626 566.000000 717.200000
347.245824 566.000000 655.600000
348.246053 566.000000 666.800000
349.247063 566.000000 655.600000
350.247155 566.000000 767.600000
351.248224 566.000000 666.800000
352.248606 566.000000 666.800000
353.248790 566.000000 655.600000
354.249890 566.000000 666.800000
355.250260 566.000000 655.600000
356.250914 566.000000 661.200000
357.251214 566.000000 655.600000
358.252070 566.000000 739.600000
359.252122 566.000000 650.000000
360.253228 566.000000 661.200000
361.253512 566.000000 661.200000
362.254007 566.000000 622.000000
363.255043 566.000000 666.800000
364.255223 566.000000 650.000000
365.256389 566.000000 672.400000
366.258792 566.000000 650.000000
367.259215 566.000000 655.600000
368.259291 566.000000 588.400000
369.260383 566.000000 672.400000
370.261037 566.000000 745.200000
371.261183 566.000000 655.600000
372.261434 566.000000 622.000000
373.261775 566.000000 588.400000
374.261932 566.000000 582.800000
375.262352 566.000000 734.000000
376.263138 566.000000 650.000000
377.263436 566.000000 750.800000
378.263499 566.000000 672.400000
379.263749 566.000000 661.200000
380.263778 566.000000 661.200000
381.264038 566.000000 672.400000
382.264191 566.000000 588.400000
383.264989 566.000000 767.600000
384.265384 566.000000 582.800000
385.265716 566.000000 661.200000
386.266074 566.000000 650.000000
387.267096 566.000000 661.200000
388.267204 566.000000 661.200000
389.267446 566.000000 650.000000
390.267791 566.000000 571.600000
391.268054 566.000000 666.800000
392.268396 566.000000 666.800000
393.269233 566.000000 582.800000
394.270627 566.000000 655.600000
395.270740 566.000000 655.600000
396.270971 566.000000 773.200000
397.270971 566.000000 650.000000
398.271190 566.000000 588.400000
399.272204 566.000000 666.800000
400.273598 566.000000 767.600000
401.273956 566.000000 650.000000
402.274013 566.000000 672.400000
403.275154 566.000000 661.200000
404.276147 566.000000 666.800000
405.276534 566.000000 672.400000
406.276556 566.000000 582.800000
407.276983 566.000000 661.200000
408.277134 566.000000 650.000000
409.277593 566.000000 650.000000
410.278082 566.000000 650.000000
411.282071 566.000000 767.600000
412.282493 566.000000 678.000000
413.283166 566.000000 666.800000
414.283372 566.000000 672.400000
415.290249 566.000000 767.600000
416.290302 566.000000 661.200000
417.291614 566.000000 588.400000
418.291964 566.000000 655.600000
419.292061 566.000000 650.000000
420.292125 566.000000 666.800000
421.292514 566.000000 666.800000
422.293073 566.000000 661.200000
423.293097 566.000000 582.800000
424.293592 566.000000 650.000000
425.293927 566.000000 661.200000
426.294155 566.000000 661.200000
427.294445 566.000000 666.800000
428.294904 566.000000 655.600000
429.295269 566.000000 661.200000
430.295610 566.000000 655.600000
431.295773 566.000000 672.400000
432.296292 566.000000 666.800000
433.297226 566.000000 661.200000
434.297425 566.000000 582.800000
435.297483 566.000000 661.200000
436.297592 566.000000 672.400000
437.297756 566.000000 588.400000
438.298750 566.000000 655.600000
439.298987 566.000000 666.800000
440.299161 566.000000 582.800000
441.305750 554.800000 762.000000
442.305775 554.800000 666.800000
443.306286 554.800000 661.200000
444.306539 554.800000 650.000000
445.307094 554.800000 650.000000
446.309094 554.800000 773.200000
447.309398 554.800000 655.600000
448.309550 554.800000 650.000000
449.317369 554.800000 767.600000
450.317903 554.800000 661.200000
451.325083 554.800000 773.200000
452.325340 554.800000 633.200000
453.325591 554.800000 661.200000
454.326798 554.800000 739.600000
455.327262 554.800000 582.800000
456.327426 554.800000 650.000000
457.327689 554.800000 622.000000
458.328432 554.800000 767.600000
459.328763 554.800000 655.600000
460.328906 554.800000 694.800000
461.329258 554.800000 666.800000
462.330463 554.800000 644.400000
463.330716 554.800000 655.600000
464.330980 554.800000 739.600000
465.332974 554.800000 633.200000
466.333145 554.800000 666.800000
467.340441 554.800000 762.000000
468.340475 554.800000 661.200000
469.340831 554.800000 666.800000
470.341210 554.800000 655.600000
471.341792 554.800000 650.000000
472.343564 554.800000 762.000000
473.344306 554.800000 650.000000
474.344586 554.800000 666.800000
475.344788 554.800000 644.400000
476.345165 554.800000 655.600000
477.348203 554.800000 739.600000
478.349385 554.800000 661.200000
479.350894 554.800000 706.000000
480.351047 554.800000 678.000000
481.351421 554.800000 650.000000
482.351643 554.800000 661.200000
483.351770 554.800000 661.200000
484.352077 554.800000 650.000000
485.352121 554.800000 661.200000
486.354149 554.800000 739.600000
487.354595 554.800000 582.800000
488.355218 554.800000 661.200000
489.356040 554.800000 650.000000
490.356650 554.800000 655.600000
491.357279 554.800000 661.200000
492.358348 554.800000 655.600000
493.359461 554.800000 666.800000
494.360505 554.800000 650.000000
495.360824 554.800000 655.600000
496.361549 554.800000 582.800000
497.362035 554.800000 767.600000
498.362343 554.800000 661.200000
499.362652 554.800000 616.400000
500.362895 554.800000 767.600000
501.363053 554.800000 655.600000
502.363390 554.800000 633.200000
503.364211 554.800000 661.200000
504.364414 554.800000 644.400000
505.364752 554.800000 655.600000
506.365203 554.800000 655.600000
507.365368 554.800000 588.400000
508.365435 554.800000 706.000000
509.366087 554.800000 666.800000
510.366619 554.800000 655.600000
511.367308 554.800000 666.800000
512.368219 554.800000 666.800000
513.369222 554.800000 661.200000
514.376560 554.800000 773.200000
515.377036 554.800000 588.400000
516.377863 554.800000 655.600000
517.377933 554.800000 666.800000
518.378337 554.800000 661.200000
519.379360 554.800000 706.000000
520.379729 554.800000 661.200000
521.379757 554.800000 650.000000
522.380208 554.800000 778.800000
523.380350 554.800000 661.200000
524.380694 554.800000 633.200000
525.381062 554.800000 661.200000
526.381382 554.800000 588.400000
527.381818 554.800000 577.200000
528.381888 554.800000 694.800000
529.383190 554.800000 650.000000
530.384045 554.800000 666.800000
531.384388 554.800000 655.600000
532.386365 554.800000 750.800000
533.386684 554.800000 762.000000
534.386890 554.800000 655.600000
535.386962 554.800000 666.800000
536.388060 554.800000 666.800000
537.388508 554.800000 666.800000
538.388965 554.800000 655.600000
539.389112 554.800000 650.000000
540.389205 554.800000 594.000000
541.389595 554.800000 650.000000
542.390319 554.800000 717.200000
543.390763 554.800000 588.400000
544.392779 554.800000 734.000000
545.392874 554.800000 739.600000
546.393129 554.800000 638.800000
547.394158 554.800000 655.600000
548.394284 554.800000 650.000000
549.394858 554.800000 655.600000
550.394868 554.800000 655.600000
551.395146 554.800000 650.000000
552.395649 554.800000 655.600000
553.396052 554.800000 622.000000
554.396277 554.800000 661.200000
555.396501 554.800000 706.000000
556.396552 554.800000 661.200000
557.396979 554.800000 627.600000
558.398250 554.800000 700.400000
559.400923 554.800000 773.200000
560.401202 554.800000 672.400000
561.401928 554.800000 666.800000
562.402044 554.800000 655.600000
563.402206 554.800000 627.600000
564.402320 554.800000 650.000000
565.403184 554.800000 661.200000
566.403334 554.800000 650.000000
567.403383 554.800000 655.600000
568.403406 554.800000 650.000000
569.407672 554.800000 773.200000
570.407747 554.800000 734.000000
571.407888 554.800000 655.600000
572.408350 554.800000 767.600000
573.408669 554.800000 711.600000
574.409484 554.800000 739.600000
575.410048 554.800000 672.400000
576.410864 554.800000 655.600000
577.411153 554.800000 661.200000
578.411469 554.800000 734.000000
579.417784 554.800000 773.200000
580.418288 554.800000 661.200000
581.418680 554.800000 661.200000
582.419554 554.800000 644.400000
583.419558 554.800000 700.400000
584.420637 554.800000 745.200000
585.421062 554.800000 700.400000
586.421247 554.800000 661.200000
587.421273 554.800000 577.200000
588.422449 554.800000 644.400000
589.422453 554.800000 666.800000
590.422466 554.800000 661.200000
591.423543 554.800000 650.000000
592.423772 554.800000 655.600000
593.423945 554.800000 582.800000
594.425031 554.800000 666.800000
595.425042 554.800000 661.200000
596.425589 554.800000 627.600000
597.425632 554.800000 666.800000
598.425828 554.800000 672.400000
599.426279 554.800000 655.600000
600.426288 554.800000 650.000000
601.427602 554.800000 666.800000
602.428330 554.800000 773.200000
603.428500 554.800000 666.800000
604.430433 554.800000 666.800000
605.431677 554.800000 672.400000
606.432105 554.800000 672.400000
607.432566 554.800000 655.600000
608.432660 554.800000 646.400000
609.433677 554.800000 661.200000
610.434143 554.800000 672.400000
611.434180 554.800000 672.400000
612.434280 554.800000 655.600000
613.434521 554.800000 655.600000
614.434684 554.800000 666.800000
615.435333 554.800000 655.600000
616.435588 554.800000 616.400000
617.435633 554.800000 666.800000
618.436938 554.800000 655.600000
619.437363 554.800000 650.000000
620.438130 554.800000 672.400000
621.438955 554.800000 644.400000
622.439700 554.800000 762.000000
623.440123 554.800000 661.200000
624.440869 554.800000 650.000000
625.441437 554.800000 661.200000
626.441850 554.800000 650.000000
627.442148 554.800000 672.400000
628.442340 554.800000 655.600000
629.444290 554.800000 644.400000
630.444518 554.800000 633.200000
631.445342 554.800000 750.800000
632.445807 554.800000 661.200000
633.449056 554.800000 767.600000
634.449547 554.800000 571.600000
635.450094 554.800000 689.200000
636.450222 554.800000 745.200000
637.451339 554.800000 666.800000
638.451503 554.800000 655.600000
639.451851 554.800000 633.200000
640.452237 554.800000 650.000000
641.455104 554.800000 655.600000
642.455316 554.800000 672.400000
643.455380 554.800000 666.800000
644.455463 554.800000 661.200000
645.455974 554.800000 644.400000
646.458636 554.800000 773.200000
647.459089 554.800000 661.200000
648.459984 554.800000 661.200000
649.460295 554.800000 638.800000
650.461204 554.800000 644.400000
651.462038 554.800000 661.200000
652.462494 554.800000 650.000000
653.463142 554.800000 638.800000
654.464072 554.800000 644.400000
655.464215 554.800000 773.200000
656.464541 554.800000 655.600000
657.465054 554.800000 582.800000
658.465112 554.800000 655.600000
659.465437 554.800000 666.800000
660.465898 554.800000 650.000000
661.467511 554.800000 666.800000
662.467858 554.800000 661.200000
663.468027 554.800000 661.200000
664.468223 554.800000 739.600000
665.468981 554.800000 644.400000
666.470161 554.800000 666.800000
667.470180 554.800000 650.000000
668.470328 554.800000 655.600000
669.470335 554.800000 661.200000
670.470730 554.800000 650.000000
671.471885 554.800000 661.200000
672.472026 554.800000 650.000000
673.472225 554.800000 655.600000
674.472547 554.800000 650.000000
675.472571 554.800000 661.200000
676.472809 554.800000 655.600000
677.473165 554.800000 661.200000
678.473252 554.800000 661.200000
679.473591 554.800000 644.400000
680.473910 554.800000 672.400000
681.475166 554.800000 661.200000
682.475328 554.800000 655.600000
683.475647 554.800000 745.200000
684.475744 554.800000 644.400000
685.475853 554.800000 644.400000
686.476526 554.800000 661.200000
687.476652 554.800000 767.600000
688.476708 554.800000 706.000000
689.477174 554.800000 655.600000
690.478044 554.800000 672.400000
691.478045 554.800000 650.000000
692.478130 554.800000 666.800000
693.479313 554.800000 650.000000
694.479498 554.800000 655.600000
695.479969 554.800000 750.800000
696.480535 554.800000 655.600000
697.481097 554.800000 655.600000
698.481839 554.800000 650.000000
699.482164 554.800000 661.200000
700.482313 554.800000 655.600000
701.483226 554.800000 762.000000
702.483231 554.800000 661.200000
703.483347 554.800000 661.200000
704.484200 554.800000 661.200000
705.485450 554.800000 655.600000
706.485917 554.800000 661.200000
707.487127 554.800000 650.000000
708.487195 554.800000 650.000000
709.487267 554.800000 655.600000
710.487322 554.800000 661.200000
711.487398 554.800000 661.200000
712.487871 554.800000 739.600000
713.488484 554.800000 655.600000
714.488981 554.800000 666.800000
715.489816 554.800000 661.200000
716.490121 554.800000 577.200000
717.490542 554.800000 650.000000
718.490898 554.800000 666.800000
719.492061 554.800000 661.200000
720.492403 554.800000 650.000000
721.492750 554.800000 661.200000
722.492914 554.800000 678.000000
723.492918 554.800000 767.600000
724.493355 554.800000 655.600000
725.493794 554.800000 661.200000
726.494244 554.800000 582.800000
727.495020 554.800000 655.600000
728.495393 554.800000 672.400000
729.496432 554.800000 588.400000
730.496567 554.800000 672.400000
731.497735 554.800000 655.600000
732.497755 554.800000 650.000000
733.498899 554.800000 661.200000
734.499341 554.800000 661.200000
735.500229 554.800000 650.000000
736.500838 554.800000 661.200000
737.501622 554.800000 666.800000
738.502064 554.800000 666.800000
739.502822 554.800000 767.600000
740.503289 554.800000 655.600000
741.503695 554.800000 577.200000
742.504206 554.800000 672.400000
743.505007 554.800000 706.000000
744.505235 554.800000 661.200000
745.506060 554.800000 706.000000
746.506419 554.800000 661.200000
747.506847 554.800000 745.200000
748.507520 554.800000 655.600000
749.507939 554.800000 672.400000
750.508441 554.800000 577.200000
751.508918 554.800000 700.400000
752.509717 554.800000 666.800000
753.510062 554.800000 582.800000
754.510502 554.800000 633.200000
755.510579 554.800000 655.600000
756.510756 554.800000 661.200000
757.510757 554.800000 672.400000
758.510804 554.800000 661.200000
759.512024 554.800000 622.000000
760.512187 554.800000 655.600000
761.512417 554.800000 661.200000
762.512681 554.800000 655.600000
763.513538 554.800000 762.000000
764.513800 554.800000 627.600000
765.514216 554.800000 661.200000
766.515536 554.800000 661.200000
767.515862 554.800000 661.200000
768.516481 554.800000 694.800000
769.521595 554.800000 767.600000
770.521902 554.800000 588.400000
771.522322 554.800000 661.200000
772.522464 554.800000 661.200000
773.523227 554.800000 655.600000
774.529592 554.800000 728.400000
775.530038 554.800000 644.400000
776.530096 554.800000 655.600000
777.530480 554.800000 655.600000
778.530514 554.800000 745.200000
779.530572 554.800000 661.200000
780.531984 554.800000 594.000000
781.532353 554.800000 622.000000
782.532845 554.800000 655.600000
783.533052 554.800000 672.400000
784.533493 554.800000 655.600000
785.534794 554.800000 661.200000
786.535014 554.800000 666.800000
787.535397 554.800000 650.000000
788.536368 554.800000 672.400000
789.536395 554.800000 661.200000
790.537348 554.800000 644.400000
791.537351 554.800000 650.000000
792.537947 554.800000 644.400000
793.538344 554.800000 661.200000
794.538826 554.800000 666.800000
795.539102 554.800000 661.200000
796.539258 554.800000 655.600000
797.539489 554.800000 661.200000
798.540092 554.800000 683.600000
799.540742 554.800000 571.600000
