0.240405 696.800000 696.800000
1.244988 564.400000 564.400000
2.251224 556.800000 556.800000
3.256242 547.600000 547.600000
4.256755 547.600000 562.400000
5.257201 547.600000 556.800000
6.267088 545.600000 545.600000
7.267983 543.600000 543.600000
8.269730 540.000000 540.000000
9.275069 538.000000 538.000000
10.276050 534.400000 534.400000
11.277276 534.400000 534.400000
12.280628 534.400000 534.400000
13.299203 534.400000 534.400000
14.304942 534.400000 562.400000
15.315762 534.400000 551.200000
16.325110 534.400000 551.200000
17.326482 534.400000 551.200000
18.332821 534.400000 573.600000
19.343405 534.400000 568.000000
20.363029 534.400000 566.000000
21.370632 534.400000 562.400000
22.376637 534.400000 556.800000
23.394076 534.400000 556.800000
24.398748 534.400000 551.200000
25.409764 534.400000 545.600000
26.419137 534.400000 540.000000
27.421264 534.400000 540.000000
28.435993 534.400000 540.000000
29.436316 534.400000 534.400000
30.457639 532.400000 532.400000
31.461138 528.800000 528.800000
32.469025 528.800000 528.800000
33.480437 523.200000 523.200000
34.480477 521.200000 521.200000
35.482471 517.600000 517.600000
36.489666 517.600000 517.600000
37.502288 517.600000 517.600000
38.514930 512.000000 512.000000
39.529855 512.000000 512.000000
40.530173 512.000000 512.000000
41.540674 512.000000 512.000000
42.548739 512.000000 512.000000
43.573523 512.000000 568.000000
44.596009 512.000000 568.000000
45.602538 512.000000 562.400000
46.619246 512.000000 562.400000
47.637731 512.000000 560.400000
48.655846 512.000000 556.800000
49.678371 512.000000 551.200000
50.689911 512.000000 545.600000
51.704478 512.000000 545.600000
52.707731 512.000000 545.600000
53.740398 512.000000 543.600000
54.758504 512.000000 540.000000
55.782920 512.000000 534.400000
56.807082 512.000000 534.400000
57.834711 512.000000 534.400000
58.865293 512.000000 534.400000
59.875925 512.000000 528.800000
60.918232 512.000000 528.800000
61.926766 512.000000 523.200000
62.940974 512.000000 523.200000
63.948076 512.000000 523.200000
64.973636 512.000000 523.200000
65.991051 512.000000 517.600000
67.008545 512.000000 517.600000
68.052248 512.000000 515.600000
69.090987 512.000000 512.000000
70.098586 512.000000 512.000000
71.099960 512.000000 512.000000
72.124578 512.000000 512.000000
73.128586 512.000000 512.000000
74.139350 510.000000 510.000000
75.141183 510.000000 510.000000
76.153672 510.000000 510.000000
77.160312 510.000000 510.000000
78.202243 510.000000 510.000000
79.819670 510.000000 601.600000
80.848827 510.000000 584.800000
81.904044 510.000000 573.600000
82.912767 510.000000 564.400000
83.958207 510.000000 562.400000
84.971445 510.000000 558.800000
86.039088 510.000000 556.800000
87.040060 510.000000 556.800000
88.060272 510.000000 556.800000
89.061365 510.000000 556.800000
90.090406 510.000000 556.800000
91.107519 510.000000 556.800000
92.133595 510.000000 556.800000
93.283277 510.000000 568.000000
94.316803 510.000000 562.400000
95.317219 510.000000 562.400000
96.343253 510.000000 562.400000
97.350134 510.000000 556.800000
98.369735 510.000000 556.800000
99.372346 510.000000 556.800000
100.393784 510.000000 556.800000
101.413071 510.000000 573.600000
102.491790 510.000000 562.400000
103.512599 510.000000 562.400000
104.516267 510.000000 562.400000
105.543034 510.000000 562.400000
106.553580 510.000000 556.800000
107.576867 510.000000 556.800000
108.599738 510.000000 556.800000
109.617146 510.000000 551.200000
110.630286 510.000000 551.200000
111.638631 510.000000 551.200000
112.667560 510.000000 551.200000
113.674139 510.000000 579.200000
114.719763 510.000000 568.000000
115.765964 510.000000 566.000000
116.779707 510.000000 562.400000
117.817950 510.000000 562.400000
118.847779 510.000000 562.400000
119.956914 510.000000 556.800000
120.971864 510.000000 556.800000
121.973996 510.000000 556.800000
123.003456 510.000000 556.800000
124.020330 510.000000 556.800000
125.054932 510.000000 573.600000
126.077926 510.000000 568.000000
127.081757 510.000000 568.000000
128.088519 510.000000 564.400000
129.090065 510.000000 562.400000
130.106333 510.000000 562.400000
131.110801 510.000000 556.800000
132.123571 510.000000 556.800000
133.144719 510.000000 556.800000
134.159379 510.000000 554.800000
135.169077 510.000000 551.200000
136.185068 510.000000 551.200000
137.191601 510.000000 551.200000
138.201915 510.000000 545.600000
139.213019 510.000000 545.600000
140.216397 510.000000 540.000000
141.235673 510.000000 538.000000
142.257433 510.000000 534.400000
143.284423 510.000000 534.400000
144.305936 510.000000 528.800000
145.309556 510.000000 528.800000
146.368948 510.000000 523.200000
147.386141 510.000000 523.200000
148.398787 510.000000 523.200000
149.403126 510.000000 523.200000
150.479538 510.000000 568.000000
151.508497 510.000000 562.400000
152.521939 510.000000 560.400000
153.562880 510.000000 556.800000
154.565471 510.000000 556.800000
155.579541 510.000000 556.800000
156.594827 510.000000 556.800000
157.600270 510.000000 554.800000
158.607562 510.000000 551.200000
159.639406 510.000000 551.200000
160.671251 510.000000 546.000000
161.676091 510.000000 545.600000
162.685315 510.000000 545.600000
163.685477 510.000000 540.000000
164.697589 510.000000 540.000000
165.699504 510.000000 534.400000
166.700242 510.000000 534.400000
167.702316 510.000000 534.400000
168.721833 510.000000 579.200000
169.753164 510.000000 543.600000
170.758047 510.000000 543.600000
171.778933 510.000000 543.600000
172.781369 510.000000 543.600000
174.015461 510.000000 579.200000
175.049221 510.000000 562.400000
176.055536 510.000000 556.800000
177.061049 510.000000 556.800000
178.096333 510.000000 556.800000
179.254153 510.000000 573.600000
180.281846 510.000000 564.400000
181.302074 510.000000 564.400000
182.327950 510.000000 564.400000
183.330633 510.000000 564.400000
184.350237 510.000000 562.400000
185.362339 510.000000 562.400000
186.381504 510.000000 560.400000
187.399553 510.000000 556.800000
188.399988 510.000000 556.800000
189.411501 510.000000 556.800000
190.439255 510.000000 573.600000
191.457580 510.000000 568.000000
192.458556 510.000000 556.800000
193.472450 510.000000 551.200000
194.485897 510.000000 551.200000
195.514963 510.000000 551.200000
196.757270 510.000000 575.600000
197.757314 510.000000 573.600000
198.781229 510.000000 568.000000
199.789794 510.000000 562.400000
200.817490 510.000000 562.400000
201.823390 510.000000 556.800000
202.848748 510.000000 556.800000
203.882710 510.000000 556.800000
204.896716 510.000000 556.800000
205.903528 510.000000 554.800000
206.905329 510.000000 554.800000
208.050381 510.000000 545.600000
209.066452 510.000000 545.600000
210.089494 510.000000 545.600000
211.093917 510.000000 545.600000
212.100276 510.000000 545.600000
213.117625 510.000000 540.000000
214.119992 510.000000 534.400000
215.122152 510.000000 534.400000
216.135605 510.000000 534.400000
217.174742 510.000000 528.800000
218.183434 510.000000 528.800000
219.192982 510.000000 528.800000
220.207980 510.000000 526.800000
221.209175 510.000000 523.200000
222.234305 510.000000 523.200000
223.248037 510.000000 523.200000
224.255315 510.000000 523.200000
225.297377 510.000000 568.000000
226.330516 510.000000 562.400000
227.352410 510.000000 562.400000
228.371166 510.000000 556.800000
229.375775 510.000000 556.800000
230.398592 510.000000 556.800000
231.422642 510.000000 556.800000
232.440796 510.000000 551.200000
233.452466 510.000000 551.200000
234.455541 510.000000 549.200000
235.456588 510.000000 549.200000
236.461060 510.000000 549.200000
237.466695 510.000000 540.000000
238.474094 510.000000 540.000000
239.480037 510.000000 540.000000
240.497324 510.000000 538.000000
241.499510 510.000000 538.000000
242.518947 510.000000 534.400000
243.534710 510.000000 528.800000
244.553526 510.000000 528.800000
245.613274 510.000000 526.800000
246.613373 510.000000 523.200000
247.615488 510.000000 523.200000
248.620781 510.000000 517.600000
249.628929 510.000000 517.600000
250.636452 510.000000 517.600000
251.648214 510.000000 510.000000
252.659473 506.400000 506.400000
253.666293 506.400000 506.400000
254.692629 504.400000 504.400000
255.698637 504.400000 504.400000
256.726603 500.800000 500.800000
257.732351 500.800000 500.800000
258.742031 498.800000 498.800000
259.764350 495.200000 495.200000
260.766412 495.200000 495.200000
261.800900 495.200000 495.200000
262.809405 489.600000 489.600000
263.825074 489.600000 489.600000
264.833700 489.600000 489.600000
265.863195 487.600000 487.600000
266.864292 487.600000 487.600000
267.895330 487.600000 487.600000
268.982078 484.000000 484.000000
269.999313 482.000000 482.000000
271.024942 478.400000 478.400000
272.057098 478.400000 478.400000
273.062024 478.400000 478.400000
274.090983 478.400000 478.400000
275.115834 478.400000 573.600000
276.120605 478.400000 556.800000
277.128412 478.400000 556.800000
278.141739 478.400000 556.800000
279.149062 478.400000 568.000000
280.175374 478.400000 568.000000
281.176037 478.400000 568.000000
282.189447 478.400000 556.800000
283.191849 478.400000 556.800000
284.204978 478.400000 556.800000
285.208099 478.400000 556.800000
286.234715 478.400000 556.800000
287.260907 478.400000 554.800000
288.291380 478.400000 551.200000
289.300395 478.400000 551.200000
290.320090 478.400000 545.600000
291.338118 478.400000 540.000000
292.356679 478.400000 540.000000
293.374563 478.400000 538.000000
294.429221 478.400000 534.400000
295.434162 478.400000 528.800000
296.445836 478.400000 528.800000
297.478657 478.400000 528.800000
298.486914 478.400000 528.800000
299.493376 478.400000 573.600000
300.508092 478.400000 568.000000
301.530543 478.400000 564.400000
302.542179 478.400000 564.400000
303.545488 478.400000 562.400000
304.547296 478.400000 556.800000
305.565366 478.400000 556.800000
306.566648 478.400000 556.800000
307.570211 478.400000 568.000000
308.580301 478.400000 556.800000
309.581806 478.400000 556.800000
310.600580 478.400000 556.800000
311.608274 478.400000 568.000000
312.628187 478.400000 558.800000
313.638085 478.400000 558.800000
314.644792 478.400000 556.800000
315.645150 478.400000 556.800000
316.666000 478.400000 556.800000
317.692372 478.400000 556.800000
318.693948 478.400000 551.200000
319.701739 478.400000 551.200000
320.711021 478.400000 545.600000
321.733318 478.400000 545.600000
322.752753 478.400000 540.000000
323.793677 478.400000 540.000000
324.801068 478.400000 534.400000
325.811463 478.400000 534.400000
326.812319 478.400000 534.400000
327.832509 478.400000 534.400000
328.923762 478.400000 532.400000
329.930555 478.400000 528.800000
330.960693 478.400000 528.800000
331.967928 478.400000 526.800000
332.997723 478.400000 523.200000
334.020791 478.400000 523.200000
335.047298 478.400000 523.200000
336.057970 478.400000 523.200000
337.071040 478.400000 568.000000
338.074278 478.400000 562.400000
339.076702 478.400000 562.400000
340.096251 478.400000 560.400000
341.111096 478.400000 556.800000
342.121875 478.400000 556.800000
343.139215 478.400000 556.800000
344.320718 478.400000 579.200000
345.335222 478.400000 540.000000
346.355590 478.400000 540.000000
347.355684 478.400000 540.000000
348.372947 478.400000 540.000000
349.382763 478.400000 568.000000
350.414473 478.400000 558.800000
351.420268 478.400000 558.800000
352.431674 478.400000 558.800000
353.441966 478.400000 558.800000
354.453503 478.400000 556.800000
355.465990 478.400000 556.800000
356.466076 478.400000 556.800000
357.473314 478.400000 556.800000
358.491037 478.400000 556.800000
359.512748 478.400000 573.600000
360.520614 478.400000 568.000000
361.527754 478.400000 568.000000
362.535232 478.400000 568.000000
363.564650 478.400000 564.400000
364.574619 478.400000 562.400000
365.592478 478.400000 562.400000
366.668956 478.400000 556.800000
367.685103 478.400000 554.800000
368.706952 478.400000 554.800000
369.708523 478.400000 554.800000
370.763803 478.400000 573.600000
371.855559 478.400000 562.400000
372.871735 478.400000 562.400000
373.970475 478.400000 556.800000
374.992033 478.400000 556.800000
376.009073 478.400000 551.200000
377.024983 478.400000 545.600000
378.039898 478.400000 545.600000
379.061294 478.400000 545.600000
380.109057 478.400000 573.600000
381.128625 478.400000 568.000000
382.144957 478.400000 566.000000
383.161281 478.400000 566.000000
384.179367 478.400000 562.400000
385.190538 478.400000 560.400000
386.222902 478.400000 556.800000
387.256020 478.400000 556.800000
388.256098 478.400000 556.800000
389.278331 478.400000 551.200000
390.282688 478.400000 545.600000
391.299490 478.400000 545.600000
392.318306 478.400000 545.600000
393.319321 478.400000 538.000000
394.328148 478.400000 538.000000
395.334122 478.400000 532.400000
396.358634 478.400000 532.400000
397.367723 478.400000 528.800000
398.382756 478.400000 526.800000
399.400498 478.400000 523.200000
400.426324 478.400000 523.200000
401.442239 478.400000 523.200000
402.471867 478.400000 573.600000
403.474526 478.400000 562.400000
404.483023 478.400000 562.400000
405.485256 478.400000 558.800000
406.495128 478.400000 556.800000
407.511418 478.400000 556.800000
408.584472 478.400000 551.200000
409.585500 478.400000 551.200000
410.618144 478.400000 549.200000
411.623878 478.400000 549.200000
412.651667 478.400000 545.600000
413.658199 478.400000 545.600000
414.681288 478.400000 540.000000
415.684701 478.400000 538.000000
416.690168 478.400000 538.000000
417.708308 478.400000 534.400000
418.735404 478.400000 528.800000
419.757905 478.400000 528.800000
420.768231 478.400000 528.800000
421.780554 478.400000 528.800000
422.793713 478.400000 568.000000
423.808537 478.400000 568.000000
424.813263 478.400000 568.000000
425.816504 478.400000 568.000000
426.831573 478.400000 568.000000
427.886219 478.400000 564.400000
428.913983 478.400000 562.400000
429.915507 478.400000 556.800000
430.927357 478.400000 556.800000
431.950522 478.400000 551.200000
432.983546 478.400000 551.200000
433.991564 478.400000 545.600000
434.991793 478.400000 545.600000
436.003777 478.400000 540.000000
437.018023 478.400000 540.000000
438.032574 478.400000 584.800000
439.049688 478.400000 562.400000
440.053370 478.400000 560.400000
441.065285 478.400000 556.800000
442.078493 478.400000 556.800000
443.080292 478.400000 556.800000
444.095609 478.400000 551.200000
445.125453 478.400000 551.200000
446.136588 478.400000 545.600000
447.144026 478.400000 545.600000
448.149443 478.400000 543.600000
449.154166 478.400000 534.400000
450.164139 478.400000 534.400000
451.170396 478.400000 532.400000
452.188739 478.400000 528.800000
453.202804 478.400000 523.200000
454.212831 478.400000 523.200000
455.216723 478.400000 521.200000
456.234644 478.400000 521.200000
457.245817 478.400000 517.600000
458.248268 478.400000 517.600000
459.266541 478.400000 517.600000
460.285396 478.400000 560.400000
461.302490 478.400000 560.400000
462.322442 478.400000 560.400000
463.337421 478.400000 556.800000
464.349741 478.400000 551.200000
465.359318 478.400000 551.200000
466.372997 478.400000 551.200000
467.376312 478.400000 545.600000
468.397449 478.400000 543.600000
469.424434 478.400000 540.000000
470.428189 478.400000 538.000000
471.438192 478.400000 534.400000
472.441307 478.400000 534.400000
473.465643 478.400000 532.400000
474.485590 478.400000 528.800000
475.516679 478.400000 526.800000
476.528267 478.400000 526.800000
477.546817 478.400000 526.800000
478.560262 478.400000 523.200000
479.562468 478.400000 521.200000
480.581858 478.400000 521.200000
481.602658 478.400000 517.600000
482.607166 478.400000 517.600000
483.617565 478.400000 512.000000
484.633300 478.400000 512.000000
485.656923 478.400000 512.000000
486.668474 478.400000 506.400000
487.695364 478.400000 506.400000
488.709239 478.400000 506.400000
489.720147 478.400000 504.400000
490.726673 478.400000 500.800000
491.727032 478.400000 495.200000
492.733956 478.400000 495.200000
493.761912 478.400000 493.200000
494.765380 478.400000 489.600000
495.772163 478.400000 487.600000
496.777049 478.400000 487.600000
497.792139 478.400000 484.000000
498.797620 478.400000 484.000000
499.798978 478.400000 478.400000
500.808641 478.400000 478.400000
501.816320 476.400000 476.400000
502.818596 472.800000 472.800000
503.842825 472.800000 472.800000
504.849395 470.800000 470.800000
505.853946 470.800000 470.800000
506.856233 467.200000 467.200000
507.866179 467.200000 467.200000
508.884286 465.200000 465.200000
509.889461 465.200000 465.200000
510.931435 464.000000 464.000000
511.950305 461.600000 461.600000
513.076318 459.600000 459.600000
514.078733 459.600000 459.600000
515.099377 459.600000 459.600000
516.311960 459.600000 584.800000
517.314497 459.600000 570.000000
518.329430 459.600000 570.000000
519.343436 459.600000 570.000000
520.349504 459.600000 573.600000
521.364988 459.600000 562.400000
522.369439 459.600000 562.400000
523.371881 459.600000 562.400000
524.388776 459.600000 553.200000
525.397638 459.600000 553.200000
526.404134 459.600000 553.200000
527.414848 459.600000 553.200000
528.424480 459.600000 551.200000
529.438459 459.600000 551.200000
530.452076 459.600000 545.600000
531.462891 459.600000 545.600000
532.474501 459.600000 545.600000
533.482665 459.600000 540.000000
534.490142 459.600000 540.000000
535.497979 459.600000 540.000000
536.645630 459.600000 579.200000
537.650448 459.600000 573.600000
538.662946 459.600000 568.000000
539.685376 459.600000 564.400000
540.709986 459.600000 556.800000
541.726262 459.600000 556.800000
542.739125 459.600000 551.200000
543.743308 459.600000 551.200000
544.749763 459.600000 551.200000
545.754222 459.600000 551.200000
546.807627 459.600000 579.200000
547.814747 459.600000 568.000000
548.831028 459.600000 562.400000
549.840034 459.600000 560.400000
550.854473 459.600000 560.400000
551.864647 459.600000 560.400000
552.900619 459.600000 556.800000
553.909144 459.600000 556.800000
554.923042 459.600000 556.800000
556.023852 459.600000 607.200000
557.027952 459.600000 573.600000
558.033443 459.600000 562.400000
559.038938 459.600000 556.800000
560.057933 459.600000 556.800000
561.075469 459.600000 556.800000
562.268107 459.600000 584.800000
563.288314 459.600000 568.000000
564.305180 459.600000 562.400000
565.316914 459.600000 556.800000
566.317220 459.600000 556.800000
567.382851 459.600000 545.600000
568.398909 459.600000 545.600000
569.410969 459.600000 545.600000
570.419767 459.600000 540.000000
571.448670 459.600000 534.400000
572.454739 459.600000 534.400000
573.464237 459.600000 534.400000
574.486059 459.600000 586.800000
575.488872 459.600000 573.600000
576.502203 459.600000 568.000000
577.502323 459.600000 562.400000
578.531087 459.600000 562.400000
579.544261 459.600000 556.800000
580.558026 459.600000 556.800000
581.568612 459.600000 554.800000
582.574224 459.600000 551.200000
583.581125 459.600000 549.200000
584.600817 459.600000 545.600000
585.619861 459.600000 545.600000
586.633912 459.600000 545.600000
587.683071 459.600000 540.000000
588.700016 459.600000 540.000000
589.749506 459.600000 534.400000
590.759357 459.600000 534.400000
591.761035 459.600000 534.400000
592.781174 459.600000 532.400000
593.783196 459.600000 523.200000
594.805136 459.600000 523.200000
595.824140 459.600000 523.200000
596.876651 459.600000 612.800000
597.887394 459.600000 568.000000
598.894558 459.600000 562.400000
599.910636 459.600000 562.400000
600.930459 459.600000 556.800000
601.943312 459.600000 556.800000
602.953853 459.600000 556.800000
603.956602 459.600000 556.800000
604.961761 459.600000 551.200000
605.968865 459.600000 551.200000
606.974157 459.600000 545.600000
607.997167 459.600000 545.600000
609.000859 459.600000 545.600000
610.009452 459.600000 540.000000
611.041451 459.600000 540.000000
612.064446 459.600000 534.400000
613.078200 459.600000 534.400000
614.102300 459.600000 534.400000
615.117634 459.600000 534.400000
616.127178 459.600000 573.600000
617.140087 459.600000 568.000000
618.148890 459.600000 568.000000
619.171236 459.600000 562.400000
620.173578 459.600000 562.400000
621.176312 459.600000 562.400000
622.183067 459.600000 573.600000
623.251859 459.600000 560.400000
624.265935 459.600000 556.800000
625.282474 459.600000 556.800000
626.404191 459.600000 584.800000
627.419217 459.600000 568.000000
628.421397 459.600000 568.000000
629.425002 459.600000 568.000000
630.679351 459.600000 635.200000
631.687330 459.600000 562.400000
632.690217 459.600000 551.200000
633.723528 459.600000 551.200000
634.738351 459.600000 551.200000
635.769172 459.600000 551.200000
636.783013 459.600000 551.200000
637.800223 459.600000 568.000000
638.803604 459.600000 562.400000
639.805706 459.600000 562.400000
640.813868 459.600000 556.800000
641.817738 459.600000 556.800000
642.976002 459.600000 579.200000
643.976354 459.600000 562.400000
644.992924 459.600000 556.800000
646.001184 459.600000 556.800000
647.186823 459.600000 579.200000
648.192649 459.600000 562.400000
649.208613 459.600000 556.800000
650.213139 459.600000 556.800000
651.214658 459.600000 556.800000
652.470300 459.600000 579.200000
653.477648 459.600000 568.000000
654.508767 459.600000 568.000000
655.518304 459.600000 562.400000
656.543232 459.600000 560.400000
657.555156 459.600000 560.400000
658.563565 459.600000 560.400000
659.570601 459.600000 556.800000
660.579620 459.600000 551.200000
661.603089 459.600000 545.600000
662.618270 459.600000 543.600000
663.624478 459.600000 543.600000
664.641677 459.600000 540.000000
665.646786 459.600000 538.000000
666.649537 459.600000 534.400000
667.661286 459.600000 528.800000
668.664740 459.600000 528.800000
669.677507 459.600000 528.800000
670.706955 459.600000 528.800000
671.757450 459.600000 573.600000
672.769901 459.600000 568.000000
673.782833 459.600000 566.000000
674.790123 459.600000 562.400000
675.821373 459.600000 556.800000
676.837360 459.600000 556.800000
677.848280 459.600000 554.800000
678.860915 459.600000 554.800000
679.875320 459.600000 551.200000
680.879182 459.600000 551.200000
681.907949 459.600000 551.200000
682.931362 459.600000 545.600000
683.935222 459.600000 540.000000
684.938364 459.600000 538.000000
685.945076 459.600000 538.000000
686.955201 459.600000 532.400000
687.981564 459.600000 528.800000
689.008395 459.600000 528.800000
690.017159 459.600000 528.800000
691.017302 459.600000 575.600000
692.035420 459.600000 568.000000
693.070838 459.600000 556.800000
694.092709 459.600000 556.800000
695.093626 459.600000 556.800000
696.110737 459.600000 551.200000
697.120498 459.600000 551.200000
698.125697 459.600000 545.600000
699.144315 459.600000 545.600000
700.153235 459.600000 540.000000
701.153645 459.600000 540.000000
702.163857 459.600000 540.000000
703.382824 459.600000 584.800000
704.406505 459.600000 568.000000
705.411161 459.600000 568.000000
706.423646 459.600000 568.000000
707.471893 459.600000 562.400000
708.493716 459.600000 562.400000
709.512546 459.600000 560.400000
710.523028 459.600000 560.400000
711.523769 459.600000 556.800000
712.537454 459.600000 556.800000
713.549673 459.600000 556.800000
714.554390 459.600000 551.200000
715.570726 459.600000 549.200000
716.571957 459.600000 543.600000
717.577285 459.600000 540.000000
718.593409 459.600000 538.000000
719.611918 459.600000 528.800000
720.634255 459.600000 526.800000
721.650121 459.600000 526.800000
722.663206 459.600000 523.200000
723.673598 459.600000 523.200000
724.683653 459.600000 521.200000
725.697736 459.600000 517.600000
726.706596 459.600000 517.600000
727.716205 459.600000 573.600000
728.717983 459.600000 558.800000
729.718239 459.600000 558.800000
730.734874 459.600000 556.800000
731.747768 459.600000 556.800000
732.760534 459.600000 556.800000
733.765823 459.600000 551.200000
734.779162 459.600000 551.200000
735.799631 459.600000 545.600000
736.823952 459.600000 545.600000
737.847188 459.600000 540.000000
738.870963 459.600000 534.400000
739.887544 459.600000 534.400000
740.899187 459.600000 528.800000
741.915656 459.600000 528.800000
742.920794 459.600000 523.200000
743.944223 459.600000 521.200000
744.954230 459.600000 521.200000
745.961082 459.600000 517.600000
746.976998 459.600000 517.600000
748.001033 459.600000 515.600000
749.017093 459.600000 512.000000
750.037796 459.600000 512.000000
751.043884 459.600000 512.000000
752.061850 459.600000 568.000000
753.064068 459.600000 562.400000
754.082207 459.600000 560.400000
755.109001 459.600000 556.800000
756.121608 459.600000 556.800000
757.137735 459.600000 556.800000
758.140567 459.600000 551.200000
759.160415 459.600000 545.600000
760.186980 459.600000 545.600000
761.204535 459.600000 543.600000
762.232352 459.600000 540.000000
763.265310 459.600000 534.400000
764.276982 459.600000 534.400000
765.286200 459.600000 534.400000
766.310846 459.600000 528.800000
767.324193 459.600000 528.800000
768.333604 459.600000 526.800000
769.341046 459.600000 523.200000
770.361469 459.600000 523.200000
771.364457 459.600000 523.200000
772.381140 459.600000 523.200000
773.401818 459.600000 523.200000
774.414154 459.600000 562.400000
775.435193 459.600000 562.400000
776.437538 459.600000 562.400000
777.456944 459.600000 556.800000
778.461900 459.600000 556.800000
779.474737 459.600000 551.200000
780.483344 459.600000 545.600000
781.496749 459.600000 545.600000
782.549336 459.600000 534.400000
783.556921 459.600000 528.800000
784.583024 459.600000 528.800000
785.583300 459.600000 528.800000
786.594689 459.600000 562.400000
787.601216 459.600000 556.800000
788.606113 459.600000 556.800000
789.736891 459.600000 579.200000
790.744347 459.600000 568.000000
791.752786 459.600000 551.200000
792.760891 459.600000 551.200000
793.779191 459.600000 551.200000
794.797189 459.600000 573.600000
795.806459 459.600000 545.600000
796.813443 459.600000 545.600000
797.840784 459.600000 545.600000
798.840801 459.600000 562.400000
799.846175 459.600000 562.400000
