37.272083 504.400000 504.400000
38.590461 504.400000 504.400000
40.230772 504.400000 470.800000
41.722371 470.800000 470.800000
43.104186 470.800000 470.800000
44.372198 470.800000 470.800000
48.212703 448.400000 448.400000
49.684663 448.400000 448.400000
50.858027 448.400000 448.400000
52.190307 448.400000 448.400000
54.103164 448.400000 432.000000
55.570724 432.000000 432.000000
59.424003 431.600000 431.600000
60.530616 431.600000 431.600000
61.672972 431.600000 431.600000
65.086321 426.000000 426.000000
66.405926 426.000000 426.000000
68.147166 426.000000 426.000000
69.637950 426.000000 426.000000
70.765684 426.000000 426.000000
72.107729 426.000000 426.000000
73.190221 426.000000 426.000000
74.625739 426.000000 426.000000
75.788771 426.000000 426.000000
76.800816 426.000000 426.000000
82.187998 420.400000 420.400000
86.928455 414.800000 414.800000
88.251845 414.800000 414.800000
89.819311 414.800000 414.800000
91.101940 414.800000 414.800000
93.015173 414.800000 411.200000
94.925782 411.200000 411.200000
95.966449 411.200000 411.200000
97.299402 411.200000 411.200000
98.526214 411.200000 411.200000
100.198339 411.200000 411.200000
101.354592 411.200000 411.200000
102.391343 411.200000 411.200000
103.509250 411.200000 411.200000
104.930248 411.200000 411.200000
105.992717 411.200000 411.200000
107.132733 411.200000 411.200000
108.396709 411.200000 411.200000
109.768271 411.200000 411.200000
110.957774 411.200000 411.200000
112.123444 411.200000 411.200000
113.142423 411.200000 411.200000
114.321480 411.200000 411.200000
115.438540 411.200000 411.200000
116.845689 411.200000 411.200000
118.207721 411.200000 411.200000
119.642778 411.200000 411.200000
121.088978 411.200000 411.200000
122.614141 411.200000 411.200000
124.234221 411.200000 409.200000
125.472971 409.200000 409.200000
126.845676 409.200000 409.200000
128.177480 409.200000 409.200000
129.610421 409.200000 409.200000
130.642689 409.200000 409.200000
131.945715 409.200000 409.200000
133.330680 409.200000 409.200000
134.478651 409.200000 409.200000
135.689085 409.200000 409.200000
136.879735 409.200000 409.200000
138.190374 409.200000 409.200000
139.407010 409.200000 409.200000
140.907830 409.200000 409.200000
142.428695 409.200000 409.200000
143.724927 409.200000 409.200000
144.941969 409.200000 409.200000
146.171752 409.200000 409.200000
147.351205 409.200000 409.200000
148.381018 409.200000 409.200000
149.556210 409.200000 409.200000
150.735463 409.200000 409.200000
152.053349 409.200000 409.200000
153.590765 409.200000 409.200000
154.869380 409.200000 409.200000
156.079471 409.200000 409.200000
157.303600 409.200000 409.200000
158.876795 409.200000 409.200000
160.214925 409.200000 409.200000
161.523818 409.200000 409.200000
162.648418 409.200000 409.200000
163.759086 409.200000 409.200000
165.271096 409.200000 409.200000
166.409086 409.200000 409.200000
167.448751 409.200000 409.200000
168.514097 409.200000 409.200000
169.728853 409.200000 409.200000
171.312099 409.200000 409.200000
172.701952 409.200000 409.200000
173.945568 409.200000 409.200000
175.341133 409.200000 409.200000
176.495223 409.200000 409.200000
177.681389 409.200000 409.200000
178.847627 409.200000 409.200000
180.284689 409.200000 409.200000
181.662938 409.200000 409.200000
183.032171 409.200000 409.200000
184.126836 409.200000 409.200000
185.315304 409.200000 409.200000
186.417923 409.200000 409.200000
187.828918 409.200000 409.200000
218.104563 409.200000 504.400000
219.568989 409.200000 476.400000
221.057872 409.200000 476.400000
222.500970 409.200000 448.400000
223.784052 409.200000 448.400000
225.847689 409.200000 437.200000
227.246364 409.200000 437.200000
228.601386 409.200000 431.600000
229.812134 409.200000 431.600000
231.230075 409.200000 420.400000
232.317698 409.200000 420.400000
233.519861 409.200000 420.400000
234.572480 409.200000 420.400000
235.789230 409.200000 420.400000
237.017729 409.200000 420.400000
238.252183 409.200000 420.400000
239.614478 409.200000 420.400000
240.895404 409.200000 420.400000
242.314790 409.200000 420.400000
243.406306 409.200000 420.400000
244.594882 409.200000 420.400000
245.780305 409.200000 420.400000
246.903801 409.200000 420.400000
248.078222 409.200000 420.400000
249.196783 409.200000 420.400000
250.251818 409.200000 420.400000
251.406915 409.200000 420.400000
253.556074 409.200000 411.200000
254.744500 409.200000 411.200000
256.095163 409.200000 411.200000
258.579227 403.600000 403.600000
259.775905 403.600000 403.600000
261.020237 403.600000 403.600000
262.385896 403.600000 403.600000
263.426537 403.600000 403.600000
264.716250 403.600000 403.600000
265.724972 403.600000 403.600000
266.730239 403.600000 403.600000
267.857137 403.600000 403.600000
269.010656 403.600000 403.600000
270.268168 403.600000 403.600000
271.657984 403.600000 403.600000
272.795253 403.600000 403.600000
274.155711 403.600000 403.600000
275.376014 403.600000 403.600000
276.592680 403.600000 403.600000
277.911878 403.600000 403.600000
279.803028 403.600000 403.600000
281.107141 403.600000 403.600000
282.793145 403.600000 403.600000
283.955031 403.600000 403.600000
284.957665 403.600000 403.600000
286.042697 403.600000 403.600000
287.703221 403.600000 403.600000
289.347164 403.600000 403.600000
290.449327 403.600000 403.600000
291.477121 403.600000 403.600000
292.643717 403.600000 403.600000
293.844050 403.600000 403.600000
295.077945 403.600000 403.600000
296.142034 403.600000 403.600000
297.623647 403.600000 403.600000
298.862548 403.600000 403.600000
299.907106 403.600000 403.600000
301.454960 403.600000 403.600000
302.945563 403.600000 403.600000
304.542821 403.600000 403.600000
305.707940 403.600000 403.600000
306.846027 403.600000 403.600000
308.060491 403.600000 403.600000
309.316859 403.600000 403.600000
310.520484 403.600000 403.600000
311.933396 403.600000 403.600000
313.015745 403.600000 403.600000
314.362146 403.600000 403.600000
315.854864 403.600000 403.600000
317.308162 403.600000 403.600000
318.504488 403.600000 403.600000
319.677912 403.600000 403.600000
320.954204 403.600000 403.600000
322.193292 403.600000 403.600000
323.535668 403.600000 403.600000
325.069188 403.600000 403.600000
326.546035 403.600000 403.600000
327.555006 403.600000 403.600000
328.670861 403.600000 403.600000
329.695471 403.600000 403.600000
362.709753 403.600000 504.400000
363.719286 403.600000 504.400000
364.804492 403.600000 504.400000
366.220873 403.600000 504.400000
367.664075 403.600000 461.600000
369.079977 403.600000 461.600000
370.985779 403.600000 458.000000
372.378401 403.600000 458.000000
373.506609 403.600000 458.000000
375.889346 403.600000 456.000000
377.272081 403.600000 442.800000
378.513701 403.600000 437.200000
379.861027 403.600000 431.600000
381.224429 403.600000 428.000000
382.294279 403.600000 428.000000
383.849138 403.600000 426.000000
384.997413 403.600000 426.000000
386.755135 403.600000 420.400000
388.293325 403.600000 420.400000
389.300373 403.600000 420.400000
390.559266 403.600000 420.400000
391.722257 403.600000 420.400000
392.917350 403.600000 420.400000
393.950288 403.600000 420.400000
395.244423 403.600000 420.400000
396.315255 403.600000 420.400000
397.531597 403.600000 420.400000
398.535094 403.600000 420.400000
399.955165 403.600000 420.400000
400.999913 403.600000 420.400000
402.086560 403.600000 420.400000
403.189459 403.600000 420.400000
404.617186 403.600000 420.400000
405.907562 403.600000 420.400000
407.445890 403.600000 420.400000
408.716697 403.600000 420.400000
409.842716 403.600000 420.400000
411.128204 403.600000 420.400000
412.387570 403.600000 420.400000
413.544182 403.600000 420.400000
414.913480 403.600000 420.400000
416.071553 403.600000 420.400000
417.380994 403.600000 420.400000
418.385384 403.600000 420.400000
419.654908 403.600000 420.400000
421.108623 403.600000 420.400000
422.413024 403.600000 420.400000
423.529803 403.600000 420.400000
424.801820 403.600000 420.400000
425.870383 403.600000 420.400000
426.913477 403.600000 420.400000
427.923554 403.600000 420.400000
429.063632 403.600000 420.400000
430.331586 403.600000 420.400000
431.382537 403.600000 420.400000
432.650147 403.600000 420.400000
433.986880 403.600000 420.400000
435.315116 403.600000 420.400000
436.826904 403.600000 420.400000
438.107929 403.600000 420.400000
439.212991 403.600000 420.400000
440.541732 403.600000 420.400000
441.604632 403.600000 420.400000
443.131088 403.600000 420.400000
444.326049 403.600000 420.400000
445.580210 403.600000 420.400000
477.001580 403.600000 498.800000
478.336444 403.600000 498.800000
480.073777 403.600000 465.200000
481.532443 403.600000 465.200000
483.448150 403.600000 431.600000
484.848899 403.600000 431.600000
486.298344 403.600000 431.600000
487.542228 403.600000 431.600000
488.769047 403.600000 420.400000
490.070316 403.600000 420.400000
491.259592 403.600000 420.400000
492.484661 403.600000 420.400000
494.735771 403.600000 416.800000
496.329898 403.600000 416.800000
497.560932 403.600000 416.800000
499.268889 403.600000 416.800000
500.322465 403.600000 416.800000
501.862377 403.600000 416.800000
503.080953 403.600000 416.800000
504.143638 403.600000 414.800000
505.869885 403.600000 409.200000
507.519611 403.600000 409.200000
508.532929 403.600000 409.200000
509.667137 403.600000 409.200000
510.805042 403.600000 409.200000
512.449191 403.600000 409.200000
513.508735 403.600000 409.200000
514.593042 403.600000 409.200000
515.644660 403.600000 409.200000
516.854388 403.600000 409.200000
517.936723 403.600000 409.200000
518.974224 403.600000 409.200000
520.233453 403.600000 409.200000
521.271276 403.600000 409.200000
522.969091 403.600000 409.200000
524.516758 403.600000 409.200000
525.722050 403.600000 409.200000
526.773860 403.600000 409.200000
528.016847 403.600000 409.200000
529.193004 403.600000 409.200000
530.305147 403.600000 409.200000
531.963366 403.600000 409.200000
533.482890 403.600000 409.200000
534.615652 403.600000 409.200000
535.873461 403.600000 409.200000
536.932802 403.600000 409.200000
538.168948 403.600000 409.200000
539.960058 403.600000 409.200000
541.253260 403.600000 409.200000
542.478349 403.600000 409.200000
543.869784 403.600000 409.200000
545.037062 403.600000 409.200000
546.278873 403.600000 409.200000
547.881782 403.600000 409.200000
548.894274 403.600000 409.200000
550.458857 403.600000 409.200000
551.781584 403.600000 409.200000
553.273400 403.600000 409.200000
554.733729 403.600000 409.200000
555.812647 403.600000 409.200000
556.844959 403.600000 409.200000
558.092159 403.600000 409.200000
559.455858 403.600000 409.200000
560.697760 403.600000 409.200000
561.893049 403.600000 409.200000
563.096837 403.600000 409.200000
564.193792 403.600000 409.200000
565.396173 403.600000 409.200000
566.811619 403.600000 409.200000
568.157543 403.600000 409.200000
569.325612 403.600000 409.200000
570.524908 403.600000 409.200000
571.583083 403.600000 409.200000
572.753266 403.600000 409.200000
573.953998 403.600000 409.200000
575.367289 403.600000 409.200000
576.785960 403.600000 409.200000
607.503097 403.600000 504.400000
608.799580 403.600000 504.400000
610.124877 403.600000 465.200000
611.424017 403.600000 465.200000
613.122526 403.600000 431.600000
614.247057 403.600000 431.600000
615.450348 403.600000 431.600000
616.688788 403.600000 431.600000
617.743141 403.600000 431.600000
619.038897 403.600000 431.600000
620.092207 403.600000 431.600000
621.385385 403.600000 431.600000
622.737608 403.600000 426.000000
624.004745 403.600000 403.600000
625.066996 403.600000 403.600000
626.180937 403.600000 403.600000
627.326729 403.600000 403.600000
628.393894 403.600000 403.600000
629.567658 403.600000 403.600000
630.638346 403.600000 403.600000
631.722710 403.600000 403.600000
632.724986 403.600000 403.600000
633.796568 403.600000 403.600000
635.022667 403.600000 403.600000
636.314323 403.600000 403.600000
637.652348 403.600000 403.600000
638.979551 403.600000 403.600000
640.071459 403.600000 403.600000
641.295916 403.600000 403.600000
642.748330 403.600000 403.600000
643.892834 403.600000 403.600000
645.092102 403.600000 403.600000
646.421602 403.600000 403.600000
647.583272 403.600000 403.600000
648.893638 403.600000 403.600000
650.227703 403.600000 403.600000
651.650659 403.600000 403.600000
652.812284 403.600000 403.600000
654.176959 403.600000 403.600000
655.489445 403.600000 403.600000
656.656024 403.600000 403.600000
657.839354 403.600000 403.600000
659.008942 403.600000 403.600000
660.228868 403.600000 403.600000
661.390094 403.600000 403.600000
662.524726 403.600000 403.600000
663.564462 403.600000 403.600000
664.888945 403.600000 403.600000
666.157089 403.600000 403.600000
667.566589 403.600000 403.600000
668.720220 403.600000 403.600000
669.876387 403.600000 403.600000
671.014060 403.600000 403.600000
672.483092 403.600000 403.600000
673.609601 403.600000 403.600000
674.621331 403.600000 403.600000
676.041206 403.600000 403.600000
677.145498 403.600000 403.600000
678.486894 403.600000 403.600000
679.741945 403.600000 403.600000
681.035997 403.600000 403.600000
682.393681 403.600000 403.600000
683.700677 403.600000 403.600000
684.980787 403.600000 403.600000
686.360213 403.600000 403.600000
687.674711 403.600000 403.600000
688.833921 403.600000 403.600000
719.037010 403.600000 498.800000
720.049880 403.600000 498.800000
721.200930 403.600000 498.800000
722.467533 403.600000 442.800000
724.031598 403.600000 442.800000
725.044149 403.600000 442.800000
726.331089 403.600000 431.600000
728.087968 403.600000 426.000000
729.263473 403.600000 426.000000
731.111710 403.600000 422.400000
732.383676 403.600000 422.400000
733.418791 403.600000 420.400000
734.465655 403.600000 420.400000
735.598000 403.600000 420.400000
736.761675 403.600000 420.400000
737.926928 403.600000 420.400000
739.496006 403.600000 420.400000
741.340435 403.600000 414.800000
742.618098 403.600000 414.800000
743.711006 403.600000 414.800000
744.869900 403.600000 414.800000
746.065870 403.600000 414.800000
747.454032 403.600000 414.800000
748.580971 403.600000 414.800000
749.603420 403.600000 414.800000
750.732928 403.600000 414.800000
752.158928 403.600000 414.800000
753.245713 403.600000 414.800000
754.470581 403.600000 414.800000
755.791458 403.600000 414.800000
756.795705 403.600000 414.800000
757.900041 403.600000 414.800000
759.266747 403.600000 414.800000
760.529576 403.600000 414.800000
761.835453 403.600000 414.800000
763.058825 403.600000 414.800000
764.090860 403.600000 414.800000
765.342840 403.600000 414.800000
766.437697 403.600000 414.800000
767.853841 403.600000 414.800000
769.160946 403.600000 414.800000
770.175362 403.600000 414.800000
771.597264 403.600000 414.800000
772.871173 403.600000 414.800000
773.936510 403.600000 414.800000
775.095655 403.600000 414.800000
776.161822 403.600000 414.800000
777.490129 403.600000 414.800000
778.902098 403.600000 414.800000
779.956050 403.600000 414.800000
781.221158 403.600000 414.800000
782.348237 403.600000 414.800000
783.793162 403.600000 414.800000
785.154413 403.600000 414.800000
786.352422 403.600000 414.800000
787.759968 403.600000 414.800000
789.321564 403.600000 414.800000
790.640077 403.600000 414.800000
791.770155 403.600000 414.800000
792.988804 403.600000 414.800000
794.207119 403.600000 414.800000
795.221161 403.600000 414.800000
796.655394 403.600000 414.800000
798.106039 403.600000 414.800000
799.336848 403.600000 414.800000
821.767024 403.600000 493.200000
