0 579.2 0.225386 300 0
0 573.6 0.271356 0
0 568 0.330283 0
0 562.4 0.393076 2
0 562.4 1.43138 300 85
0 560.4 2.28697 85
0 556.8 2.44224 85
0 554.8 2.77362 85
0 554.8 3.64288 300 85
0 551.2 6.36182 85
0 549.2 6.529 85
0 545.6 6.7949 85
0 543.6 8.40691 85
0 540 8.5036 85
0 538 10.9814 85
0 534.4 11.4497 85
0 532.4 13.3278 85
0 528.8 14.2521 85
0 526.8 15.8177 85
0 523.2 15.9411 85
0 523.2 19.0502 300 85
0 523.2 25.1625 300 85
0 523.2 38.662 300 85
0 523.2 48.1003 300 85
0 523.2 53.3944 300 85
0 523.2 75.6627 300 85
0 523.2 80.3906 300 85
0 523.2 84.3981 300 85
0 523.2 93.1191 300 85
0 523.2 120.223 300 85
0 523.2 125.253 300 85
0 523.2 138.953 300 85
0 523.2 145.056 300 85
0 523.2 152.877 300 85
0 523.2 158.46 300 85
0 523.2 164.885 300 85
0 523.2 170.379 300 85
0 523.2 187.482 300 85
0 523.2 194.229 300 85
0 523.2 197.707 300 85
0 523.2 210.773 300 85
0 523.2 220.737 300 85
0 521.2 244.218 85
0 517.6 245.194 85
0 515.6 248.148 85
0 512 248.966 85
0 510 251.861 85
0 506.4 252.108 85
0 504.4 255.488 85
0 500.8 256.376 85
0 495.2 257.216 85
0 493.2 258.546 85
0 491.6 260.721 85
0 489.6 260.844 85
0 487.6 262.862 85
0 484.4 263.247 85
0 484 263.366 85
0 482 265.596 85
0 480.4 266.778 85
0 478.4 266.926 85
0 476.4 268.28 85
0 472.8 270.172 85
0 471.2 270.795 85
0 470.8 271.041 85
0 470.8 275.152 300 85
0 470.8 279.842 300 85
0 470.8 289.054 300 88
0 470.8 293.911 300 88
0 470.8 299.685 300 88
0 470.8 307.384 300 88
0 470.8 316.026 300 88
0 470.8 319.984 300 88
0 470.8 341.551 300 88
0 470.8 361.643 300 88
0 470.8 369.131 300 88
0 467.2 410.893 88
0 465.6 412.868 88
0 465.2 412.999 88
0 464 414.715 88
0 461.6 414.854 88
0 459.6 415.885 88
0 459.6 419.003 300 88
0 459.6 423.543 300 88
0 459.6 428.615 300 88
0 459.6 435.208 300 88
0 459.6 450.353 300 88
0 459.6 456.509 300 88
0 459.6 484.715 300 88
0 459.6 505.908 300 88
0 459.6 522.273 300 88
0 459.6 532.896 300 88
0 459.6 574.292 300 88
0 459.6 578.564 300 88
0 459.6 592.424 300 88
0 459.6 606.867 300 88
0 459.6 611.68 300 88
0 459.6 616.303 300 88
0 459.6 636.694 300 88
0 459.6 643.638 300 88
0 459.6 649.222 300 88
0 459.6 655.743 300 88
0 459.6 674.361 300 88
0 459.6 679.475 300 88
0 459.6 694.965 300 88
0 459.6 701.097 300 88
0 459.6 735.233 300 88
0 459.6 747.848 300 88
0 459.6 754.347 300 88
0 459.6 761.764 300 88
0 459.6 766.201 300 88
0 459.6 779.763 300 88
0 459.6 784.427 300 88
0 459.6 792.057 300 88
0 459.6 796.71 300 88
