0.252751 573.600000 573.600000
1.283348 560.400000 560.400000
2.285464 556.800000 556.800000
3.347175 551.200000 579.200000
4.350390 551.200000 566.000000
5.358383 551.200000 556.800000
6.375247 551.200000 556.800000
7.391188 551.200000 551.200000
8.394397 551.200000 551.200000
9.399105 545.600000 545.600000
10.497236 543.600000 543.600000
11.510209 540.000000 540.000000
12.520013 534.400000 534.400000
13.520382 528.800000 528.800000
14.532437 528.800000 528.800000
15.544131 526.800000 526.800000
16.563902 523.200000 523.200000
17.572479 521.200000 521.200000
18.590895 521.200000 521.200000
19.617596 521.200000 521.200000
20.633549 517.600000 517.600000
21.652603 517.600000 517.600000
22.664785 512.000000 512.000000
23.674451 512.000000 512.000000
24.684461 506.400000 506.400000
25.707601 506.400000 506.400000
26.709470 504.400000 504.400000
27.729139 500.800000 500.800000
28.736496 489.600000 489.600000
29.755396 487.600000 487.600000
30.767718 487.600000 487.600000
31.779269 484.000000 484.000000
32.779885 484.000000 484.000000
33.782714 482.000000 482.000000
34.783232 478.400000 478.400000
35.791091 478.400000 478.400000
36.802932 478.400000 478.400000
37.814118 472.800000 472.800000
38.835676 470.800000 470.800000
39.860380 470.800000 470.800000
40.874703 470.800000 470.800000
41.894509 470.800000 579.200000
42.921355 470.800000 560.400000
43.928895 470.800000 560.400000
44.931583 470.800000 560.400000
45.947871 470.800000 560.400000
47.008775 470.800000 573.600000
48.015320 470.800000 568.000000
49.036350 470.800000 562.400000
50.043358 470.800000 558.800000
51.051124 470.800000 556.800000
52.068878 470.800000 556.800000
53.082242 470.800000 556.800000
54.112013 470.800000 556.800000
55.126304 470.800000 573.600000
56.148866 470.800000 573.600000
57.156876 470.800000 568.000000
58.165547 470.800000 562.400000
59.190988 470.800000 562.400000
60.209096 470.800000 556.800000
61.231343 470.800000 556.800000
62.237775 470.800000 556.800000
63.239449 470.800000 551.200000
64.241477 470.800000 551.200000
65.263894 470.800000 551.200000
66.269482 470.800000 549.200000
67.280743 470.800000 545.600000
68.318163 470.800000 543.600000
69.360371 470.800000 538.000000
70.366284 470.800000 538.000000
71.375924 470.800000 534.400000
72.376394 470.800000 534.400000
73.384420 470.800000 528.800000
74.415861 470.800000 528.800000
75.513739 470.800000 523.200000
76.528820 470.800000 523.200000
77.552115 470.800000 517.600000
78.557194 470.800000 517.600000
79.574397 470.800000 517.600000
80.590800 470.800000 515.600000
81.637183 470.800000 512.000000
82.646760 470.800000 512.000000
83.665096 470.800000 506.400000
84.672522 470.800000 506.400000
85.689726 470.800000 506.400000
86.702634 470.800000 506.400000
87.743009 470.800000 568.000000
88.758716 470.800000 547.600000
89.759933 470.800000 547.600000
90.789079 470.800000 547.600000
91.792736 470.800000 547.600000
92.798448 470.800000 573.600000
93.823935 470.800000 568.000000
94.847446 470.800000 568.000000
95.858147 470.800000 566.000000
96.868846 470.800000 566.000000
97.873012 470.800000 562.400000
98.887168 470.800000 556.800000
99.893952 470.800000 556.800000
100.894439 470.800000 556.800000
101.907708 470.800000 556.800000
102.923115 470.800000 551.200000
103.931652 470.800000 551.200000
104.936494 470.800000 551.200000
105.964675 470.800000 540.000000
106.982101 470.800000 538.000000
107.997749 470.800000 534.400000
109.012596 470.800000 532.400000
110.016777 470.800000 528.800000
111.055260 470.800000 523.200000
112.055993 470.800000 523.200000
113.077824 470.800000 523.200000
114.099642 470.800000 523.200000
115.120967 470.800000 573.600000
116.141138 470.800000 568.000000
117.151297 470.800000 562.400000
118.176676 470.800000 556.800000
119.194393 470.800000 556.800000
120.218799 470.800000 556.800000
121.240629 470.800000 551.200000
122.244494 470.800000 551.200000
123.265008 470.800000 549.200000
124.269034 470.800000 543.600000
125.274465 470.800000 534.400000
126.304785 470.800000 534.400000
127.315540 470.800000 534.400000
128.327553 470.800000 534.400000
129.344656 470.800000 573.600000
130.348262 470.800000 571.600000
131.364299 470.800000 568.000000
132.366579 470.800000 562.400000
133.383556 470.800000 556.800000
134.415404 470.800000 554.800000
135.420807 470.800000 551.200000
136.430413 470.800000 551.200000
137.431822 470.800000 551.200000
138.445803 470.800000 545.600000
139.461674 470.800000 540.000000
140.489908 470.800000 540.000000
141.520558 470.800000 540.000000
142.534380 470.800000 538.000000
143.545749 470.800000 528.800000
144.574044 470.800000 528.800000
145.583235 470.800000 528.800000
146.598216 470.800000 528.800000
147.602244 470.800000 526.800000
148.624526 470.800000 526.800000
149.641729 470.800000 526.800000
150.642253 470.800000 526.800000
151.664632 470.800000 568.000000
152.687824 470.800000 564.400000
153.698516 470.800000 564.400000
154.701633 470.800000 562.400000
155.722891 470.800000 556.800000
156.726963 470.800000 556.800000
157.745402 470.800000 551.200000
158.750201 470.800000 551.200000
159.796498 470.800000 545.600000
160.805545 470.800000 545.600000
161.821621 470.800000 538.000000
162.841974 470.800000 538.000000
163.854794 470.800000 534.400000
164.867297 470.800000 534.400000
165.892643 470.800000 528.800000
166.894442 470.800000 526.800000
167.897440 470.800000 523.200000
168.919488 470.800000 523.200000
169.927507 470.800000 523.200000
170.934487 470.800000 523.200000
171.943478 470.800000 573.600000
172.962935 470.800000 568.000000
173.980762 470.800000 568.000000
175.003247 470.800000 568.000000
176.006277 470.800000 568.000000
177.021132 470.800000 568.000000
178.031063 470.800000 568.000000
179.050029 470.800000 568.000000
180.054653 470.800000 568.000000
181.058418 470.800000 573.600000
182.074478 470.800000 568.000000
183.089517 470.800000 568.000000
184.108703 470.800000 551.200000
185.112107 470.800000 551.200000
186.238546 470.800000 579.200000
187.262472 470.800000 568.000000
188.272241 470.800000 568.000000
189.308757 470.800000 562.400000
190.312580 470.800000 562.400000
191.327753 470.800000 556.800000
192.339046 470.800000 556.800000
193.359736 470.800000 556.800000
194.367505 470.800000 556.800000
195.375864 470.800000 551.200000
196.398700 470.800000 545.600000
197.404634 470.800000 545.600000
198.409836 470.800000 538.000000
199.412615 470.800000 538.000000
200.439944 470.800000 538.000000
201.441686 470.800000 534.400000
202.444867 470.800000 534.400000
203.463282 470.800000 534.400000
204.471142 470.800000 528.800000
205.482602 470.800000 523.200000
206.497421 470.800000 523.200000
207.508197 470.800000 521.200000
208.519123 470.800000 521.200000
209.525271 470.800000 521.200000
210.528841 470.800000 517.600000
211.533743 470.800000 517.600000
212.541846 470.800000 517.600000
213.557771 470.800000 573.600000
214.573839 470.800000 568.000000
215.580578 470.800000 562.400000
216.622572 470.800000 534.400000
217.629141 470.800000 534.400000
218.756003 470.800000 579.200000
219.761252 470.800000 528.800000
220.773545 470.800000 528.800000
221.797173 470.800000 528.800000
222.863419 470.800000 568.000000
223.868253 470.800000 568.000000
224.874475 470.800000 558.800000
225.879450 470.800000 556.800000
226.880184 470.800000 573.600000
227.886810 470.800000 562.400000
228.896934 470.800000 556.800000
229.912062 470.800000 556.800000
230.915749 470.800000 579.200000
231.959226 470.800000 562.400000
232.971928 470.800000 560.400000
233.983999 470.800000 556.800000
235.001115 470.800000 556.800000
236.012516 470.800000 554.800000
237.023074 470.800000 551.200000
238.023319 470.800000 545.600000
239.040001 470.800000 545.600000
240.052076 470.800000 540.000000
241.070033 470.800000 540.000000
242.087668 470.800000 538.000000
243.106133 470.800000 538.000000
244.127262 470.800000 534.400000
245.144004 470.800000 532.400000
246.152888 470.800000 528.800000
247.159656 470.800000 523.200000
248.176934 470.800000 523.200000
249.188450 470.800000 521.200000
250.200237 470.800000 517.600000
251.217494 470.800000 517.600000
252.221898 470.800000 515.600000
253.227395 470.800000 512.000000
254.232430 470.800000 512.000000
255.232821 470.800000 512.000000
256.401593 470.800000 579.200000
257.423725 470.800000 562.400000
258.431051 470.800000 554.800000
259.443884 470.800000 554.800000
260.537600 470.800000 573.600000
261.551913 470.800000 568.000000
262.565922 470.800000 568.000000
263.581486 470.800000 556.800000
264.583208 470.800000 556.800000
265.729785 470.800000 584.800000
266.732734 470.800000 562.400000
267.732904 470.800000 562.400000
268.739716 470.800000 556.800000
269.752240 470.800000 556.800000
270.753268 470.800000 579.200000
271.765586 470.800000 568.000000
272.781343 470.800000 562.400000
273.785968 470.800000 562.400000
274.793307 470.800000 562.400000
275.808963 470.800000 568.000000
276.819149 470.800000 562.400000
277.824567 470.800000 556.800000
278.830130 470.800000 556.800000
279.843747 470.800000 556.800000
280.875023 470.800000 573.600000
281.890102 470.800000 568.000000
282.896686 470.800000 568.000000
283.903247 470.800000 562.400000
284.914499 470.800000 556.800000
285.916834 470.800000 556.800000
286.926070 470.800000 556.800000
287.939027 470.800000 568.000000
288.939051 470.800000 564.400000
289.991429 470.800000 562.400000
291.020459 470.800000 556.800000
292.037088 470.800000 556.800000
293.048932 470.800000 556.800000
294.065593 470.800000 556.800000
295.081751 470.800000 573.600000
296.084174 470.800000 568.000000
297.116021 470.800000 568.000000
298.135961 470.800000 568.000000
299.155873 470.800000 568.000000
300.210890 470.800000 581.200000
301.234147 470.800000 568.000000
302.245420 470.800000 562.400000
303.265153 470.800000 562.400000
304.275537 470.800000 562.400000
305.288867 470.800000 560.400000
306.295873 470.800000 556.800000
307.296979 470.800000 556.800000
308.303431 470.800000 554.800000
309.309255 470.800000 551.200000
310.315575 470.800000 551.200000
311.316734 470.800000 545.600000
312.331373 470.800000 540.000000
313.364195 470.800000 538.000000
314.370204 470.800000 534.400000
315.385389 470.800000 534.400000
316.523986 470.800000 596.000000
317.535665 470.800000 562.400000
318.535957 470.800000 558.800000
319.545629 470.800000 551.200000
320.558801 470.800000 551.200000
321.651668 470.800000 579.200000
322.665720 470.800000 562.400000
323.681450 470.800000 562.400000
324.684756 470.800000 556.800000
325.685490 470.800000 556.800000
326.715932 470.800000 551.200000
327.729691 470.800000 551.200000
328.734833 470.800000 551.200000
329.736654 470.800000 545.600000
330.752843 470.800000 540.000000
331.762077 470.800000 534.400000
332.787841 470.800000 534.400000
333.791065 470.800000 534.400000
334.798037 470.800000 532.400000
335.798561 470.800000 528.800000
336.821052 470.800000 528.800000
337.835347 470.800000 523.200000
338.839766 470.800000 523.200000
339.844858 470.800000 521.200000
340.852205 470.800000 517.600000
341.866869 470.800000 512.000000
342.893504 470.800000 510.000000
343.901736 470.800000 506.400000
344.915410 470.800000 506.400000
345.915522 470.800000 504.400000
346.923086 470.800000 504.400000
347.929276 470.800000 556.800000
348.954183 470.800000 556.800000
349.963243 470.800000 556.800000
350.966254 470.800000 579.200000
351.982237 470.800000 566.000000
352.990617 470.800000 566.000000
353.994878 470.800000 556.800000
355.007084 470.800000 556.800000
356.020769 470.800000 556.800000
357.036525 470.800000 554.800000
358.037347 470.800000 551.200000
359.054781 470.800000 545.600000
360.074346 470.800000 540.000000
361.107361 470.800000 532.400000
362.110977 470.800000 528.800000
363.111846 470.800000 528.800000
364.122323 470.800000 526.800000
365.139709 470.800000 523.200000
366.140234 470.800000 521.200000
367.152539 470.800000 517.600000
368.159192 470.800000 517.600000
369.176303 470.800000 517.600000
370.176483 470.800000 562.400000
371.191445 470.800000 556.800000
372.234604 470.800000 584.800000
373.250493 470.800000 558.800000
374.258335 470.800000 534.400000
375.284993 470.800000 534.400000
376.285035 470.800000 534.400000
377.315936 470.800000 573.600000
378.330752 470.800000 562.400000
379.348544 470.800000 560.400000
380.348549 470.800000 556.800000
381.357480 470.800000 556.800000
382.402466 470.800000 551.200000
383.402585 470.800000 551.200000
384.424289 470.800000 549.200000
385.430740 470.800000 545.600000
386.439261 470.800000 545.600000
387.445820 470.800000 540.000000
388.448099 470.800000 534.400000
389.453468 470.800000 532.400000
390.474966 470.800000 528.800000
391.489989 470.800000 528.800000
392.506004 470.800000 523.200000
393.521830 470.800000 523.200000
394.542641 470.800000 517.600000
395.550011 470.800000 517.600000
396.576052 470.800000 517.600000
397.591438 470.800000 515.600000
398.601311 470.800000 512.000000
399.608840 470.800000 512.000000
400.663180 470.800000 506.400000
401.667334 470.800000 506.400000
402.687186 470.800000 500.800000
403.706878 470.800000 495.200000
404.714440 470.800000 495.200000
405.732707 470.800000 484.000000
406.740984 470.800000 484.000000
407.752139 470.800000 478.400000
408.756264 470.800000 478.400000
409.758751 470.800000 478.400000
410.771020 470.800000 478.400000
411.772328 470.800000 584.800000
412.803728 470.800000 562.400000
413.810838 470.800000 562.400000
414.820418 470.800000 562.400000
415.825769 470.800000 556.800000
416.835189 470.800000 551.200000
417.835950 470.800000 551.200000
418.841217 470.800000 551.200000
419.862986 470.800000 545.600000
420.879117 470.800000 545.600000
421.897629 470.800000 540.000000
422.901435 470.800000 534.400000
423.928457 470.800000 534.400000
424.936662 470.800000 534.400000
425.945276 470.800000 534.400000
426.999175 470.800000 579.200000
428.057148 470.800000 571.600000
429.073766 470.800000 562.400000
430.087138 470.800000 562.400000
431.106480 470.800000 562.400000
432.137158 470.800000 562.400000
433.169580 470.800000 560.400000
434.178642 470.800000 556.800000
435.190039 470.800000 554.800000
436.208169 470.800000 551.200000
437.228208 470.800000 551.200000
438.249499 470.800000 551.200000
439.263403 470.800000 551.200000
440.269532 470.800000 543.600000
441.274247 470.800000 543.600000
442.276279 470.800000 540.000000
443.282336 470.800000 538.000000
444.293169 470.800000 534.400000
445.295108 470.800000 534.400000
446.306074 470.800000 534.400000
447.342373 470.800000 528.800000
448.358052 470.800000 528.800000
449.375380 470.800000 523.200000
450.404476 470.800000 523.200000
451.427659 470.800000 517.600000
452.431925 470.800000 517.600000
453.440539 470.800000 517.600000
454.440784 470.800000 515.600000
455.450912 470.800000 515.600000
456.456295 470.800000 512.000000
457.470149 470.800000 512.000000
458.477502 470.800000 512.000000
459.518454 470.800000 571.600000
460.522887 470.800000 562.400000
461.524068 470.800000 562.400000
462.526244 470.800000 556.800000
463.529074 470.800000 556.800000
464.533504 470.800000 554.800000
465.538425 470.800000 554.800000
466.581200 470.800000 573.600000
467.595651 470.800000 568.000000
468.602107 470.800000 562.400000
469.605395 470.800000 562.400000
470.608930 470.800000 560.400000
471.617050 470.800000 556.800000
472.627928 470.800000 554.800000
473.640378 470.800000 545.600000
474.655848 470.800000 545.600000
475.669647 470.800000 545.600000
476.877204 470.800000 579.200000
477.896231 470.800000 562.400000
478.898506 470.800000 556.800000
479.918491 470.800000 556.800000
480.940309 470.800000 556.800000
481.948993 470.800000 554.800000
482.961120 470.800000 551.200000
483.976873 470.800000 551.200000
484.979262 470.800000 551.200000
485.984859 470.800000 562.400000
487.007040 470.800000 562.400000
488.047851 470.800000 556.800000
489.062735 470.800000 551.200000
490.077905 470.800000 551.200000
491.091274 470.800000 551.200000
492.110459 470.800000 573.600000
493.118525 470.800000 573.600000
494.129281 470.800000 560.400000
495.138268 470.800000 560.400000
496.233875 470.800000 579.200000
497.244580 470.800000 568.000000
498.248722 470.800000 562.400000
499.265052 470.800000 556.800000
500.273002 470.800000 556.800000
501.290258 470.800000 556.800000
502.307715 470.800000 556.800000
503.315908 470.800000 573.600000
504.351616 470.800000 570.000000
505.364171 470.800000 562.400000
506.380452 470.800000 562.400000
507.385054 470.800000 556.800000
508.400775 470.800000 556.800000
509.411515 470.800000 556.800000
510.418543 470.800000 554.800000
511.437473 470.800000 551.200000
512.441064 470.800000 545.600000
513.449998 470.800000 540.000000
514.474884 470.800000 540.000000
515.485389 470.800000 538.000000
516.507739 470.800000 534.400000
517.511009 470.800000 532.400000
518.524456 470.800000 528.800000
519.549361 470.800000 523.200000
520.569915 470.800000 523.200000
521.573008 470.800000 523.200000
522.681249 470.800000 573.600000
523.707527 470.800000 571.600000
524.708076 470.800000 570.000000
525.715181 470.800000 568.000000
526.738483 470.800000 562.400000
527.741011 470.800000 556.800000
528.742041 470.800000 556.800000
529.751221 470.800000 568.000000
530.769880 470.800000 568.000000
531.779296 470.800000 562.400000
532.787201 470.800000 562.400000
533.788278 470.800000 556.800000
534.804140 470.800000 556.800000
535.805959 470.800000 556.800000
536.820637 470.800000 579.200000
537.831763 470.800000 556.800000
538.858956 470.800000 556.800000
539.861840 470.800000 556.800000
540.867744 470.800000 556.800000
541.902373 470.800000 579.200000
542.910071 470.800000 568.000000
543.937896 470.800000 568.000000
544.954020 470.800000 558.800000
545.967915 470.800000 556.800000
546.970774 470.800000 556.800000
547.998706 470.800000 556.800000
549.011412 470.800000 573.600000
550.035318 470.800000 562.400000
551.055240 470.800000 562.400000
552.078261 470.800000 562.400000
553.098778 470.800000 556.800000
554.114059 470.800000 556.800000
555.124885 470.800000 556.800000
556.136104 470.800000 551.200000
557.137820 470.800000 545.600000
558.154908 470.800000 545.600000
559.185664 470.800000 545.600000
560.186521 470.800000 540.000000
561.198248 470.800000 538.000000
562.217860 470.800000 532.400000
563.227342 470.800000 528.800000
564.242409 470.800000 528.800000
565.258250 470.800000 526.800000
566.272424 470.800000 517.600000
567.285851 470.800000 517.600000
568.334721 470.800000 515.600000
569.346556 470.800000 515.600000
570.359343 470.800000 515.600000
571.359480 470.800000 512.000000
572.376020 470.800000 510.000000
573.453903 470.800000 504.400000
574.465220 470.800000 504.400000
575.468164 470.800000 502.800000
576.473632 470.800000 498.800000
577.486697 470.800000 493.200000
578.496769 470.800000 489.600000
579.527397 470.800000 489.600000
580.529705 470.800000 489.600000
581.534126 470.800000 489.600000
582.565847 470.800000 570.000000
583.571632 470.800000 562.400000
584.571804 470.800000 562.400000
585.572702 470.800000 562.400000
586.595494 470.800000 568.000000
587.599612 470.800000 562.400000
588.602533 470.800000 556.800000
589.628470 470.800000 551.200000
590.652072 470.800000 551.200000
591.654834 470.800000 545.600000
592.663183 470.800000 545.600000
593.684320 470.800000 545.600000
594.692114 470.800000 545.600000
595.700327 470.800000 568.000000
596.714284 470.800000 568.000000
597.724154 470.800000 562.400000
598.725471 470.800000 562.400000
599.725918 470.800000 556.800000
600.746069 470.800000 551.200000
601.754772 470.800000 551.200000
602.762053 470.800000 545.600000
603.769472 470.800000 545.600000
604.810248 470.800000 543.600000
605.822076 470.800000 534.400000
606.835651 470.800000 534.400000
607.840520 470.800000 534.400000
608.852969 470.800000 528.800000
609.871131 470.800000 528.800000
610.873900 470.800000 528.800000
611.881758 470.800000 568.000000
612.904339 470.800000 564.400000
613.913811 470.800000 556.800000
614.920567 470.800000 556.800000
615.920966 470.800000 573.600000
616.924204 470.800000 551.200000
617.952153 470.800000 551.200000
619.022111 470.800000 573.600000
620.025015 470.800000 556.800000
621.026945 470.800000 551.200000
622.027816 470.800000 551.200000
623.034080 470.800000 573.600000
624.108153 470.800000 568.000000
625.109364 470.800000 562.400000
626.126689 470.800000 556.800000
627.143921 470.800000 551.200000
628.144795 470.800000 551.200000
629.145989 470.800000 551.200000
630.148586 470.800000 579.200000
631.164448 470.800000 568.000000
632.178889 470.800000 568.000000
633.239433 470.800000 566.000000
634.249031 470.800000 556.800000
635.262875 470.800000 556.800000
636.276196 470.800000 575.600000
637.338933 470.800000 558.800000
638.351790 470.800000 556.800000
639.351903 470.800000 556.800000
640.353248 470.800000 554.800000
641.356163 470.800000 554.800000
642.387974 470.800000 551.200000
643.410178 470.800000 549.200000
644.427282 470.800000 545.600000
645.445353 470.800000 543.600000
646.457027 470.800000 540.000000
647.462305 470.800000 538.000000
648.468292 470.800000 534.400000
649.488586 470.800000 534.400000
650.509921 470.800000 528.800000
651.534634 470.800000 528.800000
652.537622 470.800000 528.800000
653.548006 470.800000 523.200000
654.554931 470.800000 521.200000
655.593507 470.800000 515.600000
656.596266 470.800000 512.000000
657.604374 470.800000 506.400000
658.622226 470.800000 506.400000
659.632741 470.800000 506.400000
660.661070 470.800000 504.400000
661.672999 470.800000 500.800000
662.683066 470.800000 500.800000
663.684493 470.800000 498.800000
664.688513 470.800000 498.800000
665.693642 470.800000 498.800000
666.700062 470.800000 489.600000
667.708991 470.800000 489.600000
668.728482 470.800000 489.600000
669.737212 470.800000 487.600000
670.779445 470.800000 482.000000
671.779563 470.800000 478.400000
672.794581 470.800000 478.400000
673.798585 470.800000 478.400000
674.829502 470.800000 478.400000
675.837206 470.800000 579.200000
676.846713 470.800000 568.000000
677.850797 470.800000 568.000000
678.877476 470.800000 562.400000
679.894928 470.800000 556.800000
680.900048 470.800000 556.800000
681.936346 470.800000 556.800000
682.952604 470.800000 556.800000
683.980577 470.800000 551.200000
684.985151 470.800000 540.000000
685.993382 470.800000 540.000000
687.020017 470.800000 540.000000
688.067460 470.800000 570.000000
689.076715 470.800000 562.400000
690.078659 470.800000 562.400000
691.108318 470.800000 556.800000
692.141773 470.800000 556.800000
693.163452 470.800000 556.800000
694.179012 470.800000 573.600000
695.215164 470.800000 556.800000
696.226176 470.800000 556.800000
697.241375 470.800000 545.600000
698.244778 470.800000 545.600000
699.250442 470.800000 545.600000
700.276928 470.800000 573.600000
701.290225 470.800000 568.000000
702.303140 470.800000 562.400000
703.320274 470.800000 528.800000
704.324908 470.800000 528.800000
705.333422 470.800000 528.800000
706.356121 470.800000 528.800000
707.375875 470.800000 545.600000
708.402094 470.800000 545.600000
709.418987 470.800000 545.600000
710.427679 470.800000 545.600000
711.588494 470.800000 586.800000
712.609092 470.800000 573.600000
713.639103 470.800000 568.000000
714.652989 470.800000 568.000000
715.676692 470.800000 568.000000
716.684746 470.800000 562.400000
717.700788 470.800000 556.800000
718.706463 470.800000 556.800000
719.710906 470.800000 551.200000
720.729255 470.800000 549.200000
721.746402 470.800000 545.600000
722.767364 470.800000 540.000000
723.772450 470.800000 538.000000
724.802150 470.800000 534.400000
725.855487 470.800000 532.400000
726.869428 470.800000 528.800000
727.871054 470.800000 528.800000
728.889387 470.800000 523.200000
729.894132 470.800000 521.200000
730.894682 470.800000 517.600000
731.911700 470.800000 516.000000
732.915977 470.800000 515.600000
733.916282 470.800000 512.000000
734.931644 470.800000 512.000000
735.941045 470.800000 506.400000
736.958091 470.800000 506.400000
737.970766 470.800000 500.800000
738.979880 470.800000 500.800000
739.981334 470.800000 500.800000
740.997165 470.800000 495.200000
742.002398 470.800000 489.600000
743.020145 470.800000 489.600000
744.026468 470.800000 489.600000
745.027202 470.800000 484.000000
746.045667 470.800000 482.000000
747.061402 470.800000 478.400000
748.061640 470.800000 476.400000
749.061976 470.800000 472.800000
750.072286 470.800000 472.800000
751.084916 470.800000 472.800000
752.105840 470.800000 470.800000
753.130379 467.200000 467.200000
754.134634 467.200000 467.200000
755.147799 465.200000 465.200000
756.162237 465.200000 465.200000
757.162525 465.200000 465.200000
758.165547 465.200000 562.400000
759.182640 465.200000 556.800000
760.189325 465.200000 551.200000
761.208815 465.200000 551.200000
762.235718 465.200000 568.000000
763.242808 465.200000 568.000000
764.245953 465.200000 562.400000
765.247966 465.200000 556.800000
766.250216 465.200000 551.200000
767.269191 465.200000 551.200000
768.270689 465.200000 551.200000
769.272750 465.200000 543.600000
770.293604 465.200000 540.000000
771.296499 465.200000 538.000000
772.301555 465.200000 532.400000
773.310903 465.200000 528.800000
774.324592 465.200000 528.800000
775.335661 465.200000 528.800000
776.461483 465.200000 579.200000
777.479248 465.200000 566.000000
778.484548 465.200000 564.400000
779.487076 465.200000 562.400000
780.490465 465.200000 556.800000
781.514119 465.200000 556.800000
782.563414 465.200000 573.600000
783.587336 465.200000 566.000000
784.594809 465.200000 566.000000
785.595114 465.200000 556.800000
786.604387 465.200000 556.800000
787.607215 465.200000 556.800000
788.609690 465.200000 551.200000
789.612730 465.200000 549.200000
790.638194 465.200000 545.600000
791.647241 465.200000 545.600000
792.659673 465.200000 540.000000
793.669277 465.200000 532.400000
794.684119 465.200000 532.400000
795.690738 465.200000 528.800000
796.708529 465.200000 528.800000
797.722863 465.200000 523.200000
798.740344 465.200000 521.200000
799.748481 465.200000 521.200000
