0.000473 71.200000 71.200000
1.000501 71.200000 71.200000
2.000502 71.200000 71.200000
3.000502 71.200000 71.200000
4.000507 71.200000 71.200000
5.000509 71.200000 71.200000
6.000509 71.200000 71.200000
7.000509 71.200000 71.200000
8.000510 71.200000 71.200000
9.000522 71.200000 71.200000
10.000522 71.200000 71.200000
11.000530 71.200000 71.200000
12.000538 71.200000 71.200000
13.000538 71.200000 71.200000
14.000548 71.200000 71.200000
15.000551 71.200000 71.200000
16.000551 71.200000 71.200000
17.000553 71.200000 71.200000
18.000553 71.200000 71.200000
19.000556 71.200000 71.200000
20.000567 71.200000 71.200000
21.000572 71.200000 71.200000
22.000572 71.200000 71.200000
23.000576 71.200000 71.200000
24.000577 71.200000 71.200000
25.000582 71.200000 71.200000
26.000594 71.200000 71.200000
27.000597 71.200000 71.200000
28.000600 71.200000 71.200000
29.000604 71.200000 71.200000
30.000615 71.200000 71.200000
31.000616 71.200000 71.200000
32.000616 71.200000 71.200000
33.000620 71.200000 71.200000
34.000628 71.200000 71.200000
35.000630 71.200000 71.200000
36.000631 71.200000 71.200000
37.000697 71.200000 71.200000
38.000697 71.200000 71.200000
39.000699 71.200000 71.200000
40.000702 71.200000 71.200000
41.000719 71.200000 71.200000
42.000727 71.200000 71.200000
43.000727 71.200000 71.200000
44.000728 71.200000 71.200000
45.000729 71.200000 71.200000
46.000730 71.200000 71.200000
47.000739 71.200000 71.200000
48.000745 71.200000 71.200000
49.000745 71.200000 71.200000
50.000745 71.200000 71.200000
51.000770 71.200000 71.200000
52.000811 71.200000 71.200000
53.000813 71.200000 71.200000
54.000814 71.200000 71.200000
55.000815 71.200000 71.200000
56.000840 71.200000 71.200000
57.000840 71.200000 71.200000
58.000851 71.200000 71.200000
59.000853 71.200000 71.200000
60.000857 71.200000 71.200000
61.000860 71.200000 71.200000
62.000878 71.200000 71.200000
63.000878 71.200000 71.200000
64.000925 71.200000 71.200000
65.000934 71.200000 71.200000
66.000938 71.200000 71.200000
67.000944 71.200000 71.200000
68.000951 71.200000 71.200000
69.000956 71.200000 71.200000
70.000959 71.200000 71.200000
71.000960 71.200000 71.200000
72.000961 71.200000 71.200000
73.000961 71.200000 71.200000
74.000972 71.200000 71.200000
75.001010 71.200000 71.200000
76.001019 71.200000 71.200000
77.001019 71.200000 71.200000
78.001019 71.200000 71.200000
79.001019 71.200000 71.200000
80.001019 71.200000 71.200000
81.001020 71.200000 71.200000
82.001024 71.200000 71.200000
83.001035 71.200000 71.200000
84.001035 71.200000 71.200000
85.001044 71.200000 71.200000
86.001046 71.200000 71.200000
87.001046 71.200000 71.200000
88.001048 71.200000 71.200000
89.001051 71.200000 71.200000
90.001051 71.200000 71.200000
91.001056 71.200000 71.200000
92.001059 71.200000 71.200000
93.001059 71.200000 71.200000
94.001059 71.200000 71.200000
95.001062 71.200000 71.200000
96.001064 71.200000 71.200000
97.001066 71.200000 71.200000
98.001070 71.200000 71.200000
99.001074 71.200000 71.200000
100.001075 71.200000 71.200000
101.001075 71.200000 71.200000
102.001083 71.200000 71.200000
103.001083 71.200000 71.200000
104.001086 71.200000 71.200000
105.001103 71.200000 71.200000
106.001105 71.200000 71.200000
107.001109 71.200000 71.200000
108.001120 71.200000 71.200000
109.001124 71.200000 71.200000
110.001128 71.200000 71.200000
111.001128 71.200000 71.200000
112.001128 71.200000 71.200000
113.001168 71.200000 71.200000
114.001170 71.200000 71.200000
115.001171 71.200000 71.200000
116.001177 71.200000 71.200000
117.001223 71.200000 71.200000
118.001228 71.200000 71.200000
119.001229 71.200000 71.200000
120.001247 71.200000 71.200000
121.001247 71.200000 71.200000
122.001250 71.200000 71.200000
123.001254 71.200000 71.200000
124.001256 71.200000 71.200000
125.001257 71.200000 71.200000
126.001257 71.200000 71.200000
127.001265 71.200000 71.200000
128.001289 71.200000 71.200000
129.001294 71.200000 71.200000
130.001297 71.200000 71.200000
131.001298 71.200000 71.200000
132.001298 71.200000 71.200000
133.001333 71.200000 71.200000
134.001333 71.200000 71.200000
135.001333 71.200000 71.200000
136.001345 71.200000 71.200000
137.001346 71.200000 71.200000
138.001356 71.200000 71.200000
139.001356 71.200000 71.200000
140.001363 71.200000 71.200000
141.001387 71.200000 71.200000
142.001387 71.200000 71.200000
143.001388 71.200000 71.200000
144.001416 71.200000 71.200000
145.001425 71.200000 71.200000
146.001425 71.200000 71.200000
147.001428 71.200000 71.200000
148.001442 71.200000 71.200000
149.001446 71.200000 71.200000
150.001446 71.200000 71.200000
151.001448 71.200000 71.200000
152.001452 71.200000 71.200000
153.001454 71.200000 71.200000
154.001454 71.200000 71.200000
155.001454 71.200000 71.200000
156.001454 71.200000 71.200000
157.001455 71.200000 71.200000
158.001468 71.200000 71.200000
159.001468 71.200000 71.200000
160.001468 71.200000 71.200000
161.001478 71.200000 71.200000
162.001478 71.200000 71.200000
163.001478 71.200000 71.200000
164.001478 71.200000 71.200000
165.001479 71.200000 71.200000
166.001479 71.200000 71.200000
167.001480 71.200000 71.200000
168.001491 71.200000 71.200000
169.001491 71.200000 71.200000
170.001497 71.200000 71.200000
171.001497 71.200000 71.200000
172.001497 71.200000 71.200000
173.001500 71.200000 71.200000
174.001500 71.200000 71.200000
175.001500 71.200000 71.200000
176.001510 71.200000 71.200000
177.001510 71.200000 71.200000
178.001510 71.200000 71.200000
179.001511 71.200000 71.200000
180.001511 71.200000 71.200000
181.001511 71.200000 71.200000
182.001518 71.200000 71.200000
183.001519 71.200000 71.200000
184.001522 71.200000 71.200000
185.001532 71.200000 71.200000
186.001548 71.200000 71.200000
187.001561 71.200000 71.200000
188.001561 71.200000 71.200000
189.001565 71.200000 71.200000
190.001565 71.200000 71.200000
191.001565 71.200000 71.200000
192.001565 71.200000 71.200000
193.001566 71.200000 71.200000
194.001566 71.200000 71.200000
195.001574 71.200000 71.200000
196.001577 71.200000 71.200000
197.001577 71.200000 71.200000
198.001645 71.200000 71.200000
199.001653 71.200000 71.200000
200.001653 71.200000 71.200000
201.001653 71.200000 71.200000
202.001664 71.200000 71.200000
203.001668 71.200000 71.200000
204.001669 71.200000 71.200000
205.001673 71.200000 71.200000
206.001676 71.200000 71.200000
207.001676 71.200000 71.200000
208.001682 71.200000 71.200000
209.001692 71.200000 71.200000
210.001695 71.200000 71.200000
211.001695 71.200000 71.200000
212.001695 71.200000 71.200000
213.001695 71.200000 71.200000
214.001697 71.200000 71.200000
215.001697 71.200000 71.200000
216.001737 71.200000 71.200000
217.001738 71.200000 71.200000
218.001758 71.200000 71.200000
219.001758 71.200000 71.200000
220.001758 71.200000 71.200000
221.001769 71.200000 71.200000
222.001772 71.200000 71.200000
223.001772 71.200000 71.200000
224.001777 71.200000 71.200000
225.001781 71.200000 71.200000
226.001783 71.200000 71.200000
227.001784 71.200000 71.200000
228.001799 71.200000 71.200000
229.001800 71.200000 71.200000
230.001801 71.200000 71.200000
231.001810 71.200000 71.200000
232.001811 71.200000 71.200000
233.001814 71.200000 71.200000
234.001826 71.200000 71.200000
235.001826 71.200000 71.200000
236.001828 71.200000 71.200000
237.001896 71.200000 71.200000
238.001896 71.200000 71.200000
239.001896 71.200000 71.200000
240.001905 71.200000 71.200000
241.001909 71.200000 71.200000
242.001909 71.200000 71.200000
243.001909 71.200000 71.200000
244.001911 71.200000 71.200000
245.001911 71.200000 71.200000
246.001914 71.200000 71.200000
247.001927 71.200000 71.200000
248.001937 71.200000 71.200000
249.001965 71.200000 71.200000
250.001965 71.200000 71.200000
251.001970 71.200000 71.200000
252.001972 71.200000 71.200000
253.001972 71.200000 71.200000
254.001972 71.200000 71.200000
255.001987 71.200000 71.200000
256.001990 71.200000 71.200000
257.001998 71.200000 71.200000
258.001998 71.200000 71.200000
259.001998 71.200000 71.200000
260.001999 71.200000 71.200000
261.002003 71.200000 71.200000
262.002003 71.200000 71.200000
263.002006 71.200000 71.200000
264.002015 71.200000 71.200000
265.002015 71.200000 71.200000
266.002026 71.200000 71.200000
267.002033 71.200000 71.200000
268.002033 71.200000 71.200000
269.002040 71.200000 71.200000
270.002040 71.200000 71.200000
271.002040 71.200000 71.200000
272.002079 71.200000 71.200000
273.002086 71.200000 71.200000
274.002093 71.200000 71.200000
275.002093 71.200000 71.200000
276.002093 71.200000 71.200000
277.002101 71.200000 71.200000
278.002113 71.200000 71.200000
279.002117 71.200000 71.200000
280.002119 71.200000 71.200000
281.002119 71.200000 71.200000
282.002122 71.200000 71.200000
283.002122 71.200000 71.200000
284.002132 71.200000 71.200000
285.002143 71.200000 71.200000
286.002143 71.200000 71.200000
287.002146 71.200000 71.200000
288.002194 71.200000 71.200000
289.002194 71.200000 71.200000
290.002194 71.200000 71.200000
291.002195 71.200000 71.200000
292.002195 71.200000 71.200000
293.002195 71.200000 71.200000
294.002195 71.200000 71.200000
295.002195 71.200000 71.200000
296.002196 71.200000 71.200000
297.002229 71.200000 71.200000
298.002232 71.200000 71.200000
299.002238 71.200000 71.200000
300.002238 71.200000 71.200000
301.002238 71.200000 71.200000
302.002238 71.200000 71.200000
303.002238 71.200000 71.200000
304.002247 71.200000 71.200000
305.002248 71.200000 71.200000
306.002248 71.200000 71.200000
307.002248 71.200000 71.200000
308.002256 71.200000 71.200000
309.002256 71.200000 71.200000
310.002259 71.200000 71.200000
311.002271 71.200000 71.200000
312.002281 71.200000 71.200000
313.002283 71.200000 71.200000
314.002293 71.200000 71.200000
315.002313 71.200000 71.200000
316.002313 71.200000 71.200000
317.002313 71.200000 71.200000
318.002316 71.200000 71.200000
319.002320 71.200000 71.200000
320.002320 71.200000 71.200000
321.002331 71.200000 71.200000
322.002340 71.200000 71.200000
323.002343 71.200000 71.200000
324.002343 71.200000 71.200000
325.002347 71.200000 71.200000
326.002347 71.200000 71.200000
327.002347 71.200000 71.200000
328.002349 71.200000 71.200000
329.002369 71.200000 71.200000
330.002374 71.200000 71.200000
331.002374 71.200000 71.200000
332.002375 71.200000 71.200000
333.002377 71.200000 71.200000
334.002378 71.200000 71.200000
335.002386 71.200000 71.200000
336.002386 71.200000 71.200000
337.002395 71.200000 71.200000
338.002396 71.200000 71.200000
339.002396 71.200000 71.200000
340.002401 71.200000 71.200000
341.002401 71.200000 71.200000
342.002401 71.200000 71.200000
343.002401 71.200000 71.200000
344.002401 71.200000 71.200000
345.002408 71.200000 71.200000
346.002408 71.200000 71.200000
347.002408 71.200000 71.200000
348.002510 71.200000 71.200000
349.002510 71.200000 71.200000
350.002514 71.200000 71.200000
351.002530 71.200000 71.200000
352.002535 71.200000 71.200000
353.002541 71.200000 71.200000
354.002544 71.200000 71.200000
355.002544 71.200000 71.200000
356.002546 71.200000 71.200000
357.002550 71.200000 71.200000
358.002550 71.200000 71.200000
359.002552 71.200000 71.200000
360.002560 71.200000 71.200000
361.002560 71.200000 71.200000
362.002562 71.200000 71.200000
363.002564 71.200000 71.200000
364.002564 71.200000 71.200000
365.002567 71.200000 71.200000
366.002568 71.200000 71.200000
367.002571 71.200000 71.200000
368.002579 71.200000 71.200000
369.002580 71.200000 71.200000
370.002582 71.200000 71.200000
371.002582 71.200000 71.200000
372.002586 71.200000 71.200000
373.002695 71.200000 71.200000
374.002695 71.200000 71.200000
375.002698 71.200000 71.200000
376.002698 71.200000 71.200000
377.002699 71.200000 71.200000
378.002706 71.200000 71.200000
379.002706 71.200000 71.200000
380.002708 71.200000 71.200000
381.002711 71.200000 71.200000
382.002711 71.200000 71.200000
383.002714 71.200000 71.200000
384.002717 71.200000 71.200000
385.002721 71.200000 71.200000
386.002733 71.200000 71.200000
387.002737 71.200000 71.200000
388.002738 71.200000 71.200000
389.002740 71.200000 71.200000
390.002740 71.200000 71.200000
391.002747 71.200000 71.200000
392.002747 71.200000 71.200000
393.002750 71.200000 71.200000
394.002753 71.200000 71.200000
395.002754 71.200000 71.200000
396.002755 71.200000 71.200000
397.002757 71.200000 71.200000
398.002757 71.200000 71.200000
399.002760 71.200000 71.200000
400.002760 71.200000 71.200000
401.002761 71.200000 71.200000
402.002763 71.200000 71.200000
403.002763 71.200000 71.200000
404.002767 71.200000 71.200000
405.002801 71.200000 71.200000
406.002801 71.200000 71.200000
407.002808 71.200000 71.200000
408.002808 71.200000 71.200000
409.002808 71.200000 71.200000
410.002816 71.200000 71.200000
411.002826 71.200000 71.200000
412.002827 71.200000 71.200000
413.002837 71.200000 71.200000
414.002838 71.200000 71.200000
415.002841 71.200000 71.200000
416.002841 71.200000 71.200000
417.002844 71.200000 71.200000
418.002899 71.200000 71.200000
419.002937 71.200000 71.200000
420.002938 71.200000 71.200000
421.002941 71.200000 71.200000
422.002945 71.200000 71.200000
423.002955 71.200000 71.200000
424.002955 71.200000 71.200000
425.002960 71.200000 71.200000
426.002961 71.200000 71.200000
427.002969 71.200000 71.200000
428.002975 71.200000 71.200000
429.002979 71.200000 71.200000
430.002988 71.200000 71.200000
431.002991 71.200000 71.200000
432.002992 71.200000 71.200000
433.002992 71.200000 71.200000
434.003003 71.200000 71.200000
435.003003 71.200000 71.200000
436.003014 71.200000 71.200000
437.003014 71.200000 71.200000
438.003014 71.200000 71.200000
439.003018 71.200000 71.200000
440.003030 71.200000 71.200000
441.003032 71.200000 71.200000
442.003036 71.200000 71.200000
443.003036 71.200000 71.200000
444.003046 71.200000 71.200000
445.003050 71.200000 71.200000
446.003050 71.200000 71.200000
447.003076 71.200000 71.200000
448.003081 71.200000 71.200000
449.003081 71.200000 71.200000
450.003093 71.200000 71.200000
451.003094 71.200000 71.200000
452.003107 71.200000 71.200000
453.003109 71.200000 71.200000
454.003119 71.200000 71.200000
455.003122 71.200000 71.200000
456.003123 71.200000 71.200000
457.003123 71.200000 71.200000
458.003123 71.200000 71.200000
459.003125 71.200000 71.200000
460.003126 71.200000 71.200000
461.003136 71.200000 71.200000
462.003139 71.200000 71.200000
463.003141 71.200000 71.200000
464.003141 71.200000 71.200000
465.003141 71.200000 71.200000
466.003142 71.200000 71.200000
467.003150 71.200000 71.200000
468.003180 71.200000 71.200000
469.003184 71.200000 71.200000
470.003191 71.200000 71.200000
471.003197 71.200000 71.200000
472.003197 71.200000 71.200000
473.003199 71.200000 71.200000
474.003202 71.200000 71.200000
475.003212 71.200000 71.200000
476.003212 71.200000 71.200000
477.003212 71.200000 71.200000
478.003214 71.200000 71.200000
479.003224 71.200000 71.200000
480.003227 71.200000 71.200000
481.003227 71.200000 71.200000
482.003237 71.200000 71.200000
483.003241 71.200000 71.200000
484.003243 71.200000 71.200000
485.003243 71.200000 71.200000
486.003244 71.200000 71.200000
487.003244 71.200000 71.200000
488.003244 71.200000 71.200000
489.003246 71.200000 71.200000
490.003254 71.200000 71.200000
491.003254 71.200000 71.200000
492.003264 71.200000 71.200000
493.003264 71.200000 71.200000
494.003266 71.200000 71.200000
495.003266 71.200000 71.200000
496.003268 71.200000 71.200000
497.003269 71.200000 71.200000
498.003294 71.200000 71.200000
499.003297 71.200000 71.200000
500.003307 71.200000 71.200000
501.003328 71.200000 71.200000
502.003332 71.200000 71.200000
503.003333 71.200000 71.200000
504.003333 71.200000 71.200000
505.003345 71.200000 71.200000
506.003355 71.200000 71.200000
507.003355 71.200000 71.200000
508.003357 71.200000 71.200000
509.003357 71.200000 71.200000
510.003368 71.200000 71.200000
511.003370 71.200000 71.200000
512.003373 71.200000 71.200000
513.003399 71.200000 71.200000
514.003404 71.200000 71.200000
515.003404 71.200000 71.200000
516.003404 71.200000 71.200000
517.003405 71.200000 71.200000
518.003405 71.200000 71.200000
519.003408 71.200000 71.200000
520.003409 71.200000 71.200000
521.003411 71.200000 71.200000
522.003412 71.200000 71.200000
523.003413 71.200000 71.200000
524.003414 71.200000 71.200000
525.003425 71.200000 71.200000
526.003434 71.200000 71.200000
527.003438 71.200000 71.200000
528.003439 71.200000 71.200000
529.003439 71.200000 71.200000
530.003442 71.200000 71.200000
531.003442 71.200000 71.200000
532.003442 71.200000 71.200000
533.003444 71.200000 71.200000
534.003444 71.200000 71.200000
535.003444 71.200000 71.200000
536.003444 71.200000 71.200000
537.003446 71.200000 71.200000
538.003452 71.200000 71.200000
539.003452 71.200000 71.200000
540.003452 71.200000 71.200000
541.003531 71.200000 71.200000
542.003532 71.200000 71.200000
543.003535 71.200000 71.200000
544.003542 71.200000 71.200000
545.003546 71.200000 71.200000
546.003546 71.200000 71.200000
547.003546 71.200000 71.200000
548.003581 71.200000 71.200000
549.003581 71.200000 71.200000
550.003582 71.200000 71.200000
551.003582 71.200000 71.200000
552.003584 71.200000 71.200000
553.003584 71.200000 71.200000
554.003588 71.200000 71.200000
555.003588 71.200000 71.200000
556.003594 71.200000 71.200000
557.003596 71.200000 71.200000
558.003597 71.200000 71.200000
559.003598 71.200000 71.200000
560.003602 71.200000 71.200000
561.003604 71.200000 71.200000
562.003604 71.200000 71.200000
563.003605 71.200000 71.200000
564.003605 71.200000 71.200000
565.003605 71.200000 71.200000
566.003608 71.200000 71.200000
567.003618 71.200000 71.200000
568.003628 71.200000 71.200000
569.003630 71.200000 71.200000
570.003633 71.200000 71.200000
571.003690 71.200000 71.200000
572.003692 71.200000 71.200000
573.003694 71.200000 71.200000
574.003696 71.200000 71.200000
575.003724 71.200000 71.200000
576.003735 71.200000 71.200000
577.003742 71.200000 71.200000
578.003746 71.200000 71.200000
579.003754 71.200000 71.200000
580.003762 71.200000 71.200000
581.003781 71.200000 71.200000
582.003793 71.200000 71.200000
583.003794 71.200000 71.200000
584.003803 71.200000 71.200000
585.003806 71.200000 71.200000
586.003814 71.200000 71.200000
587.003822 71.200000 71.200000
588.003823 71.200000 71.200000
589.003827 71.200000 71.200000
590.003829 71.200000 71.200000
591.003829 71.200000 71.200000
592.003829 71.200000 71.200000
593.003841 71.200000 71.200000
594.003844 71.200000 71.200000
595.003847 71.200000 71.200000
596.003847 71.200000 71.200000
597.003848 71.200000 71.200000
598.003849 71.200000 71.200000
599.003853 71.200000 71.200000
600.003853 71.200000 71.200000
601.003859 71.200000 71.200000
602.003861 71.200000 71.200000
603.003864 71.200000 71.200000
604.003864 71.200000 71.200000
605.003864 71.200000 71.200000
606.003898 71.200000 71.200000
607.003900 71.200000 71.200000
608.003905 71.200000 71.200000
609.003913 71.200000 71.200000
610.003974 71.200000 71.200000
611.003989 71.200000 71.200000
612.003989 71.200000 71.200000
613.003989 71.200000 71.200000
614.003989 71.200000 71.200000
615.003992 71.200000 71.200000
616.003993 71.200000 71.200000
617.003993 71.200000 71.200000
618.003994 71.200000 71.200000
619.003994 71.200000 71.200000
620.004005 71.200000 71.200000
621.004011 71.200000 71.200000
622.004011 71.200000 71.200000
623.004029 71.200000 71.200000
624.004037 71.200000 71.200000
625.004043 71.200000 71.200000
626.004044 71.200000 71.200000
627.004058 71.200000 71.200000
628.004068 71.200000 71.200000
629.004072 71.200000 71.200000
630.004074 71.200000 71.200000
631.004077 71.200000 71.200000
632.004077 71.200000 71.200000
633.004085 71.200000 71.200000
634.004087 71.200000 71.200000
635.004100 71.200000 71.200000
636.004100 71.200000 71.200000
637.004100 71.200000 71.200000
638.004105 71.200000 71.200000
639.004107 71.200000 71.200000
640.004151 71.200000 71.200000
641.004204 71.200000 71.200000
642.004206 71.200000 71.200000
643.004245 71.200000 71.200000
644.004248 71.200000 71.200000
645.004248 71.200000 71.200000
646.004251 71.200000 71.200000
647.004253 71.200000 71.200000
648.004307 71.200000 71.200000
649.004307 71.200000 71.200000
650.004328 71.200000 71.200000
651.004334 71.200000 71.200000
652.004336 71.200000 71.200000
653.004337 71.200000 71.200000
654.004338 71.200000 71.200000
655.004378 71.200000 71.200000
656.004381 71.200000 71.200000
657.004388 71.200000 71.200000
658.004389 71.200000 71.200000
659.004391 71.200000 71.200000
660.004391 71.200000 71.200000
661.004393 71.200000 71.200000
662.004395 71.200000 71.200000
663.004395 71.200000 71.200000
664.004398 71.200000 71.200000
665.004404 71.200000 71.200000
666.004409 71.200000 71.200000
667.004411 71.200000 71.200000
668.004413 71.200000 71.200000
669.004416 71.200000 71.200000
670.004419 71.200000 71.200000
671.004421 71.200000 71.200000
672.004424 71.200000 71.200000
673.004424 71.200000 71.200000
674.004424 71.200000 71.200000
675.004424 71.200000 71.200000
676.004424 71.200000 71.200000
677.004475 71.200000 71.200000
678.004486 71.200000 71.200000
679.004495 71.200000 71.200000
680.004498 71.200000 71.200000
681.004500 71.200000 71.200000
682.004501 71.200000 71.200000
683.004519 71.200000 71.200000
684.004521 71.200000 71.200000
685.004522 71.200000 71.200000
686.004522 71.200000 71.200000
687.004522 71.200000 71.200000
688.004525 71.200000 71.200000
689.004532 71.200000 71.200000
690.004538 71.200000 71.200000
691.004548 71.200000 71.200000
692.004560 71.200000 71.200000
693.004560 71.200000 71.200000
694.004592 71.200000 71.200000
695.004592 71.200000 71.200000
696.004605 71.200000 71.200000
697.004654 71.200000 71.200000
698.004658 71.200000 71.200000
699.004659 71.200000 71.200000
700.004669 71.200000 71.200000
701.004669 71.200000 71.200000
702.004669 71.200000 71.200000
703.004725 71.200000 71.200000
704.004726 71.200000 71.200000
705.004736 71.200000 71.200000
706.004760 71.200000 71.200000
707.004761 71.200000 71.200000
708.004762 71.200000 71.200000
709.004764 71.200000 71.200000
710.004856 71.200000 71.200000
711.004858 71.200000 71.200000
712.004861 71.200000 71.200000
713.004871 71.200000 71.200000
714.004876 71.200000 71.200000
715.004880 71.200000 71.200000
716.004881 71.200000 71.200000
717.004884 71.200000 71.200000
718.004884 71.200000 71.200000
719.004884 71.200000 71.200000
720.004893 71.200000 71.200000
721.004901 71.200000 71.200000
722.004902 71.200000 71.200000
723.004904 71.200000 71.200000
724.004904 71.200000 71.200000
725.004914 71.200000 71.200000
726.004931 71.200000 71.200000
727.004931 71.200000 71.200000
728.004934 71.200000 71.200000
729.004934 71.200000 71.200000
730.004934 71.200000 71.200000
731.004936 71.200000 71.200000
732.004938 71.200000 71.200000
733.004942 71.200000 71.200000
734.004946 71.200000 71.200000
735.004991 71.200000 71.200000
736.005001 71.200000 71.200000
737.005001 71.200000 71.200000
738.005004 71.200000 71.200000
739.005004 71.200000 71.200000
740.005051 71.200000 71.200000
741.005060 71.200000 71.200000
742.005071 71.200000 71.200000
743.005073 71.200000 71.200000
744.005087 71.200000 71.200000
745.005088 71.200000 71.200000
746.005088 71.200000 71.200000
747.005090 71.200000 71.200000
748.005094 71.200000 71.200000
749.005157 71.200000 71.200000
750.005168 71.200000 71.200000
751.005168 71.200000 71.200000
752.005169 71.200000 71.200000
753.005169 71.200000 71.200000
754.005179 71.200000 71.200000
755.005179 71.200000 71.200000
756.005190 71.200000 71.200000
757.005191 71.200000 71.200000
758.005227 71.200000 71.200000
759.005227 71.200000 71.200000
760.005228 71.200000 71.200000
761.005236 71.200000 71.200000
762.005236 71.200000 71.200000
763.005236 71.200000 71.200000
764.005237 71.200000 71.200000
765.005238 71.200000 71.200000
766.005249 71.200000 71.200000
767.005250 71.200000 71.200000
768.005251 71.200000 71.200000
769.005261 71.200000 71.200000
770.005265 71.200000 71.200000
771.005268 71.200000 71.200000
772.005269 71.200000 71.200000
773.005273 71.200000 71.200000
774.005274 71.200000 71.200000
775.005279 71.200000 71.200000
776.005279 71.200000 71.200000
777.005279 71.200000 71.200000
778.005279 71.200000 71.200000
779.005280 71.200000 71.200000
780.005288 71.200000 71.200000
781.005338 71.200000 71.200000
782.005350 71.200000 71.200000
783.005351 71.200000 71.200000
784.005371 71.200000 71.200000
785.005383 71.200000 71.200000
786.005384 71.200000 71.200000
787.005394 71.200000 71.200000
788.005396 71.200000 71.200000
789.005396 71.200000 71.200000
790.005396 71.200000 71.200000
791.005396 71.200000 71.200000
792.005400 71.200000 71.200000
793.005402 71.200000 71.200000
794.005402 71.200000 71.200000
795.005402 71.200000 71.200000
796.005411 71.200000 71.200000
797.005469 71.200000 71.200000
798.005482 71.200000 71.200000
799.005483 71.200000 71.200000
