0.000370 71.200000 71.200000
1.000370 71.200000 71.200000
2.000370 71.200000 71.200000
3.000378 71.200000 71.200000
4.000379 71.200000 71.200000
5.000406 71.200000 71.200000
6.000409 71.200000 71.200000
7.000411 71.200000 71.200000
8.000417 71.200000 71.200000
9.000417 71.200000 71.200000
10.000418 71.200000 71.200000
11.000418 71.200000 71.200000
12.000430 71.200000 71.200000
13.000432 71.200000 71.200000
14.000435 71.200000 71.200000
15.000438 71.200000 71.200000
16.000473 71.200000 71.200000
17.000479 71.200000 71.200000
18.000479 71.200000 71.200000
19.000479 71.200000 71.200000
20.000479 71.200000 71.200000
21.000488 71.200000 71.200000
22.000490 71.200000 71.200000
23.000500 71.200000 71.200000
24.000516 71.200000 71.200000
25.000528 71.200000 71.200000
26.000529 71.200000 71.200000
27.000537 71.200000 71.200000
28.000537 71.200000 71.200000
29.000538 71.200000 71.200000
30.000548 71.200000 71.200000
31.000548 71.200000 71.200000
32.000562 71.200000 71.200000
33.000610 71.200000 71.200000
34.000613 71.200000 71.200000
35.000613 71.200000 71.200000
36.000615 71.200000 71.200000
37.000615 71.200000 71.200000
38.000619 71.200000 71.200000
39.000628 71.200000 71.200000
40.000643 71.200000 71.200000
41.000644 71.200000 71.200000
42.000654 71.200000 71.200000
43.000679 71.200000 71.200000
44.000691 71.200000 71.200000
45.000702 71.200000 71.200000
46.000709 71.200000 71.200000
47.000709 71.200000 71.200000
48.000710 71.200000 71.200000
49.000711 71.200000 71.200000
50.000712 71.200000 71.200000
51.000716 71.200000 71.200000
52.000716 71.200000 71.200000
53.000716 71.200000 71.200000
54.000718 71.200000 71.200000
55.000721 71.200000 71.200000
56.000722 71.200000 71.200000
57.000725 71.200000 71.200000
58.000759 71.200000 71.200000
59.000759 71.200000 71.200000
60.000759 71.200000 71.200000
61.000783 71.200000 71.200000
62.000797 71.200000 71.200000
63.000797 71.200000 71.200000
64.000799 71.200000 71.200000
65.000801 71.200000 71.200000
66.000806 71.200000 71.200000
67.000806 71.200000 71.200000
68.000817 71.200000 71.200000
69.000820 71.200000 71.200000
70.000828 71.200000 71.200000
71.000841 71.200000 71.200000
72.000846 71.200000 71.200000
73.000854 71.200000 71.200000
74.000857 71.200000 71.200000
75.000858 71.200000 71.200000
76.000859 71.200000 71.200000
77.000861 71.200000 71.200000
78.000906 71.200000 71.200000
79.000906 71.200000 71.200000
80.000920 71.200000 71.200000
81.000921 71.200000 71.200000
82.000925 71.200000 71.200000
83.000926 71.200000 71.200000
84.000926 71.200000 71.200000
85.000932 71.200000 71.200000
86.000933 71.200000 71.200000
87.000935 71.200000 71.200000
88.000936 71.200000 71.200000
89.000936 71.200000 71.200000
90.000948 71.200000 71.200000
91.000952 71.200000 71.200000
92.000952 71.200000 71.200000
93.000952 71.200000 71.200000
94.000966 71.200000 71.200000
95.000969 71.200000 71.200000
96.000972 71.200000 71.200000
97.000972 71.200000 71.200000
98.000974 71.200000 71.200000
99.000974 71.200000 71.200000
100.000984 71.200000 71.200000
101.000984 71.200000 71.200000
102.000988 71.200000 71.200000
103.000998 71.200000 71.200000
104.001003 71.200000 71.200000
105.001008 71.200000 71.200000
106.001010 71.200000 71.200000
107.001011 71.200000 71.200000
108.001012 71.200000 71.200000
109.001023 71.200000 71.200000
110.001053 71.200000 71.200000
111.001065 71.200000 71.200000
112.001069 71.200000 71.200000
113.001075 71.200000 71.200000
114.001075 71.200000 71.200000
115.001087 71.200000 71.200000
116.001099 71.200000 71.200000
117.001160 71.200000 71.200000
118.001160 71.200000 71.200000
119.001163 71.200000 71.200000
120.001164 71.200000 71.200000
121.001165 71.200000 71.200000
122.001165 71.200000 71.200000
123.001199 71.200000 71.200000
124.001199 71.200000 71.200000
125.001203 71.200000 71.200000
126.001203 71.200000 71.200000
127.001215 71.200000 71.200000
128.001215 71.200000 71.200000
129.001224 71.200000 71.200000
130.001229 71.200000 71.200000
131.001229 71.200000 71.200000
132.001231 71.200000 71.200000
133.001235 71.200000 71.200000
134.001235 71.200000 71.200000
135.001236 71.200000 71.200000
136.001239 71.200000 71.200000
137.001250 71.200000 71.200000
138.001254 71.200000 71.200000
139.001254 71.200000 71.200000
140.001258 71.200000 71.200000
141.001259 71.200000 71.200000
142.001294 71.200000 71.200000
143.001296 71.200000 71.200000
144.001297 71.200000 71.200000
145.001367 71.200000 71.200000
146.001369 71.200000 71.200000
147.001369 71.200000 71.200000
148.001383 71.200000 71.200000
149.001383 71.200000 71.200000
150.001395 71.200000 71.200000
151.001395 71.200000 71.200000
152.001398 71.200000 71.200000
153.001401 71.200000 71.200000
154.001417 71.200000 71.200000
155.001419 71.200000 71.200000
156.001419 71.200000 71.200000
157.001433 71.200000 71.200000
158.001434 71.200000 71.200000
159.001443 71.200000 71.200000
160.001452 71.200000 71.200000
161.001460 71.200000 71.200000
162.001460 71.200000 71.200000
163.001461 71.200000 71.200000
164.001471 71.200000 71.200000
165.001475 71.200000 71.200000
166.001475 71.200000 71.200000
167.001477 71.200000 71.200000
168.001480 71.200000 71.200000
169.001481 71.200000 71.200000
170.001481 71.200000 71.200000
171.001481 71.200000 71.200000
172.001485 71.200000 71.200000
173.001485 71.200000 71.200000
174.001524 71.200000 71.200000
175.001524 71.200000 71.200000
176.001524 71.200000 71.200000
177.001524 71.200000 71.200000
178.001526 71.200000 71.200000
179.001527 71.200000 71.200000
180.001527 71.200000 71.200000
181.001531 71.200000 71.200000
182.001532 71.200000 71.200000
183.001541 71.200000 71.200000
184.001541 71.200000 71.200000
185.001545 71.200000 71.200000
186.001547 71.200000 71.200000
187.001566 71.200000 71.200000
188.001587 71.200000 71.200000
189.001587 71.200000 71.200000
190.001591 71.200000 71.200000
191.001592 71.200000 71.200000
192.001614 71.200000 71.200000
193.001614 71.200000 71.200000
194.001623 71.200000 71.200000
195.001623 71.200000 71.200000
196.001631 71.200000 71.200000
197.001633 71.200000 71.200000
198.001633 71.200000 71.200000
199.001637 71.200000 71.200000
200.001642 71.200000 71.200000
201.001642 71.200000 71.200000
202.001642 71.200000 71.200000
203.001644 71.200000 71.200000
204.001645 71.200000 71.200000
205.001648 71.200000 71.200000
206.001652 71.200000 71.200000
207.001654 71.200000 71.200000
208.001654 71.200000 71.200000
209.001654 71.200000 71.200000
210.001655 71.200000 71.200000
211.001657 71.200000 71.200000
212.001659 71.200000 71.200000
213.001664 71.200000 71.200000
214.001666 71.200000 71.200000
215.001666 71.200000 71.200000
216.001667 71.200000 71.200000
217.001667 71.200000 71.200000
218.001671 71.200000 71.200000
219.001675 71.200000 71.200000
220.001675 71.200000 71.200000
221.001678 71.200000 71.200000
222.001678 71.200000 71.200000
223.001683 71.200000 71.200000
224.001683 71.200000 71.200000
225.001688 71.200000 71.200000
226.001688 71.200000 71.200000
227.001692 71.200000 71.200000
228.001699 71.200000 71.200000
229.001704 71.200000 71.200000
230.001708 71.200000 71.200000
231.001715 71.200000 71.200000
232.001715 71.200000 71.200000
233.001716 71.200000 71.200000
234.001716 71.200000 71.200000
235.001717 71.200000 71.200000
236.001729 71.200000 71.200000
237.001730 71.200000 71.200000
238.001730 71.200000 71.200000
239.001730 71.200000 71.200000
240.001734 71.200000 71.200000
241.001734 71.200000 71.200000
242.001735 71.200000 71.200000
243.001735 71.200000 71.200000
244.001736 71.200000 71.200000
245.001736 71.200000 71.200000
246.001751 71.200000 71.200000
247.001773 71.200000 71.200000
248.001773 71.200000 71.200000
249.001773 71.200000 71.200000
250.001777 71.200000 71.200000
251.001790 71.200000 71.200000
252.001795 71.200000 71.200000
253.001803 71.200000 71.200000
254.001804 71.200000 71.200000
255.001807 71.200000 71.200000
256.001811 71.200000 71.200000
257.001811 71.200000 71.200000
258.001814 71.200000 71.200000
259.001814 71.200000 71.200000
260.001831 71.200000 71.200000
261.001834 71.200000 71.200000
262.001837 71.200000 71.200000
263.001837 71.200000 71.200000
264.001846 71.200000 71.200000
265.001851 71.200000 71.200000
266.001861 71.200000 71.200000
267.001874 71.200000 71.200000
268.001874 71.200000 71.200000
269.001877 71.200000 71.200000
270.001877 71.200000 71.200000
271.001898 71.200000 71.200000
272.001898 71.200000 71.200000
273.001928 71.200000 71.200000
274.001928 71.200000 71.200000
275.001932 71.200000 71.200000
276.001937 71.200000 71.200000
277.001943 71.200000 71.200000
278.001944 71.200000 71.200000
279.001946 71.200000 71.200000
280.001950 71.200000 71.200000
281.001982 71.200000 71.200000
282.001983 71.200000 71.200000
283.001984 71.200000 71.200000
284.001987 71.200000 71.200000
285.001987 71.200000 71.200000
286.002000 71.200000 71.200000
287.002002 71.200000 71.200000
288.002012 71.200000 71.200000
289.002019 71.200000 71.200000
290.002020 71.200000 71.200000
291.002020 71.200000 71.200000
292.002029 71.200000 71.200000
293.002035 71.200000 71.200000
294.002036 71.200000 71.200000
295.002037 71.200000 71.200000
296.002041 71.200000 71.200000
297.002041 71.200000 71.200000
298.002052 71.200000 71.200000
299.002058 71.200000 71.200000
300.002093 71.200000 71.200000
301.002134 71.200000 71.200000
302.002137 71.200000 71.200000
303.002138 71.200000 71.200000
304.002147 71.200000 71.200000
305.002148 71.200000 71.200000
306.002148 71.200000 71.200000
307.002148 71.200000 71.200000
308.002148 71.200000 71.200000
309.002148 71.200000 71.200000
310.002148 71.200000 71.200000
311.002149 71.200000 71.200000
312.002155 71.200000 71.200000
313.002156 71.200000 71.200000
314.002157 71.200000 71.200000
315.002162 71.200000 71.200000
316.002163 71.200000 71.200000
317.002171 71.200000 71.200000
318.002173 71.200000 71.200000
319.002178 71.200000 71.200000
320.002178 71.200000 71.200000
321.002190 71.200000 71.200000
322.002191 71.200000 71.200000
323.002191 71.200000 71.200000
324.002191 71.200000 71.200000
325.002201 71.200000 71.200000
326.002204 71.200000 71.200000
327.002204 71.200000 71.200000
328.002204 71.200000 71.200000
329.002204 71.200000 71.200000
330.002212 71.200000 71.200000
331.002213 71.200000 71.200000
332.002213 71.200000 71.200000
333.002275 71.200000 71.200000
334.002281 71.200000 71.200000
335.002287 71.200000 71.200000
336.002344 71.200000 71.200000
337.002344 71.200000 71.200000
338.002344 71.200000 71.200000
339.002356 71.200000 71.200000
340.002362 71.200000 71.200000
341.002363 71.200000 71.200000
342.002373 71.200000 71.200000
343.002373 71.200000 71.200000
344.002375 71.200000 71.200000
345.002379 71.200000 71.200000
346.002379 71.200000 71.200000
347.002380 71.200000 71.200000
348.002383 71.200000 71.200000
349.002386 71.200000 71.200000
350.002386 71.200000 71.200000
351.002413 71.200000 71.200000
352.002418 71.200000 71.200000
353.002449 71.200000 71.200000
354.002452 71.200000 71.200000
355.002477 71.200000 71.200000
356.002478 71.200000 71.200000
357.002505 71.200000 71.200000
358.002505 71.200000 71.200000
359.002514 71.200000 71.200000
360.002518 71.200000 71.200000
361.002525 71.200000 71.200000
362.002525 71.200000 71.200000
363.002525 71.200000 71.200000
364.002525 71.200000 71.200000
365.002527 71.200000 71.200000
366.002535 71.200000 71.200000
367.002535 71.200000 71.200000
368.002535 71.200000 71.200000
369.002538 71.200000 71.200000
370.002541 71.200000 71.200000
371.002541 71.200000 71.200000
372.002549 71.200000 71.200000
373.002551 71.200000 71.200000
374.002552 71.200000 71.200000
375.002552 71.200000 71.200000
376.002568 71.200000 71.200000
377.002569 71.200000 71.200000
378.002571 71.200000 71.200000
379.002574 71.200000 71.200000
380.002575 71.200000 71.200000
381.002580 71.200000 71.200000
382.002584 71.200000 71.200000
383.002585 71.200000 71.200000
384.002585 71.200000 71.200000
385.002590 71.200000 71.200000
386.002590 71.200000 71.200000
387.002593 71.200000 71.200000
388.002596 71.200000 71.200000
389.002597 71.200000 71.200000
390.002600 71.200000 71.200000
391.002654 71.200000 71.200000
392.002658 71.200000 71.200000
393.002660 71.200000 71.200000
394.002666 71.200000 71.200000
395.002666 71.200000 71.200000
396.002678 71.200000 71.200000
397.002678 71.200000 71.200000
398.002680 71.200000 71.200000
399.002681 71.200000 71.200000
400.002682 71.200000 71.200000
401.002682 71.200000 71.200000
402.002684 71.200000 71.200000
403.002695 71.200000 71.200000
404.002695 71.200000 71.200000
405.002698 71.200000 71.200000
406.002699 71.200000 71.200000
407.002702 71.200000 71.200000
408.002702 71.200000 71.200000
409.002702 71.200000 71.200000
410.002704 71.200000 71.200000
411.002705 71.200000 71.200000
412.002711 71.200000 71.200000
413.002721 71.200000 71.200000
414.002721 71.200000 71.200000
415.002722 71.200000 71.200000
416.002727 71.200000 71.200000
417.002730 71.200000 71.200000
418.002731 71.200000 71.200000
419.002743 71.200000 71.200000
420.002745 71.200000 71.200000
421.002745 71.200000 71.200000
422.002746 71.200000 71.200000
423.002748 71.200000 71.200000
424.002750 71.200000 71.200000
425.002753 71.200000 71.200000
426.002756 71.200000 71.200000
427.002760 71.200000 71.200000
428.002760 71.200000 71.200000
429.002771 71.200000 71.200000
430.002774 71.200000 71.200000
431.002780 71.200000 71.200000
432.002782 71.200000 71.200000
433.002787 71.200000 71.200000
434.002831 71.200000 71.200000
435.002868 71.200000 71.200000
436.002868 71.200000 71.200000
437.002868 71.200000 71.200000
438.002871 71.200000 71.200000
439.002872 71.200000 71.200000
440.002873 71.200000 71.200000
441.002873 71.200000 71.200000
442.002876 71.200000 71.200000
443.002877 71.200000 71.200000
444.002921 71.200000 71.200000
445.002923 71.200000 71.200000
446.002923 71.200000 71.200000
447.002923 71.200000 71.200000
448.002925 71.200000 71.200000
449.002932 71.200000 71.200000
450.002932 71.200000 71.200000
451.002935 71.200000 71.200000
452.002937 71.200000 71.200000
453.002938 71.200000 71.200000
454.002953 71.200000 71.200000
455.003039 71.200000 71.200000
456.003048 71.200000 71.200000
457.003048 71.200000 71.200000
458.003048 71.200000 71.200000
459.003048 71.200000 71.200000
460.003049 71.200000 71.200000
461.003049 71.200000 71.200000
462.003054 71.200000 71.200000
463.003109 71.200000 71.200000
464.003123 71.200000 71.200000
465.003126 71.200000 71.200000
466.003130 71.200000 71.200000
467.003140 71.200000 71.200000
468.003142 71.200000 71.200000
469.003151 71.200000 71.200000
470.003155 71.200000 71.200000
471.003155 71.200000 71.200000
472.003162 71.200000 71.200000
473.003162 71.200000 71.200000
474.003164 71.200000 71.200000
475.003208 71.200000 71.200000
476.003212 71.200000 71.200000
477.003214 71.200000 71.200000
478.003216 71.200000 71.200000
479.003218 71.200000 71.200000
480.003218 71.200000 71.200000
481.003218 71.200000 71.200000
482.003218 71.200000 71.200000
483.003218 71.200000 71.200000
484.003220 71.200000 71.200000
485.003231 71.200000 71.200000
486.003234 71.200000 71.200000
487.003239 71.200000 71.200000
488.003242 71.200000 71.200000
489.003251 71.200000 71.200000
490.003251 71.200000 71.200000
491.003251 71.200000 71.200000
492.003255 71.200000 71.200000
493.003264 71.200000 71.200000
494.003264 71.200000 71.200000
495.003264 71.200000 71.200000
496.003266 71.200000 71.200000
497.003267 71.200000 71.200000
498.003271 71.200000 71.200000
499.003271 71.200000 71.200000
500.003271 71.200000 71.200000
501.003274 71.200000 71.200000
502.003285 71.200000 71.200000
503.003286 71.200000 71.200000
504.003287 71.200000 71.200000
505.003290 71.200000 71.200000
506.003290 71.200000 71.200000
507.003293 71.200000 71.200000
508.003294 71.200000 71.200000
509.003300 71.200000 71.200000
510.003301 71.200000 71.200000
511.003313 71.200000 71.200000
512.003313 71.200000 71.200000
513.003316 71.200000 71.200000
514.003316 71.200000 71.200000
515.003323 71.200000 71.200000
516.003323 71.200000 71.200000
517.003325 71.200000 71.200000
518.003326 71.200000 71.200000
519.003340 71.200000 71.200000
520.003340 71.200000 71.200000
521.003340 71.200000 71.200000
522.003345 71.200000 71.200000
523.003353 71.200000 71.200000
524.003361 71.200000 71.200000
525.003361 71.200000 71.200000
526.003361 71.200000 71.200000
527.003361 71.200000 71.200000
528.003430 71.200000 71.200000
529.003434 71.200000 71.200000
530.003435 71.200000 71.200000
531.003439 71.200000 71.200000
532.003485 71.200000 71.200000
533.003485 71.200000 71.200000
534.003485 71.200000 71.200000
535.003490 71.200000 71.200000
536.003492 71.200000 71.200000
537.003493 71.200000 71.200000
538.003497 71.200000 71.200000
539.003497 71.200000 71.200000
540.003501 71.200000 71.200000
541.003502 71.200000 71.200000
542.003504 71.200000 71.200000
543.003506 71.200000 71.200000
544.003509 71.200000 71.200000
545.003515 71.200000 71.200000
546.003517 71.200000 71.200000
547.003517 71.200000 71.200000
548.003517 71.200000 71.200000
549.003519 71.200000 71.200000
550.003532 71.200000 71.200000
551.003533 71.200000 71.200000
552.003535 71.200000 71.200000
553.003543 71.200000 71.200000
554.003543 71.200000 71.200000
555.003550 71.200000 71.200000
556.003554 71.200000 71.200000
557.003554 71.200000 71.200000
558.003554 71.200000 71.200000
559.003554 71.200000 71.200000
560.003556 71.200000 71.200000
561.003573 71.200000 71.200000
562.003573 71.200000 71.200000
563.003573 71.200000 71.200000
564.003573 71.200000 71.200000
565.003574 71.200000 71.200000
566.003587 71.200000 71.200000
567.003589 71.200000 71.200000
568.003589 71.200000 71.200000
569.003591 71.200000 71.200000
570.003591 71.200000 71.200000
571.003591 71.200000 71.200000
572.003591 71.200000 71.200000
573.003591 71.200000 71.200000
574.003600 71.200000 71.200000
575.003612 71.200000 71.200000
576.003619 71.200000 71.200000
577.003620 71.200000 71.200000
578.003624 71.200000 71.200000
579.003636 71.200000 71.200000
580.003646 71.200000 71.200000
581.003646 71.200000 71.200000
582.003653 71.200000 71.200000
583.003657 71.200000 71.200000
584.003661 71.200000 71.200000
585.003661 71.200000 71.200000
586.003665 71.200000 71.200000
587.003667 71.200000 71.200000
588.003667 71.200000 71.200000
589.003667 71.200000 71.200000
590.003684 71.200000 71.200000
591.003685 71.200000 71.200000
592.003688 71.200000 71.200000
593.003692 71.200000 71.200000
594.003692 71.200000 71.200000
595.003692 71.200000 71.200000
596.003703 71.200000 71.200000
597.003707 71.200000 71.200000
598.003707 71.200000 71.200000
599.003711 71.200000 71.200000
600.003745 71.200000 71.200000
601.003745 71.200000 71.200000
602.003758 71.200000 71.200000
603.003766 71.200000 71.200000
604.003768 71.200000 71.200000
605.003780 71.200000 71.200000
606.003792 71.200000 71.200000
607.003802 71.200000 71.200000
608.003806 71.200000 71.200000
609.003806 71.200000 71.200000
610.003806 71.200000 71.200000
611.003806 71.200000 71.200000
612.003807 71.200000 71.200000
613.003809 71.200000 71.200000
614.003856 71.200000 71.200000
615.003860 71.200000 71.200000
616.003863 71.200000 71.200000
617.003877 71.200000 71.200000
618.003935 71.200000 71.200000
619.003935 71.200000 71.200000
620.003935 71.200000 71.200000
621.003935 71.200000 71.200000
622.003944 71.200000 71.200000
623.003956 71.200000 71.200000
624.003958 71.200000 71.200000
625.003960 71.200000 71.200000
626.003960 71.200000 71.200000
627.003970 71.200000 71.200000
628.003976 71.200000 71.200000
629.003976 71.200000 71.200000
630.003980 71.200000 71.200000
631.003983 71.200000 71.200000
632.003983 71.200000 71.200000
633.003983 71.200000 71.200000
634.003983 71.200000 71.200000
635.003985 71.200000 71.200000
636.003990 71.200000 71.200000
637.003991 71.200000 71.200000
638.004004 71.200000 71.200000
639.004004 71.200000 71.200000
640.004008 71.200000 71.200000
641.004009 71.200000 71.200000
642.004010 71.200000 71.200000
643.004012 71.200000 71.200000
644.004012 71.200000 71.200000
645.004013 71.200000 71.200000
646.004020 71.200000 71.200000
647.004021 71.200000 71.200000
648.004035 71.200000 71.200000
649.004035 71.200000 71.200000
650.004038 71.200000 71.200000
651.004046 71.200000 71.200000
652.004046 71.200000 71.200000
653.004047 71.200000 71.200000
654.004050 71.200000 71.200000
655.004054 71.200000 71.200000
656.004055 71.200000 71.200000
657.004057 71.200000 71.200000
658.004057 71.200000 71.200000
659.004057 71.200000 71.200000
660.004071 71.200000 71.200000
661.004071 71.200000 71.200000
662.004090 71.200000 71.200000
663.004097 71.200000 71.200000
664.004097 71.200000 71.200000
665.004097 71.200000 71.200000
666.004100 71.200000 71.200000
667.004100 71.200000 71.200000
668.004107 71.200000 71.200000
669.004107 71.200000 71.200000
670.004107 71.200000 71.200000
671.004107 71.200000 71.200000
672.004120 71.200000 71.200000
673.004130 71.200000 71.200000
674.004130 71.200000 71.200000
675.004134 71.200000 71.200000
676.004137 71.200000 71.200000
677.004142 71.200000 71.200000
678.004142 71.200000 71.200000
679.004143 71.200000 71.200000
680.004146 71.200000 71.200000
681.004159 71.200000 71.200000
682.004159 71.200000 71.200000
683.004159 71.200000 71.200000
684.004160 71.200000 71.200000
685.004170 71.200000 71.200000
686.004176 71.200000 71.200000
687.004176 71.200000 71.200000
688.004178 71.200000 71.200000
689.004178 71.200000 71.200000
690.004183 71.200000 71.200000
691.004183 71.200000 71.200000
692.004183 71.200000 71.200000
693.004184 71.200000 71.200000
694.004184 71.200000 71.200000
695.004185 71.200000 71.200000
696.004188 71.200000 71.200000
697.004188 71.200000 71.200000
698.004228 71.200000 71.200000
699.004261 71.200000 71.200000
700.004261 71.200000 71.200000
701.004261 71.200000 71.200000
702.004261 71.200000 71.200000
703.004261 71.200000 71.200000
704.004264 71.200000 71.200000
705.004267 71.200000 71.200000
706.004267 71.200000 71.200000
707.004274 71.200000 71.200000
708.004278 71.200000 71.200000
709.004280 71.200000 71.200000
710.004289 71.200000 71.200000
711.004295 71.200000 71.200000
712.004295 71.200000 71.200000
713.004297 71.200000 71.200000
714.004304 71.200000 71.200000
715.004310 71.200000 71.200000
716.004311 71.200000 71.200000
717.004311 71.200000 71.200000
718.004313 71.200000 71.200000
719.004313 71.200000 71.200000
720.004318 71.200000 71.200000
721.004320 71.200000 71.200000
722.004330 71.200000 71.200000
723.004333 71.200000 71.200000
724.004336 71.200000 71.200000
725.004338 71.200000 71.200000
726.004338 71.200000 71.200000
727.004345 71.200000 71.200000
728.004348 71.200000 71.200000
729.004349 71.200000 71.200000
730.004349 71.200000 71.200000
731.004349 71.200000 71.200000
732.004354 71.200000 71.200000
733.004354 71.200000 71.200000
734.004355 71.200000 71.200000
735.004363 71.200000 71.200000
736.004365 71.200000 71.200000
737.004365 71.200000 71.200000
738.004368 71.200000 71.200000
739.004372 71.200000 71.200000
740.004388 71.200000 71.200000
741.004392 71.200000 71.200000
742.004396 71.200000 71.200000
743.004400 71.200000 71.200000
744.004402 71.200000 71.200000
745.004402 71.200000 71.200000
746.004406 71.200000 71.200000
747.004406 71.200000 71.200000
748.004406 71.200000 71.200000
749.004406 71.200000 71.200000
750.004418 71.200000 71.200000
751.004428 71.200000 71.200000
752.004429 71.200000 71.200000
753.004430 71.200000 71.200000
754.004430 71.200000 71.200000
755.004430 71.200000 71.200000
756.004434 71.200000 71.200000
757.004468 71.200000 71.200000
758.004480 71.200000 71.200000
759.004480 71.200000 71.200000
760.004485 71.200000 71.200000
761.004485 71.200000 71.200000
762.004488 71.200000 71.200000
763.004495 71.200000 71.200000
764.004499 71.200000 71.200000
765.004503 71.200000 71.200000
766.004504 71.200000 71.200000
767.004508 71.200000 71.200000
768.004562 71.200000 71.200000
769.004567 71.200000 71.200000
770.004567 71.200000 71.200000
771.004570 71.200000 71.200000
772.004573 71.200000 71.200000
773.004587 71.200000 71.200000
774.004588 71.200000 71.200000
775.004589 71.200000 71.200000
776.004600 71.200000 71.200000
777.004601 71.200000 71.200000
778.004603 71.200000 71.200000
779.004603 71.200000 71.200000
780.004613 71.200000 71.200000
781.004613 71.200000 71.200000
782.004622 71.200000 71.200000
783.004624 71.200000 71.200000
784.004631 71.200000 71.200000
785.004631 71.200000 71.200000
786.004632 71.200000 71.200000
787.004634 71.200000 71.200000
788.004645 71.200000 71.200000
789.004645 71.200000 71.200000
790.004662 71.200000 71.200000
791.004664 71.200000 71.200000
792.004664 71.200000 71.200000
793.004664 71.200000 71.200000
794.004676 71.200000 71.200000
795.004681 71.200000 71.200000
796.004716 71.200000 71.200000
797.004720 71.200000 71.200000
798.004734 71.200000 71.200000
799.004736 71.200000 71.200000
