0.000589 71.200000 71.200000
1.000590 71.200000 71.200000
2.000591 71.200000 71.200000
3.000595 71.200000 71.200000
4.000598 71.200000 71.200000
5.000600 71.200000 71.200000
6.000600 71.200000 71.200000
7.000600 71.200000 71.200000
8.000604 71.200000 71.200000
9.000606 71.200000 71.200000
10.000610 71.200000 71.200000
11.000614 71.200000 71.200000
12.000614 71.200000 71.200000
13.000615 71.200000 71.200000
14.000617 71.200000 71.200000
15.000617 71.200000 71.200000
16.000627 71.200000 71.200000
17.000630 71.200000 71.200000
18.000635 71.200000 71.200000
19.000646 71.200000 71.200000
20.000646 71.200000 71.200000
21.000650 71.200000 71.200000
22.000650 71.200000 71.200000
23.000661 71.200000 71.200000
24.000661 71.200000 71.200000
25.000663 71.200000 71.200000
26.000663 71.200000 71.200000
27.000669 71.200000 71.200000
28.000672 71.200000 71.200000
29.000719 71.200000 71.200000
30.000724 71.200000 71.200000
31.000724 71.200000 71.200000
32.000725 71.200000 71.200000
33.000727 71.200000 71.200000
34.000729 71.200000 71.200000
35.000753 71.200000 71.200000
36.000759 71.200000 71.200000
37.000760 71.200000 71.200000
38.000763 71.200000 71.200000
39.000783 71.200000 71.200000
40.000783 71.200000 71.200000
41.000785 71.200000 71.200000
42.000807 71.200000 71.200000
43.000811 71.200000 71.200000
44.000814 71.200000 71.200000
45.000816 71.200000 71.200000
46.000820 71.200000 71.200000
47.000832 71.200000 71.200000
48.000834 71.200000 71.200000
49.000835 71.200000 71.200000
50.000895 71.200000 71.200000
51.000897 71.200000 71.200000
52.000899 71.200000 71.200000
53.000899 71.200000 71.200000
54.000900 71.200000 71.200000
55.000901 71.200000 71.200000
56.000910 71.200000 71.200000
57.000911 71.200000 71.200000
58.000911 71.200000 71.200000
59.000911 71.200000 71.200000
60.000911 71.200000 71.200000
61.000914 71.200000 71.200000
62.000915 71.200000 71.200000
63.000915 71.200000 71.200000
64.000959 71.200000 71.200000
65.000961 71.200000 71.200000
66.000964 71.200000 71.200000
67.000972 71.200000 71.200000
68.000975 71.200000 71.200000
69.000976 71.200000 71.200000
70.000976 71.200000 71.200000
71.000979 71.200000 71.200000
72.000982 71.200000 71.200000
73.000983 71.200000 71.200000
74.000983 71.200000 71.200000
75.000983 71.200000 71.200000
76.000992 71.200000 71.200000
77.001037 71.200000 71.200000
78.001038 71.200000 71.200000
79.001038 71.200000 71.200000
80.001038 71.200000 71.200000
81.001043 71.200000 71.200000
82.001092 71.200000 71.200000
83.001093 71.200000 71.200000
84.001096 71.200000 71.200000
85.001097 71.200000 71.200000
86.001099 71.200000 71.200000
87.001102 71.200000 71.200000
88.001102 71.200000 71.200000
89.001102 71.200000 71.200000
90.001133 71.200000 71.200000
91.001133 71.200000 71.200000
92.001161 71.200000 71.200000
93.001161 71.200000 71.200000
94.001161 71.200000 71.200000
95.001172 71.200000 71.200000
96.001172 71.200000 71.200000
97.001172 71.200000 71.200000
98.001172 71.200000 71.200000
99.001173 71.200000 71.200000
100.001176 71.200000 71.200000
101.001177 71.200000 71.200000
102.001177 71.200000 71.200000
103.001181 71.200000 71.200000
104.001181 71.200000 71.200000
105.001181 71.200000 71.200000
106.001181 71.200000 71.200000
107.001205 71.200000 71.200000
108.001205 71.200000 71.200000
109.001205 71.200000 71.200000
110.001208 71.200000 71.200000
111.001208 71.200000 71.200000
112.001211 71.200000 71.200000
113.001262 71.200000 71.200000
114.001263 71.200000 71.200000
115.001266 71.200000 71.200000
116.001266 71.200000 71.200000
117.001267 71.200000 71.200000
118.001273 71.200000 71.200000
119.001283 71.200000 71.200000
120.001283 71.200000 71.200000
121.001284 71.200000 71.200000
122.001289 71.200000 71.200000
123.001302 71.200000 71.200000
124.001303 71.200000 71.200000
125.001303 71.200000 71.200000
126.001305 71.200000 71.200000
127.001306 71.200000 71.200000
128.001309 71.200000 71.200000
129.001309 71.200000 71.200000
130.001310 71.200000 71.200000
131.001310 71.200000 71.200000
132.001310 71.200000 71.200000
133.001310 71.200000 71.200000
134.001310 71.200000 71.200000
135.001310 71.200000 71.200000
136.001312 71.200000 71.200000
137.001312 71.200000 71.200000
138.001324 71.200000 71.200000
139.001327 71.200000 71.200000
140.001329 71.200000 71.200000
141.001341 71.200000 71.200000
142.001342 71.200000 71.200000
143.001343 71.200000 71.200000
144.001343 71.200000 71.200000
145.001347 71.200000 71.200000
146.001356 71.200000 71.200000
147.001356 71.200000 71.200000
148.001359 71.200000 71.200000
149.001360 71.200000 71.200000
150.001360 71.200000 71.200000
151.001430 71.200000 71.200000
152.001430 71.200000 71.200000
153.001431 71.200000 71.200000
154.001433 71.200000 71.200000
155.001434 71.200000 71.200000
156.001434 71.200000 71.200000
157.001436 71.200000 71.200000
158.001441 71.200000 71.200000
159.001444 71.200000 71.200000
160.001450 71.200000 71.200000
161.001451 71.200000 71.200000
162.001451 71.200000 71.200000
163.001453 71.200000 71.200000
164.001469 71.200000 71.200000
165.001483 71.200000 71.200000
166.001490 71.200000 71.200000
167.001490 71.200000 71.200000
168.001492 71.200000 71.200000
169.001496 71.200000 71.200000
170.001496 71.200000 71.200000
171.001496 71.200000 71.200000
172.001507 71.200000 71.200000
173.001509 71.200000 71.200000
174.001513 71.200000 71.200000
175.001513 71.200000 71.200000
176.001513 71.200000 71.200000
177.001522 71.200000 71.200000
178.001530 71.200000 71.200000
179.001530 71.200000 71.200000
180.001533 71.200000 71.200000
181.001533 71.200000 71.200000
182.001539 71.200000 71.200000
183.001553 71.200000 71.200000
184.001559 71.200000 71.200000
185.001559 71.200000 71.200000
186.001559 71.200000 71.200000
187.001561 71.200000 71.200000
188.001571 71.200000 71.200000
189.001571 71.200000 71.200000
190.001571 71.200000 71.200000
191.001575 71.200000 71.200000
192.001575 71.200000 71.200000
193.001575 71.200000 71.200000
194.001575 71.200000 71.200000
195.001581 71.200000 71.200000
196.001583 71.200000 71.200000
197.001584 71.200000 71.200000
198.001585 71.200000 71.200000
199.001586 71.200000 71.200000
200.001588 71.200000 71.200000
201.001592 71.200000 71.200000
202.001594 71.200000 71.200000
203.001594 71.200000 71.200000
204.001594 71.200000 71.200000
205.001597 71.200000 71.200000
206.001605 71.200000 71.200000
207.001605 71.200000 71.200000
208.001608 71.200000 71.200000
209.001614 71.200000 71.200000
210.001616 71.200000 71.200000
211.001619 71.200000 71.200000
212.001619 71.200000 71.200000
213.001620 71.200000 71.200000
214.001622 71.200000 71.200000
215.001622 71.200000 71.200000
216.001625 71.200000 71.200000
217.001627 71.200000 71.200000
218.001627 71.200000 71.200000
219.001629 71.200000 71.200000
220.001629 71.200000 71.200000
221.001631 71.200000 71.200000
222.001637 71.200000 71.200000
223.001638 71.200000 71.200000
224.001655 71.200000 71.200000
225.001658 71.200000 71.200000
226.001669 71.200000 71.200000
227.001669 71.200000 71.200000
228.001678 71.200000 71.200000
229.001680 71.200000 71.200000
230.001680 71.200000 71.200000
231.001683 71.200000 71.200000
232.001691 71.200000 71.200000
233.001692 71.200000 71.200000
234.001693 71.200000 71.200000
235.001703 71.200000 71.200000
236.001712 71.200000 71.200000
237.001712 71.200000 71.200000
238.001712 71.200000 71.200000
239.001721 71.200000 71.200000
240.001721 71.200000 71.200000
241.001721 71.200000 71.200000
242.001721 71.200000 71.200000
243.001722 71.200000 71.200000
244.001722 71.200000 71.200000
245.001734 71.200000 71.200000
246.001738 71.200000 71.200000
247.001738 71.200000 71.200000
248.001738 71.200000 71.200000
249.001739 71.200000 71.200000
250.001740 71.200000 71.200000
251.001742 71.200000 71.200000
252.001742 71.200000 71.200000
253.001745 71.200000 71.200000
254.001748 71.200000 71.200000
255.001760 71.200000 71.200000
256.001760 71.200000 71.200000
257.001762 71.200000 71.200000
258.001770 71.200000 71.200000
259.001772 71.200000 71.200000
260.001774 71.200000 71.200000
261.001777 71.200000 71.200000
262.001777 71.200000 71.200000
263.001777 71.200000 71.200000
264.001784 71.200000 71.200000
265.001809 71.200000 71.200000
266.001810 71.200000 71.200000
267.001810 71.200000 71.200000
268.001813 71.200000 71.200000
269.001817 71.200000 71.200000
270.001817 71.200000 71.200000
271.001817 71.200000 71.200000
272.001817 71.200000 71.200000
273.001825 71.200000 71.200000
274.001825 71.200000 71.200000
275.001825 71.200000 71.200000
276.001835 71.200000 71.200000
277.001837 71.200000 71.200000
278.001838 71.200000 71.200000
279.001841 71.200000 71.200000
280.001844 71.200000 71.200000
281.001845 71.200000 71.200000
282.001845 71.200000 71.200000
283.001852 71.200000 71.200000
284.001854 71.200000 71.200000
285.001854 71.200000 71.200000
286.001855 71.200000 71.200000
287.001858 71.200000 71.200000
288.001860 71.200000 71.200000
289.001871 71.200000 71.200000
290.001872 71.200000 71.200000
291.001872 71.200000 71.200000
292.001873 71.200000 71.200000
293.001881 71.200000 71.200000
294.001881 71.200000 71.200000
295.001884 71.200000 71.200000
296.001928 71.200000 71.200000
297.001928 71.200000 71.200000
298.001933 71.200000 71.200000
299.001933 71.200000 71.200000
300.001933 71.200000 71.200000
301.001933 71.200000 71.200000
302.001938 71.200000 71.200000
303.001938 71.200000 71.200000
304.001938 71.200000 71.200000
305.001938 71.200000 71.200000
306.001938 71.200000 71.200000
307.001939 71.200000 71.200000
308.001981 71.200000 71.200000
309.001981 71.200000 71.200000
310.001984 71.200000 71.200000
311.001989 71.200000 71.200000
312.001989 71.200000 71.200000
313.002030 71.200000 71.200000
314.002036 71.200000 71.200000
315.002037 71.200000 71.200000
316.002037 71.200000 71.200000
317.002040 71.200000 71.200000
318.002043 71.200000 71.200000
319.002043 71.200000 71.200000
320.002044 71.200000 71.200000
321.002044 71.200000 71.200000
322.002044 71.200000 71.200000
323.002049 71.200000 71.200000
324.002053 71.200000 71.200000
325.002054 71.200000 71.200000
326.002061 71.200000 71.200000
327.002061 71.200000 71.200000
328.002061 71.200000 71.200000
329.002062 71.200000 71.200000
330.002062 71.200000 71.200000
331.002062 71.200000 71.200000
332.002064 71.200000 71.200000
333.002069 71.200000 71.200000
334.002070 71.200000 71.200000
335.002074 71.200000 71.200000
336.002075 71.200000 71.200000
337.002075 71.200000 71.200000
338.002075 71.200000 71.200000
339.002083 71.200000 71.200000
340.002092 71.200000 71.200000
341.002092 71.200000 71.200000
342.002093 71.200000 71.200000
343.002093 71.200000 71.200000
344.002097 71.200000 71.200000
345.002104 71.200000 71.200000
346.002114 71.200000 71.200000
347.002115 71.200000 71.200000
348.002121 71.200000 71.200000
349.002133 71.200000 71.200000
350.002136 71.200000 71.200000
351.002136 71.200000 71.200000
352.002137 71.200000 71.200000
353.002137 71.200000 71.200000
354.002139 71.200000 71.200000
355.002191 71.200000 71.200000
356.002193 71.200000 71.200000
357.002193 71.200000 71.200000
358.002193 71.200000 71.200000
359.002197 71.200000 71.200000
360.002201 71.200000 71.200000
361.002202 71.200000 71.200000
362.002202 71.200000 71.200000
363.002203 71.200000 71.200000
364.002212 71.200000 71.200000
365.002214 71.200000 71.200000
366.002216 71.200000 71.200000
367.002216 71.200000 71.200000
368.002216 71.200000 71.200000
369.002260 71.200000 71.200000
370.002263 71.200000 71.200000
371.002263 71.200000 71.200000
372.002267 71.200000 71.200000
373.002278 71.200000 71.200000
374.002279 71.200000 71.200000
375.002279 71.200000 71.200000
376.002282 71.200000 71.200000
377.002285 71.200000 71.200000
378.002289 71.200000 71.200000
379.002291 71.200000 71.200000
380.002294 71.200000 71.200000
381.002295 71.200000 71.200000
382.002295 71.200000 71.200000
383.002295 71.200000 71.200000
384.002295 71.200000 71.200000
385.002297 71.200000 71.200000
386.002308 71.200000 71.200000
387.002316 71.200000 71.200000
388.002316 71.200000 71.200000
389.002316 71.200000 71.200000
390.002329 71.200000 71.200000
391.002333 71.200000 71.200000
392.002336 71.200000 71.200000
393.002336 71.200000 71.200000
394.002349 71.200000 71.200000
395.002359 71.200000 71.200000
396.002362 71.200000 71.200000
397.002362 71.200000 71.200000
398.002364 71.200000 71.200000
399.002366 71.200000 71.200000
400.002367 71.200000 71.200000
401.002368 71.200000 71.200000
402.002368 71.200000 71.200000
403.002372 71.200000 71.200000
404.002372 71.200000 71.200000
405.002375 71.200000 71.200000
406.002379 71.200000 71.200000
407.002379 71.200000 71.200000
408.002380 71.200000 71.200000
409.002382 71.200000 71.200000
410.002382 71.200000 71.200000
411.002383 71.200000 71.200000
412.002383 71.200000 71.200000
413.002383 71.200000 71.200000
414.002383 71.200000 71.200000
415.002383 71.200000 71.200000
416.002383 71.200000 71.200000
417.002383 71.200000 71.200000
418.002392 71.200000 71.200000
419.002395 71.200000 71.200000
420.002403 71.200000 71.200000
421.002405 71.200000 71.200000
422.002405 71.200000 71.200000
423.002409 71.200000 71.200000
424.002411 71.200000 71.200000
425.002413 71.200000 71.200000
426.002413 71.200000 71.200000
427.002413 71.200000 71.200000
428.002413 71.200000 71.200000
429.002420 71.200000 71.200000
430.002420 71.200000 71.200000
431.002420 71.200000 71.200000
432.002478 71.200000 71.200000
433.002481 71.200000 71.200000
434.002481 71.200000 71.200000
435.002482 71.200000 71.200000
436.002483 71.200000 71.200000
437.002487 71.200000 71.200000
438.002498 71.200000 71.200000
439.002501 71.200000 71.200000
440.002503 71.200000 71.200000
441.002504 71.200000 71.200000
442.002506 71.200000 71.200000
443.002513 71.200000 71.200000
444.002514 71.200000 71.200000
445.002514 71.200000 71.200000
446.002522 71.200000 71.200000
447.002530 71.200000 71.200000
448.002538 71.200000 71.200000
449.002538 71.200000 71.200000
450.002538 71.200000 71.200000
451.002549 71.200000 71.200000
452.002554 71.200000 71.200000
453.002555 71.200000 71.200000
454.002576 71.200000 71.200000
455.002579 71.200000 71.200000
456.002579 71.200000 71.200000
457.002583 71.200000 71.200000
458.002584 71.200000 71.200000
459.002584 71.200000 71.200000
460.002584 71.200000 71.200000
461.002716 71.200000 71.200000
462.002719 71.200000 71.200000
463.002728 71.200000 71.200000
464.002731 71.200000 71.200000
465.002737 71.200000 71.200000
466.002759 71.200000 71.200000
467.002759 71.200000 71.200000
468.002763 71.200000 71.200000
469.002773 71.200000 71.200000
470.002773 71.200000 71.200000
471.002784 71.200000 71.200000
472.002797 71.200000 71.200000
473.002798 71.200000 71.200000
474.002810 71.200000 71.200000
475.002822 71.200000 71.200000
476.002822 71.200000 71.200000
477.002828 71.200000 71.200000
478.002833 71.200000 71.200000
479.002845 71.200000 71.200000
480.002911 71.200000 71.200000
481.002918 71.200000 71.200000
482.002920 71.200000 71.200000
483.002920 71.200000 71.200000
484.002939 71.200000 71.200000
485.002939 71.200000 71.200000
486.002992 71.200000 71.200000
487.003005 71.200000 71.200000
488.003026 71.200000 71.200000
489.003028 71.200000 71.200000
490.003039 71.200000 71.200000
491.003039 71.200000 71.200000
492.003042 71.200000 71.200000
493.003042 71.200000 71.200000
494.003053 71.200000 71.200000
495.003055 71.200000 71.200000
496.003055 71.200000 71.200000
497.003088 71.200000 71.200000
498.003094 71.200000 71.200000
499.003094 71.200000 71.200000
500.003099 71.200000 71.200000
501.003150 71.200000 71.200000
502.003154 71.200000 71.200000
503.003162 71.200000 71.200000
504.003162 71.200000 71.200000
505.003162 71.200000 71.200000
506.003166 71.200000 71.200000
507.003166 71.200000 71.200000
508.003166 71.200000 71.200000
509.003166 71.200000 71.200000
510.003166 71.200000 71.200000
511.003167 71.200000 71.200000
512.003169 71.200000 71.200000
513.003173 71.200000 71.200000
514.003179 71.200000 71.200000
515.003181 71.200000 71.200000
516.003184 71.200000 71.200000
517.003186 71.200000 71.200000
518.003191 71.200000 71.200000
519.003192 71.200000 71.200000
520.003193 71.200000 71.200000
521.003193 71.200000 71.200000
522.003194 71.200000 71.200000
523.003198 71.200000 71.200000
524.003201 71.200000 71.200000
525.003201 71.200000 71.200000
526.003202 71.200000 71.200000
527.003202 71.200000 71.200000
528.003202 71.200000 71.200000
529.003202 71.200000 71.200000
530.003203 71.200000 71.200000
531.003204 71.200000 71.200000
532.003205 71.200000 71.200000
533.003206 71.200000 71.200000
534.003211 71.200000 71.200000
535.003262 71.200000 71.200000
536.003268 71.200000 71.200000
537.003280 71.200000 71.200000
538.003294 71.200000 71.200000
539.003321 71.200000 71.200000
540.003339 71.200000 71.200000
541.003349 71.200000 71.200000
542.003353 71.200000 71.200000
543.003353 71.200000 71.200000
544.003354 71.200000 71.200000
545.003354 71.200000 71.200000
546.003357 71.200000 71.200000
547.003358 71.200000 71.200000
548.003361 71.200000 71.200000
549.003372 71.200000 71.200000
550.003372 71.200000 71.200000
551.003395 71.200000 71.200000
552.003436 71.200000 71.200000
553.003438 71.200000 71.200000
554.003443 71.200000 71.200000
555.003450 71.200000 71.200000
556.003450 71.200000 71.200000
557.003499 71.200000 71.200000
558.003499 71.200000 71.200000
559.003499 71.200000 71.200000
560.003499 71.200000 71.200000
561.003503 71.200000 71.200000
562.003504 71.200000 71.200000
563.003508 71.200000 71.200000
564.003556 71.200000 71.200000
565.003557 71.200000 71.200000
566.003566 71.200000 71.200000
567.003572 71.200000 71.200000
568.003603 71.200000 71.200000
569.003605 71.200000 71.200000
570.003610 71.200000 71.200000
571.003618 71.200000 71.200000
572.003627 71.200000 71.200000
573.003635 71.200000 71.200000
574.003636 71.200000 71.200000
575.003647 71.200000 71.200000
576.003648 71.200000 71.200000
577.003661 71.200000 71.200000
578.003661 71.200000 71.200000
579.003665 71.200000 71.200000
580.003671 71.200000 71.200000
581.003674 71.200000 71.200000
582.003675 71.200000 71.200000
583.003682 71.200000 71.200000
584.003694 71.200000 71.200000
585.003695 71.200000 71.200000
586.003696 71.200000 71.200000
587.003761 71.200000 71.200000
588.003762 71.200000 71.200000
589.003769 71.200000 71.200000
590.003772 71.200000 71.200000
591.003782 71.200000 71.200000
592.003783 71.200000 71.200000
593.003786 71.200000 71.200000
594.003787 71.200000 71.200000
595.003790 71.200000 71.200000
596.003796 71.200000 71.200000
597.003798 71.200000 71.200000
598.003798 71.200000 71.200000
599.003801 71.200000 71.200000
600.003801 71.200000 71.200000
601.003804 71.200000 71.200000
602.003805 71.200000 71.200000
603.003805 71.200000 71.200000
604.003808 71.200000 71.200000
605.003814 71.200000 71.200000
606.003820 71.200000 71.200000
607.003820 71.200000 71.200000
608.003823 71.200000 71.200000
609.003827 71.200000 71.200000
610.003827 71.200000 71.200000
611.003827 71.200000 71.200000
612.003838 71.200000 71.200000
613.003843 71.200000 71.200000
614.003843 71.200000 71.200000
615.003847 71.200000 71.200000
616.003859 71.200000 71.200000
617.003859 71.200000 71.200000
618.003866 71.200000 71.200000
619.003870 71.200000 71.200000
620.003882 71.200000 71.200000
621.003884 71.200000 71.200000
622.003884 71.200000 71.200000
623.003886 71.200000 71.200000
624.003896 71.200000 71.200000
625.003896 71.200000 71.200000
626.003896 71.200000 71.200000
627.003903 71.200000 71.200000
628.003907 71.200000 71.200000
629.003909 71.200000 71.200000
630.003916 71.200000 71.200000
631.003916 71.200000 71.200000
632.003918 71.200000 71.200000
633.003919 71.200000 71.200000
634.003921 71.200000 71.200000
635.003923 71.200000 71.200000
636.003923 71.200000 71.200000
637.003973 71.200000 71.200000
638.003975 71.200000 71.200000
639.003979 71.200000 71.200000
640.003980 71.200000 71.200000
641.003982 71.200000 71.200000
642.004031 71.200000 71.200000
643.004043 71.200000 71.200000
644.004046 71.200000 71.200000
645.004053 71.200000 71.200000
646.004053 71.200000 71.200000
647.004062 71.200000 71.200000
648.004067 71.200000 71.200000
649.004067 71.200000 71.200000
650.004069 71.200000 71.200000
651.004071 71.200000 71.200000
652.004071 71.200000 71.200000
653.004079 71.200000 71.200000
654.004080 71.200000 71.200000
655.004090 71.200000 71.200000
656.004090 71.200000 71.200000
657.004094 71.200000 71.200000
658.004095 71.200000 71.200000
659.004095 71.200000 71.200000
660.004095 71.200000 71.200000
661.004096 71.200000 71.200000
662.004104 71.200000 71.200000
663.004104 71.200000 71.200000
664.004105 71.200000 71.200000
665.004112 71.200000 71.200000
666.004112 71.200000 71.200000
667.004112 71.200000 71.200000
668.004123 71.200000 71.200000
669.004125 71.200000 71.200000
670.004134 71.200000 71.200000
671.004134 71.200000 71.200000
672.004141 71.200000 71.200000
673.004144 71.200000 71.200000
674.004144 71.200000 71.200000
675.004149 71.200000 71.200000
676.004154 71.200000 71.200000
677.004156 71.200000 71.200000
678.004156 71.200000 71.200000
679.004160 71.200000 71.200000
680.004160 71.200000 71.200000
681.004218 71.200000 71.200000
682.004220 71.200000 71.200000
683.004220 71.200000 71.200000
684.004235 71.200000 71.200000
685.004239 71.200000 71.200000
686.004282 71.200000 71.200000
687.004282 71.200000 71.200000
688.004285 71.200000 71.200000
689.004289 71.200000 71.200000
690.004292 71.200000 71.200000
691.004301 71.200000 71.200000
692.004319 71.200000 71.200000
693.004324 71.200000 71.200000
694.004328 71.200000 71.200000
695.004329 71.200000 71.200000
696.004331 71.200000 71.200000
697.004340 71.200000 71.200000
698.004340 71.200000 71.200000
699.004341 71.200000 71.200000
700.004343 71.200000 71.200000
701.004345 71.200000 71.200000
702.004349 71.200000 71.200000
703.004365 71.200000 71.200000
704.004367 71.200000 71.200000
705.004373 71.200000 71.200000
706.004374 71.200000 71.200000
707.004375 71.200000 71.200000
708.004375 71.200000 71.200000
709.004379 71.200000 71.200000
710.004382 71.200000 71.200000
711.004384 71.200000 71.200000
712.004384 71.200000 71.200000
713.004388 71.200000 71.200000
714.004388 71.200000 71.200000
715.004390 71.200000 71.200000
716.004393 71.200000 71.200000
717.004399 71.200000 71.200000
718.004410 71.200000 71.200000
719.004411 71.200000 71.200000
720.004411 71.200000 71.200000
721.004454 71.200000 71.200000
722.004455 71.200000 71.200000
723.004459 71.200000 71.200000
724.004461 71.200000 71.200000
725.004469 71.200000 71.200000
726.004471 71.200000 71.200000
727.004471 71.200000 71.200000
728.004472 71.200000 71.200000
729.004476 71.200000 71.200000
730.004476 71.200000 71.200000
731.004479 71.200000 71.200000
732.004483 71.200000 71.200000
733.004507 71.200000 71.200000
734.004507 71.200000 71.200000
735.004511 71.200000 71.200000
736.004522 71.200000 71.200000
737.004522 71.200000 71.200000
738.004534 71.200000 71.200000
739.004545 71.200000 71.200000
740.004546 71.200000 71.200000
741.004558 71.200000 71.200000
742.004571 71.200000 71.200000
743.004573 71.200000 71.200000
744.004577 71.200000 71.200000
745.004581 71.200000 71.200000
746.004583 71.200000 71.200000
747.004584 71.200000 71.200000
748.004586 71.200000 71.200000
749.004591 71.200000 71.200000
750.004595 71.200000 71.200000
751.004595 71.200000 71.200000
752.004607 71.200000 71.200000
753.004615 71.200000 71.200000
754.004624 71.200000 71.200000
755.004639 71.200000 71.200000
756.004640 71.200000 71.200000
757.004641 71.200000 71.200000
758.004643 71.200000 71.200000
759.004643 71.200000 71.200000
760.004647 71.200000 71.200000
761.004647 71.200000 71.200000
762.004647 71.200000 71.200000
763.004653 71.200000 71.200000
764.004656 71.200000 71.200000
765.004659 71.200000 71.200000
766.004665 71.200000 71.200000
767.004670 71.200000 71.200000
768.004670 71.200000 71.200000
769.004671 71.200000 71.200000
770.004676 71.200000 71.200000
771.004686 71.200000 71.200000
772.004688 71.200000 71.200000
773.004689 71.200000 71.200000
774.004720 71.200000 71.200000
775.004720 71.200000 71.200000
776.004724 71.200000 71.200000
777.004724 71.200000 71.200000
778.004724 71.200000 71.200000
779.004730 71.200000 71.200000
780.004737 71.200000 71.200000
781.004738 71.200000 71.200000
782.004738 71.200000 71.200000
783.004738 71.200000 71.200000
784.004739 71.200000 71.200000
785.004751 71.200000 71.200000
786.004755 71.200000 71.200000
787.004755 71.200000 71.200000
788.004759 71.200000 71.200000
789.004759 71.200000 71.200000
790.004762 71.200000 71.200000
791.004762 71.200000 71.200000
792.004762 71.200000 71.200000
793.004762 71.200000 71.200000
794.004765 71.200000 71.200000
795.004766 71.200000 71.200000
796.004779 71.200000 71.200000
797.004780 71.200000 71.200000
798.004783 71.200000 71.200000
799.004786 71.200000 71.200000
