0 573.6 0.214414 300 0
0 568 0.290633 2
0 564.4 0.682813 34
0 556.8 0.742014 34
0 551.2 1.62505 71
0 549.2 2.04717 71
0 545.6 2.16163 71
0 545.6 3.05043 300 71
0 543.6 3.25698 71
0 534.4 3.35143 71
0 534.4 4.41162 300 75
0 534.4 6.56648 300 75
0 534.4 11.3656 300 75
0 532.4 25.5488 75
0 528.8 27.2339 75
0 526.8 29.6765 75
0 525.2 29.8456 75
0 523.2 29.9965 75
0 523.2 33.1715 300 75
0 521.2 53.9348 87
0 518 55.1395 87
0 517.6 55.3546 87
0 515.6 56.986 87
0 512.4 58.3417 87
0 512 58.7934 87
0 510 60.5204 87
0 506.4 61.0801 87
0 504.4 62.8965 87
0 500.8 63.0819 87
0 500.8 67.0121 300 87
0 500.8 72.1509 300 87
0 500.8 77.6069 300 87
0 500.8 85.1494 300 87
0 500.8 91.8316 300 87
0 500.8 120.99 300 87
0 495.2 156.559 87
0 493.2 158.045 87
0 490 158.717 87
0 489.6 158.96 87
0 487.6 161.301 87
0 484 163.092 87
0 482 163.739 87
0 478.8 164.012 87
0 478.4 164.148 87
0 476.4 165.079 87
0 472.8 166.939 87
0 472.8 170.233 300 87
0 472.8 177.841 300 87
0 472.8 194.621 300 87
0 472.8 202.725 300 87
0 472.8 207.262 300 87
0 472.8 212.392 300 87
0 472.8 235.746 300 87
0 472.8 262.137 300 87
0 472.8 277.424 300 87
0 472.8 282.401 300 87
0 472.8 288.527 300 87
0 472.8 293.272 300 87
0 472.8 300.287 300 87
0 472.8 307.586 300 87
0 472.8 312.464 300 87
0 472.8 318.248 300 87
0 472.8 341.234 300 89
0 472.8 368.914 300 89
0 472.8 376.536 300 89
0 472.8 381.755 300 89
0 472.8 395.647 300 89
0 472.8 401.798 300 89
0 472.8 427.265 300 89
0 472.8 449.984 300 89
0 472.8 457.759 300 89
0 472.8 464.198 300 89
0 472.8 468.532 300 89
0 472.8 475.883 300 89
0 472.8 498.012 300 89
0 472.8 504.888 300 89
0 471.2 553.328 89
0 470.8 553.73 89
0 470.8 556.948 300 89
0 470.8 561.509 300 89
0 470.8 581.728 300 89
0 470.8 591.137 300 89
0 470.8 607.986 300 89
0 470.8 621.396 300 89
0 470.8 627.639 300 89
0 470.8 668.594 300 89
0 470.8 674.419 300 89
0 470.8 680.209 300 89
0 470.8 684.943 300 89
0 470.8 689.575 300 89
0 470.8 694.708 300 89
0 470.8 708.48 300 89
0 470.8 729.748 300 89
0 470.8 735.219 300 89
0 470.8 740.56 300 89
0 470.8 748.395 300 89
0 470.8 755.551 300 89
0 470.8 778.814 300 89
0 470.8 784.967 300 89
