0 581.2 0.238979 300 0
0 568 0.302598 0
0 564.4 0.488967 6
0 562.4 0.618392 6
0 560.4 1.12804 42
0 556.8 1.21277 42
0 554.8 1.89776 51
0 551.2 1.96913 51
0 549.2 2.43887 51
0 545.6 2.71312 51
0 543.6 2.84037 51
0 540 3.04672 51
0 538 3.28878 51
0 534.4 3.41324 51
0 528.8 3.50399 51
0 526.8 3.98407 55
0 523.2 4.6816 73
0 521.2 5.15152 73
0 517.6 5.21853 73
0 515.6 5.82449 73
0 512 6.90178 73
0 510 7.90805 73
0 506.4 8.48779 73
0 504.4 9.06615 73
0 501.2 9.70438 73
0 500.8 9.82546 73
0 498.8 12.4835 73
0 495.2 13.8708 73
0 491.6 16.3317 73
0 489.6 16.4378 73
0 487.6 17.8822 73
0 484 18.1875 73
0 482.4 18.9265 73
0 482 19.0548 73
0 478.4 20.4884 73
0 476.4 22.5172 73
0 472.8 22.7688 73
0 470.8 24.4725 73
0 467.2 25.742 73
0 465.6 26.2443 73
0 465.2 26.3422 73
0 465.2 29.2291 300 73
0 465.2 34.0812 300 73
0 465.2 72.9844 300 80
0 465.2 81.5558 300 80
0 465.2 107.418 300 80
0 465.2 112.264 300 80
0 465.2 124.091 300 80
0 465.2 151.834 300 82
0 465.2 170.351 300 82
0 465.2 175.05 300 82
0 465.2 192.608 300 82
0 465.2 216.37 300 82
0 465.2 220.558 300 82
0 465.2 226.425 300 82
0 465.2 232.023 300 82
0 465.2 238.458 300 82
0 465.2 242.704 300 82
0 465.2 248.716 300 82
0 465.2 261.471 300 82
0 465.2 267.026 300 82
0 465.2 271.277 300 82
0 465.2 275.229 300 86
0 465.2 297.884 300 87
0 465.2 304.179 300 87
0 465.2 327.643 300 87
0 465.2 334.097 300 87
0 465.2 354.233 300 87
0 465.2 359.812 300 87
0 465.2 367.579 300 87
0 465.2 372.751 300 87
0 465.2 380.048 300 87
0 465.2 384.926 300 87
0 465.2 396.774 300 87
0 465.2 401.497 300 87
0 465.2 424.538 300 87
0 465.2 430.072 300 87
0 465.2 436.518 300 87
0 465.2 440.973 300 87
0 465.2 445.715 300 87
0 465.2 467.681 300 87
0 465.2 481.975 300 87
0 465.2 528.169 300 87
0 465.2 533.083 300 87
0 465.2 537.27 300 87
0 465.2 546.674 300 87
0 465.2 582.997 300 87
0 465.2 593.323 300 87
0 465.2 598.977 300 87
0 465.2 618.935 300 87
0 465.2 628.833 300 87
0 465.2 643.286 300 87
0 465.2 650.001 300 87
0 465.2 659.015 300 87
0 465.2 670.659 300 87
0 465.2 684.027 300 87
0 465.2 693.321 300 87
0 465.2 700.986 300 88
0 465.2 707.572 300 88
0 465.2 715.097 300 88
0 465.2 725.157 300 88
0 465.2 734.118 300 88
0 465.2 761.148 300 88
0 465.2 784.1 300 88
0 465.2 791.26 300 88
0 465.2 795.681 300 88
