0.000468 71.200000 71.200000
1.000470 71.200000 71.200000
2.000471 71.200000 71.200000
3.000473 71.200000 71.200000
4.000473 71.200000 71.200000
5.000508 71.200000 71.200000
6.000508 71.200000 71.200000
7.000512 71.200000 71.200000
8.000512 71.200000 71.200000
9.000512 71.200000 71.200000
10.000513 71.200000 71.200000
11.000516 71.200000 71.200000
12.000517 71.200000 71.200000
13.000520 71.200000 71.200000
14.000521 71.200000 71.200000
15.000523 71.200000 71.200000
16.000535 71.200000 71.200000
17.000535 71.200000 71.200000
18.000536 71.200000 71.200000
19.000540 71.200000 71.200000
20.000542 71.200000 71.200000
21.000543 71.200000 71.200000
22.000546 71.200000 71.200000
23.000549 71.200000 71.200000
24.000553 71.200000 71.200000
25.000553 71.200000 71.200000
26.000554 71.200000 71.200000
27.000585 71.200000 71.200000
28.000598 71.200000 71.200000
29.000599 71.200000 71.200000
30.000600 71.200000 71.200000
31.000600 71.200000 71.200000
32.000600 71.200000 71.200000
33.000608 71.200000 71.200000
34.000609 71.200000 71.200000
35.000609 71.200000 71.200000
36.000609 71.200000 71.200000
37.000610 71.200000 71.200000
38.000615 71.200000 71.200000
39.000615 71.200000 71.200000
40.000615 71.200000 71.200000
41.000619 71.200000 71.200000
42.000619 71.200000 71.200000
43.000622 71.200000 71.200000
44.000626 71.200000 71.200000
45.000664 71.200000 71.200000
46.000666 71.200000 71.200000
47.000666 71.200000 71.200000
48.000674 71.200000 71.200000
49.000682 71.200000 71.200000
50.000682 71.200000 71.200000
51.000683 71.200000 71.200000
52.000695 71.200000 71.200000
53.000696 71.200000 71.200000
54.000696 71.200000 71.200000
55.000696 71.200000 71.200000
56.000696 71.200000 71.200000
57.000697 71.200000 71.200000
58.000698 71.200000 71.200000
59.000699 71.200000 71.200000
60.000706 71.200000 71.200000
61.000708 71.200000 71.200000
62.000712 71.200000 71.200000
63.000721 71.200000 71.200000
64.000727 71.200000 71.200000
65.000736 71.200000 71.200000
66.000742 71.200000 71.200000
67.000745 71.200000 71.200000
68.000747 71.200000 71.200000
69.000768 71.200000 71.200000
70.000768 71.200000 71.200000
71.000768 71.200000 71.200000
72.000768 71.200000 71.200000
73.000768 71.200000 71.200000
74.000777 71.200000 71.200000
75.000777 71.200000 71.200000
76.000849 71.200000 71.200000
77.000849 71.200000 71.200000
78.000849 71.200000 71.200000
79.000891 71.200000 71.200000
80.000891 71.200000 71.200000
81.000896 71.200000 71.200000
82.000903 71.200000 71.200000
83.000907 71.200000 71.200000
84.000907 71.200000 71.200000
85.000911 71.200000 71.200000
86.000918 71.200000 71.200000
87.000926 71.200000 71.200000
88.000939 71.200000 71.200000
89.000940 71.200000 71.200000
90.000940 71.200000 71.200000
91.000987 71.200000 71.200000
92.001001 71.200000 71.200000
93.001002 71.200000 71.200000
94.001005 71.200000 71.200000
95.001005 71.200000 71.200000
96.001006 71.200000 71.200000
97.001007 71.200000 71.200000
98.001013 71.200000 71.200000
99.001015 71.200000 71.200000
100.001018 71.200000 71.200000
101.001020 71.200000 71.200000
102.001023 71.200000 71.200000
103.001024 71.200000 71.200000
104.001025 71.200000 71.200000
105.001025 71.200000 71.200000
106.001027 71.200000 71.200000
107.001027 71.200000 71.200000
108.001029 71.200000 71.200000
109.001031 71.200000 71.200000
110.001032 71.200000 71.200000
111.001038 71.200000 71.200000
112.001039 71.200000 71.200000
113.001039 71.200000 71.200000
114.001039 71.200000 71.200000
115.001040 71.200000 71.200000
116.001040 71.200000 71.200000
117.001040 71.200000 71.200000
118.001041 71.200000 71.200000
119.001046 71.200000 71.200000
120.001046 71.200000 71.200000
121.001059 71.200000 71.200000
122.001063 71.200000 71.200000
123.001071 71.200000 71.200000
124.001083 71.200000 71.200000
125.001083 71.200000 71.200000
126.001085 71.200000 71.200000
127.001085 71.200000 71.200000
128.001086 71.200000 71.200000
129.001090 71.200000 71.200000
130.001090 71.200000 71.200000
131.001090 71.200000 71.200000
132.001096 71.200000 71.200000
133.001109 71.200000 71.200000
134.001119 71.200000 71.200000
135.001120 71.200000 71.200000
136.001120 71.200000 71.200000
137.001120 71.200000 71.200000
138.001130 71.200000 71.200000
139.001134 71.200000 71.200000
140.001136 71.200000 71.200000
141.001137 71.200000 71.200000
142.001151 71.200000 71.200000
143.001154 71.200000 71.200000
144.001155 71.200000 71.200000
145.001165 71.200000 71.200000
146.001170 71.200000 71.200000
147.001201 71.200000 71.200000
148.001205 71.200000 71.200000
149.001205 71.200000 71.200000
150.001206 71.200000 71.200000
151.001277 71.200000 71.200000
152.001281 71.200000 71.200000
153.001281 71.200000 71.200000
154.001284 71.200000 71.200000
155.001284 71.200000 71.200000
156.001318 71.200000 71.200000
157.001319 71.200000 71.200000
158.001326 71.200000 71.200000
159.001330 71.200000 71.200000
160.001330 71.200000 71.200000
161.001335 71.200000 71.200000
162.001337 71.200000 71.200000
163.001341 71.200000 71.200000
164.001346 71.200000 71.200000
165.001350 71.200000 71.200000
166.001350 71.200000 71.200000
167.001351 71.200000 71.200000
168.001351 71.200000 71.200000
169.001351 71.200000 71.200000
170.001359 71.200000 71.200000
171.001360 71.200000 71.200000
172.001372 71.200000 71.200000
173.001376 71.200000 71.200000
174.001387 71.200000 71.200000
175.001390 71.200000 71.200000
176.001392 71.200000 71.200000
177.001446 71.200000 71.200000
178.001447 71.200000 71.200000
179.001447 71.200000 71.200000
180.001448 71.200000 71.200000
181.001448 71.200000 71.200000
182.001448 71.200000 71.200000
183.001452 71.200000 71.200000
184.001454 71.200000 71.200000
185.001455 71.200000 71.200000
186.001463 71.200000 71.200000
187.001466 71.200000 71.200000
188.001468 71.200000 71.200000
189.001474 71.200000 71.200000
190.001477 71.200000 71.200000
191.001477 71.200000 71.200000
192.001480 71.200000 71.200000
193.001480 71.200000 71.200000
194.001484 71.200000 71.200000
195.001491 71.200000 71.200000
196.001494 71.200000 71.200000
197.001502 71.200000 71.200000
198.001503 71.200000 71.200000
199.001504 71.200000 71.200000
200.001515 71.200000 71.200000
201.001515 71.200000 71.200000
202.001516 71.200000 71.200000
203.001520 71.200000 71.200000
204.001523 71.200000 71.200000
205.001523 71.200000 71.200000
206.001524 71.200000 71.200000
207.001530 71.200000 71.200000
208.001540 71.200000 71.200000
209.001540 71.200000 71.200000
210.001540 71.200000 71.200000
211.001542 71.200000 71.200000
212.001551 71.200000 71.200000
213.001559 71.200000 71.200000
214.001559 71.200000 71.200000
215.001559 71.200000 71.200000
216.001559 71.200000 71.200000
217.001563 71.200000 71.200000
218.001563 71.200000 71.200000
219.001564 71.200000 71.200000
220.001568 71.200000 71.200000
221.001571 71.200000 71.200000
222.001574 71.200000 71.200000
223.001574 71.200000 71.200000
224.001574 71.200000 71.200000
225.001574 71.200000 71.200000
226.001574 71.200000 71.200000
227.001581 71.200000 71.200000
228.001632 71.200000 71.200000
229.001632 71.200000 71.200000
230.001635 71.200000 71.200000
231.001639 71.200000 71.200000
232.001646 71.200000 71.200000
233.001650 71.200000 71.200000
234.001656 71.200000 71.200000
235.001669 71.200000 71.200000
236.001670 71.200000 71.200000
237.001670 71.200000 71.200000
238.001673 71.200000 71.200000
239.001679 71.200000 71.200000
240.001679 71.200000 71.200000
241.001679 71.200000 71.200000
242.001681 71.200000 71.200000
243.001683 71.200000 71.200000
244.001688 71.200000 71.200000
245.001690 71.200000 71.200000
246.001690 71.200000 71.200000
247.001690 71.200000 71.200000
248.001691 71.200000 71.200000
249.001691 71.200000 71.200000
250.001691 71.200000 71.200000
251.001696 71.200000 71.200000
252.001700 71.200000 71.200000
253.001703 71.200000 71.200000
254.001708 71.200000 71.200000
255.001715 71.200000 71.200000
256.001716 71.200000 71.200000
257.001720 71.200000 71.200000
258.001726 71.200000 71.200000
259.001737 71.200000 71.200000
260.001737 71.200000 71.200000
261.001739 71.200000 71.200000
262.001739 71.200000 71.200000
263.001761 71.200000 71.200000
264.001761 71.200000 71.200000
265.001761 71.200000 71.200000
266.001761 71.200000 71.200000
267.001762 71.200000 71.200000
268.001763 71.200000 71.200000
269.001763 71.200000 71.200000
270.001763 71.200000 71.200000
271.001808 71.200000 71.200000
272.001809 71.200000 71.200000
273.001809 71.200000 71.200000
274.001861 71.200000 71.200000
275.001862 71.200000 71.200000
276.001863 71.200000 71.200000
277.001882 71.200000 71.200000
278.001882 71.200000 71.200000
279.001895 71.200000 71.200000
280.001895 71.200000 71.200000
281.001899 71.200000 71.200000
282.001904 71.200000 71.200000
283.001912 71.200000 71.200000
284.001912 71.200000 71.200000
285.001913 71.200000 71.200000
286.001914 71.200000 71.200000
287.001914 71.200000 71.200000
288.001914 71.200000 71.200000
289.001914 71.200000 71.200000
290.001916 71.200000 71.200000
291.001919 71.200000 71.200000
292.001919 71.200000 71.200000
293.001925 71.200000 71.200000
294.001927 71.200000 71.200000
295.001961 71.200000 71.200000
296.001964 71.200000 71.200000
297.001964 71.200000 71.200000
298.001974 71.200000 71.200000
299.001978 71.200000 71.200000
300.001986 71.200000 71.200000
301.001997 71.200000 71.200000
302.002000 71.200000 71.200000
303.002001 71.200000 71.200000
304.002001 71.200000 71.200000
305.002001 71.200000 71.200000
306.002001 71.200000 71.200000
307.002003 71.200000 71.200000
308.002003 71.200000 71.200000
309.002071 71.200000 71.200000
310.002071 71.200000 71.200000
311.002075 71.200000 71.200000
312.002076 71.200000 71.200000
313.002080 71.200000 71.200000
314.002085 71.200000 71.200000
315.002106 71.200000 71.200000
316.002106 71.200000 71.200000
317.002106 71.200000 71.200000
318.002108 71.200000 71.200000
319.002110 71.200000 71.200000
320.002114 71.200000 71.200000
321.002119 71.200000 71.200000
322.002121 71.200000 71.200000
323.002121 71.200000 71.200000
324.002122 71.200000 71.200000
325.002125 71.200000 71.200000
326.002125 71.200000 71.200000
327.002129 71.200000 71.200000
328.002134 71.200000 71.200000
329.002134 71.200000 71.200000
330.002193 71.200000 71.200000
331.002193 71.200000 71.200000
332.002204 71.200000 71.200000
333.002208 71.200000 71.200000
334.002209 71.200000 71.200000
335.002210 71.200000 71.200000
336.002213 71.200000 71.200000
337.002213 71.200000 71.200000
338.002216 71.200000 71.200000
339.002217 71.200000 71.200000
340.002219 71.200000 71.200000
341.002225 71.200000 71.200000
342.002225 71.200000 71.200000
343.002225 71.200000 71.200000
344.002229 71.200000 71.200000
345.002231 71.200000 71.200000
346.002232 71.200000 71.200000
347.002232 71.200000 71.200000
348.002237 71.200000 71.200000
349.002247 71.200000 71.200000
350.002247 71.200000 71.200000
351.002247 71.200000 71.200000
352.002248 71.200000 71.200000
353.002251 71.200000 71.200000
354.002259 71.200000 71.200000
355.002259 71.200000 71.200000
356.002263 71.200000 71.200000
357.002264 71.200000 71.200000
358.002266 71.200000 71.200000
359.002269 71.200000 71.200000
360.002271 71.200000 71.200000
361.002273 71.200000 71.200000
362.002276 71.200000 71.200000
363.002277 71.200000 71.200000
364.002279 71.200000 71.200000
365.002280 71.200000 71.200000
366.002280 71.200000 71.200000
367.002280 71.200000 71.200000
368.002280 71.200000 71.200000
369.002285 71.200000 71.200000
370.002285 71.200000 71.200000
371.002293 71.200000 71.200000
372.002295 71.200000 71.200000
373.002298 71.200000 71.200000
374.002305 71.200000 71.200000
375.002307 71.200000 71.200000
376.002307 71.200000 71.200000
377.002307 71.200000 71.200000
378.002310 71.200000 71.200000
379.002310 71.200000 71.200000
380.002314 71.200000 71.200000
381.002321 71.200000 71.200000
382.002324 71.200000 71.200000
383.002333 71.200000 71.200000
384.002341 71.200000 71.200000
385.002342 71.200000 71.200000
386.002345 71.200000 71.200000
387.002347 71.200000 71.200000
388.002347 71.200000 71.200000
389.002348 71.200000 71.200000
390.002360 71.200000 71.200000
391.002370 71.200000 71.200000
392.002370 71.200000 71.200000
393.002372 71.200000 71.200000
394.002375 71.200000 71.200000
395.002375 71.200000 71.200000
396.002379 71.200000 71.200000
397.002379 71.200000 71.200000
398.002380 71.200000 71.200000
399.002383 71.200000 71.200000
400.002383 71.200000 71.200000
401.002383 71.200000 71.200000
402.002390 71.200000 71.200000
403.002390 71.200000 71.200000
404.002402 71.200000 71.200000
405.002415 71.200000 71.200000
406.002421 71.200000 71.200000
407.002458 71.200000 71.200000
408.002460 71.200000 71.200000
409.002462 71.200000 71.200000
410.002473 71.200000 71.200000
411.002487 71.200000 71.200000
412.002538 71.200000 71.200000
413.002538 71.200000 71.200000
414.002547 71.200000 71.200000
415.002552 71.200000 71.200000
416.002560 71.200000 71.200000
417.002565 71.200000 71.200000
418.002566 71.200000 71.200000
419.002578 71.200000 71.200000
420.002580 71.200000 71.200000
421.002584 71.200000 71.200000
422.002585 71.200000 71.200000
423.002585 71.200000 71.200000
424.002594 71.200000 71.200000
425.002595 71.200000 71.200000
426.002606 71.200000 71.200000
427.002610 71.200000 71.200000
428.002614 71.200000 71.200000
429.002614 71.200000 71.200000
430.002615 71.200000 71.200000
431.002615 71.200000 71.200000
432.002638 71.200000 71.200000
433.002638 71.200000 71.200000
434.002639 71.200000 71.200000
435.002653 71.200000 71.200000
436.002653 71.200000 71.200000
437.002653 71.200000 71.200000
438.002657 71.200000 71.200000
439.002665 71.200000 71.200000
440.002674 71.200000 71.200000
441.002677 71.200000 71.200000
442.002684 71.200000 71.200000
443.002684 71.200000 71.200000
444.002684 71.200000 71.200000
445.002693 71.200000 71.200000
446.002696 71.200000 71.200000
447.002703 71.200000 71.200000
448.002708 71.200000 71.200000
449.002710 71.200000 71.200000
450.002710 71.200000 71.200000
451.002721 71.200000 71.200000
452.002727 71.200000 71.200000
453.002734 71.200000 71.200000
454.002734 71.200000 71.200000
455.002736 71.200000 71.200000
456.002737 71.200000 71.200000
457.002775 71.200000 71.200000
458.002775 71.200000 71.200000
459.002779 71.200000 71.200000
460.002782 71.200000 71.200000
461.002782 71.200000 71.200000
462.002782 71.200000 71.200000
463.002799 71.200000 71.200000
464.002801 71.200000 71.200000
465.002801 71.200000 71.200000
466.002812 71.200000 71.200000
467.002815 71.200000 71.200000
468.002830 71.200000 71.200000
469.002831 71.200000 71.200000
470.002840 71.200000 71.200000
471.002840 71.200000 71.200000
472.002848 71.200000 71.200000
473.002858 71.200000 71.200000
474.002858 71.200000 71.200000
475.002860 71.200000 71.200000
476.002860 71.200000 71.200000
477.002877 71.200000 71.200000
478.002889 71.200000 71.200000
479.002889 71.200000 71.200000
480.002891 71.200000 71.200000
481.002891 71.200000 71.200000
482.002891 71.200000 71.200000
483.002891 71.200000 71.200000
484.002891 71.200000 71.200000
485.002904 71.200000 71.200000
486.002913 71.200000 71.200000
487.002916 71.200000 71.200000
488.002916 71.200000 71.200000
489.002921 71.200000 71.200000
490.002934 71.200000 71.200000
491.002990 71.200000 71.200000
492.002993 71.200000 71.200000
493.002993 71.200000 71.200000
494.002995 71.200000 71.200000
495.003001 71.200000 71.200000
496.003009 71.200000 71.200000
497.003011 71.200000 71.200000
498.003012 71.200000 71.200000
499.003015 71.200000 71.200000
500.003016 71.200000 71.200000
501.003016 71.200000 71.200000
502.003020 71.200000 71.200000
503.003022 71.200000 71.200000
504.003022 71.200000 71.200000
505.003022 71.200000 71.200000
506.003031 71.200000 71.200000
507.003038 71.200000 71.200000
508.003040 71.200000 71.200000
509.003041 71.200000 71.200000
510.003044 71.200000 71.200000
511.003044 71.200000 71.200000
512.003046 71.200000 71.200000
513.003059 71.200000 71.200000
514.003065 71.200000 71.200000
515.003065 71.200000 71.200000
516.003065 71.200000 71.200000
517.003069 71.200000 71.200000
518.003070 71.200000 71.200000
519.003070 71.200000 71.200000
520.003079 71.200000 71.200000
521.003091 71.200000 71.200000
522.003091 71.200000 71.200000
523.003091 71.200000 71.200000
524.003104 71.200000 71.200000
525.003105 71.200000 71.200000
526.003107 71.200000 71.200000
527.003111 71.200000 71.200000
528.003113 71.200000 71.200000
529.003115 71.200000 71.200000
530.003115 71.200000 71.200000
531.003117 71.200000 71.200000
532.003117 71.200000 71.200000
533.003128 71.200000 71.200000
534.003128 71.200000 71.200000
535.003131 71.200000 71.200000
536.003131 71.200000 71.200000
537.003135 71.200000 71.200000
538.003139 71.200000 71.200000
539.003143 71.200000 71.200000
540.003143 71.200000 71.200000
541.003144 71.200000 71.200000
542.003145 71.200000 71.200000
543.003146 71.200000 71.200000
544.003147 71.200000 71.200000
545.003150 71.200000 71.200000
546.003150 71.200000 71.200000
547.003153 71.200000 71.200000
548.003165 71.200000 71.200000
549.003167 71.200000 71.200000
550.003175 71.200000 71.200000
551.003182 71.200000 71.200000
552.003193 71.200000 71.200000
553.003193 71.200000 71.200000
554.003193 71.200000 71.200000
555.003195 71.200000 71.200000
556.003207 71.200000 71.200000
557.003208 71.200000 71.200000
558.003209 71.200000 71.200000
559.003209 71.200000 71.200000
560.003211 71.200000 71.200000
561.003211 71.200000 71.200000
562.003211 71.200000 71.200000
563.003212 71.200000 71.200000
564.003212 71.200000 71.200000
565.003212 71.200000 71.200000
566.003212 71.200000 71.200000
567.003219 71.200000 71.200000
568.003224 71.200000 71.200000
569.003232 71.200000 71.200000
570.003234 71.200000 71.200000
571.003234 71.200000 71.200000
572.003262 71.200000 71.200000
573.003263 71.200000 71.200000
574.003271 71.200000 71.200000
575.003275 71.200000 71.200000
576.003277 71.200000 71.200000
577.003280 71.200000 71.200000
578.003280 71.200000 71.200000
579.003282 71.200000 71.200000
580.003282 71.200000 71.200000
581.003283 71.200000 71.200000
582.003285 71.200000 71.200000
583.003290 71.200000 71.200000
584.003290 71.200000 71.200000
585.003291 71.200000 71.200000
586.003292 71.200000 71.200000
587.003337 71.200000 71.200000
588.003337 71.200000 71.200000
589.003345 71.200000 71.200000
590.003345 71.200000 71.200000
591.003347 71.200000 71.200000
592.003347 71.200000 71.200000
593.003356 71.200000 71.200000
594.003368 71.200000 71.200000
595.003370 71.200000 71.200000
596.003377 71.200000 71.200000
597.003378 71.200000 71.200000
598.003379 71.200000 71.200000
599.003379 71.200000 71.200000
600.003403 71.200000 71.200000
601.003413 71.200000 71.200000
602.003414 71.200000 71.200000
603.003473 71.200000 71.200000
604.003475 71.200000 71.200000
605.003475 71.200000 71.200000
606.003483 71.200000 71.200000
607.003548 71.200000 71.200000
608.003574 71.200000 71.200000
609.003574 71.200000 71.200000
610.003574 71.200000 71.200000
611.003577 71.200000 71.200000
612.003583 71.200000 71.200000
613.003583 71.200000 71.200000
614.003594 71.200000 71.200000
615.003597 71.200000 71.200000
616.003597 71.200000 71.200000
617.003598 71.200000 71.200000
618.003604 71.200000 71.200000
619.003607 71.200000 71.200000
620.003619 71.200000 71.200000
621.003627 71.200000 71.200000
622.003627 71.200000 71.200000
623.003662 71.200000 71.200000
624.003662 71.200000 71.200000
625.003662 71.200000 71.200000
626.003662 71.200000 71.200000
627.003662 71.200000 71.200000
628.003664 71.200000 71.200000
629.003676 71.200000 71.200000
630.003719 71.200000 71.200000
631.003721 71.200000 71.200000
632.003725 71.200000 71.200000
633.003726 71.200000 71.200000
634.003727 71.200000 71.200000
635.003735 71.200000 71.200000
636.003743 71.200000 71.200000
637.003747 71.200000 71.200000
638.003747 71.200000 71.200000
639.003747 71.200000 71.200000
640.003750 71.200000 71.200000
641.003750 71.200000 71.200000
642.003751 71.200000 71.200000
643.003751 71.200000 71.200000
644.003753 71.200000 71.200000
645.003753 71.200000 71.200000
646.003756 71.200000 71.200000
647.003756 71.200000 71.200000
648.003756 71.200000 71.200000
649.003757 71.200000 71.200000
650.003759 71.200000 71.200000
651.003759 71.200000 71.200000
652.003759 71.200000 71.200000
653.003761 71.200000 71.200000
654.003764 71.200000 71.200000
655.003765 71.200000 71.200000
656.003765 71.200000 71.200000
657.003767 71.200000 71.200000
658.003774 71.200000 71.200000
659.003782 71.200000 71.200000
660.003782 71.200000 71.200000
661.003789 71.200000 71.200000
662.003797 71.200000 71.200000
663.003799 71.200000 71.200000
664.003808 71.200000 71.200000
665.003812 71.200000 71.200000
666.003816 71.200000 71.200000
667.003828 71.200000 71.200000
668.003841 71.200000 71.200000
669.003841 71.200000 71.200000
670.003846 71.200000 71.200000
671.003846 71.200000 71.200000
672.003850 71.200000 71.200000
673.003850 71.200000 71.200000
674.003850 71.200000 71.200000
675.003850 71.200000 71.200000
676.003855 71.200000 71.200000
677.003855 71.200000 71.200000
678.003855 71.200000 71.200000
679.003903 71.200000 71.200000
680.003905 71.200000 71.200000
681.003907 71.200000 71.200000
682.003907 71.200000 71.200000
683.003915 71.200000 71.200000
684.003917 71.200000 71.200000
685.003919 71.200000 71.200000
686.003919 71.200000 71.200000
687.003920 71.200000 71.200000
688.003924 71.200000 71.200000
689.003926 71.200000 71.200000
690.003928 71.200000 71.200000
691.003928 71.200000 71.200000
692.003928 71.200000 71.200000
693.003928 71.200000 71.200000
694.003930 71.200000 71.200000
695.003937 71.200000 71.200000
696.003941 71.200000 71.200000
697.003956 71.200000 71.200000
698.003956 71.200000 71.200000
699.003965 71.200000 71.200000
700.003970 71.200000 71.200000
701.003980 71.200000 71.200000
702.003984 71.200000 71.200000
703.003985 71.200000 71.200000
704.003986 71.200000 71.200000
705.003993 71.200000 71.200000
706.003994 71.200000 71.200000
707.004002 71.200000 71.200000
708.004006 71.200000 71.200000
709.004008 71.200000 71.200000
710.004019 71.200000 71.200000
711.004035 71.200000 71.200000
712.004040 71.200000 71.200000
713.004053 71.200000 71.200000
714.004061 71.200000 71.200000
715.004061 71.200000 71.200000
716.004063 71.200000 71.200000
717.004063 71.200000 71.200000
718.004077 71.200000 71.200000
719.004083 71.200000 71.200000
720.004086 71.200000 71.200000
721.004096 71.200000 71.200000
722.004101 71.200000 71.200000
723.004107 71.200000 71.200000
724.004107 71.200000 71.200000
725.004109 71.200000 71.200000
726.004112 71.200000 71.200000
727.004113 71.200000 71.200000
728.004116 71.200000 71.200000
729.004117 71.200000 71.200000
730.004117 71.200000 71.200000
731.004117 71.200000 71.200000
732.004117 71.200000 71.200000
733.004120 71.200000 71.200000
734.004132 71.200000 71.200000
735.004135 71.200000 71.200000
736.004139 71.200000 71.200000
737.004142 71.200000 71.200000
738.004142 71.200000 71.200000
739.004148 71.200000 71.200000
740.004148 71.200000 71.200000
741.004154 71.200000 71.200000
742.004162 71.200000 71.200000
743.004163 71.200000 71.200000
744.004166 71.200000 71.200000
745.004168 71.200000 71.200000
746.004169 71.200000 71.200000
747.004177 71.200000 71.200000
748.004181 71.200000 71.200000
749.004190 71.200000 71.200000
750.004196 71.200000 71.200000
751.004200 71.200000 71.200000
752.004204 71.200000 71.200000
753.004204 71.200000 71.200000
754.004207 71.200000 71.200000
755.004207 71.200000 71.200000
756.004220 71.200000 71.200000
757.004223 71.200000 71.200000
758.004223 71.200000 71.200000
759.004224 71.200000 71.200000
760.004226 71.200000 71.200000
761.004227 71.200000 71.200000
762.004238 71.200000 71.200000
763.004238 71.200000 71.200000
764.004246 71.200000 71.200000
765.004247 71.200000 71.200000
766.004255 71.200000 71.200000
767.004255 71.200000 71.200000
768.004263 71.200000 71.200000
769.004315 71.200000 71.200000
770.004317 71.200000 71.200000
771.004318 71.200000 71.200000
772.004318 71.200000 71.200000
773.004319 71.200000 71.200000
774.004347 71.200000 71.200000
775.004347 71.200000 71.200000
776.004357 71.200000 71.200000
777.004358 71.200000 71.200000
778.004362 71.200000 71.200000
779.004408 71.200000 71.200000
780.004408 71.200000 71.200000
781.004408 71.200000 71.200000
782.004411 71.200000 71.200000
783.004411 71.200000 71.200000
784.004411 71.200000 71.200000
785.004411 71.200000 71.200000
786.004412 71.200000 71.200000
787.004413 71.200000 71.200000
788.004419 71.200000 71.200000
789.004422 71.200000 71.200000
790.004422 71.200000 71.200000
791.004423 71.200000 71.200000
792.004435 71.200000 71.200000
793.004435 71.200000 71.200000
794.004439 71.200000 71.200000
795.004441 71.200000 71.200000
796.004445 71.200000 71.200000
797.004448 71.200000 71.200000
798.004452 71.200000 71.200000
799.004452 71.200000 71.200000
