0.016056 767.600000 767.600000
1.016057 644.400000 655.600000
2.016649 582.800000 773.200000
3.016751 582.800000 655.600000
4.017525 571.600000 745.200000
5.017593 571.600000 672.400000
6.022192 571.600000 762.000000
7.022616 571.600000 745.200000
8.022851 571.600000 666.800000
9.023591 571.600000 661.200000
10.023749 571.600000 672.400000
11.023939 571.600000 655.600000
12.024580 571.600000 655.600000
13.025738 571.600000 650.000000
14.026149 571.600000 661.200000
15.026246 571.600000 672.400000
16.027717 571.600000 661.200000
17.028349 571.600000 666.800000
18.029030 571.600000 650.000000
19.029634 571.600000 644.400000
20.030207 571.600000 661.200000
21.030625 571.600000 672.400000
22.033151 571.600000 739.600000
23.033598 571.600000 582.800000
24.033747 571.600000 577.200000
25.034068 571.600000 650.000000
26.038162 571.600000 767.600000
27.039460 571.600000 577.200000
28.040950 571.600000 739.600000
29.041075 571.600000 622.000000
30.042122 571.600000 666.800000
31.042384 571.600000 588.400000
32.043087 571.600000 650.000000
33.043592 571.600000 582.800000
34.043787 571.600000 650.000000
35.044339 571.600000 661.200000
36.044522 571.600000 655.600000
37.044857 571.600000 672.400000
38.045476 571.600000 672.400000
39.045684 571.600000 644.400000
40.054089 571.600000 762.000000
41.054681 571.600000 655.600000
42.055168 571.600000 674.400000
43.055564 571.600000 661.200000
44.057190 571.600000 661.200000
45.057506 571.600000 734.000000
46.058112 571.600000 655.600000
47.058183 571.600000 672.400000
48.058368 571.600000 577.200000
49.070105 571.600000 778.800000
50.070227 571.600000 594.000000
51.070872 571.600000 644.400000
52.071179 571.600000 655.600000
53.071272 571.600000 661.200000
54.071348 571.600000 655.600000
55.071581 571.600000 672.400000
56.072320 571.600000 666.800000
57.073397 571.600000 655.600000
58.073582 571.600000 655.600000
59.073706 571.600000 650.000000
60.073890 571.600000 666.800000
61.074361 571.600000 655.600000
62.074409 571.600000 661.200000
63.074612 571.600000 661.200000
64.074662 571.600000 650.000000
65.074801 571.600000 745.200000
66.075874 571.600000 655.600000
67.076229 571.600000 666.800000
68.076677 571.600000 661.200000
69.077263 571.600000 694.800000
70.077388 571.600000 650.000000
71.077589 571.600000 773.200000
72.084210 571.600000 767.600000
73.085468 571.600000 633.200000
74.087536 571.600000 672.400000
75.087684 571.600000 588.400000
76.088016 571.600000 700.400000
77.090655 571.600000 666.800000
78.090847 571.600000 739.600000
79.092005 571.600000 594.000000
80.092011 571.600000 706.000000
81.092149 571.600000 745.200000
82.092394 571.600000 711.600000
83.093364 554.800000 554.800000
84.093421 554.800000 661.200000
85.093713 554.800000 655.600000
86.094038 554.800000 655.600000
87.100387 554.800000 745.200000
88.100553 554.800000 672.400000
89.100622 554.800000 644.400000
90.101666 554.800000 644.400000
91.101974 554.800000 655.600000
92.102300 554.800000 706.000000
93.103142 554.800000 672.400000
94.103564 554.800000 588.400000
95.103633 554.800000 644.400000
96.104557 554.800000 661.200000
97.105168 554.800000 666.800000
98.105284 554.800000 661.200000
99.111650 554.800000 773.200000
100.113015 554.800000 655.600000
101.113120 554.800000 655.600000
102.113479 554.800000 650.000000
103.116270 554.800000 773.200000
104.116604 554.800000 661.200000
105.117737 554.800000 655.600000
106.118019 554.800000 650.000000
107.119803 554.800000 767.600000
108.119829 554.800000 644.400000
109.120649 554.800000 655.600000
110.120833 554.800000 655.600000
111.121169 554.800000 661.200000
112.121283 554.800000 655.600000
113.121475 554.800000 734.000000
114.122758 554.800000 666.800000
115.123613 554.800000 588.400000
116.124405 554.800000 661.200000
117.124730 554.800000 588.400000
118.125401 554.800000 588.400000
119.125805 554.800000 655.600000
120.126385 554.800000 672.400000
121.126804 554.800000 655.600000
122.127415 554.800000 739.600000
123.127612 554.800000 666.800000
124.128766 554.800000 666.800000
125.129221 554.800000 767.600000
126.129680 554.800000 571.600000
127.131997 554.800000 577.200000
128.132044 554.800000 622.000000
129.134849 554.800000 773.200000
130.134944 554.800000 767.600000
131.135481 554.800000 644.400000
132.135744 554.800000 644.400000
133.135783 554.800000 655.600000
134.136942 554.800000 661.200000
135.137345 554.800000 644.400000
136.137429 554.800000 666.800000
137.144439 554.800000 773.200000
138.144543 554.800000 672.400000
139.145681 554.800000 672.400000
140.145826 554.800000 666.800000
141.146060 554.800000 655.600000
142.147898 554.800000 666.800000
143.147984 554.800000 661.200000
144.148585 554.800000 588.400000
145.148830 554.800000 655.600000
146.149909 554.800000 666.800000
147.150074 554.800000 666.800000
148.154469 554.800000 778.800000
149.154683 554.800000 655.600000
150.155432 554.800000 655.600000
151.156500 554.800000 739.600000
152.156685 554.800000 661.200000
153.157674 554.800000 650.000000
154.158465 554.800000 644.400000
155.158868 554.800000 655.600000
156.159268 554.800000 672.400000
157.159524 554.800000 666.800000
158.160813 554.800000 655.600000
159.161224 554.800000 644.400000
160.161410 554.800000 650.000000
161.161573 554.800000 655.600000
162.163276 554.800000 655.600000
163.163551 554.800000 666.800000
164.164234 554.800000 672.400000
165.164633 554.800000 661.200000
166.172386 554.800000 773.200000
167.172440 554.800000 666.800000
168.172616 554.800000 672.400000
169.172623 554.800000 650.000000
170.172700 554.800000 661.200000
171.177103 554.800000 773.200000
172.177796 554.800000 582.800000
173.178040 554.800000 672.400000
174.178347 554.800000 655.600000
175.178947 554.800000 678.000000
176.179152 554.800000 767.600000
177.186201 554.800000 767.600000
178.186575 554.800000 638.800000
179.187787 554.800000 661.200000
180.188038 554.800000 655.600000
181.189306 554.800000 767.600000
182.189400 554.800000 644.400000
183.189472 554.800000 655.600000
184.190211 554.800000 661.200000
185.190491 554.800000 599.600000
186.191005 554.800000 650.000000
187.191391 554.800000 582.800000
188.191485 554.800000 661.200000
189.192203 554.800000 655.600000
190.192379 554.800000 655.600000
191.192603 554.800000 666.800000
192.192687 554.800000 638.800000
193.193072 554.800000 661.200000
194.193518 554.800000 661.200000
195.194060 554.800000 655.600000
196.194323 554.800000 666.800000
197.195085 554.800000 700.400000
198.195448 554.800000 655.600000
199.195821 554.800000 773.200000
200.196050 554.800000 706.000000
201.196844 554.800000 666.800000
202.197575 554.800000 644.400000
203.197645 554.800000 655.600000
204.197885 554.800000 655.600000
205.198029 554.800000 622.000000
206.198179 554.800000 655.600000
207.199974 554.800000 661.200000
208.200239 554.800000 666.800000
209.200674 554.800000 644.400000
210.201026 554.800000 650.000000
211.201263 554.800000 734.000000
212.201297 554.800000 745.200000
213.201730 554.800000 655.600000
214.203277 554.800000 745.200000
215.203518 554.800000 650.000000
216.203915 554.800000 616.400000
217.205341 554.800000 773.200000
218.206240 554.800000 661.200000
219.207292 554.800000 644.400000
220.208299 554.800000 655.600000
221.208696 554.800000 650.000000
222.209816 554.800000 655.600000
223.210017 554.800000 644.400000
224.210460 554.800000 666.800000
225.210950 554.800000 644.400000
226.210986 554.800000 661.200000
227.211782 554.800000 745.200000
228.213938 554.800000 691.200000
229.214461 554.800000 655.600000
230.219146 554.800000 778.800000
231.219545 554.800000 661.200000
232.220779 554.800000 689.200000
233.221842 554.800000 644.400000
234.222048 554.800000 622.000000
235.222276 554.800000 655.600000
236.223553 554.800000 633.200000
237.229493 554.800000 767.600000
238.229925 554.800000 650.000000
239.230801 554.800000 661.200000
240.231326 554.800000 650.000000
241.231900 554.800000 655.600000
242.233167 554.800000 582.800000
243.233563 554.800000 655.600000
244.233945 554.800000 672.400000
245.234038 554.800000 644.400000
246.234770 554.800000 650.000000
247.235558 554.800000 661.200000
248.235942 554.800000 599.600000
249.236104 554.800000 650.000000
250.237570 554.800000 750.800000
251.238622 554.800000 668.800000
252.244744 554.800000 762.000000
253.247847 554.800000 773.200000
254.248822 554.800000 655.600000
255.249041 554.800000 762.000000
256.249710 554.800000 711.600000
257.250266 554.800000 661.200000
258.250814 554.800000 577.200000
259.251549 554.800000 655.600000
260.252108 554.800000 655.600000
261.253190 554.800000 650.000000
262.253241 554.800000 750.800000
263.253697 554.800000 655.600000
264.255063 554.800000 655.600000
265.255514 554.800000 650.000000
266.256007 554.800000 666.800000
267.256504 554.800000 666.800000
268.257398 554.800000 661.200000
269.258210 554.800000 655.600000
270.258495 554.800000 655.600000
271.259920 554.800000 616.400000
272.260137 554.800000 650.000000
273.260656 554.800000 655.600000
274.260728 554.800000 622.000000
275.260796 554.800000 644.400000
276.261438 554.800000 616.400000
277.261956 554.800000 594.000000
278.262109 554.800000 644.400000
279.262502 554.800000 588.400000
280.262654 554.800000 666.800000
281.263319 554.800000 655.600000
282.264385 554.800000 655.600000
283.264692 554.800000 644.400000
284.265474 554.800000 666.800000
285.266026 554.800000 655.600000
286.266777 554.800000 616.400000
287.267498 554.800000 672.400000
288.267919 554.800000 773.200000
289.268328 554.800000 767.600000
290.268568 554.800000 666.800000
291.268828 554.800000 582.800000
292.268865 554.800000 661.200000
293.269288 554.800000 661.200000
294.269667 554.800000 700.400000
295.269910 554.800000 661.200000
296.270470 554.800000 700.400000
297.271470 554.800000 577.200000
298.272697 554.800000 594.000000
299.273006 554.800000 745.200000
300.273201 554.800000 711.600000
301.273562 554.800000 655.600000
302.274679 554.800000 661.200000
303.275460 554.800000 655.600000
304.276012 554.800000 655.600000
305.276210 554.800000 661.200000
306.276420 554.800000 655.600000
307.276577 554.800000 644.400000
308.278310 554.800000 717.200000
309.279045 554.800000 655.600000
310.279628 554.800000 655.600000
311.280802 554.800000 661.200000
312.281267 554.800000 661.200000
313.281449 554.800000 739.600000
314.281945 554.800000 666.800000
315.285674 554.800000 756.400000
316.285676 554.800000 655.600000
317.285851 554.800000 655.600000
318.285925 554.800000 672.400000
319.286058 554.800000 616.400000
320.286422 554.800000 638.800000
321.286819 554.800000 650.000000
322.287148 554.800000 666.800000
323.287886 554.800000 672.400000
324.287974 554.800000 655.600000
325.288444 554.800000 644.400000
326.288624 554.800000 672.400000
327.289375 554.800000 661.200000
328.289402 554.800000 672.400000
329.289591 554.800000 661.200000
330.289854 554.800000 655.600000
331.290394 554.800000 655.600000
332.290545 554.800000 582.800000
333.292131 554.800000 661.200000
334.292382 554.800000 661.200000
335.293810 554.800000 650.000000
336.294170 554.800000 644.400000
337.295980 554.800000 666.800000
338.295995 554.800000 661.200000
339.302996 554.800000 767.600000
340.303656 554.800000 622.000000
341.304409 554.800000 661.200000
342.305101 554.800000 661.200000
343.305220 554.800000 762.000000
344.305396 554.800000 650.000000
345.305941 554.800000 582.800000
346.306085 554.800000 745.200000
347.306718 554.800000 672.400000
348.307131 554.800000 661.200000
349.307417 554.800000 655.600000
350.307910 554.800000 745.200000
351.314107 554.800000 734.000000
352.321901 554.800000 767.600000
353.323007 554.800000 644.400000
354.324083 554.800000 666.800000
355.324783 554.800000 605.200000
356.327582 554.800000 773.200000
357.327932 554.800000 672.400000
358.328487 554.800000 655.600000
359.328599 554.800000 655.600000
360.330851 554.800000 655.600000
361.330995 554.800000 655.600000
362.331145 554.800000 650.000000
363.331178 554.800000 661.200000
364.331894 554.800000 577.200000
365.333607 554.800000 666.800000
366.334408 554.800000 554.800000
367.334598 554.800000 577.200000
368.334628 554.800000 655.600000
369.334800 554.800000 655.600000
370.335127 554.800000 588.400000
371.336140 554.800000 650.000000
372.336156 554.800000 661.200000
373.336257 554.800000 655.600000
374.336406 554.800000 650.000000
375.345021 554.800000 773.200000
376.345223 554.800000 661.200000
377.345463 554.800000 750.800000
378.346209 554.800000 582.800000
379.347289 554.800000 655.600000
380.347418 554.800000 582.800000
381.347504 554.800000 650.000000
382.347605 554.800000 655.600000
383.347606 554.800000 582.800000
384.354148 554.800000 767.600000
385.354503 554.800000 773.200000
386.355199 554.800000 661.200000
387.355358 554.800000 666.800000
388.357646 554.800000 655.600000
389.358507 554.800000 655.600000
390.359043 554.800000 655.600000
391.359530 554.800000 661.200000
392.360488 554.800000 666.800000
393.361829 554.800000 661.200000
394.361893 554.800000 666.800000
395.362078 554.800000 638.800000
396.362542 554.800000 655.600000
397.362942 554.800000 756.400000
398.364404 554.800000 638.800000
399.364784 554.800000 644.400000
400.364949 554.800000 571.600000
401.366039 554.800000 655.600000
402.371996 554.800000 773.200000
403.372315 554.800000 661.200000
404.372417 554.800000 644.400000
405.373012 554.800000 655.600000
406.374498 554.800000 661.200000
407.382391 554.800000 767.600000
408.383713 554.800000 661.200000
409.383823 554.800000 661.200000
410.383871 554.800000 655.600000
411.384929 554.800000 650.000000
412.385082 554.800000 655.600000
413.385224 554.800000 655.600000
414.385858 554.800000 644.400000
415.386328 554.800000 750.800000
416.386433 554.800000 661.200000
417.386484 554.800000 655.600000
418.386988 554.800000 666.800000
419.387443 554.800000 661.200000
420.387854 554.800000 678.000000
421.387864 554.800000 661.200000
422.387944 554.800000 666.800000
423.387951 554.800000 655.600000
424.389164 554.800000 711.600000
425.389443 554.800000 650.000000
426.390275 554.800000 655.600000
427.390573 554.800000 655.600000
428.391735 554.800000 655.600000
429.392831 554.800000 734.000000
430.392874 554.800000 655.600000
431.393454 554.800000 627.600000
432.393769 554.800000 638.800000
433.393809 554.800000 655.600000
434.394937 554.800000 661.200000
435.395146 554.800000 655.600000
436.395174 554.800000 582.800000
437.395577 554.800000 633.200000
438.395944 554.800000 734.000000
439.395969 554.800000 678.000000
440.397517 554.800000 582.800000
441.398032 554.800000 655.600000
442.398223 554.800000 672.400000
443.398652 554.800000 666.800000
444.398789 554.800000 717.200000
445.399147 554.800000 666.800000
446.399178 554.800000 655.600000
447.399885 554.800000 655.600000
448.400131 554.800000 762.000000
449.405167 554.800000 773.200000
450.407192 554.800000 582.800000
451.407938 554.800000 577.200000
452.408893 554.800000 650.000000
453.409307 554.800000 739.600000
454.409484 554.800000 672.400000
455.409588 554.800000 700.400000
456.410508 554.800000 661.200000
457.410711 554.800000 767.600000
458.410923 554.800000 666.800000
459.411893 554.800000 666.800000
460.412207 554.800000 650.000000
461.412458 554.800000 655.600000
462.412883 554.800000 661.200000
463.412946 554.800000 666.800000
464.412957 554.800000 661.200000
465.414214 554.800000 588.400000
466.414408 554.800000 655.600000
467.415090 554.800000 661.200000
468.415401 554.800000 650.000000
469.415707 554.800000 655.600000
470.416185 554.800000 655.600000
471.416715 554.800000 773.200000
472.416999 554.800000 627.600000
473.417014 554.800000 661.200000
474.417042 554.800000 672.400000
475.417344 554.800000 666.800000
476.417426 554.800000 773.200000
477.420185 554.800000 655.600000
478.421504 554.800000 778.800000
479.421536 554.800000 666.800000
480.421734 554.800000 655.600000
481.422152 554.800000 661.200000
482.422414 554.800000 655.600000
483.422590 554.800000 666.800000
484.423274 554.800000 661.200000
485.423618 554.800000 666.800000
486.423847 554.800000 773.200000
487.424275 554.800000 661.200000
488.424322 554.800000 666.800000
489.424322 554.800000 594.000000
490.424561 554.800000 666.800000
491.424584 554.800000 661.200000
492.424635 554.800000 661.200000
493.424838 554.800000 655.600000
494.425863 554.800000 650.000000
495.426403 554.800000 734.000000
496.427559 554.800000 773.200000
497.428207 554.800000 644.400000
498.428207 554.800000 650.000000
499.428447 554.800000 661.200000
500.428640 554.800000 655.600000
501.428894 554.800000 650.000000
502.429191 554.800000 672.400000
503.429603 554.800000 655.600000
504.429661 554.800000 650.000000
505.429731 554.800000 661.200000
506.430093 554.800000 661.200000
507.430265 554.800000 661.200000
508.431121 554.800000 672.400000
509.431314 554.800000 650.000000
510.431354 554.800000 672.400000
511.431770 554.800000 655.600000
512.431785 554.800000 666.800000
513.433399 554.800000 661.200000
514.434395 554.800000 672.400000
515.434769 554.800000 666.800000
516.434920 554.800000 666.800000
517.435027 554.800000 577.200000
518.435257 554.800000 666.800000
519.436292 554.800000 784.400000
520.436874 554.800000 666.800000
521.438818 554.800000 678.000000
522.439133 554.800000 655.600000
523.439643 554.800000 661.200000
524.440308 554.800000 745.200000
525.440506 554.800000 655.600000
526.440600 554.800000 745.200000
527.441538 554.800000 655.600000
528.442069 554.800000 650.000000
529.442279 554.800000 650.000000
530.442661 554.800000 661.200000
531.442919 554.800000 655.600000
532.444125 554.800000 666.800000
533.446237 554.800000 655.600000
534.447091 554.800000 661.200000
535.447437 554.800000 661.200000
536.447440 554.800000 655.600000
537.447652 554.800000 650.000000
538.448096 554.800000 650.000000
539.448197 554.800000 655.600000
540.448438 554.800000 582.800000
541.448796 554.800000 661.200000
542.449225 554.800000 661.200000
543.449406 554.800000 661.200000
544.449912 554.800000 666.800000
545.450788 554.800000 650.000000
546.450963 554.800000 616.400000
547.450969 554.800000 655.600000
548.451042 554.800000 577.200000
549.451627 554.800000 655.600000
550.451937 554.800000 666.800000
551.452621 554.800000 672.400000
552.452786 554.800000 672.400000
553.452856 554.800000 582.800000
554.452877 554.800000 650.000000
555.453555 554.800000 661.200000
556.454070 554.800000 661.200000
557.455661 554.800000 655.600000
558.456498 554.800000 650.000000
559.457264 554.800000 622.000000
560.458169 554.800000 773.200000
561.458623 554.800000 672.400000
562.458804 554.800000 739.600000
563.459485 554.800000 739.600000
564.460151 554.800000 661.200000
565.460181 554.800000 661.200000
566.460556 554.800000 622.000000
567.460748 554.800000 661.200000
568.460860 554.800000 655.600000
569.460874 554.800000 655.600000
570.461262 554.800000 616.400000
571.462207 554.800000 655.600000
572.462624 554.800000 762.000000
573.464466 554.800000 650.000000
574.465360 554.800000 661.200000
575.466588 554.800000 650.000000
576.467513 554.800000 672.400000
577.468474 554.800000 655.600000
578.469569 554.800000 767.600000
579.469597 554.800000 650.000000
580.469719 554.800000 661.200000
581.470309 554.800000 661.200000
582.471057 554.800000 638.800000
583.472059 554.800000 655.600000
584.472761 554.800000 678.000000
585.472908 554.800000 644.400000
586.473077 554.800000 622.000000
587.473515 554.800000 711.600000
588.473683 554.800000 700.400000
589.474011 554.800000 666.800000
590.474296 554.800000 706.000000
591.474298 554.800000 678.000000
592.474638 554.800000 661.200000
593.474780 554.800000 672.400000
594.475207 554.800000 650.000000
595.475425 554.800000 666.800000
596.476540 554.800000 700.400000
597.481816 554.800000 773.200000
598.482136 554.800000 650.000000
599.482289 554.800000 650.000000
600.482608 554.800000 661.200000
601.482786 554.800000 655.600000
602.483280 554.800000 661.200000
603.483737 554.800000 655.600000
604.484765 554.800000 661.200000
605.485017 554.800000 739.600000
606.485252 554.800000 672.400000
607.485315 554.800000 655.600000
608.485762 554.800000 644.400000
609.486446 554.800000 661.200000
610.486800 554.800000 655.600000
611.487191 554.800000 666.800000
612.487415 554.800000 644.400000
613.487752 554.800000 582.800000
614.487818 554.800000 661.200000
615.487871 554.800000 767.600000
616.489188 554.800000 655.600000
617.489215 554.800000 655.600000
618.489247 554.800000 655.600000
619.489698 554.800000 711.600000
620.491525 554.800000 672.400000
621.491647 554.800000 655.600000
622.491824 554.800000 666.800000
623.492343 554.800000 678.000000
624.492950 554.800000 661.200000
625.494828 554.800000 762.000000
626.495291 554.800000 666.800000
627.496610 554.800000 762.000000
628.497163 554.800000 666.800000
629.497206 554.800000 767.600000
630.497264 554.800000 655.600000
631.497490 554.800000 638.800000
632.497579 554.800000 739.600000
633.498073 554.800000 655.600000
634.498912 554.800000 655.600000
635.501233 554.800000 638.800000
636.501694 554.800000 661.200000
637.502848 554.800000 655.600000
638.503179 554.800000 655.600000
639.503240 554.800000 622.000000
640.504509 554.800000 661.200000
641.504550 554.800000 666.800000
642.504753 554.800000 666.800000
643.505293 554.800000 638.800000
644.505711 554.800000 650.000000
645.507753 554.800000 610.800000
646.508678 554.800000 655.600000
647.508993 554.800000 655.600000
648.509399 554.800000 638.800000
649.509607 554.800000 666.800000
650.510236 554.800000 661.200000
651.510403 554.800000 655.600000
652.510828 554.800000 711.600000
653.511128 554.800000 582.800000
654.511700 554.800000 666.800000
655.511928 554.800000 706.000000
656.512013 554.800000 650.000000
657.518998 554.800000 773.200000
658.519076 554.800000 734.000000
659.519715 554.800000 588.400000
660.520489 554.800000 655.600000
661.520943 554.800000 666.800000
662.521216 554.800000 666.800000
663.521636 554.800000 666.800000
664.521800 554.800000 717.200000
665.523367 554.800000 571.600000
666.524054 554.800000 655.600000
667.527212 554.800000 655.600000
668.527454 554.800000 666.800000
669.527726 554.800000 739.600000
670.527909 554.800000 655.600000
671.527997 554.800000 655.600000
672.529292 554.800000 638.800000
673.529707 554.800000 655.600000
674.529755 554.800000 661.200000
675.529909 554.800000 650.000000
676.530222 554.800000 661.200000
677.530353 554.800000 666.800000
678.530380 554.800000 666.800000
679.530519 554.800000 655.600000
680.530641 554.800000 655.600000
681.531698 554.800000 655.600000
682.532002 554.800000 655.600000
683.532124 554.800000 655.600000
684.532317 554.800000 655.600000
685.532997 554.800000 650.000000
686.533466 554.800000 678.000000
687.533820 554.800000 661.200000
688.534271 554.800000 672.400000
689.534737 554.800000 644.400000
690.535197 554.800000 655.600000
691.535370 554.800000 577.200000
692.535478 554.800000 672.400000
693.535526 554.800000 638.800000
694.535746 554.800000 672.400000
695.535868 554.800000 661.200000
696.537700 554.800000 734.000000
697.538710 554.800000 661.200000
698.538850 554.800000 661.200000
699.539207 554.800000 655.600000
700.540661 554.800000 739.600000
701.540995 554.800000 655.600000
702.541367 554.800000 650.000000
703.541963 554.800000 655.600000
704.543193 554.800000 588.400000
705.543978 554.800000 655.600000
706.544585 554.800000 644.400000
707.544830 554.800000 571.600000
708.545044 554.800000 644.400000
709.545290 554.800000 655.600000
710.545469 554.800000 694.800000
711.545638 554.800000 666.800000
712.545718 554.800000 661.200000
713.546047 554.800000 650.000000
714.546460 554.800000 672.400000
715.546472 554.800000 655.600000
716.546599 554.800000 655.600000
717.547340 554.800000 762.000000
718.547575 554.800000 661.200000
719.548417 554.800000 661.200000
720.548661 554.800000 666.800000
721.549287 554.800000 661.200000
722.549784 554.800000 672.400000
723.551062 554.800000 767.600000
724.551428 554.800000 661.200000
725.551843 554.800000 661.200000
726.552244 554.800000 622.000000
727.552265 554.800000 678.000000
728.553024 554.800000 655.600000
729.553219 554.800000 655.600000
730.553285 554.800000 666.800000
731.553597 554.800000 650.000000
732.554149 554.800000 655.600000
733.554404 554.800000 644.400000
734.554608 554.800000 599.600000
735.554983 554.800000 666.800000
736.554998 554.800000 672.400000
737.555353 554.800000 661.200000
738.556567 554.800000 644.400000
739.556771 554.800000 655.600000
740.557187 554.800000 577.200000
741.557209 554.800000 655.600000
742.557615 554.800000 666.800000
743.557716 554.800000 616.400000
744.558036 554.800000 661.200000
745.558512 554.800000 650.000000
746.558629 554.800000 577.200000
747.558743 554.800000 650.000000
748.559885 554.800000 661.200000
749.560243 554.800000 661.200000
750.560429 554.800000 672.400000
751.560507 554.800000 666.800000
752.560680 554.800000 767.600000
753.560856 554.800000 661.200000
754.560950 554.800000 655.600000
755.561110 554.800000 666.800000
756.561148 554.800000 655.600000
757.561626 554.800000 661.200000
758.562116 554.800000 582.800000
759.562128 554.800000 666.800000
760.562274 554.800000 666.800000
761.562308 554.800000 666.800000
762.562400 554.800000 655.600000
763.563310 554.800000 778.800000
764.563417 554.800000 661.200000
765.563564 554.800000 661.200000
766.564771 554.800000 616.400000
767.566007 554.800000 661.200000
768.566537 554.800000 672.400000
769.567201 554.800000 638.800000
770.567375 554.800000 661.200000
771.567435 554.800000 655.600000
772.567447 554.800000 666.800000
773.567580 554.800000 666.800000
774.568720 554.800000 638.800000
775.568729 554.800000 661.200000
776.568762 554.800000 622.000000
777.569130 554.800000 655.600000
778.569526 554.800000 773.200000
779.569643 554.800000 650.000000
780.569653 554.800000 655.600000
781.575596 554.800000 767.600000
782.575849 554.800000 655.600000
783.576212 554.800000 655.600000
784.576550 554.800000 666.800000
785.578088 554.800000 661.200000
786.578405 554.800000 661.200000
787.578847 554.800000 655.600000
788.579326 554.800000 672.400000
789.579713 554.800000 739.600000
790.581583 554.800000 767.600000
791.583321 554.800000 638.800000
792.584437 554.800000 644.400000
793.584700 554.800000 655.600000
794.585202 554.800000 627.600000
795.585411 554.800000 577.200000
796.585967 554.800000 661.200000
797.586721 554.800000 655.600000
798.586831 554.800000 661.200000
799.589534 554.800000 745.200000
