33.382446 504.400000 504.400000
34.702863 504.400000 504.400000
35.978996 504.400000 470.800000
37.316594 470.800000 470.800000
38.656087 470.800000 470.800000
40.282387 470.800000 437.200000
41.893932 437.200000 437.200000
42.996880 437.200000 437.200000
44.449179 437.200000 437.200000
45.963419 437.200000 437.200000
47.237138 437.200000 437.200000
49.510294 437.200000 431.600000
51.956924 431.600000 431.600000
53.025546 431.600000 431.600000
54.297963 431.600000 431.600000
55.515529 431.600000 431.600000
61.075863 420.400000 420.400000
62.132069 420.400000 420.400000
63.338702 420.400000 420.400000
64.440444 420.400000 420.400000
65.626263 420.400000 420.400000
66.810643 420.400000 420.400000
68.012524 420.400000 420.400000
69.526814 420.400000 420.400000
70.662824 420.400000 420.400000
72.098550 420.400000 420.400000
73.367352 420.400000 420.400000
74.634082 420.400000 420.400000
75.869645 420.400000 420.400000
77.101120 420.400000 420.400000
78.169553 420.400000 420.400000
79.475202 420.400000 420.400000
80.645086 420.400000 420.400000
82.018157 420.400000 420.400000
83.037535 420.400000 420.400000
84.368631 420.400000 420.400000
86.048609 420.400000 420.400000
87.339811 420.400000 420.400000
88.428391 420.400000 420.400000
89.933209 420.400000 420.400000
91.061126 420.400000 420.400000
92.447117 420.400000 420.400000
93.889736 420.400000 420.400000
95.117133 420.400000 420.400000
96.310139 420.400000 420.400000
97.597022 420.400000 420.400000
98.956533 420.400000 420.400000
100.392191 420.400000 420.400000
101.423225 420.400000 420.400000
102.615590 420.400000 420.400000
103.884462 420.400000 420.400000
105.061914 420.400000 420.400000
106.207568 420.400000 420.400000
107.792296 420.400000 420.400000
108.978531 420.400000 420.400000
110.192619 420.400000 420.400000
111.722478 420.400000 420.400000
112.906173 420.400000 420.400000
113.959865 420.400000 420.400000
115.566217 420.400000 420.400000
116.780284 420.400000 420.400000
118.142624 420.400000 420.400000
119.265420 420.400000 420.400000
120.555730 420.400000 420.400000
121.748367 420.400000 420.400000
122.832586 420.400000 420.400000
124.131787 420.400000 420.400000
125.274233 420.400000 420.400000
126.571499 420.400000 420.400000
127.864949 420.400000 420.400000
129.454007 420.400000 420.400000
130.565694 420.400000 420.400000
131.579777 420.400000 420.400000
132.626260 420.400000 420.400000
134.222438 420.400000 420.400000
135.265870 420.400000 420.400000
136.973658 420.400000 420.400000
138.046363 420.400000 420.400000
139.666287 420.400000 420.400000
141.195448 420.400000 420.400000
142.219895 420.400000 420.400000
143.236659 420.400000 420.400000
144.730828 420.400000 420.400000
146.221859 420.400000 420.400000
147.709243 420.400000 420.400000
149.289813 420.400000 420.400000
150.570189 420.400000 420.400000
152.140181 420.400000 420.400000
153.568153 420.400000 420.400000
154.601480 420.400000 420.400000
184.862936 420.400000 504.400000
186.054457 420.400000 504.400000
187.452509 420.400000 504.400000
188.987123 420.400000 476.400000
190.342444 420.400000 476.400000
191.444009 420.400000 476.400000
192.877556 420.400000 476.400000
194.723209 420.400000 470.800000
196.250215 420.400000 470.800000
197.273875 420.400000 470.800000
198.546965 420.400000 470.800000
200.833196 420.400000 465.200000
202.236190 420.400000 443.200000
203.943290 420.400000 431.600000
205.439559 420.400000 431.600000
206.671500 420.400000 431.600000
208.333340 420.400000 426.000000
209.511296 420.400000 426.000000
211.023911 420.400000 426.000000
212.469818 420.400000 420.400000
215.007847 409.200000 409.200000
216.201209 409.200000 409.200000
217.531045 409.200000 409.200000
218.812859 409.200000 409.200000
219.860295 409.200000 409.200000
221.387783 409.200000 409.200000
222.443591 409.200000 409.200000
223.775401 409.200000 409.200000
225.033130 409.200000 409.200000
226.346392 409.200000 409.200000
227.429142 409.200000 409.200000
228.681230 409.200000 409.200000
230.188088 409.200000 409.200000
231.620999 409.200000 409.200000
233.072458 409.200000 409.200000
234.127693 409.200000 409.200000
235.328613 409.200000 409.200000
236.562049 409.200000 409.200000
237.842060 409.200000 409.200000
238.858925 409.200000 409.200000
240.005594 409.200000 409.200000
241.264331 409.200000 409.200000
242.502394 409.200000 409.200000
243.526533 409.200000 409.200000
244.827926 409.200000 409.200000
246.027666 409.200000 409.200000
247.314295 409.200000 409.200000
248.615181 409.200000 409.200000
250.027932 409.200000 409.200000
251.255303 409.200000 409.200000
252.627162 409.200000 409.200000
253.900839 409.200000 409.200000
255.348668 409.200000 409.200000
256.723703 409.200000 409.200000
258.079552 409.200000 409.200000
259.227105 409.200000 409.200000
260.455172 409.200000 409.200000
261.510626 409.200000 409.200000
262.553498 409.200000 409.200000
263.798190 409.200000 409.200000
265.310016 409.200000 409.200000
266.600504 409.200000 409.200000
268.044237 409.200000 409.200000
269.049156 409.200000 409.200000
270.252697 409.200000 409.200000
271.528359 409.200000 409.200000
272.763895 409.200000 409.200000
274.229380 409.200000 409.200000
306.836750 409.200000 504.400000
308.237412 409.200000 504.400000
309.624866 409.200000 470.800000
311.447839 409.200000 465.200000
312.875722 409.200000 465.200000
314.470220 409.200000 448.400000
316.071676 409.200000 448.400000
317.903945 409.200000 442.800000
320.175088 409.200000 437.200000
321.775136 409.200000 437.200000
322.929523 409.200000 437.200000
324.312109 409.200000 437.200000
325.812324 409.200000 437.200000
326.835860 409.200000 437.200000
328.165715 409.200000 426.000000
330.580470 409.200000 416.800000
331.723157 409.200000 416.800000
333.030530 409.200000 416.800000
334.649134 409.200000 416.800000
336.082668 409.200000 416.800000
337.605805 409.200000 411.200000
339.001291 409.200000 411.200000
340.052882 409.200000 411.200000
341.109388 409.200000 409.200000
343.680309 403.600000 403.600000
345.221451 403.600000 403.600000
346.679015 403.600000 403.600000
347.716131 403.600000 403.600000
349.294676 403.600000 403.600000
350.362523 403.600000 403.600000
351.787993 403.600000 403.600000
353.117717 403.600000 403.600000
354.708021 403.600000 403.600000
356.210112 403.600000 403.600000
357.252284 403.600000 403.600000
358.266781 403.600000 403.600000
359.947879 403.600000 403.600000
361.532404 403.600000 403.600000
362.561909 403.600000 403.600000
363.571378 403.600000 403.600000
364.694986 403.600000 403.600000
366.142819 403.600000 403.600000
367.209616 403.600000 403.600000
368.309135 403.600000 403.600000
369.761098 403.600000 403.600000
370.836632 403.600000 403.600000
372.446533 403.600000 403.600000
373.841751 403.600000 403.600000
375.364329 403.600000 403.600000
376.453362 403.600000 403.600000
377.610699 403.600000 403.600000
378.958774 403.600000 403.600000
380.136180 403.600000 403.600000
381.174003 403.600000 403.600000
382.216537 403.600000 403.600000
383.239188 403.600000 403.600000
384.255658 403.600000 403.600000
385.559721 403.600000 403.600000
386.589606 403.600000 403.600000
387.819275 403.600000 403.600000
389.095437 403.600000 403.600000
390.269092 403.600000 403.600000
391.457138 403.600000 403.600000
393.080850 403.600000 403.600000
394.293156 403.600000 403.600000
395.879242 403.600000 403.600000
397.033712 403.600000 403.600000
398.391554 403.600000 403.600000
399.803915 403.600000 403.600000
400.872487 403.600000 403.600000
401.911470 403.600000 403.600000
403.202157 403.600000 403.600000
404.465495 403.600000 403.600000
405.669584 403.600000 403.600000
407.207469 403.600000 403.600000
408.357782 403.600000 403.600000
409.910862 403.600000 403.600000
441.869883 403.600000 498.800000
442.982339 403.600000 498.800000
444.225588 403.600000 498.800000
445.767262 403.600000 458.000000
447.428090 403.600000 458.000000
449.277247 403.600000 420.400000
450.788271 403.600000 420.400000
452.137226 403.600000 420.400000
453.246469 403.600000 420.400000
454.565387 403.600000 420.400000
455.587045 403.600000 420.400000
456.903332 403.600000 420.400000
458.252870 403.600000 420.400000
459.716394 403.600000 420.400000
461.284085 403.600000 414.800000
462.668788 403.600000 414.800000
465.035214 403.600000 409.200000
466.219472 403.600000 409.200000
467.625985 403.600000 409.200000
468.921782 403.600000 409.200000
469.959275 403.600000 409.200000
470.991194 403.600000 409.200000
472.451700 403.600000 409.200000
473.719636 403.600000 409.200000
474.725884 403.600000 409.200000
476.248442 403.600000 409.200000
477.447107 403.600000 409.200000
478.483622 403.600000 409.200000
479.891190 403.600000 409.200000
481.565171 403.600000 409.200000
482.566470 403.600000 409.200000
483.888815 403.600000 409.200000
485.183068 403.600000 409.200000
486.206172 403.600000 409.200000
487.545094 403.600000 409.200000
488.583582 403.600000 409.200000
490.061480 403.600000 409.200000
491.185863 403.600000 409.200000
492.230587 403.600000 409.200000
493.246584 403.600000 409.200000
494.892088 403.600000 409.200000
496.188110 403.600000 409.200000
497.229428 403.600000 409.200000
498.447253 403.600000 409.200000
499.995718 403.600000 409.200000
501.197905 403.600000 409.200000
502.520075 403.600000 409.200000
503.554844 403.600000 409.200000
504.831363 403.600000 409.200000
506.169593 403.600000 409.200000
507.747569 403.600000 409.200000
508.767105 403.600000 409.200000
509.832386 403.600000 409.200000
511.418190 403.600000 409.200000
512.900178 403.600000 409.200000
514.091212 403.600000 409.200000
515.526618 403.600000 409.200000
516.815773 403.600000 409.200000
518.369411 403.600000 409.200000
519.528500 403.600000 409.200000
520.850121 403.600000 409.200000
522.034683 403.600000 409.200000
523.221020 403.600000 409.200000
524.379169 403.600000 409.200000
525.751935 403.600000 409.200000
527.076416 403.600000 409.200000
528.201681 403.600000 409.200000
529.432594 403.600000 409.200000
530.955891 403.600000 409.200000
532.294631 403.600000 409.200000
533.803380 403.600000 409.200000
534.832491 403.600000 409.200000
536.156540 403.600000 409.200000
537.483997 403.600000 409.200000
538.535025 403.600000 409.200000
539.804266 403.600000 409.200000
541.045985 403.600000 409.200000
542.574687 403.600000 409.200000
571.403757 403.600000 493.200000
572.769623 403.600000 493.200000
574.746611 403.600000 426.000000
576.411922 403.600000 426.000000
577.575686 403.600000 426.000000
579.178728 403.600000 426.000000
580.450068 403.600000 426.000000
581.583479 403.600000 420.400000
582.718285 403.600000 420.400000
583.858790 403.600000 420.400000
585.293968 403.600000 420.400000
586.444331 403.600000 420.400000
587.600551 403.600000 420.400000
588.803690 403.600000 420.400000
589.884918 403.600000 420.400000
591.378069 403.600000 420.400000
592.866686 403.600000 420.400000
593.963889 403.600000 420.400000
595.543514 403.600000 420.400000
596.913099 403.600000 420.400000
598.095227 403.600000 420.400000
599.709317 403.600000 420.400000
600.762069 403.600000 420.400000
602.137250 403.600000 420.400000
603.228115 403.600000 420.400000
604.659506 403.600000 420.400000
606.531946 403.600000 416.800000
608.332238 403.600000 411.200000
610.019415 403.600000 411.200000
611.377131 403.600000 411.200000
612.385730 403.600000 411.200000
613.779195 403.600000 411.200000
615.210158 403.600000 409.200000
617.816868 403.600000 405.600000
619.282210 403.600000 403.600000
620.580404 403.600000 403.600000
622.134685 403.600000 403.600000
623.262952 403.600000 403.600000
624.441051 403.600000 403.600000
625.718969 403.600000 403.600000
627.096675 403.600000 403.600000
628.480417 403.600000 403.600000
629.535080 403.600000 403.600000
630.936930 403.600000 403.600000
632.518766 403.600000 403.600000
633.969236 403.600000 403.600000
634.971526 403.600000 403.600000
636.016297 403.600000 403.600000
637.391008 403.600000 403.600000
639.087023 403.600000 403.600000
640.090123 403.600000 403.600000
641.373393 403.600000 403.600000
642.448132 403.600000 403.600000
643.818486 403.600000 403.600000
644.967377 403.600000 403.600000
646.299582 403.600000 403.600000
647.378354 403.600000 403.600000
648.722282 403.600000 403.600000
649.777911 403.600000 403.600000
651.163306 403.600000 403.600000
652.609279 403.600000 403.600000
654.042295 403.600000 403.600000
655.093643 403.600000 403.600000
656.114531 403.600000 403.600000
657.130193 403.600000 403.600000
658.690180 403.600000 403.600000
659.764778 403.600000 403.600000
661.349062 403.600000 403.600000
662.577256 403.600000 403.600000
663.906738 403.600000 403.600000
665.680550 403.600000 403.600000
666.807885 403.600000 403.600000
668.310142 403.600000 403.600000
670.032731 403.600000 403.600000
671.092548 403.600000 403.600000
672.459181 403.600000 403.600000
673.945358 403.600000 403.600000
675.593426 403.600000 403.600000
677.078870 403.600000 403.600000
678.714152 403.600000 403.600000
680.004799 403.600000 403.600000
681.618571 403.600000 403.600000
683.010001 403.600000 403.600000
684.248403 403.600000 403.600000
685.530806 403.600000 403.600000
686.942529 403.600000 403.600000
687.998792 403.600000 403.600000
689.048868 403.600000 403.600000
690.055689 403.600000 403.600000
691.205968 403.600000 403.600000
692.268768 403.600000 403.600000
693.304034 403.600000 403.600000
694.603822 403.600000 403.600000
695.812925 403.600000 403.600000
696.863912 403.600000 403.600000
697.963618 403.600000 403.600000
699.151242 403.600000 403.600000
700.585774 403.600000 403.600000
701.996192 403.600000 403.600000
703.179677 403.600000 403.600000
704.504972 403.600000 403.600000
705.589665 403.600000 403.600000
707.155631 403.600000 403.600000
738.593240 403.600000 498.800000
740.074433 403.600000 498.800000
741.142816 403.600000 498.800000
742.251131 403.600000 409.200000
743.864751 403.600000 409.200000
745.044167 403.600000 409.200000
747.276347 403.600000 403.600000
748.484283 403.600000 403.600000
749.937350 403.600000 403.600000
752.324777 398.000000 398.000000
753.888913 398.000000 398.000000
755.288220 398.000000 398.000000
756.313797 398.000000 398.000000
757.518216 398.000000 398.000000
758.737651 398.000000 398.000000
759.812546 398.000000 398.000000
760.906554 398.000000 398.000000
762.394052 398.000000 398.000000
763.721374 398.000000 398.000000
764.816334 398.000000 398.000000
766.229813 398.000000 398.000000
767.290089 398.000000 398.000000
768.860925 398.000000 398.000000
770.162119 398.000000 398.000000
771.203353 398.000000 398.000000
772.367424 398.000000 398.000000
773.755269 398.000000 398.000000
775.132137 398.000000 398.000000
776.229478 398.000000 398.000000
777.773666 398.000000 398.000000
778.984151 398.000000 398.000000
780.006792 398.000000 398.000000
781.047028 398.000000 398.000000
782.284418 398.000000 398.000000
783.807664 398.000000 398.000000
784.908676 398.000000 398.000000
786.329860 398.000000 398.000000
787.380139 398.000000 398.000000
788.686330 398.000000 398.000000
789.876424 398.000000 398.000000
790.902319 398.000000 398.000000
792.022228 398.000000 398.000000
793.458738 398.000000 398.000000
795.050117 398.000000 398.000000
796.330700 398.000000 398.000000
797.428382 398.000000 398.000000
798.952285 398.000000 398.000000
800.364585 398.000000 398.000000
