0.017991 745.200000 745.200000
1.018234 638.800000 672.400000
2.018438 577.200000 745.200000
3.018642 577.200000 588.400000
4.019121 577.200000 610.800000
5.019906 571.600000 672.400000
6.019915 571.600000 661.200000
7.020066 571.600000 655.600000
8.022457 571.600000 706.000000
9.022793 571.600000 582.800000
10.023376 571.600000 644.400000
11.023957 571.600000 655.600000
12.024177 571.600000 661.200000
13.024314 571.600000 661.200000
14.024665 571.600000 577.200000
15.025394 571.600000 666.800000
16.025612 571.600000 650.000000
17.026474 571.600000 633.200000
18.027226 571.600000 644.400000
19.027736 571.600000 655.600000
20.028091 571.600000 655.600000
21.029366 571.600000 650.000000
22.029431 571.600000 644.400000
23.029478 571.600000 661.200000
24.029836 571.600000 622.000000
25.030034 571.600000 582.800000
26.030594 571.600000 661.200000
27.031606 571.600000 582.800000
28.032108 571.600000 661.200000
29.032661 571.600000 661.200000
30.032878 571.600000 661.200000
31.033296 571.600000 666.800000
32.033937 571.600000 655.600000
33.033984 571.600000 644.400000
34.034215 571.600000 655.600000
35.034396 571.600000 661.200000
36.034427 571.600000 655.600000
37.035613 571.600000 650.000000
38.035722 571.600000 655.600000
39.035944 571.600000 672.400000
40.035998 571.600000 588.400000
41.037170 571.600000 638.800000
42.037186 571.600000 655.600000
43.038334 571.600000 661.200000
44.038526 571.600000 661.200000
45.038735 571.600000 655.600000
46.039141 571.600000 666.800000
47.039536 571.600000 672.400000
48.040035 571.600000 655.600000
49.040505 571.600000 655.600000
50.041210 571.600000 672.400000
51.041766 571.600000 661.200000
52.041838 571.600000 655.600000
53.042455 571.600000 689.200000
54.043070 571.600000 666.800000
55.044326 571.600000 655.600000
56.045045 571.600000 661.200000
57.046212 571.600000 661.200000
58.048946 571.600000 773.200000
59.049243 571.600000 661.200000
60.050383 571.600000 655.600000
61.050558 571.600000 762.000000
62.051041 571.600000 577.200000
63.051348 571.600000 633.200000
64.051371 571.600000 661.200000
65.051936 571.600000 655.600000
66.052259 571.600000 672.400000
67.052270 571.600000 745.200000
68.052386 571.600000 622.000000
69.052583 571.600000 577.200000
70.053200 571.600000 661.200000
71.053271 571.600000 594.000000
72.053426 571.600000 655.600000
73.060545 571.600000 666.800000
74.060569 571.600000 655.600000
75.060629 571.600000 661.200000
76.066274 571.600000 767.600000
77.066321 571.600000 700.400000
78.066849 571.600000 644.400000
79.067132 571.600000 644.400000
80.067632 571.600000 666.800000
81.067900 571.600000 655.600000
82.067941 571.600000 655.600000
83.068347 571.600000 700.400000
84.068496 571.600000 650.000000
85.069545 571.600000 582.800000
86.069967 571.600000 745.200000
87.070416 571.600000 672.400000
88.071165 571.600000 582.800000
89.071876 571.600000 745.200000
90.071985 571.600000 661.200000
91.072641 571.600000 661.200000
92.072767 571.600000 661.200000
93.073938 571.600000 627.600000
94.076980 571.600000 773.200000
95.078096 571.600000 694.800000
96.078288 571.600000 661.200000
97.079400 554.800000 661.200000
98.079922 554.800000 672.400000
99.080144 554.800000 672.400000
100.080916 554.800000 661.200000
101.081091 554.800000 655.600000
102.081294 554.800000 638.800000
103.081591 554.800000 588.400000
104.081766 554.800000 666.800000
105.086736 554.800000 767.600000
106.086903 554.800000 655.600000
107.087610 554.800000 588.400000
108.088342 554.800000 638.800000
109.089769 554.800000 767.600000
110.091020 554.800000 655.600000
111.091110 554.800000 666.800000
112.092378 554.800000 666.800000
113.092817 554.800000 655.600000
114.093069 554.800000 773.200000
115.093357 554.800000 672.400000
116.094393 554.800000 655.600000
117.094527 554.800000 661.200000
118.094527 554.800000 672.400000
119.095261 554.800000 622.000000
120.095590 554.800000 661.200000
121.095669 554.800000 655.600000
122.095677 554.800000 661.200000
123.099077 554.800000 767.600000
124.099109 554.800000 650.000000
125.099209 554.800000 650.000000
126.099574 554.800000 734.000000
127.099782 554.800000 750.800000
128.109157 554.800000 773.200000
129.109472 554.800000 650.000000
130.109893 554.800000 655.600000
131.109893 554.800000 655.600000
132.110296 554.800000 666.800000
133.110452 554.800000 666.800000
134.110514 554.800000 650.000000
135.110966 554.800000 666.800000
136.110998 554.800000 650.000000
137.113256 554.800000 661.200000
138.113495 554.800000 661.200000
139.113675 554.800000 694.800000
140.113722 554.800000 650.000000
141.113919 554.800000 655.600000
142.114114 554.800000 655.600000
143.114449 554.800000 588.400000
144.114478 554.800000 650.000000
145.116530 554.800000 773.200000
146.116967 554.800000 582.800000
147.117420 554.800000 661.200000
148.117867 554.800000 666.800000
149.119033 554.800000 773.200000
150.119190 554.800000 661.200000
151.126197 554.800000 773.200000
152.128970 554.800000 773.200000
153.129399 554.800000 661.200000
154.129504 554.800000 650.000000
155.130202 554.800000 650.000000
156.131485 554.800000 745.200000
157.131820 554.800000 700.400000
158.133104 554.800000 661.200000
159.133548 554.800000 672.400000
160.133661 554.800000 661.200000
161.133917 554.800000 661.200000
162.134675 554.800000 672.400000
163.141867 554.800000 767.600000
164.142594 554.800000 655.600000
165.144579 554.800000 672.400000
166.144626 554.800000 594.000000
167.144880 554.800000 650.000000
168.146071 554.800000 650.000000
169.146485 554.800000 655.600000
170.146664 554.800000 655.600000
171.147066 554.800000 627.600000
172.147152 554.800000 661.200000
173.147406 554.800000 661.200000
174.147623 554.800000 661.200000
175.147770 554.800000 650.000000
176.148009 554.800000 655.600000
177.148258 554.800000 650.000000
178.148477 554.800000 745.200000
179.148606 554.800000 661.200000
180.148986 554.800000 655.600000
181.149108 554.800000 734.000000
182.149203 554.800000 655.600000
183.149407 554.800000 655.600000
184.149689 554.800000 577.200000
185.150904 554.800000 655.600000
186.151454 554.800000 610.800000
187.152454 554.800000 745.200000
188.152454 554.800000 588.400000
189.152494 554.800000 711.600000
190.152511 554.800000 661.200000
191.152746 554.800000 661.200000
192.152916 554.800000 655.600000
193.153071 554.800000 655.600000
194.153110 554.800000 650.000000
195.153164 554.800000 767.600000
196.156548 554.800000 655.600000
197.156636 554.800000 655.600000
198.157164 554.800000 661.200000
199.157628 554.800000 689.200000
200.157947 554.800000 644.400000
201.158066 554.800000 773.200000
202.158876 554.800000 666.800000
203.158924 554.800000 650.000000
204.159055 554.800000 666.800000
205.160018 554.800000 627.600000
206.160038 554.800000 616.400000
207.160189 554.800000 739.600000
208.160328 554.800000 655.600000
209.160565 554.800000 739.600000
210.160759 554.800000 655.600000
211.161050 554.800000 650.000000
212.162137 554.800000 610.800000
213.162406 554.800000 773.200000
214.162643 554.800000 666.800000
215.163097 554.800000 666.800000
216.163497 554.800000 666.800000
217.163638 554.800000 672.400000
218.164122 554.800000 666.800000
219.164527 554.800000 661.200000
220.164722 554.800000 655.600000
221.164886 554.800000 655.600000
222.165535 554.800000 560.400000
223.166028 554.800000 661.200000
224.167220 554.800000 700.400000
225.169091 554.800000 694.800000
226.169410 554.800000 650.000000
227.169661 554.800000 655.600000
228.170063 554.800000 650.000000
229.171333 554.800000 650.000000
230.172690 554.800000 666.800000
231.172867 554.800000 655.600000
232.173470 554.800000 644.400000
233.174512 554.800000 652.000000
234.174714 554.800000 661.200000
235.175176 554.800000 666.800000
236.175388 554.800000 739.600000
237.176170 554.800000 661.200000
238.176511 554.800000 638.800000
239.177293 554.800000 672.400000
240.177893 554.800000 666.800000
241.178760 554.800000 650.000000
242.179011 554.800000 655.600000
243.179812 554.800000 666.800000
244.180325 554.800000 734.000000
245.181493 554.800000 661.200000
246.182590 554.800000 668.800000
247.182847 554.800000 750.800000
248.183845 554.800000 666.800000
249.183949 554.800000 661.200000
250.184218 554.800000 661.200000
251.184461 554.800000 655.600000
252.184599 554.800000 661.200000
253.184703 554.800000 582.800000
254.185245 554.800000 661.200000
255.185697 554.800000 650.000000
256.186132 554.800000 739.600000
257.186932 549.200000 661.200000
258.187328 549.200000 655.600000
259.190388 549.200000 666.800000
260.190466 549.200000 739.600000
261.190605 549.200000 655.600000
262.191116 549.200000 650.000000
263.191497 549.200000 571.600000
264.191597 549.200000 650.000000
265.191679 549.200000 650.000000
266.192157 549.200000 644.400000
267.193407 549.200000 577.200000
268.193643 549.200000 655.600000
269.194862 549.200000 582.800000
270.197045 549.200000 773.200000
271.197363 549.200000 661.200000
272.197382 549.200000 666.800000
273.197437 549.200000 644.400000
274.197699 549.200000 650.000000
275.198269 549.200000 650.000000
276.199528 549.200000 655.600000
277.199838 549.200000 655.600000
278.199889 549.200000 694.800000
279.200337 549.200000 655.600000
280.200841 549.200000 650.000000
281.201084 549.200000 644.400000
282.206308 549.200000 762.000000
283.207545 549.200000 666.800000
284.207684 549.200000 655.600000
285.207894 549.200000 666.800000
286.208232 549.200000 700.400000
287.208868 549.200000 588.400000
288.212693 549.200000 739.600000
289.216458 549.200000 784.400000
290.216970 549.200000 661.200000
291.217002 549.200000 655.600000
292.217874 549.200000 655.600000
293.218523 549.200000 773.200000
294.219504 549.200000 588.400000
295.219984 549.200000 655.600000
296.220688 549.200000 582.800000
297.220783 549.200000 672.400000
298.233060 549.200000 773.200000
299.233477 549.200000 638.800000
300.233932 549.200000 655.600000
301.233973 549.200000 622.000000
302.234463 549.200000 678.000000
303.234725 549.200000 655.600000
304.234755 549.200000 661.200000
305.235206 549.200000 661.200000
306.235653 549.200000 655.600000
307.236021 549.200000 655.600000
308.236060 549.200000 666.800000
309.236910 549.200000 661.200000
310.237254 549.200000 773.200000
311.237787 549.200000 711.600000
312.239122 549.200000 739.600000
313.239332 549.200000 661.200000
314.239402 549.200000 627.600000
315.244748 549.200000 778.800000
316.244924 549.200000 655.600000
317.244985 549.200000 644.400000
318.245058 549.200000 666.800000
319.245228 549.200000 650.000000
320.245780 549.200000 655.600000
321.245903 549.200000 778.800000
322.246186 549.200000 661.200000
323.250565 549.200000 762.000000
324.250621 549.200000 655.600000
325.251103 549.200000 661.200000
326.251483 549.200000 650.000000
327.251708 549.200000 661.200000
328.252395 549.200000 666.800000
329.253563 549.200000 661.200000
330.255030 549.200000 661.200000
331.255062 549.200000 655.600000
332.255926 549.200000 666.800000
333.255975 549.200000 650.000000
334.256564 549.200000 633.200000
335.258587 549.200000 666.800000
336.259000 549.200000 672.400000
337.259017 549.200000 678.000000
338.259103 549.200000 661.200000
339.259782 549.200000 655.600000
340.261312 549.200000 655.600000
341.261339 549.200000 650.000000
342.261931 549.200000 655.600000
343.262416 549.200000 739.600000
344.262844 549.200000 666.800000
345.263186 549.200000 588.400000
346.263363 549.200000 778.800000
347.264292 549.200000 666.800000
348.264758 549.200000 633.200000
349.265538 549.200000 582.800000
350.265561 549.200000 650.000000
351.265812 549.200000 661.200000
352.266056 549.200000 661.200000
353.266302 549.200000 650.000000
354.266623 549.200000 650.000000
355.266718 549.200000 745.200000
356.267028 549.200000 739.600000
357.268018 549.200000 644.400000
358.268163 549.200000 582.800000
359.268188 549.200000 678.000000
360.268698 549.200000 661.200000
361.268895 549.200000 655.600000
362.268971 549.200000 672.400000
363.269660 549.200000 655.600000
364.269792 549.200000 655.600000
365.270239 549.200000 672.400000
366.270698 549.200000 717.200000
367.271058 549.200000 610.800000
368.271461 549.200000 739.600000
369.271613 549.200000 655.600000
370.271853 549.200000 650.000000
371.272758 549.200000 661.200000
372.273027 549.200000 661.200000
373.275977 549.200000 778.800000
374.276482 549.200000 644.400000
375.276755 549.200000 739.600000
376.277042 549.200000 650.000000
377.277273 549.200000 644.400000
378.277420 549.200000 666.800000
379.277736 549.200000 655.600000
380.278038 549.200000 655.600000
381.285471 549.200000 767.600000
382.285636 549.200000 638.800000
383.286611 549.200000 650.000000
384.289785 549.200000 762.000000
385.293017 549.200000 739.600000
386.296128 549.200000 767.600000
387.296273 549.200000 655.600000
388.297620 549.200000 661.200000
389.298678 549.200000 666.800000
390.298979 549.200000 655.600000
391.299252 549.200000 577.200000
392.299674 549.200000 661.200000
393.300112 549.200000 655.600000
394.300903 549.200000 661.200000
395.301114 549.200000 655.600000
396.301322 549.200000 745.200000
397.301654 549.200000 655.600000
398.302471 549.200000 650.000000
399.302638 549.200000 666.800000
400.304857 549.200000 661.200000
401.304893 549.200000 650.000000
402.305004 549.200000 661.200000
403.305242 549.200000 655.600000
404.306122 549.200000 711.600000
405.306514 549.200000 661.200000
406.306756 549.200000 666.800000
407.307244 549.200000 672.400000
408.307499 549.200000 767.600000
409.307613 549.200000 661.200000
410.307807 549.200000 571.600000
411.308216 549.200000 655.600000
412.308718 549.200000 661.200000
413.313417 549.200000 778.800000
414.313468 549.200000 685.600000
415.313959 549.200000 644.400000
416.315104 549.200000 655.600000
417.315150 549.200000 655.600000
418.315493 549.200000 655.600000
419.315708 549.200000 638.800000
420.316139 549.200000 661.200000
421.319757 549.200000 739.600000
422.320346 549.200000 661.200000
423.321271 549.200000 588.400000
424.323322 549.200000 767.600000
425.323594 549.200000 672.400000
426.327734 549.200000 661.200000
427.327888 549.200000 655.600000
428.328482 549.200000 661.200000
429.328767 549.200000 773.200000
430.328934 549.200000 655.600000
431.329711 549.200000 661.200000
432.332014 549.200000 745.200000
433.332736 549.200000 588.400000
434.333003 549.200000 655.600000
435.334332 549.200000 773.200000
436.334588 549.200000 655.600000
437.334736 549.200000 661.200000
438.334853 549.200000 650.000000
439.334912 549.200000 655.600000
440.334948 549.200000 694.800000
441.335044 549.200000 644.400000
442.335090 549.200000 672.400000
443.335273 549.200000 655.600000
444.337801 549.200000 773.200000
445.338368 549.200000 650.000000
446.339652 549.200000 655.600000
447.340219 549.200000 745.200000
448.340339 549.200000 745.200000
449.341449 549.200000 773.200000
450.342228 549.200000 661.200000
451.345146 549.200000 706.000000
452.345688 549.200000 666.800000
453.347740 549.200000 767.600000
454.348291 549.200000 661.200000
455.348557 549.200000 644.400000
456.349039 549.200000 582.800000
457.350442 549.200000 644.400000
458.350798 549.200000 767.600000
459.351090 549.200000 683.600000
460.351828 549.200000 739.600000
461.356124 549.200000 767.600000
462.356925 549.200000 655.600000
463.359281 549.200000 650.000000
464.360078 549.200000 672.400000
465.361150 549.200000 650.000000
466.361337 549.200000 599.600000
467.361594 549.200000 672.400000
468.361699 549.200000 650.000000
469.361976 549.200000 644.400000
470.362329 549.200000 661.200000
471.362485 549.200000 655.600000
472.364430 549.200000 661.200000
473.364761 549.200000 678.000000
474.365821 549.200000 650.000000
475.366284 549.200000 650.000000
476.366317 549.200000 666.800000
477.366777 549.200000 655.600000
478.367326 549.200000 588.400000
479.367420 549.200000 650.000000
480.367913 549.200000 694.800000
481.368186 549.200000 644.400000
482.369314 549.200000 644.400000
483.369333 549.200000 571.600000
484.369335 549.200000 683.600000
485.370185 549.200000 655.600000
486.370833 549.200000 661.200000
487.375477 549.200000 767.600000
488.376166 549.200000 666.800000
489.377842 549.200000 661.200000
490.378005 549.200000 767.600000
491.378896 549.200000 588.400000
492.381549 549.200000 594.000000
493.381605 549.200000 762.000000
494.383043 549.200000 655.600000
495.383340 549.200000 666.800000
496.383702 549.200000 711.600000
497.384943 549.200000 706.000000
498.385260 549.200000 655.600000
499.385327 549.200000 650.000000
500.385663 549.200000 661.200000
501.386192 549.200000 661.200000
502.386456 549.200000 650.000000
503.386919 549.200000 655.600000
504.387123 549.200000 655.600000
505.387597 549.200000 756.400000
506.387794 549.200000 661.200000
507.388348 549.200000 655.600000
508.388631 549.200000 644.400000
509.389326 549.200000 666.800000
510.389471 549.200000 655.600000
511.389643 549.200000 655.600000
512.389847 549.200000 661.200000
513.390232 549.200000 661.200000
514.393885 549.200000 762.000000
515.394351 549.200000 582.800000
516.394604 549.200000 661.200000
517.394725 549.200000 588.400000
518.394850 549.200000 661.200000
519.395114 549.200000 661.200000
520.395306 549.200000 588.400000
521.395968 549.200000 717.200000
522.396261 549.200000 661.200000
523.397066 549.200000 767.600000
524.397614 549.200000 661.200000
525.397661 549.200000 638.800000
526.397824 549.200000 650.000000
527.398191 549.200000 571.600000
528.398329 549.200000 666.800000
529.399055 549.200000 655.600000
530.399512 549.200000 700.400000
531.400234 549.200000 661.200000
532.401419 549.200000 672.400000
533.401859 549.200000 678.000000
534.402573 549.200000 672.400000
535.402723 549.200000 683.600000
536.402845 549.200000 655.600000
537.403367 549.200000 661.200000
538.403614 549.200000 655.600000
539.403816 549.200000 655.600000
540.404139 549.200000 655.600000
541.404397 549.200000 694.800000
542.404570 549.200000 661.200000
543.404769 549.200000 672.400000
544.405238 549.200000 655.600000
545.405987 549.200000 767.600000
546.406235 549.200000 655.600000
547.406631 549.200000 661.200000
548.407149 549.200000 644.400000
549.408269 549.200000 655.600000
550.409307 549.200000 655.600000
551.409540 549.200000 666.800000
552.409550 549.200000 655.600000
553.409719 549.200000 661.200000
554.409883 549.200000 655.600000
555.409994 549.200000 666.800000
556.410300 549.200000 655.600000
557.410540 549.200000 666.800000
558.410596 549.200000 745.200000
559.411530 549.200000 622.000000
560.412011 549.200000 672.400000
561.412390 549.200000 672.400000
562.412491 549.200000 655.600000
563.412962 549.200000 577.200000
564.413020 549.200000 734.000000
565.416821 549.200000 778.800000
566.416894 549.200000 711.600000
567.417110 549.200000 666.800000
568.417910 549.200000 661.200000
569.420007 549.200000 661.200000
570.420147 549.200000 711.600000
571.420950 549.200000 661.200000
572.421216 549.200000 666.800000
573.422069 549.200000 745.200000
574.422265 549.200000 678.000000
575.422657 549.200000 767.600000
576.423029 549.200000 655.600000
577.423245 549.200000 666.800000
578.423721 549.200000 655.600000
579.424448 549.200000 588.400000
580.424970 549.200000 650.000000
581.425287 549.200000 655.600000
582.425337 549.200000 655.600000
583.425507 549.200000 655.600000
584.426505 549.200000 666.800000
585.427266 549.200000 661.200000
586.427287 549.200000 655.600000
587.427395 549.200000 661.200000
588.427676 549.200000 661.200000
589.427739 549.200000 672.400000
590.429258 549.200000 680.000000
591.429699 549.200000 661.200000
592.430067 549.200000 655.600000
593.430553 549.200000 666.800000
594.434482 549.200000 773.200000
595.434617 549.200000 655.600000
596.439650 549.200000 773.200000
597.440018 549.200000 655.600000
598.440467 549.200000 588.400000
599.442663 549.200000 655.600000
600.443055 549.200000 638.800000
601.443625 549.200000 678.000000
602.444604 549.200000 706.000000
603.444839 549.200000 661.200000
604.444875 549.200000 745.200000
605.445430 549.200000 655.600000
606.446383 549.200000 655.600000
607.446579 549.200000 661.200000
608.447152 549.200000 655.600000
609.448004 549.200000 706.000000
610.448101 549.200000 655.600000
611.448548 549.200000 661.200000
612.448744 549.200000 655.600000
613.448821 549.200000 661.200000
614.448848 549.200000 661.200000
615.448972 549.200000 666.800000
616.449288 549.200000 689.200000
617.449532 549.200000 666.800000
618.449709 549.200000 638.800000
619.450149 549.200000 582.800000
620.450540 549.200000 666.800000
621.450659 549.200000 655.600000
622.450760 549.200000 582.800000
623.450807 549.200000 650.000000
624.450940 549.200000 666.800000
625.451395 549.200000 672.400000
626.451685 549.200000 650.000000
627.451815 549.200000 661.200000
628.452265 549.200000 644.400000
629.452471 549.200000 571.600000
630.453181 549.200000 655.600000
631.453413 549.200000 739.600000
632.453601 549.200000 650.000000
633.453758 549.200000 655.600000
634.453901 549.200000 655.600000
635.454609 549.200000 655.600000
636.455465 549.200000 638.800000
637.455793 549.200000 655.600000
638.455981 549.200000 750.800000
639.456938 549.200000 655.600000
640.457169 549.200000 666.800000
641.457832 549.200000 577.200000
642.458182 549.200000 655.600000
643.458612 549.200000 633.200000
644.458668 549.200000 672.400000
645.459846 549.200000 661.200000
646.461304 549.200000 762.000000
647.461306 549.200000 672.400000
648.461594 549.200000 661.200000
649.461803 549.200000 582.800000
650.461855 549.200000 650.000000
651.463487 549.200000 655.600000
652.463755 549.200000 767.600000
653.464212 549.200000 650.000000
654.464537 549.200000 655.600000
655.469881 549.200000 767.600000
656.469912 549.200000 655.600000
657.470340 549.200000 661.200000
658.471689 549.200000 655.600000
659.471782 549.200000 577.200000
660.472641 549.200000 655.600000
661.472973 549.200000 655.600000
662.473165 549.200000 666.800000
663.473193 549.200000 750.800000
664.474000 549.200000 655.600000
665.474145 549.200000 644.400000
666.474603 549.200000 655.600000
667.474929 549.200000 661.200000
668.474931 549.200000 644.400000
669.475353 549.200000 655.600000
670.475746 549.200000 661.200000
671.475855 549.200000 661.200000
672.476098 549.200000 655.600000
673.476607 549.200000 672.400000
674.476879 549.200000 655.600000
675.477009 549.200000 666.800000
676.477152 549.200000 661.200000
677.478574 549.200000 655.600000
678.478709 549.200000 672.400000
679.479735 549.200000 661.200000
680.479990 549.200000 650.000000
681.480014 549.200000 644.400000
682.480198 549.200000 655.600000
683.481616 549.200000 627.600000
684.481911 549.200000 577.200000
685.482331 549.200000 633.200000
686.482709 549.200000 661.200000
687.483094 549.200000 655.600000
688.484439 549.200000 778.800000
689.484679 549.200000 655.600000
690.485957 549.200000 650.000000
691.487114 549.200000 577.200000
692.487232 549.200000 655.600000
693.487251 549.200000 694.800000
694.488256 549.200000 672.400000
695.489280 549.200000 605.200000
696.489536 549.200000 666.800000
697.490238 549.200000 672.400000
698.490384 549.200000 773.200000
699.490809 549.200000 644.400000
700.492038 549.200000 655.600000
701.492313 549.200000 661.200000
702.492478 549.200000 644.400000
703.492846 549.200000 650.000000
704.493046 549.200000 633.200000
705.493419 549.200000 650.000000
706.493692 549.200000 650.000000
707.493855 549.200000 582.800000
708.494414 549.200000 661.200000
709.495131 549.200000 666.800000
710.495751 549.200000 655.600000
711.495992 549.200000 655.600000
712.496479 549.200000 661.200000
713.497038 549.200000 661.200000
714.498479 549.200000 773.200000
715.499172 549.200000 666.800000
716.499507 549.200000 666.800000
717.500634 549.200000 661.200000
718.500863 549.200000 655.600000
719.501396 549.200000 588.400000
720.501874 549.200000 638.800000
721.502382 549.200000 650.000000
722.503053 549.200000 661.200000
723.503059 549.200000 650.000000
724.503562 549.200000 655.600000
725.503886 549.200000 655.600000
726.504068 549.200000 655.600000
727.504082 549.200000 672.400000
728.504494 549.200000 672.400000
729.504520 549.200000 661.200000
730.504681 549.200000 734.000000
731.504847 549.200000 661.200000
732.505257 549.200000 650.000000
733.505259 549.200000 661.200000
734.505438 549.200000 666.800000
735.505591 549.200000 655.600000
736.505950 549.200000 655.600000
737.506294 549.200000 694.800000
738.506598 549.200000 582.800000
739.507010 549.200000 650.000000
740.509502 549.200000 745.200000
741.509730 549.200000 717.200000
742.510107 549.200000 700.400000
743.510234 549.200000 633.200000
744.510623 549.200000 666.800000
745.511049 549.200000 661.200000
746.511334 549.200000 571.600000
747.512330 549.200000 582.800000
748.512760 549.200000 661.200000
749.514385 549.200000 661.200000
750.515237 549.200000 661.200000
751.515243 549.200000 661.200000
752.516025 549.200000 650.000000
753.516223 549.200000 655.600000
754.518683 549.200000 668.800000
755.519171 549.200000 655.600000
756.519953 549.200000 661.200000
757.524768 549.200000 773.200000
758.525670 549.200000 661.200000
759.526121 549.200000 666.800000
760.526527 549.200000 655.600000
761.527361 549.200000 661.200000
762.527526 549.200000 577.200000
763.527946 549.200000 666.800000
764.528221 549.200000 700.400000
765.528374 549.200000 739.600000
766.528734 549.200000 650.000000
767.528828 549.200000 661.200000
768.529203 549.200000 672.400000
769.529412 549.200000 655.600000
770.529795 549.200000 661.200000
771.529934 549.200000 638.800000
772.530089 549.200000 627.600000
773.530456 549.200000 655.600000
774.530632 549.200000 655.600000
775.530660 549.200000 666.800000
776.530687 549.200000 739.600000
777.530779 549.200000 700.400000
778.534629 549.200000 661.200000
779.534858 549.200000 672.400000
780.534915 549.200000 661.200000
781.535009 549.200000 661.200000
782.535473 549.200000 650.000000
783.536097 549.200000 638.800000
784.536474 549.200000 582.800000
785.536582 549.200000 739.600000
786.537041 549.200000 661.200000
787.537635 549.200000 577.200000
788.538409 549.200000 588.400000
789.538875 549.200000 661.200000
790.539329 549.200000 750.800000
791.540325 549.200000 661.200000
792.541524 549.200000 773.200000
793.542038 549.200000 650.000000
794.542410 549.200000 661.200000
795.542936 549.200000 672.400000
796.543265 549.200000 666.800000
797.543268 549.200000 739.600000
798.543309 549.200000 655.600000
799.544166 549.200000 666.800000
