0.015800 762.000000 762.000000
1.015830 582.800000 661.200000
2.016058 582.800000 666.800000
3.016357 582.800000 650.000000
4.016509 577.200000 588.400000
5.020395 577.200000 773.200000
6.020646 577.200000 650.000000
7.034204 577.200000 778.800000
8.034632 577.200000 655.600000
9.035592 577.200000 582.800000
10.036383 577.200000 773.200000
11.036985 577.200000 666.800000
12.037149 577.200000 666.800000
13.037661 577.200000 666.800000
14.038395 577.200000 661.200000
15.038580 577.200000 767.600000
16.038584 577.200000 655.600000
17.039154 577.200000 655.600000
18.040462 577.200000 638.800000
19.040746 577.200000 650.000000
20.041155 577.200000 661.200000
21.041610 577.200000 773.200000
22.042129 577.200000 655.600000
23.043390 577.200000 599.600000
24.043855 577.200000 650.000000
25.043997 577.200000 650.000000
26.044603 577.200000 655.600000
27.045274 577.200000 655.600000
28.045401 577.200000 650.000000
29.045554 577.200000 745.200000
30.045661 577.200000 661.200000
31.046278 577.200000 655.600000
32.046431 577.200000 638.800000
33.047201 577.200000 734.000000
34.047518 577.200000 655.600000
35.047941 577.200000 655.600000
36.050332 577.200000 644.400000
37.050684 577.200000 655.600000
38.051102 577.200000 655.600000
39.051598 577.200000 700.400000
40.053944 577.200000 644.400000
41.054065 577.200000 661.200000
42.054317 577.200000 644.400000
43.054498 577.200000 650.000000
44.055282 577.200000 773.200000
45.056258 577.200000 661.200000
46.056270 577.200000 588.400000
47.057424 577.200000 661.200000
48.057478 577.200000 655.600000
49.057527 577.200000 650.000000
50.058154 577.200000 582.800000
51.058589 577.200000 588.400000
52.058786 577.200000 750.800000
53.059559 577.200000 650.000000
54.060313 577.200000 650.000000
55.060746 577.200000 661.200000
56.060934 577.200000 638.800000
57.060971 577.200000 661.200000
58.061078 577.200000 666.800000
59.061878 577.200000 638.800000
60.063009 571.600000 650.000000
61.063145 571.600000 638.800000
62.063270 571.600000 661.200000
63.063333 571.600000 666.800000
64.063398 571.600000 650.000000
65.064040 571.600000 655.600000
66.064226 571.600000 672.400000
67.064231 571.600000 650.000000
68.064281 571.600000 700.400000
69.064342 571.600000 655.600000
70.064909 571.600000 655.600000
71.065781 571.600000 655.600000
72.066546 571.600000 655.600000
73.066863 571.600000 767.600000
74.068990 571.600000 633.200000
75.070643 571.600000 661.200000
76.071091 571.600000 694.800000
77.071222 571.600000 700.400000
78.071930 571.600000 773.200000
79.072895 571.600000 767.600000
80.073273 571.600000 750.800000
81.073917 571.600000 582.800000
82.074422 571.600000 750.800000
83.074536 571.600000 672.400000
84.077380 571.600000 577.200000
85.078615 571.600000 661.200000
86.080391 571.600000 655.600000
87.082123 571.600000 661.200000
88.082129 571.600000 666.800000
89.083024 571.600000 655.600000
90.083441 571.600000 655.600000
91.084264 571.600000 672.400000
92.085212 571.600000 582.800000
93.086019 571.600000 661.200000
94.097894 571.600000 767.600000
95.098746 571.600000 661.200000
96.099989 571.600000 655.600000
97.100039 571.600000 661.200000
98.100375 571.600000 666.800000
99.100427 571.600000 672.400000
100.102045 571.600000 650.000000
101.102091 571.600000 655.600000
102.103276 571.600000 644.400000
103.103455 571.600000 650.000000
104.103524 571.600000 655.600000
105.104031 571.600000 666.800000
106.104123 571.600000 650.000000
107.104487 571.600000 661.200000
108.104872 571.600000 655.600000
109.105256 571.600000 644.400000
110.105509 571.600000 666.800000
111.105715 571.600000 672.400000
112.105901 571.600000 767.600000
113.106506 571.600000 644.400000
114.106701 571.600000 666.800000
115.107046 571.600000 666.800000
116.108009 571.600000 661.200000
117.112172 571.600000 666.800000
118.112380 571.600000 655.600000
119.113410 571.600000 650.000000
120.113460 571.600000 661.200000
121.113990 571.600000 655.600000
122.114768 571.600000 655.600000
123.115094 571.600000 655.600000
124.119830 571.600000 778.800000
125.120106 571.600000 655.600000
126.120180 571.600000 655.600000
127.120277 571.600000 650.000000
128.120516 571.600000 655.600000
129.120584 571.600000 666.800000
130.120848 571.600000 607.200000
131.121607 571.600000 672.400000
132.121825 571.600000 661.200000
133.122012 571.600000 638.800000
134.122259 571.600000 650.000000
135.122518 571.600000 661.200000
136.122796 571.600000 672.400000
137.123353 571.600000 655.600000
138.124049 571.600000 655.600000
139.124799 571.600000 661.200000
140.126941 571.600000 672.400000
141.127017 571.600000 655.600000
142.127424 571.600000 655.600000
143.128325 571.600000 661.200000
144.129560 571.600000 666.800000
145.130393 571.600000 672.400000
146.130591 571.600000 650.000000
147.131523 571.600000 655.600000
148.131703 571.600000 655.600000
149.132294 571.600000 666.800000
150.143959 571.600000 767.600000
151.145328 571.600000 661.200000
152.145489 571.600000 672.400000
153.146120 571.600000 672.400000
154.146323 571.600000 650.000000
155.148274 571.600000 767.600000
156.148765 571.600000 582.800000
157.148935 571.600000 661.200000
158.149794 571.600000 745.200000
159.150417 549.200000 549.200000
160.150885 549.200000 577.200000
161.151090 549.200000 711.600000
162.151361 549.200000 622.000000
163.151653 549.200000 655.600000
164.151687 549.200000 767.600000
165.152751 549.200000 734.000000
166.152857 549.200000 655.600000
167.153350 549.200000 666.800000
168.153498 549.200000 672.400000
169.154101 549.200000 666.800000
170.154337 549.200000 661.200000
171.154515 549.200000 655.600000
172.156800 549.200000 655.600000
173.157170 549.200000 672.400000
174.157389 549.200000 745.200000
175.157498 549.200000 773.200000
176.157580 549.200000 644.400000
177.157863 549.200000 655.600000
178.157999 549.200000 633.200000
179.158226 549.200000 655.600000
180.158705 549.200000 582.800000
181.159491 549.200000 694.800000
182.160577 549.200000 661.200000
183.160789 549.200000 745.200000
184.161774 549.200000 588.400000
185.161948 549.200000 739.600000
186.163441 549.200000 739.600000
187.163600 549.200000 666.800000
188.167057 549.200000 767.600000
189.167452 549.200000 655.600000
190.167597 549.200000 694.800000
191.167941 549.200000 655.600000
192.168137 549.200000 666.800000
193.168634 549.200000 672.400000
194.168934 549.200000 661.200000
195.168978 549.200000 745.200000
196.169691 549.200000 655.600000
197.169934 549.200000 661.200000
198.170179 549.200000 633.200000
199.170179 549.200000 650.000000
200.170315 549.200000 655.600000
201.171946 549.200000 650.000000
202.172461 549.200000 661.200000
203.172475 549.200000 655.600000
204.172624 549.200000 672.400000
205.172927 549.200000 666.800000
206.173044 549.200000 661.200000
207.173315 549.200000 655.600000
208.173438 549.200000 655.600000
209.173758 549.200000 582.800000
210.174118 549.200000 661.200000
211.174580 549.200000 644.400000
212.174963 549.200000 655.600000
213.175154 549.200000 666.800000
214.175507 549.200000 666.800000
215.175534 549.200000 666.800000
216.176212 549.200000 661.200000
217.176300 549.200000 666.800000
218.177002 549.200000 745.200000
219.177012 549.200000 655.600000
220.177240 549.200000 672.400000
221.178065 549.200000 666.800000
222.179171 549.200000 655.600000
223.179378 549.200000 661.200000
224.179625 549.200000 666.800000
225.180108 549.200000 734.000000
226.180577 549.200000 650.000000
227.180673 549.200000 666.800000
228.180993 549.200000 661.200000
229.181190 549.200000 655.600000
230.181614 549.200000 644.400000
231.181719 549.200000 672.400000
232.181887 549.200000 655.600000
233.182863 549.200000 762.000000
234.183077 549.200000 655.600000
235.183416 549.200000 650.000000
236.183872 549.200000 650.000000
237.184058 549.200000 655.600000
238.184673 549.200000 644.400000
239.184865 549.200000 661.200000
240.185437 549.200000 655.600000
241.185495 549.200000 672.400000
242.185746 549.200000 661.200000
243.185991 549.200000 661.200000
244.186324 549.200000 655.600000
245.186418 549.200000 650.000000
246.186800 549.200000 571.600000
247.192993 549.200000 767.600000
248.193228 549.200000 678.000000
249.193336 549.200000 678.000000
250.193819 549.200000 666.800000
251.193827 549.200000 666.800000
252.193993 549.200000 650.000000
253.194263 549.200000 666.800000
254.194571 549.200000 666.800000
255.195930 549.200000 773.200000
256.196580 549.200000 655.600000
257.196782 549.200000 666.800000
258.196854 549.200000 700.400000
259.198242 549.200000 767.600000
260.198485 549.200000 655.600000
261.198628 549.200000 655.600000
262.198732 549.200000 650.000000
263.198950 549.200000 650.000000
264.199509 549.200000 650.000000
265.199668 549.200000 655.600000
266.205471 549.200000 773.200000
267.205819 549.200000 655.600000
268.206066 549.200000 661.200000
269.206399 549.200000 655.600000
270.206567 549.200000 588.400000
271.206632 549.200000 778.800000
272.207577 549.200000 650.000000
273.216388 549.200000 773.200000
274.217501 549.200000 655.600000
275.218095 549.200000 661.200000
276.218258 549.200000 571.600000
277.220981 549.200000 655.600000
278.220981 549.200000 588.400000
279.221941 549.200000 773.200000
280.222795 549.200000 582.800000
281.223285 549.200000 767.600000
282.223538 549.200000 672.400000
283.226169 549.200000 739.600000
284.228769 549.200000 582.800000
285.230051 549.200000 661.200000
286.231404 549.200000 577.200000
287.232540 549.200000 672.400000
288.232720 549.200000 672.400000
289.233575 549.200000 655.600000
290.234477 549.200000 650.000000
291.235786 549.200000 661.200000
292.235929 549.200000 588.400000
293.236360 549.200000 650.000000
294.236461 549.200000 661.200000
295.236646 549.200000 644.400000
296.237889 549.200000 672.400000
297.238061 549.200000 666.800000
298.238856 549.200000 661.200000
299.239036 549.200000 655.600000
300.239374 549.200000 678.000000
301.242401 549.200000 773.200000
302.244516 549.200000 661.200000
303.244614 549.200000 655.600000
304.246029 549.200000 666.800000
305.246379 549.200000 661.200000
306.246721 549.200000 588.400000
307.246867 549.200000 661.200000
308.247079 549.200000 655.600000
309.247220 549.200000 661.200000
310.247745 549.200000 655.600000
311.248867 549.200000 711.600000
312.250045 549.200000 666.800000
313.250528 549.200000 627.600000
314.252071 549.200000 661.200000
315.252257 549.200000 644.400000
316.252670 549.200000 745.200000
317.254768 549.200000 750.800000
318.255211 549.200000 616.400000
319.255446 549.200000 655.600000
320.262145 549.200000 767.600000
321.262347 549.200000 661.200000
322.262368 549.200000 650.000000
323.262368 549.200000 622.000000
324.262860 549.200000 650.000000
325.262938 549.200000 672.400000
326.263136 549.200000 655.600000
327.263157 549.200000 622.000000
328.266823 549.200000 767.600000
329.267315 549.200000 588.400000
330.267513 549.200000 661.200000
331.268963 549.200000 650.000000
332.269378 549.200000 650.000000
333.269582 549.200000 582.800000
334.269933 549.200000 655.600000
335.270159 549.200000 661.200000
336.270658 549.200000 633.200000
337.271108 549.200000 582.800000
338.271493 549.200000 672.400000
339.272103 549.200000 773.200000
340.272479 549.200000 655.600000
341.273884 549.200000 655.600000
342.273993 549.200000 582.800000
343.275224 549.200000 650.000000
344.275575 549.200000 655.600000
345.276243 549.200000 655.600000
346.276246 549.200000 650.000000
347.276568 549.200000 678.000000
348.277069 549.200000 655.600000
349.277495 549.200000 706.000000
350.277552 549.200000 655.600000
351.277803 549.200000 650.000000
352.277868 549.200000 655.600000
353.278038 549.200000 678.000000
354.278056 549.200000 655.600000
355.283073 549.200000 767.600000
356.283690 549.200000 644.400000
357.283883 549.200000 627.600000
358.284303 549.200000 650.000000
359.284797 549.200000 678.000000
360.286280 549.200000 661.200000
361.289506 549.200000 778.800000
362.289980 549.200000 666.800000
363.290590 549.200000 655.600000
364.292021 549.200000 666.800000
365.292047 549.200000 655.600000
366.292589 549.200000 661.200000
367.292698 549.200000 773.200000
368.293163 549.200000 762.000000
369.293451 549.200000 661.200000
370.293764 549.200000 633.200000
371.294822 549.200000 734.000000
372.295076 549.200000 655.600000
373.295145 549.200000 655.600000
374.295563 549.200000 650.000000
375.295843 549.200000 666.800000
376.297017 549.200000 655.600000
377.297314 549.200000 750.800000
378.297578 549.200000 655.600000
379.297616 549.200000 655.600000
380.297624 549.200000 661.200000
381.297758 549.200000 661.200000
382.298789 549.200000 762.000000
383.298840 549.200000 661.200000
384.299235 549.200000 588.400000
385.299502 549.200000 666.800000
386.299572 549.200000 773.200000
387.299780 549.200000 672.400000
388.300215 549.200000 717.200000
389.300220 549.200000 650.000000
390.301359 549.200000 672.400000
391.302493 549.200000 644.400000
392.304055 549.200000 700.400000
393.305472 549.200000 745.200000
394.305565 549.200000 672.400000
395.306255 549.200000 661.200000
396.306627 549.200000 655.600000
397.307805 549.200000 672.400000
398.309794 549.200000 650.000000
399.309916 549.200000 655.600000
400.310083 549.200000 650.000000
401.310358 549.200000 655.600000
402.311156 549.200000 773.200000
403.312160 549.200000 672.400000
404.312288 549.200000 672.400000
405.312415 549.200000 616.400000
406.313659 549.200000 661.200000
407.313796 549.200000 661.200000
408.314051 549.200000 734.000000
409.314610 549.200000 666.800000
410.316172 549.200000 672.400000
411.316709 549.200000 582.800000
412.316767 549.200000 655.600000
413.317773 549.200000 762.000000
414.318809 549.200000 666.800000
415.319055 549.200000 655.600000
416.319746 549.200000 666.800000
417.319827 549.200000 622.000000
418.320424 549.200000 650.000000
419.320432 549.200000 655.600000
420.321498 549.200000 655.600000
421.322819 549.200000 655.600000
422.323059 549.200000 655.600000
423.326485 549.200000 672.400000
424.326705 549.200000 622.000000
425.327393 549.200000 661.200000
426.327405 549.200000 672.400000
427.328276 549.200000 678.000000
428.328642 549.200000 750.800000
429.328718 549.200000 700.400000
430.328724 549.200000 661.200000
431.328743 549.200000 661.200000
432.328795 549.200000 644.400000
433.329218 549.200000 661.200000
434.329332 549.200000 661.200000
435.329813 549.200000 739.600000
436.330878 549.200000 655.600000
437.331708 549.200000 661.200000
438.332145 549.200000 650.000000
439.332610 549.200000 661.200000
440.332887 549.200000 661.200000
441.333224 549.200000 655.600000
442.340534 549.200000 767.600000
443.340896 549.200000 655.600000
444.341604 549.200000 655.600000
445.348420 549.200000 767.600000
446.348518 549.200000 577.200000
447.348518 549.200000 661.200000
448.348906 549.200000 773.200000
449.349005 549.200000 655.600000
450.349563 549.200000 582.800000
451.349840 549.200000 672.400000
452.350937 549.200000 661.200000
453.351219 549.200000 661.200000
454.351878 549.200000 644.400000
455.358195 549.200000 773.200000
456.358280 549.200000 622.000000
457.358295 549.200000 655.600000
458.358314 549.200000 650.000000
459.358757 549.200000 655.600000
460.359355 549.200000 666.800000
461.359384 549.200000 661.200000
462.360623 549.200000 650.000000
463.360773 549.200000 661.200000
464.361314 549.200000 678.000000
465.361646 549.200000 582.800000
466.362018 549.200000 666.800000
467.362070 549.200000 655.600000
468.362180 549.200000 582.800000
469.362500 549.200000 666.800000
470.364624 549.200000 734.000000
471.364992 549.200000 661.200000
472.365753 549.200000 633.200000
473.370491 549.200000 778.800000
474.370553 549.200000 767.600000
475.370616 549.200000 655.600000
476.371023 549.200000 627.600000
477.372314 549.200000 672.400000
478.372715 549.200000 655.600000
479.373047 549.200000 666.800000
480.374649 549.200000 672.400000
481.375061 549.200000 661.200000
482.376103 549.200000 650.000000
483.376400 549.200000 672.400000
484.376603 549.200000 666.800000
485.377298 549.200000 655.600000
486.377685 549.200000 661.200000
487.378096 549.200000 650.000000
488.378526 549.200000 666.800000
489.378864 549.200000 661.200000
490.379435 549.200000 672.400000
491.379859 549.200000 582.800000
492.380620 549.200000 666.800000
493.380809 549.200000 655.600000
494.381768 549.200000 655.600000
495.383093 549.200000 655.600000
496.383368 549.200000 650.000000
497.383369 549.200000 655.600000
498.383393 549.200000 633.200000
499.383663 549.200000 638.800000
500.386649 549.200000 773.200000
501.387101 549.200000 616.400000
502.387717 549.200000 666.800000
503.388086 549.200000 655.600000
504.389290 549.200000 644.400000
505.394224 549.200000 762.000000
506.395059 549.200000 655.600000
507.395893 549.200000 661.200000
508.399830 549.200000 661.200000
509.400216 549.200000 672.400000
510.400353 549.200000 661.200000
511.400726 549.200000 650.000000
512.401119 549.200000 661.200000
513.402079 549.200000 582.800000
514.403469 549.200000 773.200000
515.404175 549.200000 672.400000
516.404437 549.200000 666.800000
517.404623 549.200000 672.400000
518.405046 549.200000 666.800000
519.405331 549.200000 672.400000
520.405384 549.200000 650.000000
521.405389 549.200000 655.600000
522.405426 549.200000 666.800000
523.405832 549.200000 650.000000
524.406670 549.200000 650.000000
525.407610 549.200000 655.600000
526.408057 549.200000 756.400000
527.408967 549.200000 672.400000
528.409561 549.200000 661.200000
529.409866 549.200000 655.600000
530.409984 549.200000 739.600000
531.410120 549.200000 739.600000
532.410449 549.200000 650.000000
533.410591 549.200000 672.400000
534.411619 549.200000 655.600000
535.411622 549.200000 650.000000
536.412833 549.200000 672.400000
537.413095 549.200000 672.400000
538.413319 549.200000 666.800000
539.413450 549.200000 672.400000
540.413507 549.200000 655.600000
541.414115 549.200000 650.000000
542.414546 549.200000 661.200000
543.421711 549.200000 762.000000
544.421759 549.200000 745.200000
545.421814 549.200000 661.200000
546.423042 549.200000 672.400000
547.423173 549.200000 655.600000
548.423797 549.200000 655.600000
549.423845 549.200000 650.000000
550.424081 549.200000 655.600000
551.425026 549.200000 655.600000
552.425332 549.200000 655.600000
553.425745 549.200000 655.600000
554.425830 549.200000 655.600000
555.426230 549.200000 577.200000
556.426460 549.200000 650.000000
557.426946 549.200000 672.400000
558.427511 549.200000 661.200000
559.427731 549.200000 767.600000
560.427947 549.200000 644.400000
561.428288 549.200000 650.000000
562.428623 549.200000 650.000000
563.429230 549.200000 773.200000
564.429443 549.200000 666.800000
565.429690 549.200000 661.200000
566.430370 549.200000 655.600000
567.430585 549.200000 661.200000
568.430623 549.200000 588.400000
569.430883 549.200000 666.800000
570.431874 549.200000 582.800000
571.432037 549.200000 700.400000
572.432520 549.200000 666.800000
573.432724 549.200000 672.400000
574.435127 549.200000 655.600000
575.435527 549.200000 666.800000
576.435807 549.200000 666.800000
577.436247 549.200000 582.800000
578.436340 549.200000 622.000000
579.436709 549.200000 588.400000
580.436743 549.200000 655.600000
581.437557 549.200000 650.000000
582.437699 549.200000 644.400000
583.438227 549.200000 655.600000
584.438829 549.200000 666.800000
585.438841 549.200000 767.600000
586.439179 549.200000 582.800000
587.440964 549.200000 745.200000
588.441144 549.200000 672.400000
589.441384 549.200000 650.000000
590.441825 549.200000 661.200000
591.443108 549.200000 661.200000
592.443694 549.200000 655.600000
593.443876 549.200000 627.600000
594.444060 549.200000 734.000000
595.444597 549.200000 666.800000
596.446659 549.200000 661.200000
597.446737 549.200000 655.600000
598.446866 549.200000 655.600000
599.447140 549.200000 655.600000
600.447216 549.200000 582.800000
601.447224 549.200000 582.800000
602.447748 549.200000 672.400000
603.447941 549.200000 661.200000
604.448676 549.200000 655.600000
605.450934 549.200000 672.400000
606.451472 549.200000 655.600000
607.451844 549.200000 661.200000
608.452209 549.200000 706.000000
609.452743 549.200000 661.200000
610.453064 549.200000 650.000000
611.453969 549.200000 655.600000
612.453978 549.200000 773.200000
613.454124 549.200000 655.600000
614.454577 549.200000 644.400000
615.454964 549.200000 577.200000
616.455124 549.200000 678.000000
617.455133 549.200000 661.200000
618.455524 549.200000 650.000000
619.455571 549.200000 661.200000
620.456044 549.200000 661.200000
621.456307 549.200000 582.800000
622.456516 549.200000 655.600000
623.456733 549.200000 661.200000
624.457173 549.200000 661.200000
625.457354 549.200000 661.200000
626.457583 549.200000 655.600000
627.457731 549.200000 666.800000
628.458409 549.200000 694.800000
629.458552 549.200000 672.400000
630.458749 549.200000 762.000000
631.459078 549.200000 655.600000
632.459246 549.200000 650.000000
633.459579 549.200000 655.600000
634.460310 549.200000 644.400000
635.460442 549.200000 577.200000
636.460925 549.200000 655.600000
637.460926 549.200000 661.200000
638.461152 549.200000 661.200000
639.467010 549.200000 773.200000
640.468376 549.200000 739.600000
641.468460 549.200000 655.600000
642.468483 549.200000 661.200000
643.468745 549.200000 717.200000
644.468849 549.200000 661.200000
645.468867 549.200000 582.800000
646.469589 549.200000 661.200000
647.469704 549.200000 661.200000
648.469791 549.200000 672.400000
649.470637 549.200000 694.800000
650.471295 549.200000 661.200000
651.471697 549.200000 672.400000
652.472165 549.200000 666.800000
653.472215 549.200000 700.400000
654.472694 549.200000 672.400000
655.472853 549.200000 661.200000
656.473257 549.200000 666.800000
657.473466 549.200000 672.400000
658.473541 549.200000 666.800000
659.473816 549.200000 655.600000
660.474455 549.200000 644.400000
661.474970 549.200000 655.600000
662.475234 549.200000 672.400000
663.475955 549.200000 661.200000
664.476372 549.200000 650.000000
665.476722 549.200000 678.000000
666.477190 549.200000 644.400000
667.477945 549.200000 655.600000
668.478213 549.200000 666.800000
669.478778 549.200000 661.200000
670.479220 549.200000 638.800000
671.479561 549.200000 666.800000
672.480098 549.200000 666.800000
673.480925 549.200000 672.400000
674.481350 549.200000 661.200000
675.481817 549.200000 627.600000
676.481860 549.200000 672.400000
677.482246 549.200000 661.200000
678.482319 549.200000 773.200000
679.483858 549.200000 767.600000
680.484231 549.200000 666.800000
681.485452 549.200000 661.200000
682.485830 549.200000 666.800000
683.486273 549.200000 655.600000
684.487062 549.200000 661.200000
685.487221 549.200000 655.600000
686.487662 549.200000 672.400000
687.488464 549.200000 672.400000
688.489033 549.200000 582.800000
689.490256 549.200000 661.200000
690.490423 549.200000 661.200000
691.490591 549.200000 700.400000
692.490929 549.200000 655.600000
693.491064 549.200000 713.600000
694.491315 549.200000 655.600000
695.491941 549.200000 655.600000
696.492282 549.200000 661.200000
697.493086 549.200000 767.600000
698.493292 549.200000 666.800000
699.494356 549.200000 666.800000
700.495370 549.200000 666.800000
701.495570 549.200000 582.800000
702.495954 549.200000 661.200000
703.496099 549.200000 661.200000
704.497043 549.200000 644.400000
705.497373 549.200000 655.600000
706.498291 549.200000 616.400000
707.498420 549.200000 661.200000
708.498627 549.200000 582.800000
709.499053 549.200000 666.800000
710.499590 549.200000 661.200000
711.499687 549.200000 655.600000
712.500337 549.200000 655.600000
713.500432 549.200000 650.000000
714.500569 549.200000 661.200000
715.501201 549.200000 650.000000
716.501326 549.200000 666.800000
717.502103 549.200000 666.800000
718.502510 549.200000 644.400000
719.502552 549.200000 622.000000
720.502601 549.200000 655.600000
721.502728 549.200000 638.800000
722.507767 549.200000 778.800000
723.509258 549.200000 655.600000
724.509387 549.200000 666.800000
725.509976 549.200000 655.600000
726.510230 549.200000 661.200000
727.510383 549.200000 745.200000
728.510582 549.200000 767.600000
729.510920 549.200000 655.600000
730.518584 549.200000 773.200000
731.518921 549.200000 655.600000
732.519200 549.200000 661.200000
733.519482 549.200000 666.800000
734.519636 549.200000 672.400000
735.520774 549.200000 661.200000
736.522183 549.200000 599.600000
737.522211 549.200000 700.400000
738.522610 549.200000 655.600000
739.522668 549.200000 661.200000
740.523071 549.200000 728.400000
741.523110 549.200000 666.800000
742.523454 549.200000 582.800000
743.523467 549.200000 661.200000
744.523605 549.200000 661.200000
745.523881 549.200000 661.200000
746.524328 549.200000 661.200000
747.524786 549.200000 734.000000
748.525065 549.200000 678.000000
749.526222 549.200000 773.200000
750.526322 549.200000 644.400000
751.526791 549.200000 622.000000
752.527676 549.200000 694.800000
753.531037 549.200000 582.800000
754.531451 549.200000 650.000000
755.531534 549.200000 672.400000
756.531656 549.200000 678.000000
757.532826 549.200000 661.200000
758.533784 549.200000 650.000000
759.534972 549.200000 773.200000
760.535142 549.200000 655.600000
761.535191 549.200000 577.200000
762.535350 549.200000 745.200000
763.535793 549.200000 582.800000
764.536365 549.200000 638.800000
765.538773 549.200000 650.000000
766.539476 549.200000 655.600000
767.539856 549.200000 661.200000
768.540887 549.200000 655.600000
769.541676 549.200000 633.200000
770.541914 549.200000 577.200000
771.545506 549.200000 767.600000
772.545987 549.200000 666.800000
773.546046 549.200000 666.800000
774.546553 549.200000 678.000000
775.546846 549.200000 700.400000
776.547560 549.200000 655.600000
777.547612 549.200000 650.000000
778.548118 549.200000 577.200000
779.548244 549.200000 655.600000
780.548840 549.200000 773.200000
781.549368 549.200000 655.600000
782.549516 549.200000 661.200000
783.549824 549.200000 661.200000
784.550698 549.200000 756.400000
785.550785 549.200000 650.000000
786.551334 549.200000 588.400000
787.552126 549.200000 650.000000
788.553496 549.200000 650.000000
789.553613 549.200000 588.400000
790.554498 549.200000 661.200000
791.554859 549.200000 672.400000
792.554994 549.200000 678.000000
793.555204 549.200000 650.000000
794.555707 549.200000 655.600000
795.555786 549.200000 655.600000
796.555920 549.200000 672.400000
797.556025 549.200000 661.200000
798.556558 549.200000 666.800000
799.556843 549.200000 661.200000
