31.291339 498.800000 498.800000
33.061009 493.200000 493.200000
34.470047 493.200000 493.200000
35.583960 493.200000 426.000000
38.377191 414.800000 414.800000
39.658921 414.800000 414.800000
41.026126 414.800000 414.800000
42.235162 414.800000 414.800000
43.567714 414.800000 414.800000
44.785577 414.800000 414.800000
46.177806 414.800000 414.800000
47.767494 414.800000 414.800000
49.272616 414.800000 414.800000
50.328773 414.800000 414.800000
52.037251 414.800000 414.800000
53.098516 414.800000 414.800000
54.331563 414.800000 414.800000
55.654018 414.800000 414.800000
56.816614 414.800000 414.800000
58.017490 414.800000 414.800000
59.527461 414.800000 414.800000
61.012961 414.800000 414.800000
64.626414 409.200000 409.200000
66.025283 409.200000 409.200000
67.646265 409.200000 409.200000
69.297248 409.200000 409.200000
70.378389 409.200000 409.200000
71.681638 409.200000 409.200000
73.068288 409.200000 409.200000
74.229738 409.200000 409.200000
75.325867 409.200000 409.200000
76.812191 409.200000 409.200000
78.140234 409.200000 409.200000
79.218433 409.200000 409.200000
80.659705 409.200000 409.200000
81.741504 409.200000 409.200000
83.235597 409.200000 409.200000
84.770449 409.200000 409.200000
85.942814 409.200000 409.200000
87.478611 409.200000 409.200000
88.595188 409.200000 409.200000
90.119718 409.200000 409.200000
91.299378 409.200000 409.200000
92.497493 409.200000 409.200000
93.519842 409.200000 409.200000
94.762897 409.200000 409.200000
95.984337 409.200000 409.200000
97.223684 409.200000 409.200000
98.281113 409.200000 409.200000
99.768703 409.200000 409.200000
100.832637 409.200000 409.200000
101.950116 409.200000 409.200000
103.188742 409.200000 409.200000
104.422674 409.200000 409.200000
105.856653 409.200000 409.200000
106.927350 409.200000 409.200000
108.063153 409.200000 409.200000
109.074434 409.200000 409.200000
110.161397 409.200000 409.200000
111.768445 409.200000 409.200000
112.930717 409.200000 409.200000
114.204237 409.200000 409.200000
115.553058 409.200000 409.200000
116.856728 409.200000 409.200000
118.443958 409.200000 409.200000
119.512517 409.200000 409.200000
120.621093 409.200000 409.200000
121.918303 409.200000 409.200000
152.825113 409.200000 498.800000
154.101309 409.200000 498.800000
155.155217 409.200000 498.800000
156.239415 409.200000 498.800000
157.462534 409.200000 498.800000
158.888668 409.200000 465.200000
160.026287 409.200000 465.200000
161.878715 409.200000 437.200000
162.971103 409.200000 437.200000
164.226825 409.200000 431.600000
165.501924 409.200000 431.600000
166.734526 409.200000 431.600000
168.172178 409.200000 426.000000
170.052595 409.200000 420.400000
171.150150 409.200000 420.400000
172.401772 409.200000 420.400000
173.540270 409.200000 420.400000
174.957385 409.200000 420.400000
176.298103 409.200000 414.800000
177.620349 409.200000 414.800000
178.670141 409.200000 414.800000
180.265794 409.200000 414.800000
181.340940 409.200000 414.800000
182.471448 409.200000 414.800000
183.834766 409.200000 414.800000
184.862772 409.200000 414.800000
186.048461 409.200000 414.800000
187.058125 409.200000 414.800000
188.231193 409.200000 414.800000
189.380552 409.200000 414.800000
190.796832 409.200000 414.800000
191.913020 409.200000 414.800000
193.031374 409.200000 414.800000
194.264417 409.200000 414.800000
195.422501 409.200000 414.800000
196.571147 409.200000 414.800000
198.015843 409.200000 414.800000
199.122468 409.200000 414.800000
200.279108 409.200000 414.800000
201.357071 409.200000 414.800000
202.629896 409.200000 414.800000
203.702878 409.200000 414.800000
204.750860 409.200000 414.800000
206.047834 409.200000 414.800000
207.465063 409.200000 414.800000
208.789052 409.200000 414.800000
210.055043 409.200000 414.800000
211.055108 409.200000 414.800000
212.339215 409.200000 414.800000
213.623517 409.200000 414.800000
215.010666 409.200000 414.800000
216.287081 409.200000 414.800000
218.340774 409.200000 409.200000
219.438943 409.200000 409.200000
220.707630 409.200000 409.200000
222.001754 409.200000 409.200000
223.041248 409.200000 409.200000
224.279230 409.200000 409.200000
225.600770 409.200000 409.200000
226.658546 409.200000 409.200000
227.824475 409.200000 409.200000
229.268147 409.200000 409.200000
230.557391 409.200000 409.200000
232.788687 405.600000 405.600000
233.856541 405.600000 405.600000
235.703771 403.600000 403.600000
236.787934 403.600000 403.600000
238.210086 403.600000 403.600000
239.325325 403.600000 403.600000
240.656120 403.600000 403.600000
241.746576 403.600000 403.600000
243.003814 403.600000 403.600000
244.190996 403.600000 403.600000
245.423927 403.600000 403.600000
246.818872 403.600000 403.600000
247.979201 403.600000 403.600000
249.348907 403.600000 403.600000
250.924668 403.600000 403.600000
252.073081 403.600000 403.600000
253.194625 403.600000 403.600000
254.375705 403.600000 403.600000
255.718920 403.600000 403.600000
257.029248 403.600000 403.600000
258.209854 403.600000 403.600000
259.563432 403.600000 403.600000
260.719661 403.600000 403.600000
262.098829 403.600000 403.600000
263.526794 403.600000 403.600000
264.830022 403.600000 403.600000
266.257814 403.600000 403.600000
269.366750 400.000000 400.000000
271.750025 398.400000 398.400000
273.635865 398.000000 398.000000
275.174134 398.000000 398.000000
276.599822 398.000000 398.000000
277.641197 398.000000 398.000000
278.686866 398.000000 398.000000
279.803129 398.000000 398.000000
281.270059 398.000000 398.000000
282.573479 398.000000 398.000000
283.843687 398.000000 398.000000
285.139299 398.000000 398.000000
286.179160 398.000000 398.000000
287.298877 398.000000 398.000000
288.408116 398.000000 398.000000
289.424633 398.000000 398.000000
290.659252 398.000000 398.000000
291.959700 398.000000 398.000000
293.345201 398.000000 398.000000
294.499127 398.000000 398.000000
295.530300 398.000000 398.000000
296.691801 398.000000 398.000000
298.155391 398.000000 398.000000
299.256963 398.000000 398.000000
300.370045 398.000000 398.000000
301.641246 398.000000 398.000000
302.991399 398.000000 398.000000
304.269438 398.000000 398.000000
305.528216 398.000000 398.000000
306.944826 398.000000 398.000000
308.068123 398.000000 398.000000
309.408431 398.000000 398.000000
310.539486 398.000000 398.000000
311.872725 398.000000 398.000000
313.178336 398.000000 398.000000
314.458049 398.000000 398.000000
315.527066 398.000000 398.000000
316.925334 398.000000 398.000000
318.098447 398.000000 398.000000
319.474864 398.000000 398.000000
320.673845 398.000000 398.000000
322.070915 398.000000 398.000000
323.362694 398.000000 398.000000
324.760296 398.000000 398.000000
326.113494 398.000000 398.000000
327.368907 398.000000 398.000000
328.598365 398.000000 398.000000
329.925624 398.000000 398.000000
331.005041 398.000000 398.000000
332.287844 398.000000 398.000000
334.532288 394.400000 394.400000
335.673355 394.400000 394.400000
336.976262 394.400000 394.400000
338.119952 394.400000 394.400000
339.443264 394.400000 394.400000
340.611365 394.400000 394.400000
341.888986 394.400000 394.400000
343.028130 394.400000 394.400000
344.286299 394.400000 394.400000
345.422211 394.400000 394.400000
346.786803 394.400000 394.400000
347.838499 394.400000 394.400000
349.059381 394.400000 394.400000
350.319092 394.400000 394.400000
351.357186 394.400000 394.400000
352.540545 394.400000 394.400000
353.816533 394.400000 394.400000
354.945327 394.400000 394.400000
356.099701 394.400000 394.400000
357.478748 394.400000 394.400000
358.555142 394.400000 394.400000
359.832964 394.400000 394.400000
361.165670 394.400000 394.400000
362.220012 394.400000 394.400000
363.492541 394.400000 394.400000
364.623138 394.400000 394.400000
365.803266 394.400000 394.400000
366.908181 394.400000 394.400000
368.054726 394.400000 394.400000
370.243276 392.800000 392.800000
372.342183 392.400000 392.400000
373.478148 392.400000 392.400000
374.600001 392.400000 392.400000
375.750462 392.400000 392.400000
376.752065 392.400000 392.400000
377.830048 392.400000 392.400000
379.341486 392.400000 392.400000
380.388758 392.400000 392.400000
381.436927 392.400000 392.400000
382.636450 392.400000 392.400000
383.672453 392.400000 392.400000
384.945078 392.400000 392.400000
386.411269 392.400000 392.400000
387.891667 392.400000 392.400000
389.057641 392.400000 392.400000
390.101565 392.400000 392.400000
391.169146 392.400000 392.400000
392.333317 392.400000 392.400000
393.458361 392.400000 392.400000
394.699760 392.400000 392.400000
396.047464 392.400000 392.400000
397.235801 392.400000 392.400000
398.546453 392.400000 392.400000
400.174842 392.400000 392.400000
401.485238 392.400000 392.400000
402.641141 392.400000 392.400000
404.173527 392.400000 392.400000
405.318301 392.400000 392.400000
406.629364 392.400000 392.400000
407.639436 392.400000 392.400000
409.080461 392.400000 392.400000
410.140448 392.400000 392.400000
411.612489 392.400000 392.400000
412.615512 392.400000 392.400000
413.795221 392.400000 392.400000
414.808254 392.400000 392.400000
415.828533 392.400000 392.400000
418.638693 389.200000 389.200000
421.136393 388.800000 388.800000
422.387431 388.800000 388.800000
423.757564 388.800000 388.800000
425.086178 388.800000 388.800000
426.304470 388.800000 388.800000
427.308832 388.800000 388.800000
428.575140 388.800000 388.800000
429.888113 388.800000 388.800000
431.315994 388.800000 388.800000
432.683665 388.800000 388.800000
433.781110 388.800000 388.800000
434.998889 388.800000 388.800000
436.241650 388.800000 388.800000
437.539859 388.800000 388.800000
438.724101 388.800000 388.800000
439.784375 388.800000 388.800000
440.887731 388.800000 388.800000
442.143448 388.800000 388.800000
443.239101 388.800000 388.800000
444.432709 388.800000 388.800000
445.554415 388.800000 388.800000
446.928738 388.800000 388.800000
448.064067 388.800000 388.800000
449.377116 388.800000 388.800000
450.549640 388.800000 388.800000
451.871629 388.800000 388.800000
453.137397 388.800000 388.800000
454.392150 388.800000 388.800000
457.589345 386.800000 386.800000
459.099423 386.800000 386.800000
460.310619 386.800000 386.800000
461.465968 386.800000 386.800000
462.638622 386.800000 386.800000
463.825885 386.800000 386.800000
464.828765 386.800000 386.800000
466.105283 386.800000 386.800000
467.168299 386.800000 386.800000
468.459866 386.800000 386.800000
469.749649 386.800000 386.800000
471.006964 386.800000 386.800000
472.169409 386.800000 386.800000
473.689512 386.800000 386.800000
474.948366 386.800000 386.800000
475.979742 386.800000 386.800000
477.052625 386.800000 386.800000
478.165692 386.800000 386.800000
479.242124 386.800000 386.800000
480.558922 386.800000 386.800000
482.004776 386.800000 386.800000
483.256836 386.800000 386.800000
484.793989 386.800000 386.800000
485.811193 386.800000 386.800000
486.866439 386.800000 386.800000
488.321897 386.800000 386.800000
489.589610 386.800000 386.800000
490.955120 386.800000 386.800000
492.038138 386.800000 386.800000
493.145152 386.800000 386.800000
494.231774 386.800000 386.800000
495.287828 386.800000 386.800000
496.558493 386.800000 386.800000
497.576666 386.800000 386.800000
498.696389 386.800000 386.800000
499.696579 386.800000 386.800000
500.830260 386.800000 386.800000
501.917568 386.800000 386.800000
503.003760 386.800000 386.800000
504.296959 386.800000 386.800000
505.360530 386.800000 386.800000
506.626719 386.800000 386.800000
507.999966 386.800000 386.800000
509.204671 386.800000 386.800000
540.047361 386.800000 498.800000
541.289516 386.800000 498.800000
542.649754 386.800000 498.800000
544.099048 386.800000 486.000000
545.392348 386.800000 431.600000
547.114384 386.800000 426.000000
548.870181 386.800000 420.400000
550.178229 386.800000 420.400000
551.399553 386.800000 411.200000
552.707689 386.800000 411.200000
554.271767 386.800000 409.200000
555.488083 386.800000 409.200000
556.716605 386.800000 409.200000
558.005966 386.800000 409.200000
559.071494 386.800000 409.200000
560.581825 386.800000 409.200000
561.624878 386.800000 409.200000
562.701340 386.800000 409.200000
563.785109 386.800000 409.200000
565.019818 386.800000 409.200000
566.211030 386.800000 409.200000
567.318575 386.800000 409.200000
568.593880 386.800000 409.200000
569.868735 386.800000 409.200000
571.071521 386.800000 409.200000
572.370532 386.800000 409.200000
573.738871 386.800000 409.200000
574.958232 386.800000 409.200000
576.202061 386.800000 409.200000
577.460419 386.800000 409.200000
578.527468 386.800000 409.200000
579.600176 386.800000 409.200000
580.739172 386.800000 409.200000
581.839482 386.800000 409.200000
583.164049 386.800000 409.200000
584.355887 386.800000 409.200000
585.591140 386.800000 409.200000
586.608071 386.800000 409.200000
587.942117 386.800000 409.200000
589.132232 386.800000 409.200000
590.360790 386.800000 409.200000
591.761102 386.800000 409.200000
593.244842 386.800000 409.200000
594.566037 386.800000 409.200000
595.801232 386.800000 409.200000
596.888222 386.800000 409.200000
597.955650 386.800000 409.200000
599.249176 386.800000 409.200000
600.479049 386.800000 409.200000
601.498477 386.800000 409.200000
602.760197 386.800000 409.200000
603.837849 386.800000 409.200000
604.873407 386.800000 409.200000
605.937617 386.800000 409.200000
607.097285 386.800000 409.200000
608.299697 386.800000 409.200000
609.567854 386.800000 409.200000
610.604063 386.800000 409.200000
611.774244 386.800000 409.200000
612.843882 386.800000 409.200000
613.914533 386.800000 409.200000
645.749214 386.800000 498.800000
646.814580 386.800000 498.800000
647.925220 386.800000 498.800000
649.068261 386.800000 498.800000
650.558480 386.800000 495.200000
652.145565 386.800000 448.400000
653.448905 386.800000 448.400000
654.538601 386.800000 448.400000
655.720695 386.800000 448.400000
656.952900 386.800000 448.400000
658.027836 386.800000 448.400000
659.326455 386.800000 448.400000
660.834215 386.800000 448.400000
662.151217 386.800000 448.400000
663.166385 386.800000 448.400000
664.419941 386.800000 437.200000
665.461284 386.800000 437.200000
666.866157 386.800000 437.200000
668.333101 386.800000 420.400000
669.706402 386.800000 420.400000
670.748388 386.800000 420.400000
672.033107 386.800000 420.400000
673.339414 386.800000 420.400000
674.379250 386.800000 420.400000
675.590454 386.800000 420.400000
676.629277 386.800000 420.400000
677.874328 386.800000 420.400000
679.268504 386.800000 420.400000
680.635505 386.800000 420.400000
682.040040 386.800000 414.800000
683.466835 386.800000 414.800000
684.761985 386.800000 414.800000
686.071151 386.800000 414.800000
687.414139 386.800000 409.600000
689.453597 386.800000 409.200000
690.809866 386.800000 409.200000
692.071205 386.800000 409.200000
693.073275 386.800000 409.200000
694.511831 386.800000 409.200000
695.909674 386.800000 409.200000
697.196616 386.800000 409.200000
698.276120 386.800000 409.200000
699.570862 386.800000 409.200000
701.032810 386.800000 409.200000
702.494253 386.800000 409.200000
703.652896 386.800000 409.200000
704.866306 386.800000 409.200000
706.109467 386.800000 409.200000
707.513105 386.800000 409.200000
708.577643 386.800000 409.200000
710.007110 386.800000 409.200000
711.570466 386.800000 409.200000
712.768083 386.800000 409.200000
714.169126 386.800000 409.200000
715.747937 386.800000 409.200000
716.901880 386.800000 409.200000
717.951040 386.800000 409.200000
719.289535 386.800000 409.200000
720.342343 386.800000 409.200000
721.865834 386.800000 409.200000
722.894812 386.800000 409.200000
723.920965 386.800000 409.200000
725.164961 386.800000 409.200000
726.667402 386.800000 409.200000
727.949998 386.800000 409.200000
729.225543 386.800000 409.200000
730.312808 386.800000 409.200000
731.374137 386.800000 409.200000
732.382540 386.800000 409.200000
733.553272 386.800000 409.200000
734.811886 386.800000 409.200000
736.206835 386.800000 409.200000
737.555612 386.800000 409.200000
738.879564 386.800000 409.200000
740.141584 386.800000 409.200000
741.282446 386.800000 409.200000
742.454286 386.800000 409.200000
743.559734 386.800000 409.200000
744.823099 386.800000 409.200000
746.084560 386.800000 409.200000
747.506490 386.800000 403.600000
748.724794 386.800000 403.600000
750.107543 386.800000 403.600000
751.308609 386.800000 403.600000
752.574105 386.800000 403.600000
753.663250 386.800000 403.600000
754.944420 386.800000 403.600000
756.258059 386.800000 403.600000
757.392902 386.800000 403.600000
758.476860 386.800000 403.600000
759.818809 386.800000 403.600000
760.884643 386.800000 403.600000
762.171012 386.800000 403.600000
763.300281 386.800000 403.600000
764.621212 386.800000 403.600000
765.863350 386.800000 403.600000
767.026927 386.800000 403.600000
768.639367 386.800000 403.600000
769.791459 386.800000 403.600000
771.228617 386.800000 403.600000
772.365472 386.800000 403.600000
773.402308 386.800000 403.600000
774.802051 386.800000 403.600000
776.137165 386.800000 403.600000
777.662848 386.800000 403.600000
778.927438 386.800000 403.600000
780.245686 386.800000 403.600000
781.411384 386.800000 403.600000
782.533874 386.800000 403.600000
783.554380 386.800000 403.600000
784.754401 386.800000 403.600000
786.240794 386.800000 403.600000
787.652108 386.800000 403.600000
788.743141 386.800000 403.600000
789.897578 386.800000 403.600000
791.295036 386.800000 403.600000
792.576062 386.800000 403.600000
793.712069 386.800000 403.600000
794.916750 386.800000 403.600000
795.995376 386.800000 403.600000
797.243276 386.800000 403.600000
798.293486 386.800000 403.600000
799.490976 386.800000 403.600000
800.627394 386.800000 403.600000
