33.579620 498.800000 498.800000
34.702109 498.800000 498.800000
36.438262 420.400000 420.400000
37.917978 420.400000 420.400000
39.134643 420.400000 420.400000
40.531970 420.400000 420.400000
41.633397 420.400000 420.400000
43.433255 420.400000 420.400000
44.612352 420.400000 420.400000
45.910314 420.400000 420.400000
47.100516 420.400000 420.400000
48.200937 420.400000 420.400000
49.499498 420.400000 420.400000
50.584646 420.400000 420.400000
51.804612 420.400000 420.400000
53.085515 420.400000 420.400000
54.194146 420.400000 420.400000
55.690886 420.400000 420.400000
57.324355 420.400000 420.400000
58.580651 420.400000 420.400000
59.623716 420.400000 420.400000
61.031913 420.400000 420.400000
62.424680 420.400000 420.400000
63.676865 420.400000 420.400000
65.432271 420.400000 420.400000
66.491657 420.400000 420.400000
67.511008 420.400000 420.400000
68.706627 420.400000 420.400000
69.710206 420.400000 420.400000
70.879489 420.400000 420.400000
72.512123 420.400000 420.400000
73.848196 420.400000 420.400000
75.449330 420.400000 420.400000
76.536208 420.400000 420.400000
77.593952 420.400000 420.400000
78.926124 420.400000 420.400000
80.102637 420.400000 420.400000
81.722056 420.400000 420.400000
83.547828 420.400000 420.400000
84.917312 420.400000 420.400000
86.363366 420.400000 420.400000
87.485043 420.400000 420.400000
89.026778 420.400000 420.400000
90.277986 420.400000 420.400000
95.169944 414.800000 414.800000
98.781737 409.200000 409.200000
100.054921 409.200000 409.200000
101.886445 409.200000 409.200000
103.432677 409.200000 409.200000
104.630313 409.200000 409.200000
106.141309 409.200000 409.200000
107.637899 409.200000 409.200000
109.118036 409.200000 409.200000
110.443370 409.200000 409.200000
111.491441 409.200000 409.200000
112.512790 409.200000 409.200000
113.676866 409.200000 409.200000
115.094694 409.200000 409.200000
116.316751 409.200000 409.200000
117.681430 409.200000 409.200000
119.035165 409.200000 409.200000
120.250760 409.200000 409.200000
121.253424 409.200000 409.200000
122.626660 409.200000 409.200000
123.842485 409.200000 409.200000
125.080715 409.200000 409.200000
126.313978 409.200000 409.200000
127.672096 409.200000 409.200000
129.081009 409.200000 409.200000
130.220136 409.200000 409.200000
131.392463 409.200000 409.200000
132.560185 409.200000 409.200000
133.736863 409.200000 409.200000
134.891252 409.200000 409.200000
136.111178 409.200000 409.200000
137.426514 409.200000 409.200000
138.784173 409.200000 409.200000
139.883236 409.200000 409.200000
141.067740 409.200000 409.200000
142.603341 409.200000 409.200000
143.713306 409.200000 409.200000
147.475381 403.600000 403.600000
148.666308 403.600000 403.600000
149.745503 403.600000 403.600000
150.769827 403.600000 403.600000
152.039710 403.600000 403.600000
153.306613 403.600000 403.600000
154.649781 403.600000 403.600000
156.008913 403.600000 403.600000
157.397428 403.600000 403.600000
158.525553 403.600000 403.600000
159.556489 403.600000 403.600000
160.726679 403.600000 403.600000
161.750572 403.600000 403.600000
162.823781 403.600000 403.600000
164.084760 403.600000 403.600000
165.126362 403.600000 403.600000
166.229970 403.600000 403.600000
167.574439 403.600000 403.600000
168.985134 403.600000 403.600000
170.220140 403.600000 403.600000
171.557756 403.600000 403.600000
174.664182 400.000000 400.000000
175.807293 400.000000 400.000000
177.045490 400.000000 400.000000
178.477411 400.000000 400.000000
179.861329 400.000000 400.000000
181.090246 400.000000 400.000000
182.393584 400.000000 400.000000
183.633475 400.000000 398.000000
184.732810 398.000000 398.000000
185.824841 398.000000 398.000000
186.908965 398.000000 398.000000
188.140376 398.000000 398.000000
189.463592 398.000000 398.000000
190.565498 398.000000 398.000000
191.857258 398.000000 398.000000
193.268445 398.000000 398.000000
194.548037 398.000000 398.000000
195.831941 398.000000 398.000000
196.871945 398.000000 398.000000
198.069526 398.000000 398.000000
199.527964 398.000000 398.000000
200.576613 398.000000 398.000000
201.623473 398.000000 398.000000
202.685414 398.000000 398.000000
204.046519 398.000000 398.000000
205.110692 398.000000 398.000000
206.192512 398.000000 398.000000
207.196164 398.000000 398.000000
208.196723 398.000000 398.000000
209.248912 398.000000 398.000000
210.767305 398.000000 398.000000
212.102709 398.000000 398.000000
213.295209 398.000000 398.000000
214.341739 398.000000 398.000000
215.384756 398.000000 398.000000
216.421359 398.000000 398.000000
217.475188 398.000000 398.000000
218.823211 398.000000 398.000000
219.963957 398.000000 398.000000
221.000448 398.000000 398.000000
222.157948 398.000000 398.000000
223.375963 398.000000 398.000000
224.877744 398.000000 398.000000
226.166647 398.000000 398.000000
227.529995 398.000000 398.000000
228.547198 398.000000 398.000000
229.598140 398.000000 398.000000
230.666085 398.000000 398.000000
231.900811 398.000000 398.000000
233.132139 398.000000 398.000000
234.246546 398.000000 398.000000
235.626496 398.000000 398.000000
236.746059 398.000000 398.000000
237.865494 398.000000 398.000000
238.989780 398.000000 398.000000
240.405835 398.000000 398.000000
241.966486 398.000000 398.000000
273.327431 398.000000 487.600000
274.639924 398.000000 487.600000
276.656570 398.000000 441.200000
278.128318 398.000000 431.600000
279.190202 398.000000 431.600000
280.443734 398.000000 431.600000
281.516336 398.000000 431.600000
282.579729 398.000000 431.600000
283.767184 398.000000 431.600000
284.917592 398.000000 431.600000
286.106154 398.000000 431.600000
287.849881 398.000000 426.000000
288.884824 398.000000 426.000000
290.149601 398.000000 426.000000
291.589704 398.000000 426.000000
292.893499 398.000000 426.000000
294.267553 398.000000 426.000000
295.704593 398.000000 426.000000
296.962813 398.000000 420.400000
298.705993 398.000000 414.800000
300.098375 398.000000 414.800000
301.321917 398.000000 414.800000
302.622066 398.000000 414.800000
304.062005 398.000000 414.800000
305.882275 398.000000 409.200000
307.113811 398.000000 409.200000
308.701125 398.000000 409.200000
309.965061 398.000000 409.200000
311.342241 398.000000 409.200000
312.508330 398.000000 409.200000
314.055968 398.000000 409.200000
315.061716 398.000000 409.200000
316.277487 398.000000 409.200000
317.347284 398.000000 409.200000
318.591655 398.000000 409.200000
319.818836 398.000000 409.200000
321.182284 398.000000 409.200000
322.353430 398.000000 409.200000
323.649817 398.000000 409.200000
324.830324 398.000000 409.200000
326.208288 398.000000 409.200000
327.358321 398.000000 409.200000
328.495633 398.000000 409.200000
329.594266 398.000000 409.200000
330.848192 398.000000 409.200000
331.961526 398.000000 409.200000
333.122823 398.000000 409.200000
334.418566 398.000000 409.200000
335.849031 398.000000 409.200000
336.929545 398.000000 409.200000
338.102401 398.000000 409.200000
339.249268 398.000000 409.200000
340.648444 398.000000 409.200000
342.059536 398.000000 409.200000
343.167869 398.000000 409.200000
344.468276 398.000000 409.200000
345.572633 398.000000 409.200000
346.818806 398.000000 409.200000
347.974524 398.000000 409.200000
349.454212 398.000000 409.200000
350.608192 398.000000 409.200000
352.129176 398.000000 409.200000
353.304582 398.000000 409.200000
382.389997 398.000000 504.400000
383.729891 398.000000 498.800000
385.330791 398.000000 498.800000
387.174019 398.000000 454.000000
388.330027 398.000000 454.000000
390.165556 398.000000 437.200000
391.677656 398.000000 437.200000
393.874227 398.000000 426.000000
395.224449 398.000000 426.000000
396.423873 398.000000 426.000000
397.493602 398.000000 426.000000
398.598220 398.000000 426.000000
399.979378 398.000000 420.400000
401.075015 398.000000 420.400000
402.357825 398.000000 420.400000
403.708661 398.000000 420.400000
404.805021 398.000000 420.400000
406.028261 398.000000 420.400000
407.144842 398.000000 420.400000
408.369248 398.000000 420.400000
409.464264 398.000000 420.400000
410.873000 398.000000 420.400000
412.438849 398.000000 420.400000
413.806926 398.000000 420.400000
415.256915 398.000000 420.400000
416.412635 398.000000 420.400000
417.728491 398.000000 420.400000
418.977537 398.000000 420.400000
420.119610 398.000000 420.400000
421.538319 398.000000 420.400000
422.691299 398.000000 420.400000
423.792327 398.000000 420.400000
424.801596 398.000000 420.400000
426.150129 398.000000 420.400000
427.478239 398.000000 420.400000
428.880253 398.000000 416.800000
430.702307 398.000000 414.800000
432.081730 398.000000 414.800000
433.157454 398.000000 414.800000
434.566858 398.000000 414.800000
436.022835 398.000000 414.800000
437.213013 398.000000 414.800000
438.594341 398.000000 414.800000
440.147245 398.000000 414.800000
441.352030 398.000000 414.800000
442.825185 398.000000 414.800000
444.098053 398.000000 414.800000
445.258946 398.000000 414.800000
446.516184 398.000000 414.800000
447.531493 398.000000 414.800000
448.799035 398.000000 414.800000
450.058247 398.000000 414.800000
451.451444 398.000000 414.800000
452.797091 398.000000 414.800000
454.121613 398.000000 414.800000
455.463894 398.000000 409.200000
456.855713 398.000000 409.200000
457.871423 398.000000 409.200000
459.183914 398.000000 409.200000
460.246739 398.000000 409.200000
461.728974 398.000000 409.200000
462.806132 398.000000 409.200000
464.467262 398.000000 409.200000
465.583627 398.000000 409.200000
466.871990 398.000000 409.200000
468.055310 398.000000 409.200000
469.169232 398.000000 409.200000
470.405225 398.000000 409.200000
471.415302 398.000000 409.200000
472.642345 398.000000 409.200000
474.106587 398.000000 409.200000
475.478262 398.000000 409.200000
476.965419 398.000000 409.200000
478.194703 398.000000 409.200000
479.283931 398.000000 409.200000
480.429987 398.000000 409.200000
481.778489 398.000000 409.200000
483.031573 398.000000 409.200000
484.592660 398.000000 409.200000
485.847719 398.000000 409.200000
486.952519 398.000000 409.200000
488.285626 398.000000 409.200000
489.617806 398.000000 409.200000
491.007190 398.000000 409.200000
492.417976 398.000000 409.200000
493.587797 398.000000 409.200000
494.962649 398.000000 409.200000
496.140492 398.000000 409.200000
497.588823 398.000000 403.600000
498.789973 398.000000 403.600000
500.014294 398.000000 403.600000
501.376727 398.000000 403.600000
502.869504 398.000000 403.600000
503.894761 398.000000 403.600000
505.077384 398.000000 403.600000
506.370261 398.000000 403.600000
507.570287 398.000000 403.600000
508.993720 398.000000 403.600000
510.098679 398.000000 403.600000
511.239265 398.000000 403.600000
512.241215 398.000000 403.600000
513.508749 398.000000 403.600000
514.581915 398.000000 403.600000
516.059661 398.000000 403.600000
517.149679 398.000000 403.600000
518.554958 398.000000 403.600000
519.656195 398.000000 403.600000
520.945884 398.000000 403.600000
522.214539 398.000000 403.600000
523.370232 398.000000 403.600000
524.470815 398.000000 403.600000
525.625258 398.000000 403.600000
526.793024 398.000000 403.600000
528.289320 398.000000 403.600000
529.387580 398.000000 403.600000
530.573925 398.000000 403.600000
531.730076 398.000000 403.600000
532.853750 398.000000 403.600000
533.960848 398.000000 403.600000
535.154561 398.000000 403.600000
536.425989 398.000000 403.600000
537.739970 398.000000 403.600000
538.997512 398.000000 403.600000
540.329544 398.000000 403.600000
541.961121 398.000000 403.600000
543.322827 398.000000 403.600000
544.701747 398.000000 403.600000
546.011536 398.000000 403.600000
547.291652 398.000000 403.600000
548.564620 398.000000 403.600000
549.990701 398.000000 403.600000
551.611805 398.000000 403.600000
582.152051 398.000000 504.400000
583.292224 398.000000 504.400000
585.080698 398.000000 465.200000
586.516338 398.000000 465.200000
587.770823 398.000000 442.800000
589.207363 398.000000 437.200000
590.685015 398.000000 431.600000
591.805155 398.000000 431.600000
593.250580 398.000000 431.600000
594.970060 398.000000 414.800000
596.368725 398.000000 414.800000
597.403651 398.000000 414.800000
598.738498 398.000000 414.800000
599.941718 398.000000 414.800000
601.191196 398.000000 414.800000
602.424114 398.000000 414.800000
603.493842 398.000000 414.800000
604.501432 398.000000 414.800000
605.526868 398.000000 414.800000
606.822965 398.000000 411.200000
608.073581 398.000000 411.200000
609.113553 398.000000 411.200000
610.381543 398.000000 411.200000
611.672250 398.000000 411.200000
612.787429 398.000000 411.200000
614.033638 398.000000 411.200000
615.340694 398.000000 411.200000
616.678352 398.000000 411.200000
618.019301 398.000000 411.200000
619.078018 398.000000 411.200000
620.279751 398.000000 411.200000
621.402233 398.000000 411.200000
622.416308 398.000000 411.200000
623.540208 398.000000 411.200000
624.671521 398.000000 411.200000
625.996250 398.000000 411.200000
627.156489 398.000000 411.200000
628.231646 398.000000 411.200000
629.557714 398.000000 409.200000
630.875857 398.000000 409.200000
632.151301 398.000000 409.200000
633.497573 398.000000 409.200000
634.783196 398.000000 409.200000
636.044806 398.000000 409.200000
637.226616 398.000000 409.200000
638.358329 398.000000 409.200000
639.858640 398.000000 409.200000
641.255321 398.000000 409.200000
642.402497 398.000000 409.200000
643.748964 398.000000 409.200000
645.198977 398.000000 409.200000
646.431930 398.000000 409.200000
647.588252 398.000000 409.200000
648.712851 398.000000 409.200000
649.822059 398.000000 409.200000
651.211888 398.000000 403.600000
652.334272 398.000000 403.600000
653.507421 398.000000 403.600000
654.523559 398.000000 403.600000
655.674433 398.000000 403.600000
656.685265 398.000000 403.600000
658.038171 398.000000 403.600000
659.259423 398.000000 403.600000
660.627638 398.000000 403.600000
662.036809 398.000000 403.600000
663.401747 398.000000 403.600000
664.705685 398.000000 403.600000
666.144260 398.000000 403.600000
667.210131 398.000000 403.600000
668.465942 398.000000 403.600000
670.033519 398.000000 403.600000
671.191970 398.000000 403.600000
672.393545 398.000000 403.600000
674.008230 398.000000 403.600000
675.414886 398.000000 403.600000
676.665767 398.000000 403.600000
678.056407 398.000000 403.600000
679.652491 398.000000 403.600000
681.024493 398.000000 403.600000
682.340443 398.000000 403.600000
683.753025 398.000000 403.600000
684.903090 398.000000 403.600000
685.994307 398.000000 403.600000
687.381438 398.000000 403.600000
688.415650 398.000000 403.600000
689.662690 398.000000 403.600000
690.769801 398.000000 403.600000
692.132453 398.000000 403.600000
693.440068 398.000000 403.600000
694.466712 398.000000 403.600000
695.620384 398.000000 403.600000
696.811659 398.000000 403.600000
698.237608 398.000000 403.600000
699.536469 398.000000 400.000000
700.795383 398.000000 400.000000
701.964006 398.000000 400.000000
703.143298 398.000000 400.000000
705.590355 398.000000 398.000000
706.958451 398.000000 398.000000
708.162021 398.000000 398.000000
709.341531 398.000000 398.000000
710.612731 398.000000 398.000000
711.681751 398.000000 398.000000
712.853689 398.000000 398.000000
714.514816 398.000000 398.000000
715.855146 398.000000 398.000000
717.282379 398.000000 398.000000
718.881984 398.000000 398.000000
720.313034 398.000000 398.000000
721.655401 398.000000 398.000000
723.287673 398.000000 398.000000
724.673492 398.000000 398.000000
726.101646 398.000000 398.000000
727.315946 398.000000 398.000000
728.434432 398.000000 398.000000
729.618547 398.000000 398.000000
730.735549 398.000000 398.000000
731.862309 398.000000 398.000000
733.040185 398.000000 398.000000
734.138315 398.000000 398.000000
735.432058 398.000000 398.000000
736.602935 398.000000 398.000000
737.715343 398.000000 398.000000
738.964239 398.000000 398.000000
740.059301 398.000000 398.000000
741.506696 398.000000 398.000000
742.672573 398.000000 398.000000
743.679574 398.000000 398.000000
745.311775 398.000000 398.000000
746.716191 398.000000 398.000000
748.010411 398.000000 398.000000
749.191270 398.000000 398.000000
750.213284 398.000000 398.000000
751.342292 398.000000 398.000000
752.632539 398.000000 398.000000
753.664708 398.000000 398.000000
754.885655 398.000000 398.000000
756.125659 398.000000 398.000000
757.158418 398.000000 398.000000
758.246369 398.000000 398.000000
759.808552 398.000000 398.000000
761.125301 398.000000 398.000000
762.419534 398.000000 398.000000
763.805646 398.000000 398.000000
794.999615 398.000000 476.400000
796.488718 398.000000 476.400000
797.927095 398.000000 470.800000
799.315379 398.000000 437.200000
800.841213 398.000000 431.600000
