0.214688 573.600000 573.600000
1.219505 556.800000 556.800000
2.226132 545.600000 545.600000
3.257122 543.600000 543.600000
4.261262 534.400000 534.400000
5.267658 534.400000 556.800000
6.269986 534.400000 556.800000
7.286405 534.400000 560.400000
8.301738 534.400000 554.800000
9.319317 534.400000 554.800000
10.334776 534.400000 554.800000
11.365886 534.400000 584.800000
12.373074 534.400000 562.400000
13.382005 534.400000 562.400000
14.391485 534.400000 562.400000
15.396937 534.400000 556.800000
16.405775 534.400000 556.800000
17.407311 534.400000 556.800000
18.412685 534.400000 551.200000
19.439982 534.400000 551.200000
20.440662 534.400000 551.200000
21.444141 534.400000 545.600000
22.447940 534.400000 540.000000
23.462265 534.400000 538.000000
24.463241 534.400000 534.400000
25.548917 532.400000 532.400000
26.552643 532.400000 532.400000
27.564725 528.800000 528.800000
28.566537 528.800000 528.800000
29.578287 528.800000 528.800000
30.592830 523.200000 523.200000
31.605987 523.200000 523.200000
32.613982 523.200000 523.200000
33.641008 523.200000 568.000000
34.641857 523.200000 562.400000
35.644224 523.200000 556.800000
36.648967 523.200000 556.800000
37.650217 523.200000 551.200000
38.651975 523.200000 545.600000
39.653716 523.200000 545.600000
40.675456 523.200000 540.000000
41.692050 523.200000 540.000000
42.726223 523.200000 540.000000
43.728211 523.200000 540.000000
44.736578 523.200000 538.000000
45.740869 523.200000 534.400000
46.740912 523.200000 528.800000
47.769397 523.200000 528.800000
48.799087 523.200000 528.800000
49.821350 523.200000 528.800000
50.844287 523.200000 526.800000
51.851204 523.200000 526.800000
52.897543 523.200000 523.200000
53.935174 521.200000 521.200000
55.139851 518.000000 518.000000
56.150671 517.600000 517.600000
57.163343 515.600000 515.600000
58.342144 512.400000 512.400000
59.346018 512.000000 512.000000
60.520709 510.000000 510.000000
61.535016 506.400000 506.400000
62.564257 506.400000 506.400000
63.591679 500.800000 500.800000
64.601364 500.800000 500.800000
65.611878 500.800000 500.800000
66.611934 500.800000 500.800000
67.641472 500.800000 551.200000
68.644077 500.800000 551.200000
69.668848 500.800000 551.200000
70.670465 500.800000 551.200000
71.690734 500.800000 551.200000
72.698849 500.800000 568.000000
73.701165 500.800000 556.800000
74.725131 500.800000 556.800000
75.732284 500.800000 556.800000
76.738426 500.800000 556.800000
77.745797 500.800000 581.200000
78.878430 500.800000 566.000000
79.893412 500.800000 562.400000
80.906921 500.800000 562.400000
81.932143 500.800000 562.400000
82.932186 500.800000 562.400000
83.953749 500.800000 562.400000
85.149920 500.800000 601.600000
86.170272 500.800000 562.400000
87.180511 500.800000 553.200000
88.219451 500.800000 551.200000
89.246102 500.800000 551.200000
90.284516 500.800000 551.200000
91.287901 500.800000 551.200000
92.402066 500.800000 573.600000
93.411031 500.800000 562.400000
94.433526 500.800000 562.400000
95.450065 500.800000 556.800000
96.454410 500.800000 556.800000
97.462552 500.800000 556.800000
98.502303 500.800000 551.200000
99.504046 500.800000 551.200000
100.507396 500.800000 551.200000
101.513978 500.800000 551.200000
102.515722 500.800000 545.600000
103.539149 500.800000 545.600000
104.575919 500.800000 545.600000
105.584729 500.800000 540.400000
106.593534 500.800000 540.000000
107.614366 500.800000 534.400000
108.620895 500.800000 534.400000
109.628727 500.800000 534.400000
110.644485 500.800000 534.400000
111.660478 500.800000 528.800000
112.701733 500.800000 528.800000
113.734045 500.800000 528.800000
114.752397 500.800000 528.800000
115.775154 500.800000 526.800000
116.795911 500.800000 523.200000
117.796022 500.800000 523.200000
118.828652 500.800000 523.200000
119.841353 500.800000 523.200000
120.990350 500.800000 579.200000
122.038164 500.800000 566.000000
123.045568 500.800000 562.400000
124.126512 500.800000 556.800000
125.149720 500.800000 556.800000
126.155566 500.800000 556.800000
127.156658 500.800000 556.800000
128.165879 500.800000 554.800000
129.185549 500.800000 554.800000
130.208563 500.800000 554.800000
131.223275 500.800000 554.800000
132.228340 500.800000 545.600000
133.254597 500.800000 540.000000
134.264847 500.800000 540.000000
135.286050 500.800000 538.000000
136.311166 500.800000 534.400000
137.335981 500.800000 534.400000
138.341672 500.800000 532.400000
139.346968 500.800000 528.800000
140.353096 500.800000 528.800000
141.368277 500.800000 526.800000
142.373932 500.800000 526.800000
143.381065 500.800000 521.200000
144.397326 500.800000 521.200000
145.412973 500.800000 517.600000
146.431731 500.800000 517.600000
147.439120 500.800000 517.600000
148.454391 500.800000 512.000000
149.462934 500.800000 512.000000
150.486328 500.800000 512.000000
151.492929 500.800000 512.000000
152.507152 500.800000 506.400000
153.539228 500.800000 504.400000
154.553336 500.800000 500.800000
155.575262 500.800000 500.800000
156.584612 495.200000 495.200000
157.591015 495.200000 495.200000
158.602183 493.200000 493.200000
159.607791 489.600000 489.600000
160.619355 489.600000 489.600000
161.624765 487.600000 487.600000
162.638185 487.600000 487.600000
163.738952 482.000000 482.000000
164.749441 478.400000 478.400000
165.783412 476.400000 476.400000
166.939271 472.800000 472.800000
167.942536 472.800000 472.800000
168.959262 472.800000 472.800000
170.232959 472.800000 579.200000
171.236357 472.800000 568.000000
172.237441 472.800000 568.000000
173.254674 472.800000 568.000000
174.278660 472.800000 568.000000
175.285183 472.800000 556.800000
176.301283 472.800000 556.800000
177.318446 472.800000 556.800000
178.338862 472.800000 573.600000
179.345397 472.800000 568.000000
180.353734 472.800000 566.000000
181.370224 472.800000 560.400000
182.376652 472.800000 560.400000
183.389475 472.800000 556.800000
184.390632 472.800000 556.800000
185.391465 472.800000 554.800000
186.392020 472.800000 554.800000
187.395854 472.800000 554.800000
188.398266 472.800000 551.200000
189.414278 472.800000 551.200000
190.490710 472.800000 545.600000
191.491583 472.800000 545.600000
192.510854 472.800000 545.600000
193.518104 472.800000 545.600000
194.620918 472.800000 596.000000
195.640554 472.800000 568.000000
196.656391 472.800000 562.400000
197.669150 472.800000 556.800000
198.676857 472.800000 551.200000
199.682129 472.800000 545.600000
200.684578 472.800000 545.600000
201.695420 472.800000 545.600000
202.725641 472.800000 579.200000
203.738156 472.800000 562.400000
204.775375 472.800000 562.400000
205.785953 472.800000 562.400000
206.788817 472.800000 562.400000
207.840487 472.800000 566.000000
208.873995 472.800000 556.800000
209.883409 472.800000 556.800000
210.908708 472.800000 556.800000
211.924894 472.800000 556.800000
212.936946 472.800000 568.000000
213.950123 472.800000 568.000000
214.959819 472.800000 568.000000
216.012206 472.800000 562.400000
217.029133 472.800000 556.800000
218.056994 472.800000 556.800000
219.071688 472.800000 556.800000
220.083883 472.800000 551.200000
221.105024 472.800000 551.200000
222.126996 472.800000 551.200000
223.201199 472.800000 545.600000
224.225934 472.800000 545.600000
225.235186 472.800000 545.600000
226.257707 472.800000 540.000000
227.269201 472.800000 534.400000
228.269909 472.800000 534.400000
229.279015 472.800000 528.800000
230.281686 472.800000 528.800000
231.283447 472.800000 528.800000
232.313066 472.800000 523.200000
233.314325 472.800000 523.200000
234.334575 472.800000 523.200000
235.366200 472.800000 523.200000
236.373812 472.800000 575.600000
237.376498 472.800000 568.000000
238.388768 472.800000 566.000000
239.413234 472.800000 564.400000
240.424758 472.800000 562.400000
241.449856 472.800000 562.400000
242.481388 472.800000 560.400000
243.502792 472.800000 556.800000
244.507980 472.800000 556.800000
245.509128 472.800000 556.800000
246.522071 472.800000 551.200000
247.548792 472.800000 545.600000
248.554462 472.800000 545.600000
249.570175 472.800000 543.600000
250.589410 472.800000 540.000000
251.604540 472.800000 534.400000
252.619366 472.800000 532.400000
253.640755 472.800000 528.800000
254.649937 472.800000 528.800000
255.681354 472.800000 528.800000
256.683353 472.800000 526.800000
257.740773 472.800000 523.200000
258.744379 472.800000 523.200000
259.750971 472.800000 523.200000
260.758905 472.800000 523.200000
261.786365 472.800000 523.200000
262.794212 472.800000 573.600000
263.829638 472.800000 570.000000
264.856595 472.800000 562.400000
265.857358 472.800000 556.800000
266.880919 472.800000 553.200000
267.901589 472.800000 551.200000
268.916073 472.800000 551.200000
269.926458 472.800000 551.200000
270.936297 472.800000 551.200000
271.941468 472.800000 545.600000
272.962254 472.800000 543.600000
273.976370 472.800000 540.000000
274.985481 472.800000 540.000000
275.995625 472.800000 540.000000
276.999860 472.800000 540.000000
278.019807 472.800000 571.600000
279.028833 472.800000 560.400000
280.039333 472.800000 560.400000
281.057180 472.800000 560.400000
282.064448 472.800000 560.400000
283.066380 472.800000 568.000000
284.070114 472.800000 568.000000
285.086591 472.800000 562.400000
286.088561 472.800000 545.600000
287.106596 472.800000 545.600000
288.123593 472.800000 545.600000
289.130184 472.800000 573.600000
290.133877 472.800000 558.800000
291.149207 472.800000 558.800000
292.153519 472.800000 558.800000
293.272783 472.800000 601.600000
294.283251 472.800000 562.400000
295.286303 472.800000 562.400000
296.300588 472.800000 562.400000
297.313736 472.800000 556.800000
298.313780 472.800000 556.800000
299.320222 472.800000 556.800000
300.320443 472.800000 573.600000
301.389026 472.800000 568.000000
302.405899 472.800000 568.000000
303.410770 472.800000 562.400000
304.434835 472.800000 556.800000
305.449516 472.800000 556.800000
306.486744 472.800000 556.800000
307.586687 472.800000 596.000000
308.612514 472.800000 573.600000
309.633094 472.800000 568.000000
310.654382 472.800000 568.000000
311.672302 472.800000 568.000000
312.679553 472.800000 568.000000
313.680579 472.800000 553.200000
314.682133 472.800000 540.000000
315.691184 472.800000 540.000000
316.722917 472.800000 540.000000
317.743346 472.800000 540.000000
318.756505 472.800000 568.000000
319.771159 472.800000 568.000000
320.780176 472.800000 562.400000
321.794426 472.800000 562.400000
322.808356 472.800000 556.800000
323.840072 472.800000 556.800000
324.849615 472.800000 554.800000
325.870934 472.800000 554.800000
326.880662 472.800000 551.200000
327.898970 472.800000 545.600000
328.925984 472.800000 545.600000
329.944879 472.800000 545.600000
330.960981 472.800000 540.000000
331.987123 472.800000 534.400000
332.988238 472.800000 534.400000
333.996903 472.800000 534.400000
335.011337 472.800000 528.800000
336.078790 472.800000 526.800000
337.091476 472.800000 523.200000
338.092653 472.800000 523.200000
339.112179 472.800000 523.200000
340.141206 472.800000 523.200000
341.233931 472.800000 573.600000
342.249908 472.800000 566.000000
343.253200 472.800000 566.000000
344.268023 472.800000 566.000000
345.273529 472.800000 562.400000
346.278861 472.800000 560.400000
347.338580 472.800000 556.800000
348.343465 472.800000 554.800000
349.369120 472.800000 551.200000
350.379869 472.800000 551.200000
351.404466 472.800000 549.200000
352.406456 472.800000 545.600000
353.407166 472.800000 543.600000
354.428100 472.800000 540.000000
355.454007 472.800000 540.000000
356.461188 472.800000 532.400000
357.463636 472.800000 532.400000
358.470361 472.800000 528.800000
359.484365 472.800000 528.800000
360.498837 472.800000 528.800000
361.514554 472.800000 528.800000
362.536328 472.800000 528.800000
363.557005 472.800000 526.800000
364.566079 472.800000 526.800000
365.573200 472.800000 523.200000
366.574222 472.800000 523.200000
367.585341 472.800000 523.200000
368.585777 472.800000 523.200000
369.592394 472.800000 568.000000
370.620448 472.800000 568.000000
371.621537 472.800000 560.400000
372.643624 472.800000 556.800000
373.648551 472.800000 556.800000
374.671672 472.800000 556.800000
375.676489 472.800000 556.800000
376.684505 472.800000 579.200000
377.692433 472.800000 568.000000
378.717573 472.800000 562.400000
379.720314 472.800000 562.400000
380.736620 472.800000 562.400000
381.755386 472.800000 584.800000
382.765680 472.800000 564.400000
383.772719 472.800000 564.400000
384.774740 472.800000 562.400000
385.788615 472.800000 560.400000
386.803535 472.800000 560.400000
387.809893 472.800000 556.800000
388.832221 472.800000 556.800000
389.858107 472.800000 556.800000
390.859740 472.800000 554.800000
391.880372 472.800000 549.200000
392.896432 472.800000 545.600000
393.915121 472.800000 545.600000
394.928063 472.800000 545.600000
395.982336 472.800000 568.000000
397.003765 472.800000 568.000000
398.036600 472.800000 562.400000
399.050178 472.800000 562.400000
400.062236 472.800000 562.400000
401.082305 472.800000 562.400000
402.092790 472.800000 573.600000
403.093549 472.800000 568.000000
404.113269 472.800000 560.400000
405.127075 472.800000 560.400000
406.130532 472.800000 560.400000
407.133905 472.800000 556.800000
408.150990 472.800000 556.800000
409.164732 472.800000 556.800000
410.184466 472.800000 554.800000
411.192585 472.800000 551.200000
412.195330 472.800000 545.600000
413.217544 472.800000 545.600000
414.218202 472.800000 540.000000
415.233536 472.800000 532.400000
416.274384 472.800000 528.800000
417.286434 472.800000 528.800000
418.292738 472.800000 528.800000
419.308974 472.800000 528.800000
420.312956 472.800000 523.200000
421.341065 472.800000 523.200000
422.343235 472.800000 523.200000
423.351636 472.800000 517.600000
424.372893 472.800000 517.600000
425.373473 472.800000 517.600000
426.375267 472.800000 517.600000
427.382228 472.800000 584.800000
428.409272 472.800000 571.600000
429.433597 472.800000 560.400000
430.451815 472.800000 560.400000
431.477496 472.800000 560.400000
432.488733 472.800000 556.800000
433.503295 472.800000 556.800000
434.526011 472.800000 556.800000
435.531715 472.800000 554.800000
436.539496 472.800000 554.800000
437.569168 472.800000 551.200000
438.571594 472.800000 545.600000
439.594973 472.800000 545.600000
440.595457 472.800000 540.000000
441.625926 472.800000 538.000000
442.648725 472.800000 534.400000
443.663519 472.800000 534.400000
444.668120 472.800000 534.400000
445.694840 472.800000 528.800000
446.696344 472.800000 528.800000
447.718166 472.800000 528.800000
448.723802 472.800000 528.800000
449.984016 472.800000 579.200000
450.995610 472.800000 570.000000
452.016623 472.800000 570.000000
453.025976 472.800000 568.000000
454.083414 472.800000 556.800000
455.094921 472.800000 556.800000
456.098327 472.800000 556.800000
457.101014 472.800000 556.800000
458.106963 472.800000 573.600000
459.108238 472.800000 566.000000
460.143326 472.800000 556.800000
461.163383 472.800000 556.800000
462.172735 472.800000 556.800000
463.183907 472.800000 556.800000
464.198007 472.800000 579.200000
465.214830 472.800000 566.000000
466.217236 472.800000 566.000000
467.221593 472.800000 566.000000
468.233584 472.800000 566.000000
469.249733 472.800000 568.000000
470.266646 472.800000 568.000000
471.290123 472.800000 562.400000
472.313025 472.800000 560.400000
473.325886 472.800000 556.800000
474.328815 472.800000 556.800000
475.332575 472.800000 556.800000
476.351149 472.800000 573.600000
477.380673 472.800000 568.000000
478.381905 472.800000 568.000000
479.383796 472.800000 562.400000
480.387752 472.800000 562.400000
481.402605 472.800000 562.400000
482.410330 472.800000 556.800000
483.472137 472.800000 554.800000
484.485368 472.800000 554.800000
485.505679 472.800000 545.600000
486.528921 472.800000 540.000000
487.539578 472.800000 534.400000
488.544795 472.800000 534.400000
489.565322 472.800000 528.800000
490.581376 472.800000 526.800000
491.594242 472.800000 523.200000
492.599658 472.800000 523.200000
493.618763 472.800000 523.200000
494.619883 472.800000 521.200000
495.624303 472.800000 521.200000
496.639440 472.800000 521.200000
497.649370 472.800000 521.200000
498.663870 472.800000 568.000000
499.680642 472.800000 562.400000
500.687652 472.800000 562.400000
501.700170 472.800000 556.800000
502.720393 472.800000 556.800000
503.724489 472.800000 556.800000
504.888349 472.800000 579.200000
505.895618 472.800000 568.000000
506.897937 472.800000 568.000000
507.898626 472.800000 568.000000
508.900251 472.800000 556.800000
509.929899 472.800000 551.200000
510.952314 472.800000 551.200000
511.958365 472.800000 551.200000
512.964639 472.800000 545.600000
513.977003 472.800000 545.600000
514.987491 472.800000 540.000000
516.002683 472.800000 540.000000
517.013418 472.800000 540.000000
518.028687 472.800000 538.000000
519.030418 472.800000 534.400000
520.043349 472.800000 534.400000
521.060934 472.800000 534.400000
522.064720 472.800000 528.800000
523.085066 472.800000 528.800000
524.086555 472.800000 526.800000
525.106931 472.800000 523.200000
526.113338 472.800000 521.200000
527.117044 472.800000 517.600000
528.127259 472.800000 517.600000
529.130489 472.800000 517.600000
530.148794 472.800000 515.600000
531.149052 472.800000 512.000000
532.161486 472.800000 510.000000
533.166400 472.800000 510.000000
534.184158 472.800000 504.400000
535.205455 472.800000 504.400000
536.213786 472.800000 504.400000
537.242691 472.800000 500.800000
538.243265 472.800000 500.800000
539.252161 472.800000 500.800000
540.277404 472.800000 495.200000
541.290428 472.800000 495.200000
542.295691 472.800000 493.200000
543.300152 472.800000 489.600000
544.319338 472.800000 487.600000
545.326834 472.800000 484.000000
546.330761 472.800000 484.000000
547.331043 472.800000 478.400000
548.348942 472.800000 478.400000
549.406297 472.800000 476.400000
550.406925 472.800000 476.400000
551.439551 472.800000 473.200000
552.471362 472.800000 472.800000
553.490640 471.200000 471.200000
554.499551 470.800000 470.800000
555.514101 470.800000 470.800000
556.533264 470.800000 470.800000
557.545656 470.800000 566.000000
558.562887 470.800000 542.000000
559.575701 470.800000 542.000000
560.597173 470.800000 542.000000
561.599282 470.800000 579.200000
562.608465 470.800000 573.600000
563.622517 470.800000 573.600000
564.646845 470.800000 568.000000
565.675269 470.800000 560.400000
566.681003 470.800000 560.400000
567.703333 470.800000 556.800000
568.706034 470.800000 556.800000
569.726458 470.800000 556.800000
570.735476 470.800000 551.200000
571.747586 470.800000 551.200000
572.772344 470.800000 545.600000
573.773434 470.800000 543.600000
574.784231 470.800000 538.000000
575.803919 470.800000 534.400000
576.804625 470.800000 534.400000
577.829366 470.800000 528.800000
578.848165 470.800000 523.200000
579.852735 470.800000 523.200000
580.862986 470.800000 523.200000
581.868116 470.800000 577.200000
582.872924 470.800000 573.600000
583.873382 470.800000 564.400000
584.874115 470.800000 562.400000
585.875543 470.800000 562.400000
586.886016 470.800000 562.400000
587.903822 470.800000 556.800000
588.914745 470.800000 556.800000
589.936129 470.800000 556.800000
591.136946 470.800000 579.200000
592.147558 470.800000 562.400000
593.173185 470.800000 560.400000
594.187531 470.800000 556.800000
595.189592 470.800000 556.800000
596.211107 470.800000 551.200000
597.223847 470.800000 551.200000
598.226865 470.800000 545.600000
599.232605 470.800000 545.600000
600.351595 470.800000 543.600000
601.353980 470.800000 540.000000
602.373639 470.800000 534.400000
603.382029 470.800000 534.400000
604.396498 470.800000 532.400000
605.402590 470.800000 528.800000
606.428495 470.800000 528.800000
607.435399 470.800000 528.800000
608.462190 470.800000 573.600000
609.483955 470.800000 568.000000
610.490516 470.800000 566.000000
611.496475 470.800000 566.000000
612.509785 470.800000 556.800000
613.510046 470.800000 551.200000
614.522695 470.800000 551.200000
615.535189 470.800000 549.200000
616.545041 470.800000 545.600000
617.550952 470.800000 545.600000
618.554962 470.800000 540.000000
619.576047 470.800000 540.000000
620.614643 470.800000 540.000000
621.621027 470.800000 573.600000
622.639651 470.800000 562.400000
623.670561 470.800000 562.400000
624.678704 470.800000 560.400000
625.688079 470.800000 556.800000
626.695635 470.800000 556.800000
627.709013 470.800000 573.600000
628.712010 470.800000 568.000000
629.732738 470.800000 566.000000
630.738011 470.800000 560.400000
631.747570 470.800000 556.800000
632.762326 470.800000 556.800000
633.785332 470.800000 554.800000
634.792898 470.800000 554.800000
635.807876 470.800000 554.800000
636.820748 470.800000 551.200000
637.832438 470.800000 551.200000
638.835108 470.800000 545.600000
639.842218 470.800000 540.000000
640.842226 470.800000 538.000000
641.843853 470.800000 538.000000
642.855713 470.800000 538.000000
643.874225 470.800000 528.800000
644.894256 470.800000 526.800000
645.914121 470.800000 526.800000
646.916361 470.800000 523.200000
647.921610 470.800000 521.200000
648.931946 470.800000 517.600000
649.948715 470.800000 517.600000
650.984173 470.800000 512.000000
651.987150 470.800000 506.400000
653.013989 470.800000 504.400000
654.024167 470.800000 504.400000
655.043428 470.800000 500.800000
656.066923 470.800000 495.200000
657.072620 470.800000 493.200000
658.090909 470.800000 493.200000
659.099824 470.800000 489.600000
660.101768 470.800000 487.600000
661.152743 470.800000 484.000000
662.157420 470.800000 484.000000
663.164583 470.800000 482.000000
664.190233 470.800000 482.000000
665.198554 470.800000 478.400000
666.202682 470.800000 478.400000
667.204188 470.800000 478.400000
668.223155 470.800000 478.400000
669.248134 470.800000 568.000000
670.257565 470.800000 566.000000
671.296751 470.800000 560.400000
672.306275 470.800000 560.400000
673.327024 470.800000 560.400000
674.419728 470.800000 579.200000
675.427779 470.800000 564.400000
676.431146 470.800000 556.800000
677.441506 470.800000 556.800000
678.447926 470.800000 556.800000
679.467213 470.800000 556.800000
680.468927 470.800000 573.600000
681.474007 470.800000 573.600000
682.479712 470.800000 556.800000
683.492385 470.800000 556.800000
684.501110 470.800000 556.800000
685.501340 470.800000 558.800000
686.508401 470.800000 549.200000
687.512752 470.800000 549.200000
688.524246 470.800000 549.200000
689.575671 470.800000 584.800000
690.592243 470.800000 562.400000
691.592244 470.800000 562.400000
692.609440 470.800000 562.400000
693.620842 470.800000 562.400000
694.708681 470.800000 579.200000
695.739528 470.800000 562.400000
696.759485 470.800000 556.800000
697.776974 470.800000 551.200000
698.788945 470.800000 551.200000
699.789318 470.800000 545.600000
700.806019 470.800000 545.600000
701.828978 470.800000 543.600000
702.834705 470.800000 540.000000
703.852839 470.800000 540.000000
704.855947 470.800000 534.400000
705.869928 470.800000 534.400000
706.881914 470.800000 534.400000
707.892939 470.800000 534.400000
708.895728 470.800000 573.600000
709.918522 470.800000 568.000000
710.943306 470.800000 568.000000
711.971824 470.800000 562.400000
712.982565 470.800000 562.400000
713.989643 470.800000 556.800000
714.991333 470.800000 556.800000
716.012291 470.800000 556.800000
717.014218 470.800000 554.800000
718.041879 470.800000 551.200000
719.042505 470.800000 545.600000
720.042855 470.800000 543.600000
721.052850 470.800000 540.000000
722.080985 470.800000 540.000000
723.102303 470.800000 532.400000
724.127784 470.800000 526.800000
725.141774 470.800000 526.800000
726.163093 470.800000 523.200000
727.185489 470.800000 523.200000
728.196032 470.800000 523.200000
729.205239 470.800000 523.200000
730.219266 470.800000 566.000000
731.230010 470.800000 562.400000
732.233732 470.800000 562.400000
733.239649 470.800000 562.400000
734.248070 470.800000 562.400000
735.260243 470.800000 579.200000
736.265357 470.800000 562.400000
737.275887 470.800000 562.400000
738.279670 470.800000 562.400000
739.319830 470.800000 562.400000
740.559923 470.800000 579.200000
741.621421 470.800000 568.000000
742.643766 470.800000 562.400000
743.681738 470.800000 562.400000
744.717177 470.800000 556.800000
745.718742 470.800000 556.800000
746.751559 470.800000 556.800000
747.782844 470.800000 556.800000
748.805271 470.800000 568.000000
749.826245 470.800000 562.400000
750.843894 470.800000 562.400000
751.870009 470.800000 556.800000
752.882318 470.800000 556.800000
753.884929 470.800000 556.800000
754.888277 470.800000 556.800000
755.895659 470.800000 573.600000
756.906012 470.800000 568.000000
757.908654 470.800000 568.000000
758.927794 470.800000 568.000000
759.929150 470.800000 568.000000
760.934256 470.800000 562.400000
761.942939 470.800000 560.400000
762.959223 470.800000 556.800000
763.980609 470.800000 551.200000
764.991516 470.800000 551.200000
766.004916 470.800000 545.600000
767.006749 470.800000 545.600000
768.024671 470.800000 540.000000
769.048876 470.800000 540.000000
770.050365 470.800000 538.000000
771.065526 470.800000 534.400000
772.136285 470.800000 532.400000
773.143429 470.800000 528.800000
774.165860 470.800000 526.800000
775.171397 470.800000 523.200000
776.172720 470.800000 523.200000
777.185570 470.800000 523.200000
778.196150 470.800000 523.200000
779.216134 470.800000 570.000000
780.242535 470.800000 562.400000
781.247309 470.800000 556.800000
782.259141 470.800000 556.800000
783.261830 470.800000 556.800000
784.266964 470.800000 556.800000
785.317802 470.800000 570.000000
786.343973 470.800000 568.000000
787.354554 470.800000 562.400000
788.357810 470.800000 562.400000
789.374786 470.800000 562.400000
790.400814 470.800000 562.400000
791.427703 470.800000 560.400000
792.445765 470.800000 556.800000
793.451397 470.800000 556.800000
794.453626 470.800000 556.800000
795.467026 470.800000 556.800000
796.474215 470.800000 554.800000
797.481365 470.800000 549.200000
798.502235 470.800000 545.600000
799.522705 470.800000 543.600000
